#!ascii label  , from subject 3451 vox2ras=TkReg
1107
51197  -10.955  -56.252  68.703 0.0000000000
62566  -35.603  -46.558  58.737 0.0000000000
73044  -35.419  -38.530  56.516 0.0000000000
63664  -30.485  -44.551  62.137 0.0000000000
84798  -42.085  -28.752  50.321 0.0000000000
73182  -39.896  -37.211  48.768 0.0000000000
61345  -37.471  -47.408  62.859 0.0000000000
60195  -33.349  -47.362  59.601 0.0000000000
84777  -47.671  -27.193  53.600 0.0000000000
88297  -50.238  -23.635  50.876 0.0000000000
92820  -52.384  -21.021  49.911 0.0000000000
73050  -40.761  -36.925  57.590 0.0000000000
75523  -36.462  -36.629  50.962 0.0000000000
73097  -43.002  -36.918  52.827 0.0000000000
74361  -44.548  -36.153  51.117 0.0000000000
58826  -22.470  -48.536  62.134 0.0000000000
47132  -8.235  -58.109  71.999 0.0000000000
67117  -35.772  -42.977  58.688 0.0000000000
70682  -39.735  -39.459  60.923 0.0000000000
62548  -24.350  -46.247  59.428 0.0000000000
64924  -28.354  -44.807  55.948 0.0000000000
94987  -51.544  -18.981  44.155 0.0000000000
97089  -53.480  -16.674  48.632 0.0000000000
77930  -40.389  -34.576  48.250 0.0000000000
80289  -45.770  -31.902  53.386 0.0000000000
52581  -12.869  -54.360  65.060 0.0000000000
41612  -5.839  -63.028  68.595 0.0000000000
87108  -49.307  -24.995  52.364 0.0000000000
74263  -41.531  -36.265  55.441 0.0000000000
58857  -19.888  -49.749  59.307 0.0000000000
48505  -10.050  -57.421  70.703 0.0000000000
66037  -35.521  -44.173  56.105 0.0000000000
64907  -36.265  -45.207  58.046 0.0000000000
63692  -27.324  -44.605  60.840 0.0000000000
64902  -25.833  -44.967  57.505 0.0000000000
63709  -29.924  -44.792  59.705 0.0000000000
61408  -34.683  -47.283  59.004 0.0000000000
62600  -32.301  -47.107  56.434 0.0000000000
62602  -34.127  -46.818  56.202 0.0000000000
63628  -28.627  -45.283  65.808 0.0000000000
62500  -25.695  -46.217  62.827 0.0000000000
90639  -47.847  -23.298  46.608 0.0000000000
92852  -50.268  -20.665  44.503 0.0000000000
96015  -51.864  -18.708  49.435 0.0000000000
74357  -38.544  -37.516  49.982 0.0000000000
74405  -39.973  -36.556  47.999 0.0000000000
77888  -45.590  -34.473  51.683 0.0000000000
56354  -17.547  -51.305  63.107 0.0000000000
55092  -16.141  -52.570  64.701 0.0000000000
53846  -15.331  -53.121  66.316 0.0000000000
53897  -14.040  -53.401  63.719 0.0000000000
43093  -7.292  -62.604  67.143 0.0000000000
62536  -36.232  -46.847  60.937 0.0000000000
64861  -37.061  -45.310  60.686 0.0000000000
63665  -38.553  -45.965  62.729 0.0000000000
61316  -33.117  -46.195  63.874 0.0000000000
61356  -32.492  -46.734  61.244 0.0000000000
60118  -34.019  -48.341  62.572 0.0000000000
60134  -35.840  -48.152  61.822 0.0000000000
84773  -44.610  -28.317  52.568 0.0000000000
87119  -46.278  -25.828  51.047 0.0000000000
88309  -48.555  -23.984  50.292 0.0000000000
89492  -50.400  -23.271  48.467 0.0000000000
91745  -50.931  -21.667  47.082 0.0000000000
90603  -51.823  -22.511  49.952 0.0000000000
73047  -38.073  -37.590  57.140 0.0000000000
75471  -35.815  -36.774  54.452 0.0000000000
75464  -39.073  -36.155  55.061 0.0000000000
74288  -40.112  -36.359  52.522 0.0000000000
73124  -41.214  -37.025  50.979 0.0000000000
73184  -41.705  -36.534  49.844 0.0000000000
73127  -44.071  -37.392  51.935 0.0000000000
57542  -21.975  -49.549  63.781 0.0000000000
57561  -18.903  -50.390  61.927 0.0000000000
98271  -55.527  -15.216  46.082 0.0000000000
48488  -6.546  -58.002  72.188 0.0000000000
68302  -34.515  -42.448  56.920 0.0000000000
69509  -35.138  -41.347  58.689 0.0000000000
67102  -37.329  -43.449  61.219 0.0000000000
69499  -36.463  -40.743  60.357 0.0000000000
71862  -37.760  -39.179  59.067 0.0000000000
71864  -40.403  -38.021  59.817 0.0000000000
62582  -30.367  -46.327  57.558 0.0000000000
61314  -24.740  -47.437  64.487 0.0000000000
61373  -23.247  -47.834  60.101 0.0000000000
94980  -51.422  -19.604  46.698 0.0000000000
97119  -52.239  -17.632  46.300 0.0000000000
97133  -53.768  -16.631  45.835 0.0000000000
98229  -54.591  -15.911  48.517 0.0000000000
49902  -10.285  -57.251  65.196 0.0000000000
48547  -9.420  -58.734  67.496 0.0000000000
81494  -41.176  -31.628  49.165 0.0000000000
76741  -42.697  -35.220  49.917 0.0000000000
79134  -42.981  -32.972  50.678 0.0000000000
82554  -43.376  -30.445  51.584 0.0000000000
83555  -46.296  -29.389  54.177 0.0000000000
51221  -11.731  -55.446  66.901 0.0000000000
47178  -8.483  -59.769  68.973 0.0000000000
44448  -6.867  -60.620  70.887 0.0000000000
45799  -4.985  -60.561  70.680 0.0000000000
49840  -10.612  -57.077  69.982 0.0000000000
62604  -35.123  -45.910  56.898 0.0000000000
63748  -35.852  -45.672  57.239 0.0000000000
63749  -36.071  -45.924  58.083 0.0000000000
63679  -28.102  -44.501  61.876 0.0000000000
63693  -28.947  -44.510  60.712 0.0000000000
63681  -30.679  -44.997  61.475 0.0000000000
61409  -35.178  -47.001  59.186 0.0000000000
61449  -34.083  -46.797  57.202 0.0000000000
62585  -34.904  -46.302  57.474 0.0000000000
62603  -34.656  -46.341  56.251 0.0000000000
62465  -31.167  -45.192  65.189 0.0000000000
62456  -30.281  -45.612  66.595 0.0000000000
63649  -30.103  -44.422  63.436 0.0000000000
63662  -27.432  -44.838  63.109 0.0000000000
91767  -49.951  -21.185  44.828 0.0000000000
71896  -34.130  -39.400  56.394 0.0000000000
73063  -34.315  -38.532  55.251 0.0000000000
73181  -38.785  -37.749  48.457 0.0000000000
73198  -37.800  -38.527  47.342 0.0000000000
73200  -39.648  -37.082  47.974 0.0000000000
56352  -15.854  -52.287  62.258 0.0000000000
55133  -16.897  -51.753  63.626 0.0000000000
55131  -15.380  -52.622  62.793 0.0000000000
53898  -15.013  -53.209  64.239 0.0000000000
55130  -14.633  -53.135  62.143 0.0000000000
61359  -37.125  -47.376  62.099 0.0000000000
62521  -37.639  -46.771  62.061 0.0000000000
62504  -38.160  -46.594  62.909 0.0000000000
60070  -34.358  -47.562  65.354 0.0000000000
60088  -33.967  -47.380  63.610 0.0000000000
60104  -34.458  -48.310  63.927 0.0000000000
60105  -37.015  -47.745  63.806 0.0000000000
58818  -36.180  -48.173  63.077 0.0000000000
60136  -37.049  -47.650  62.614 0.0000000000
60155  -35.813  -47.758  61.262 0.0000000000
84775  -46.492  -27.524  52.855 0.0000000000
85968  -45.741  -26.605  51.626 0.0000000000
85955  -47.072  -26.780  52.521 0.0000000000
88287  -49.798  -24.064  51.529 0.0000000000
87135  -48.702  -24.452  50.984 0.0000000000
88311  -49.835  -23.838  50.375 0.0000000000
89475  -49.422  -23.378  48.738 0.0000000000
89477  -50.438  -23.439  49.327 0.0000000000
90611  -51.482  -22.873  49.281 0.0000000000
89454  -51.141  -22.875  50.637 0.0000000000
73048  -38.992  -37.104  57.442 0.0000000000
74260  -37.896  -36.638  55.721 0.0000000000
74248  -39.617  -36.532  56.737 0.0000000000
74277  -42.105  -36.535  54.360 0.0000000000
74276  -40.836  -36.373  54.180 0.0000000000
74290  -41.914  -36.704  53.237 0.0000000000
74317  -40.333  -37.048  51.060 0.0000000000
73111  -41.909  -36.860  51.729 0.0000000000
73125  -42.208  -36.921  51.360 0.0000000000
73113  -43.607  -37.328  52.310 0.0000000000
58814  -23.091  -48.672  63.411 0.0000000000
57534  -22.723  -49.379  64.423 0.0000000000
57552  -21.971  -49.169  62.709 0.0000000000
57572  -19.029  -50.291  60.397 0.0000000000
98256  -55.383  -14.968  47.133 0.0000000000
99411  -56.147  -14.117  46.174 0.0000000000
47130  -7.340  -58.035  72.188 0.0000000000
67129  -35.413  -43.470  56.940 0.0000000000
67128  -35.069  -43.358  55.896 0.0000000000
68303  -35.220  -42.984  57.557 0.0000000000
68297  -34.718  -42.136  57.758 0.0000000000
68298  -35.189  -42.347  58.308 0.0000000000
65971  -38.305  -44.717  61.306 0.0000000000
65970  -37.696  -44.670  60.897 0.0000000000
67092  -38.043  -43.427  61.642 0.0000000000
69495  -39.287  -40.753  61.647 0.0000000000
69493  -37.852  -41.157  61.308 0.0000000000
69501  -38.249  -40.598  61.021 0.0000000000
70680  -37.300  -40.114  60.187 0.0000000000
70696  -38.429  -39.379  60.089 0.0000000000
71863  -38.860  -38.768  59.727 0.0000000000
71848  -39.945  -38.750  60.474 0.0000000000
64904  -28.159  -44.426  56.961 0.0000000000
60171  -33.092  -47.410  60.212 0.0000000000
62551  -31.613  -45.952  59.583 0.0000000000
61425  -32.072  -46.465  58.466 0.0000000000
62613  -31.535  -47.072  55.706 0.0000000000
61301  -25.816  -47.254  65.837 0.0000000000
62517  -25.202  -46.143  61.734 0.0000000000
61354  -24.266  -46.996  61.909 0.0000000000
61390  -23.819  -46.855  59.722 0.0000000000
60193  -22.713  -47.811  58.668 0.0000000000
92832  -51.852  -21.315  48.482 0.0000000000
92838  -51.367  -21.100  47.634 0.0000000000
93904  -51.848  -20.444  48.607 0.0000000000
97077  -52.240  -17.670  49.015 0.0000000000
96026  -51.884  -18.032  47.988 0.0000000000
97088  -52.468  -17.346  48.410 0.0000000000
97120  -53.087  -17.025  46.579 0.0000000000
97105  -53.186  -16.811  47.626 0.0000000000
98239  -54.556  -16.045  47.336 0.0000000000
98228  -54.145  -16.347  48.946 0.0000000000
75494  -36.202  -36.161  52.890 0.0000000000
74298  -34.749  -37.450  52.636 0.0000000000
80356  -40.160  -32.771  47.793 0.0000000000
80357  -40.473  -33.041  48.418 0.0000000000
74359  -43.200  -36.230  50.584 0.0000000000
75565  -42.031  -35.906  49.684 0.0000000000
75568  -43.962  -35.471  50.575 0.0000000000
79109  -45.510  -33.198  52.154 0.0000000000
79136  -44.290  -33.916  51.083 0.0000000000
80320  -44.406  -32.489  52.028 0.0000000000
81486  -43.150  -31.402  51.386 0.0000000000
81457  -44.694  -31.398  52.883 0.0000000000
82541  -44.446  -30.287  52.890 0.0000000000
81428  -46.022  -30.975  54.218 0.0000000000
52582  -13.874  -53.990  66.041 0.0000000000
52564  -13.633  -54.179  66.844 0.0000000000
52533  -13.263  -54.606  68.046 0.0000000000
51237  -12.318  -54.906  66.129 0.0000000000
51251  -11.010  -56.250  65.002 0.0000000000
51252  -11.423  -55.689  64.740 0.0000000000
45851  -8.783  -60.340  66.756 0.0000000000
47188  -9.068  -59.477  67.601 0.0000000000
45850  -8.455  -60.707  67.212 0.0000000000
41627  -6.350  -63.093  68.122 0.0000000000
44501  -7.115  -61.758  68.968 0.0000000000
43047  -6.182  -61.780  69.817 0.0000000000
44446  -6.009  -60.809  71.111 0.0000000000
43045  -5.471  -61.568  70.068 0.0000000000
58794  -35.717  -48.266  64.849 0.0000000000
85938  -49.225  -27.083  54.409 0.0000000000
85956  -48.001  -26.455  53.134 0.0000000000
87100  -49.276  -25.896  53.577 0.0000000000
74249  -41.041  -36.642  56.830 0.0000000000
60145  -21.888  -48.791  59.986 0.0000000000
58840  -21.186  -49.021  60.542 0.0000000000
49814  -9.738  -57.105  71.707 0.0000000000
48490  -9.121  -57.669  71.476 0.0000000000
64943  -35.325  -45.327  55.664 0.0000000000
66017  -36.155  -44.383  57.302 0.0000000000
67122  -36.297  -44.137  58.227 0.0000000000
70683  -40.412  -38.878  61.086 0.0000000000
63706  -25.196  -45.381  59.563 0.0000000000
63724  -24.870  -45.800  58.217 0.0000000000
63707  -26.484  -44.517  59.865 0.0000000000
64881  -27.582  -44.369  58.132 0.0000000000
63726  -28.760  -44.814  57.908 0.0000000000
60197  -34.218  -47.788  59.565 0.0000000000
61427  -33.178  -46.772  58.337 0.0000000000
61428  -33.655  -46.882  58.164 0.0000000000
61459  -33.173  -47.164  56.212 0.0000000000
62628  -33.366  -46.523  53.916 0.0000000000
63620  -28.237  -45.706  66.587 0.0000000000
62474  -26.294  -46.280  65.178 0.0000000000
63647  -26.760  -45.576  64.310 0.0000000000
63678  -26.457  -45.164  62.142 0.0000000000
89488  -46.925  -23.799  47.573 0.0000000000
94993  -51.104  -19.671  44.167 0.0000000000
93871  -52.962  -20.494  51.410 0.0000000000
93884  -52.475  -20.247  50.245 0.0000000000
74334  -37.502  -37.112  50.225 0.0000000000
75598  -39.037  -35.927  46.515 0.0000000000
76752  -39.993  -35.309  47.821 0.0000000000
76710  -46.349  -35.426  52.317 0.0000000000
76728  -45.074  -35.455  51.175 0.0000000000
77889  -46.364  -34.896  52.268 0.0000000000
56344  -19.507  -50.607  64.202 0.0000000000
56332  -18.330  -51.153  65.266 0.0000000000
53848  -17.226  -52.514  66.481 0.0000000000
53875  -16.077  -52.731  65.493 0.0000000000
53873  -14.353  -53.529  64.703 0.0000000000
53872  -13.327  -53.846  64.256 0.0000000000
52597  -12.167  -54.694  63.842 0.0000000000
52606  -13.139  -54.816  62.511 0.0000000000
61410  -35.593  -46.670  59.498 0.0000000000
63710  -36.108  -46.085  59.667 0.0000000000
62537  -37.012  -46.595  61.202 0.0000000000
64848  -38.241  -45.465  61.354 0.0000000000
62489  -31.914  -45.587  62.973 0.0000000000
62501  -31.278  -45.455  61.661 0.0000000000
61330  -33.044  -46.509  62.855 0.0000000000
60116  -33.024  -47.723  61.522 0.0000000000
60151  -33.536  -48.929  60.839 0.0000000000
58805  -35.896  -48.289  63.836 0.0000000000
58829  -34.591  -48.851  61.799 0.0000000000
60153  -34.591  -48.797  60.715 0.0000000000
60176  -35.115  -47.831  60.336 0.0000000000
61393  -35.200  -47.370  60.033 0.0000000000
61303  -33.068  -45.896  65.126 0.0000000000
84787  -43.288  -28.628  51.426 0.0000000000
85979  -42.526  -27.650  50.471 0.0000000000
87117  -44.013  -26.590  50.896 0.0000000000
87118  -45.129  -26.114  50.953 0.0000000000
88306  -46.198  -24.708  49.623 0.0000000000
85971  -48.323  -25.740  52.078 0.0000000000
87134  -47.905  -24.693  50.822 0.0000000000
88325  -46.696  -24.218  49.047 0.0000000000
88344  -48.101  -23.635  48.836 0.0000000000
89510  -49.051  -23.295  47.529 0.0000000000
90641  -49.580  -22.904  47.075 0.0000000000
91744  -50.655  -21.963  46.762 0.0000000000
90624  -51.092  -22.680  48.113 0.0000000000
90612  -51.825  -22.492  48.830 0.0000000000
91708  -52.339  -21.932  49.830 0.0000000000
90574  -52.066  -22.624  52.159 0.0000000000
92797  -52.695  -21.213  51.256 0.0000000000
73066  -36.643  -37.950  56.308 0.0000000000
74257  -35.336  -37.604  55.245 0.0000000000
74259  -36.878  -37.387  55.931 0.0000000000
74275  -37.677  -36.446  55.252 0.0000000000
75485  -38.183  -36.074  53.422 0.0000000000
74262  -40.153  -36.115  55.580 0.0000000000
75486  -39.346  -36.168  53.109 0.0000000000
75496  -38.435  -36.310  52.256 0.0000000000
74315  -38.695  -37.026  50.951 0.0000000000
73142  -39.802  -37.407  50.203 0.0000000000
73161  -39.822  -37.429  49.476 0.0000000000
73183  -41.024  -36.890  49.432 0.0000000000
73144  -41.536  -36.959  50.613 0.0000000000
73164  -42.884  -36.563  50.763 0.0000000000
73147  -44.504  -37.028  51.701 0.0000000000
73128  -44.922  -37.457  52.215 0.0000000000
74340  -45.526  -36.384  51.648 0.0000000000
57541  -21.304  -49.975  64.231 0.0000000000
58823  -20.884  -49.155  61.184 0.0000000000
57550  -19.775  -49.885  62.711 0.0000000000
56356  -19.635  -50.241  63.363 0.0000000000
56369  -17.907  -51.002  62.309 0.0000000000
69507  -34.156  -40.920  57.212 0.0000000000
71877  -34.928  -39.734  57.561 0.0000000000
64883  -36.521  -45.267  59.621 0.0000000000
65984  -36.614  -44.231  59.737 0.0000000000
68294  -36.022  -42.980  59.840 0.0000000000
68284  -36.765  -42.697  61.036 0.0000000000
68289  -35.720  -42.075  59.923 0.0000000000
69505  -36.044  -40.823  59.712 0.0000000000
70709  -36.363  -39.963  58.739 0.0000000000
71879  -36.824  -39.445  58.268 0.0000000000
73024  -37.600  -38.385  57.629 0.0000000000
71881  -38.829  -37.923  58.800 0.0000000000
73027  -40.420  -37.127  58.209 0.0000000000
71849  -41.130  -38.220  60.726 0.0000000000
71865  -41.742  -37.606  59.806 0.0000000000
62534  -30.883  -45.504  60.159 0.0000000000
62550  -30.669  -45.626  59.070 0.0000000000
63746  -29.661  -45.662  57.142 0.0000000000
62584  -31.982  -46.618  57.619 0.0000000000
63762  -30.611  -46.347  56.577 0.0000000000
58792  -24.232  -48.140  65.064 0.0000000000
60114  -23.381  -48.217  63.238 0.0000000000
61341  -25.212  -46.920  63.312 0.0000000000
60130  -23.729  -47.578  62.607 0.0000000000
60128  -22.624  -48.449  61.316 0.0000000000
60169  -21.944  -48.529  59.375 0.0000000000
91756  -50.769  -21.207  46.256 0.0000000000
93915  -51.030  -20.097  45.676 0.0000000000
96044  -51.324  -19.064  45.177 0.0000000000
94967  -51.669  -19.204  48.240 0.0000000000
96038  -51.588  -18.664  46.080 0.0000000000
96045  -51.580  -18.608  44.772 0.0000000000
97141  -52.784  -17.264  44.292 0.0000000000
97142  -53.619  -16.697  44.665 0.0000000000
98269  -54.386  -16.175  45.099 0.0000000000
98254  -54.524  -16.192  46.250 0.0000000000
98255  -55.031  -15.603  46.676 0.0000000000
49872  -10.548  -56.539  67.252 0.0000000000
49862  -10.177  -57.383  68.219 0.0000000000
48557  -9.779  -57.979  66.454 0.0000000000
74271  -34.614  -37.581  54.072 0.0000000000
82563  -41.351  -30.171  49.550 0.0000000000
74381  -41.219  -36.506  49.350 0.0000000000
75586  -41.534  -35.830  49.374 0.0000000000
77931  -41.261  -34.601  49.297 0.0000000000
77922  -44.140  -34.944  50.613 0.0000000000
79151  -43.271  -34.048  50.403 0.0000000000
79149  -41.411  -33.593  49.435 0.0000000000
80348  -42.470  -32.351  50.321 0.0000000000
81484  -42.348  -31.161  50.297 0.0000000000
83599  -42.690  -29.406  50.907 0.0000000000
83587  -43.786  -29.286  51.978 0.0000000000
83570  -46.068  -28.744  53.699 0.0000000000
83572  -47.630  -28.352  54.264 0.0000000000
51189  -12.517  -55.133  69.844 0.0000000000
51199  -12.741  -54.960  68.705 0.0000000000
51209  -11.038  -56.020  68.046 0.0000000000
49886  -10.559  -56.388  66.558 0.0000000000
49903  -10.660  -56.921  64.825 0.0000000000
48529  -9.712  -58.055  69.200 0.0000000000
48516  -9.030  -58.341  70.233 0.0000000000
47152  -8.333  -58.729  71.016 0.0000000000
44512  -7.913  -61.261  68.014 0.0000000000
45812  -7.764  -60.509  69.691 0.0000000000
45792  -7.404  -59.778  71.153 0.0000000000
45779  -6.762  -59.453  71.530 0.0000000000
47150  -5.681  -59.095  71.725 0.0000000000
41625  -4.942  -63.284  68.650 0.0000000000
44486  -4.792  -61.317  69.852 0.0000000000
49841  -11.146  -56.355  69.746 0.0000000000
49852  -10.637  -56.765  69.033 0.0000000000
62586  -35.573  -46.206  57.900 0.0000000000
62587  -35.919  -46.242  58.535 0.0000000000
63663  -29.003  -44.474  62.706 0.0000000000
63680  -29.645  -44.408  61.618 0.0000000000
61431  -35.217  -46.584  58.292 0.0000000000
63650  -31.253  -44.918  63.451 0.0000000000
63636  -30.620  -44.822  64.441 0.0000000000
91754  -49.769  -22.084  45.495 0.0000000000
73043  -34.494  -38.776  56.148 0.0000000000
73199  -38.687  -37.617  47.479 0.0000000000
56366  -15.654  -52.639  61.559 0.0000000000
56351  -15.270  -52.687  61.949 0.0000000000
61360  -37.665  -47.108  62.634 0.0000000000
61346  -37.973  -47.025  63.151 0.0000000000
60071  -34.874  -47.731  65.560 0.0000000000
60090  -34.702  -48.214  64.682 0.0000000000
60091  -35.173  -48.189  65.068 0.0000000000
60122  -37.249  -47.562  63.257 0.0000000000
60058  -35.068  -47.535  66.619 0.0000000000
84776  -47.223  -27.265  53.242 0.0000000000
88288  -50.227  -23.720  51.563 0.0000000000
87137  -49.646  -24.004  50.864 0.0000000000
88330  -50.146  -23.634  49.882 0.0000000000
88313  -50.527  -23.392  50.445 0.0000000000
89465  -51.082  -23.056  49.995 0.0000000000
88298  -50.677  -23.268  50.902 0.0000000000
73049  -40.062  -36.943  57.524 0.0000000000
74291  -42.707  -36.690  53.654 0.0000000000
74302  -41.542  -36.654  52.272 0.0000000000
73096  -42.256  -36.856  52.391 0.0000000000
73112  -42.734  -37.057  52.026 0.0000000000
58813  -22.675  -48.826  63.066 0.0000000000
58812  -22.327  -48.838  62.558 0.0000000000
99385  -55.731  -14.360  47.705 0.0000000000
99395  -55.735  -14.571  46.626 0.0000000000
99396  -55.986  -13.891  47.297 0.0000000000
48471  -8.702  -57.779  72.178 0.0000000000
48470  -8.376  -57.771  72.496 0.0000000000
48469  -7.882  -57.764  72.663 0.0000000000
47131  -7.875  -58.139  72.105 0.0000000000
67121  -35.874  -43.387  57.968 0.0000000000
65962  -38.188  -44.061  61.452 0.0000000000
67093  -38.453  -43.488  62.337 0.0000000000
70665  -39.014  -40.340  61.083 0.0000000000
69494  -38.755  -40.750  61.305 0.0000000000
70681  -38.640  -39.932  60.600 0.0000000000
71847  -39.293  -39.238  60.452 0.0000000000
62547  -23.776  -46.872  58.868 0.0000000000
62562  -23.779  -46.809  57.819 0.0000000000
60194  -33.147  -47.248  59.784 0.0000000000
61392  -32.864  -46.907  59.816 0.0000000000
61405  -32.851  -46.758  59.103 0.0000000000
62532  -24.212  -46.433  60.266 0.0000000000
61403  -23.039  -47.303  58.042 0.0000000000
96051  -52.001  -18.629  43.631 0.0000000000
92819  -52.281  -21.306  49.481 0.0000000000
93898  -52.235  -20.530  49.603 0.0000000000
97078  -52.697  -17.251  49.521 0.0000000000
97090  -54.108  -16.386  48.507 0.0000000000
98216  -53.736  -16.465  49.560 0.0000000000
75507  -36.383  -36.285  51.865 0.0000000000
75506  -35.446  -36.573  52.192 0.0000000000
75522  -35.708  -36.670  51.326 0.0000000000
77929  -39.702  -34.632  47.121 0.0000000000
79159  -40.117  -33.852  47.698 0.0000000000
79160  -40.680  -33.636  48.681 0.0000000000
74360  -43.838  -36.083  50.743 0.0000000000
74384  -43.383  -36.001  50.498 0.0000000000
75545  -44.203  -35.789  50.768 0.0000000000
80306  -45.498  -32.220  52.914 0.0000000000
81471  -44.189  -31.661  52.365 0.0000000000
81441  -45.566  -31.393  53.648 0.0000000000
52563  -12.941  -54.570  66.254 0.0000000000
52562  -12.325  -54.815  65.649 0.0000000000
52580  -11.908  -55.008  64.860 0.0000000000
41613  -6.196  -62.645  68.685 0.0000000000
43062  -6.593  -62.209  68.868 0.0000000000
43061  -6.149  -62.291  69.140 0.0000000000
43046  -5.730  -61.734  69.988 0.0000000000
43060  -5.710  -62.280  69.287 0.0000000000
73029  -42.944  -36.372  57.483 0.0000000000
60168  -21.324  -48.939  59.180 0.0000000000
49827  -10.695  -57.156  70.908 0.0000000000
49815  -10.658  -56.943  71.694 0.0000000000
49826  -10.134  -57.196  71.174 0.0000000000
48504  -9.507  -57.664  70.924 0.0000000000
63781  -35.179  -45.692  55.718 0.0000000000
64906  -36.136  -45.136  57.215 0.0000000000
66018  -36.336  -44.600  58.097 0.0000000000
63691  -25.785  -45.125  60.879 0.0000000000
63708  -28.257  -44.474  59.351 0.0000000000
61407  -34.379  -47.394  59.120 0.0000000000
60223  -34.076  -47.244  58.862 0.0000000000
62601  -33.671  -47.043  56.422 0.0000000000
62615  -33.384  -47.067  55.329 0.0000000000
62616  -34.192  -46.527  55.041 0.0000000000
62617  -34.738  -46.160  55.304 0.0000000000
63629  -29.859  -45.196  65.534 0.0000000000
63621  -29.174  -45.524  66.315 0.0000000000
62455  -28.822  -45.868  67.001 0.0000000000
63634  -27.821  -45.179  65.140 0.0000000000
89508  -47.484  -23.520  47.100 0.0000000000
74356  -37.939  -37.497  49.760 0.0000000000
74355  -37.001  -37.388  49.558 0.0000000000
73159  -37.428  -37.892  49.036 0.0000000000
75583  -39.007  -36.412  46.737 0.0000000000
75584  -39.344  -36.019  47.147 0.0000000000
76751  -39.455  -35.342  47.120 0.0000000000
75585  -40.453  -35.927  48.314 0.0000000000
77890  -46.880  -35.084  52.646 0.0000000000
80291  -47.141  -32.875  53.491 0.0000000000
56343  -18.218  -51.123  64.370 0.0000000000
56342  -17.451  -51.416  63.937 0.0000000000
55113  -16.445  -52.179  64.218 0.0000000000
55114  -17.175  -51.595  64.623 0.0000000000
55093  -16.669  -52.217  65.125 0.0000000000
53847  -16.449  -52.734  66.436 0.0000000000
53895  -12.650  -54.465  63.384 0.0000000000
53896  -13.146  -54.038  63.041 0.0000000000
62553  -36.421  -46.511  60.740 0.0000000000
63682  -38.256  -46.152  62.092 0.0000000000
63696  -37.764  -46.342  61.487 0.0000000000
62490  -32.498  -45.839  63.410 0.0000000000
62503  -32.495  -46.194  62.606 0.0000000000
60103  -34.169  -47.980  63.410 0.0000000000
60102  -33.756  -47.631  62.861 0.0000000000
60117  -33.385  -47.884  62.029 0.0000000000
60132  -33.126  -48.367  61.306 0.0000000000
60133  -33.601  -48.722  61.748 0.0000000000
58795  -36.411  -47.904  64.606 0.0000000000
58831  -35.774  -48.434  62.347 0.0000000000
58830  -35.182  -48.610  62.141 0.0000000000
58846  -35.393  -48.409  61.748 0.0000000000
58844  -34.403  -49.067  61.161 0.0000000000
60175  -34.676  -48.325  60.176 0.0000000000
60154  -35.152  -48.262  61.054 0.0000000000
61377  -36.030  -47.278  61.125 0.0000000000
60177  -35.501  -47.453  60.648 0.0000000000
61394  -35.564  -46.995  60.288 0.0000000000
61318  -34.073  -47.073  65.187 0.0000000000
62476  -32.328  -45.531  64.544 0.0000000000
84772  -43.959  -28.208  51.909 0.0000000000
85966  -43.814  -27.581  51.497 0.0000000000
85952  -44.398  -27.683  51.933 0.0000000000
87132  -45.670  -25.353  50.265 0.0000000000
85957  -48.775  -25.903  53.120 0.0000000000
87107  -48.671  -25.630  52.436 0.0000000000
88308  -47.705  -24.148  50.138 0.0000000000
88307  -47.005  -24.309  49.777 0.0000000000
88326  -47.532  -23.903  49.356 0.0000000000
88343  -47.284  -23.941  48.499 0.0000000000
88327  -48.313  -23.663  49.586 0.0000000000
89476  -49.873  -23.461  48.951 0.0000000000
89491  -49.682  -23.265  48.079 0.0000000000
90623  -50.182  -22.929  47.742 0.0000000000
90642  -50.331  -22.351  46.896 0.0000000000
90602  -51.498  -22.823  49.722 0.0000000000
91719  -52.270  -22.031  49.090 0.0000000000
90604  -52.142  -22.074  50.211 0.0000000000
91691  -52.616  -21.763  51.791 0.0000000000
73046  -37.198  -37.955  56.681 0.0000000000
74246  -37.622  -37.310  56.444 0.0000000000
75463  -38.465  -36.294  55.370 0.0000000000
75473  -37.919  -36.211  54.737 0.0000000000
75484  -37.042  -36.105  53.678 0.0000000000
75487  -40.257  -36.267  53.325 0.0000000000
75475  -39.888  -36.131  53.874 0.0000000000
75497  -39.376  -36.414  52.230 0.0000000000
74299  -39.041  -36.674  51.595 0.0000000000
74300  -39.862  -36.651  51.703 0.0000000000
74318  -41.180  -36.800  51.544 0.0000000000
73123  -40.532  -37.222  50.584 0.0000000000
73143  -40.654  -37.255  50.246 0.0000000000
73162  -40.832  -37.150  49.778 0.0000000000
73126  -43.161  -37.095  51.709 0.0000000000
73145  -42.535  -36.808  51.064 0.0000000000
73146  -43.576  -36.855  51.367 0.0000000000
73129  -45.724  -37.215  52.657 0.0000000000
73148  -45.283  -37.035  51.889 0.0000000000
74341  -46.191  -36.384  52.286 0.0000000000
58839  -20.329  -49.486  60.393 0.0000000000
57562  -20.083  -49.649  61.546 0.0000000000
56355  -18.649  -50.660  63.069 0.0000000000
57560  -18.097  -50.895  61.749 0.0000000000
48487  -6.028  -58.182  72.147 0.0000000000
67144  -35.200  -43.571  54.906 0.0000000000
68312  -34.065  -42.074  56.041 0.0000000000
69508  -34.673  -41.453  57.900 0.0000000000
69513  -34.218  -41.643  57.197 0.0000000000
70707  -34.687  -40.212  57.648 0.0000000000
63711  -36.564  -45.989  60.409 0.0000000000
63729  -36.313  -45.800  59.649 0.0000000000
67113  -36.892  -44.167  60.596 0.0000000000
65985  -36.792  -44.724  60.254 0.0000000000
67112  -36.491  -43.412  60.400 0.0000000000
69492  -36.893  -41.509  61.140 0.0000000000
68290  -35.998  -42.205  60.446 0.0000000000
69498  -35.778  -41.529  59.902 0.0000000000
71861  -37.263  -39.589  59.075 0.0000000000
70694  -36.557  -40.177  59.353 0.0000000000
71899  -36.855  -38.730  57.223 0.0000000000
71880  -38.045  -38.585  58.585 0.0000000000
73012  -39.788  -37.640  59.041 0.0000000000
73026  -39.423  -37.382  58.200 0.0000000000
71837  -41.077  -38.773  61.414 0.0000000000
73013  -40.989  -37.211  59.009 0.0000000000
64879  -25.438  -45.218  58.520 0.0000000000
64901  -25.222  -45.483  57.749 0.0000000000
64921  -25.372  -45.470  56.910 0.0000000000
62519  -31.852  -46.169  61.361 0.0000000000
62518  -31.148  -45.529  61.106 0.0000000000
62535  -31.682  -46.019  60.564 0.0000000000
62565  -31.399  -46.171  58.598 0.0000000000
62564  -30.355  -46.215  58.162 0.0000000000
61447  -32.861  -46.774  57.290 0.0000000000
61446  -32.478  -46.662  57.677 0.0000000000
62599  -31.843  -46.782  56.931 0.0000000000
60086  -24.653  -47.807  65.110 0.0000000000
60100  -23.918  -48.321  63.979 0.0000000000
60101  -24.308  -47.842  64.222 0.0000000000
62486  -25.927  -46.315  63.907 0.0000000000
62473  -25.764  -46.744  64.914 0.0000000000
61374  -23.561  -47.149  60.623 0.0000000000
60148  -23.388  -47.504  61.631 0.0000000000
60147  -23.020  -48.075  60.812 0.0000000000
60146  -22.399  -48.563  60.461 0.0000000000
60170  -22.711  -48.124  59.621 0.0000000000
91755  -50.326  -21.559  45.815 0.0000000000
93916  -51.229  -20.226  46.675 0.0000000000
94979  -51.307  -19.429  45.779 0.0000000000
94962  -52.059  -19.564  49.732 0.0000000000
94968  -51.899  -19.867  49.049 0.0000000000
94961  -51.739  -19.188  49.063 0.0000000000
96032  -51.776  -18.343  47.198 0.0000000000
97131  -52.073  -17.729  45.147 0.0000000000
97132  -52.929  -17.124  45.470 0.0000000000
98240  -54.990  -15.372  47.734 0.0000000000
98230  -55.152  -15.120  48.711 0.0000000000
49885  -10.167  -57.143  66.283 0.0000000000
49871  -10.155  -57.282  67.293 0.0000000000
74258  -35.780  -37.525  55.443 0.0000000000
74272  -35.179  -37.355  54.699 0.0000000000
80345  -40.368  -32.352  48.267 0.0000000000
81493  -40.359  -31.545  48.221 0.0000000000
82577  -40.809  -30.507  48.951 0.0000000000
82578  -41.426  -30.872  49.546 0.0000000000
75566  -42.426  -35.767  49.896 0.0000000000
75587  -42.131  -35.532  49.738 0.0000000000
76754  -41.746  -35.260  49.550 0.0000000000
77932  -41.991  -34.927  49.718 0.0000000000
77907  -45.083  -35.089  51.185 0.0000000000
76727  -44.521  -35.321  50.827 0.0000000000
77906  -44.471  -34.512  50.947 0.0000000000
79135  -43.644  -33.799  50.717 0.0000000000
77905  -43.884  -34.357  50.648 0.0000000000
77920  -42.137  -34.450  49.880 0.0000000000
79150  -42.619  -33.603  50.234 0.0000000000
80347  -41.720  -32.584  49.663 0.0000000000
81485  -42.701  -31.612  50.789 0.0000000000
82566  -42.900  -30.819  51.117 0.0000000000
82565  -42.528  -30.487  50.653 0.0000000000
82553  -42.946  -30.146  51.117 0.0000000000
83600  -43.227  -29.585  51.388 0.0000000000
82540  -43.952  -30.346  52.231 0.0000000000
83554  -45.589  -29.545  53.838 0.0000000000
83569  -45.031  -29.084  53.320 0.0000000000
83571  -46.898  -28.538  53.995 0.0000000000
51211  -12.545  -55.074  67.581 0.0000000000
51210  -11.818  -55.526  67.911 0.0000000000
51220  -11.053  -55.898  67.151 0.0000000000
49919  -11.004  -57.143  64.175 0.0000000000
48548  -9.807  -58.030  67.399 0.0000000000
48538  -9.779  -58.072  68.313 0.0000000000
47179  -8.841  -59.399  68.565 0.0000000000
47170  -8.657  -59.094  69.517 0.0000000000
47160  -8.459  -58.932  70.334 0.0000000000
47169  -8.257  -59.751  69.634 0.0000000000
43112  -7.698  -62.327  66.515 0.0000000000
44523  -8.063  -61.350  67.135 0.0000000000
43094  -7.562  -61.878  67.475 0.0000000000
44488  -7.259  -61.185  69.530 0.0000000000
44469  -7.353  -60.754  70.021 0.0000000000
45801  -7.522  -60.250  70.549 0.0000000000
45800  -7.128  -60.418  70.880 0.0000000000
45780  -7.207  -59.424  71.399 0.0000000000
45791  -6.927  -60.157  71.265 0.0000000000
44445  -5.497  -60.736  70.927 0.0000000000
45789  -5.811  -60.006  71.589 0.0000000000
45788  -5.374  -60.293  71.151 0.0000000000
47149  -5.271  -59.744  71.295 0.0000000000
41624  -4.548  -63.327  68.299 0.0000000000
41610  -4.864  -62.842  68.964 0.0000000000
48518  -10.225  -57.420  70.343 0.0000000000
63764  -35.349  -45.626  56.333 0.0000000000
63694  -30.332  -44.833  60.816 0.0000000000
61429  -34.175  -46.980  58.263 0.0000000000
61430  -34.684  -46.810  58.087 0.0000000000
61450  -34.398  -46.477  57.073 0.0000000000
62466  -31.957  -45.423  65.900 0.0000000000
63635  -29.234  -44.842  64.753 0.0000000000
63648  -28.377  -44.840  63.919 0.0000000000
90640  -48.645  -23.121  46.695 0.0000000000
70721  -33.803  -40.247  56.483 0.0000000000
73160  -38.749  -37.669  49.487 0.0000000000
73180  -37.727  -38.178  48.318 0.0000000000
74404  -38.998  -36.922  46.970 0.0000000000
56353  -16.639  -51.862  62.584 0.0000000000
55132  -16.186  -52.271  63.231 0.0000000000
55112  -15.760  -52.828  63.860 0.0000000000
53899  -15.685  -52.932  64.713 0.0000000000
55111  -14.761  -53.004  63.259 0.0000000000
55110  -13.964  -53.478  62.734 0.0000000000
55109  -13.670  -54.035  62.452 0.0000000000
55129  -14.081  -53.975  62.018 0.0000000000
61378  -36.729  -47.173  61.450 0.0000000000
62520  -37.213  -46.973  61.676 0.0000000000
61317  -33.739  -46.776  64.410 0.0000000000
61331  -33.576  -46.912  63.274 0.0000000000
60089  -34.230  -47.653  64.343 0.0000000000
60119  -34.430  -48.509  63.298 0.0000000000
58806  -36.451  -47.863  63.817 0.0000000000
58819  -36.643  -47.805  63.428 0.0000000000
60121  -36.712  -47.848  62.917 0.0000000000
60135  -36.518  -47.836  62.076 0.0000000000
61358  -36.498  -47.535  61.597 0.0000000000
84774  -45.634  -27.758  52.680 0.0000000000
85953  -45.227  -27.360  52.136 0.0000000000
85954  -46.190  -27.078  52.238 0.0000000000
85969  -46.746  -26.344  51.755 0.0000000000
87122  -48.834  -24.900  51.702 0.0000000000
87123  -49.452  -24.269  51.392 0.0000000000
87136  -49.328  -24.179  50.964 0.0000000000
88310  -49.304  -23.892  50.330 0.0000000000
88328  -49.163  -23.531  49.425 0.0000000000
88329  -49.853  -23.653  49.711 0.0000000000
89493  -50.801  -23.240  48.744 0.0000000000
89478  -51.015  -23.192  49.165 0.0000000000
89466  -51.421  -22.742  50.323 0.0000000000
74247  -38.508  -36.871  56.616 0.0000000000
74261  -38.940  -36.308  55.907 0.0000000000
74289  -40.944  -36.422  52.913 0.0000000000
74301  -40.710  -36.544  51.942 0.0000000000
58790  -23.244  -48.879  65.029 0.0000000000
58802  -23.151  -49.003  63.947 0.0000000000
57543  -22.541  -49.205  63.467 0.0000000000
58838  -19.642  -49.875  60.012 0.0000000000
57571  -18.081  -50.959  60.806 0.0000000000
99410  -55.978  -14.794  45.520 0.0000000000
47129  -7.167  -58.105  72.076 0.0000000000
64847  -37.746  -45.378  60.896 0.0000000000
69485  -38.160  -41.613  61.757 0.0000000000
69500  -37.571  -40.592  60.848 0.0000000000
70679  -36.772  -40.286  59.959 0.0000000000
70695  -37.798  -39.508  59.764 0.0000000000
71838  -42.079  -38.566  61.446 0.0000000000
64903  -26.820  -44.461  57.162 0.0000000000
61376  -32.848  -47.126  60.671 0.0000000000
61375  -32.286  -46.488  60.832 0.0000000000
61391  -32.347  -46.445  60.104 0.0000000000
61404  -32.291  -46.385  59.204 0.0000000000
61315  -25.199  -47.290  65.089 0.0000000000
61355  -25.065  -46.839  62.514 0.0000000000
62516  -24.397  -46.535  61.060 0.0000000000
61389  -23.320  -47.505  59.405 0.0000000000
61402  -22.552  -48.001  57.654 0.0000000000
92831  -51.661  -21.608  48.181 0.0000000000
92839  -51.571  -20.901  48.051 0.0000000000
93909  -51.515  -20.301  47.665 0.0000000000
96014  -51.839  -18.255  48.790 0.0000000000
97104  -52.378  -17.440  47.339 0.0000000000
97121  -53.886  -16.527  46.922 0.0000000000
97106  -54.020  -16.433  47.926 0.0000000000
48574  -9.807  -58.166  65.307 0.0000000000
75483  -36.047  -36.379  53.827 0.0000000000
75493  -35.349  -36.628  53.224 0.0000000000
74313  -35.150  -37.288  51.503 0.0000000000
80346  -40.771  -32.723  48.754 0.0000000000
74358  -42.423  -36.336  50.301 0.0000000000
74383  -42.850  -36.005  50.271 0.0000000000
75567  -43.464  -35.728  50.395 0.0000000000
76742  -43.557  -35.266  50.331 0.0000000000
79122  -45.579  -33.848  51.837 0.0000000000
77887  -45.001  -34.301  51.319 0.0000000000
79121  -44.904  -33.784  51.474 0.0000000000
80335  -44.133  -33.343  51.293 0.0000000000
80334  -43.436  -32.476  51.292 0.0000000000
80319  -43.794  -32.232  51.801 0.0000000000
81470  -43.717  -31.545  51.955 0.0000000000
81456  -44.158  -31.053  52.473 0.0000000000
82523  -45.074  -30.349  53.526 0.0000000000
82508  -46.443  -30.218  54.548 0.0000000000
52583  -14.568  -53.529  66.260 0.0000000000
52565  -14.502  -53.601  66.988 0.0000000000
52544  -13.099  -54.617  67.196 0.0000000000
51222  -12.388  -54.995  66.678 0.0000000000
51236  -11.675  -55.319  65.792 0.0000000000
51266  -11.323  -56.383  64.117 0.0000000000
47197  -9.188  -59.491  66.656 0.0000000000
45838  -8.673  -60.119  67.722 0.0000000000
45825  -8.513  -60.101  68.377 0.0000000000
43077  -7.109  -62.222  68.099 0.0000000000
44487  -6.872  -61.636  69.451 0.0000000000
44468  -6.824  -61.040  70.225 0.0000000000
44447  -6.542  -60.727  70.963 0.0000000000
44467  -6.156  -61.241  70.460 0.0000000000
44466  -5.694  -61.212  70.461 0.0000000000
44465  -5.267  -61.242  70.258 0.0000000000
58779  -35.944  -47.909  65.503 0.0000000000
60093  -37.675  -47.382  64.824 0.0000000000
84764  -48.684  -27.415  54.335 0.0000000000
85943  -48.272  -26.825  53.779 0.0000000000
85944  -48.762  -26.788  53.966 0.0000000000
88280  -50.282  -23.948  52.344 0.0000000000
88281  -50.659  -23.509  51.999 0.0000000000
89439  -51.041  -23.285  52.005 0.0000000000
73028  -41.449  -36.718  57.834 0.0000000000
74237  -41.837  -36.556  57.177 0.0000000000
74250  -42.328  -36.333  56.390 0.0000000000
74264  -42.632  -36.259  55.241 0.0000000000
74278  -43.057  -36.468  54.332 0.0000000000
73098  -43.977  -37.269  53.038 0.0000000000
58842  -22.349  -48.616  61.269 0.0000000000
58841  -21.923  -48.772  60.773 0.0000000000
58859  -21.481  -48.944  60.011 0.0000000000
58858  -20.711  -49.231  59.498 0.0000000000
48472  -9.094  -57.450  71.985 0.0000000000
48489  -8.720  -58.026  71.587 0.0000000000
66055  -35.436  -44.773  55.643 0.0000000000
64926  -35.771  -45.064  56.456 0.0000000000
67118  -36.102  -43.617  59.130 0.0000000000
62549  -24.581  -45.975  60.000 0.0000000000
63705  -24.808  -45.935  58.939 0.0000000000
64858  -25.492  -45.093  59.091 0.0000000000
64880  -26.368  -44.541  58.254 0.0000000000
64860  -26.921  -44.401  58.980 0.0000000000
63745  -28.925  -44.905  57.178 0.0000000000
60196  -33.765  -47.727  59.662 0.0000000000
61406  -33.126  -46.837  58.888 0.0000000000
60222  -33.787  -47.229  58.993 0.0000000000
61448  -33.508  -46.847  57.135 0.0000000000
61458  -32.855  -47.089  56.541 0.0000000000
62614  -32.450  -47.222  55.570 0.0000000000
62463  -26.549  -46.542  66.179 0.0000000000
63633  -26.891  -45.847  65.524 0.0000000000
63646  -26.362  -45.897  63.851 0.0000000000
63661  -26.400  -45.658  63.365 0.0000000000
62533  -24.857  -45.932  60.624 0.0000000000
88342  -46.299  -24.064  48.167 0.0000000000
94994  -51.543  -19.372  43.631 0.0000000000
93885  -52.648  -20.726  50.694 0.0000000000
94948  -52.801  -20.004  50.856 0.0000000000
94947  -52.410  -19.417  50.501 0.0000000000
75524  -37.186  -36.775  50.732 0.0000000000
74333  -36.621  -36.981  50.198 0.0000000000
75525  -45.604  -35.932  51.507 0.0000000000
75546  -45.047  -35.851  51.203 0.0000000000
76709  -45.651  -35.425  51.598 0.0000000000
77873  -46.095  -34.270  52.049 0.0000000000
79110  -46.207  -33.855  52.236 0.0000000000
80308  -46.863  -33.497  52.784 0.0000000000
80307  -46.283  -32.940  52.805 0.0000000000
80290  -46.230  -32.071  53.714 0.0000000000
80275  -46.544  -31.879  54.200 0.0000000000
55115  -17.766  -51.325  65.203 0.0000000000
53874  -15.200  -53.175  65.197 0.0000000000
53845  -14.552  -53.538  65.625 0.0000000000
53844  -13.837  -53.908  65.138 0.0000000000
52598  -12.715  -54.212  64.239 0.0000000000
52605  -12.609  -54.963  62.879 0.0000000000
41626  -6.196  -63.539  68.069 0.0000000000
62567  -35.906  -46.359  59.209 0.0000000000
62552  -35.910  -46.446  60.178 0.0000000000
63695  -37.489  -45.904  60.968 0.0000000000
62538  -37.431  -46.701  61.602 0.0000000000
62505  -38.409  -46.517  63.489 0.0000000000
62488  -31.284  -45.086  62.508 0.0000000000
62502  -32.009  -46.045  62.074 0.0000000000
61342  -32.414  -46.646  61.654 0.0000000000
61344  -33.354  -47.185  62.525 0.0000000000
61343  -32.844  -46.946  62.036 0.0000000000
61357  -32.809  -47.226  61.379 0.0000000000
60131  -32.959  -47.843  61.016 0.0000000000
60149  -33.094  -47.743  60.580 0.0000000000
60173  -33.517  -48.136  60.220 0.0000000000
58793  -35.139  -48.499  64.633 0.0000000000
58804  -35.054  -48.752  63.889 0.0000000000
58816  -34.727  -48.682  62.662 0.0000000000
58817  -35.527  -48.645  62.978 0.0000000000
58815  -34.192  -48.744  62.030 0.0000000000
58828  -34.021  -49.100  61.463 0.0000000000
58843  -34.000  -49.206  61.007 0.0000000000
60174  -34.056  -48.522  60.226 0.0000000000
60198  -34.670  -47.748  59.648 0.0000000000
60199  -34.965  -47.510  59.626 0.0000000000
62467  -32.711  -45.900  66.386 0.0000000000
62475  -31.687  -45.291  63.986 0.0000000000
84786  -42.709  -28.460  50.881 0.0000000000
85978  -41.896  -27.922  49.855 0.0000000000
87116  -43.247  -27.188  50.861 0.0000000000
85967  -44.731  -26.967  51.530 0.0000000000
87131  -44.324  -25.639  50.034 0.0000000000
85970  -47.672  -26.101  51.960 0.0000000000
87120  -47.308  -25.544  51.251 0.0000000000
87121  -48.162  -25.278  51.451 0.0000000000
87133  -46.885  -24.919  50.453 0.0000000000
89489  -47.878  -23.772  47.947 0.0000000000
88345  -48.644  -23.466  49.095 0.0000000000
89490  -48.816  -23.480  48.390 0.0000000000
89509  -48.316  -23.439  47.382 0.0000000000
90657  -49.743  -22.479  46.114 0.0000000000
90658  -50.110  -22.155  46.066 0.0000000000
90643  -50.801  -22.179  47.224 0.0000000000
91733  -51.480  -21.912  47.986 0.0000000000
91734  -51.891  -21.995  48.449 0.0000000000
92805  -52.367  -21.584  49.999 0.0000000000
89445  -51.056  -22.962  51.238 0.0000000000
89446  -51.461  -22.733  51.397 0.0000000000
90592  -51.716  -22.472  50.851 0.0000000000
91703  -52.380  -21.704  51.018 0.0000000000
92806  -52.455  -21.283  50.353 0.0000000000
73045  -36.365  -38.367  56.671 0.0000000000
73065  -36.064  -38.031  56.005 0.0000000000
74273  -36.250  -36.991  55.062 0.0000000000
74274  -37.205  -36.624  55.242 0.0000000000
75472  -36.691  -36.422  54.532 0.0000000000
75495  -37.277  -36.111  52.587 0.0000000000
75465  -39.823  -36.106  54.581 0.0000000000
75474  -39.050  -36.007  54.145 0.0000000000
75508  -37.427  -36.458  51.503 0.0000000000
75509  -38.311  -36.652  51.426 0.0000000000
74335  -38.295  -37.261  50.348 0.0000000000
74316  -39.473  -37.037  51.042 0.0000000000
74337  -39.703  -37.254  50.638 0.0000000000
73141  -39.253  -37.581  49.997 0.0000000000
73163  -41.827  -36.718  50.291 0.0000000000
74338  -44.170  -36.512  51.232 0.0000000000
74339  -44.867  -36.575  51.473 0.0000000000
73114  -44.470  -37.512  52.581 0.0000000000
73115  -45.277  -37.456  52.973 0.0000000000
75526  -46.059  -35.937  51.903 0.0000000000
75527  -46.640  -35.849  52.764 0.0000000000
58824  -21.561  -48.900  61.392 0.0000000000
57563  -21.204  -49.126  62.021 0.0000000000
57573  -19.801  -49.854  60.593 0.0000000000
57551  -20.884  -49.617  63.056 0.0000000000
56357  -20.192  -49.955  63.298 0.0000000000
56345  -20.434  -50.220  63.845 0.0000000000
57570  -17.575  -51.150  61.313 0.0000000000
56368  -17.105  -51.434  61.755 0.0000000000
100502  -56.438  -13.386  46.969 0.0000000000
69512  -33.934  -41.573  56.538 0.0000000000
70722  -34.319  -40.049  57.107 0.0000000000
71897  -34.730  -39.442  57.066 0.0000000000
63728  -36.239  -45.821  58.911 0.0000000000
64882  -36.442  -45.249  58.817 0.0000000000
66001  -36.615  -44.694  59.564 0.0000000000
66000  -36.519  -44.637  58.846 0.0000000000
68285  -37.415  -42.172  61.502 0.0000000000
67101  -36.823  -43.243  60.927 0.0000000000
68293  -35.722  -42.413  59.423 0.0000000000
69504  -35.628  -41.162  59.230 0.0000000000
70693  -35.979  -40.577  59.098 0.0000000000
70708  -35.660  -40.381  58.616 0.0000000000
71878  -35.447  -39.640  57.809 0.0000000000
71898  -35.968  -39.048  57.243 0.0000000000
73025  -38.485  -37.832  57.976 0.0000000000
63727  -29.607  -45.319  58.556 0.0000000000
64905  -28.910  -44.885  56.626 0.0000000000
61426  -32.426  -46.608  58.221 0.0000000000
62583  -31.224  -46.591  57.631 0.0000000000
62612  -31.100  -46.856  56.262 0.0000000000
62598  -31.174  -46.742  56.859 0.0000000000
63747  -30.435  -46.326  57.244 0.0000000000
64925  -29.202  -45.030  55.896 0.0000000000
58791  -23.781  -48.470  64.747 0.0000000000
58803  -23.482  -48.625  63.845 0.0000000000
58827  -22.845  -48.476  62.828 0.0000000000
62462  -26.044  -46.734  65.529 0.0000000000
61328  -24.664  -47.374  63.732 0.0000000000
61340  -24.569  -47.306  62.910 0.0000000000
60129  -22.930  -48.077  62.095 0.0000000000
92844  -50.669  -20.702  45.611 0.0000000000
92845  -50.996  -20.837  46.506 0.0000000000
93922  -50.829  -20.037  44.732 0.0000000000
94986  -51.198  -19.372  44.736 0.0000000000
93903  -51.647  -19.863  47.956 0.0000000000
94974  -51.567  -19.348  47.301 0.0000000000
96037  -51.425  -18.924  45.448 0.0000000000
97140  -52.189  -17.971  44.048 0.0000000000
97148  -53.587  -17.041  43.463 0.0000000000
98270  -55.073  -15.748  45.577 0.0000000000
98241  -55.464  -14.770  48.154 0.0000000000
49863  -10.560  -56.687  68.105 0.0000000000
48556  -9.482  -58.705  66.605 0.0000000000
48573  -9.544  -58.680  65.838 0.0000000000
73064  -35.104  -37.980  55.576 0.0000000000
73080  -34.673  -37.977  54.974 0.0000000000
74332  -35.639  -37.259  50.497 0.0000000000
83609  -41.668  -29.536  49.831 0.0000000000
74380  -40.464  -36.810  48.713 0.0000000000
74406  -40.841  -36.341  48.846 0.0000000000
74407  -41.397  -36.218  49.353 0.0000000000
76753  -40.859  -35.288  48.809 0.0000000000
77921  -43.491  -34.578  50.353 0.0000000000
77919  -41.494  -34.210  49.552 0.0000000000
79161  -41.182  -34.038  49.291 0.0000000000
80333  -42.842  -32.391  50.797 0.0000000000
81496  -42.402  -31.666  50.296 0.0000000000
81495  -41.963  -31.537  49.884 0.0000000000
82564  -41.968  -30.497  49.992 0.0000000000
83610  -42.183  -29.740  50.365 0.0000000000
83588  -44.288  -29.457  52.641 0.0000000000
84759  -45.284  -28.290  52.989 0.0000000000
84760  -45.890  -28.202  53.180 0.0000000000
84761  -46.715  -28.016  53.425 0.0000000000
84762  -47.399  -27.789  53.767 0.0000000000
81429  -46.531  -31.356  54.530 0.0000000000
51198  -11.590  -55.698  69.074 0.0000000000
51234  -10.422  -56.611  65.902 0.0000000000
51235  -10.929  -55.990  66.110 0.0000000000
51250  -10.617  -56.577  65.397 0.0000000000
51267  -11.649  -55.661  63.958 0.0000000000
49851  -10.144  -57.477  69.111 0.0000000000
48517  -9.728  -57.900  70.115 0.0000000000
48537  -9.317  -58.701  68.422 0.0000000000
48528  -9.175  -58.546  69.351 0.0000000000
48503  -8.820  -58.189  70.978 0.0000000000
47143  -8.272  -58.366  71.515 0.0000000000
45837  -8.315  -60.682  67.866 0.0000000000
45824  -8.161  -60.511  68.769 0.0000000000
44502  -7.562  -61.311  68.739 0.0000000000
47159  -8.051  -59.620  70.424 0.0000000000
47151  -7.899  -59.299  71.049 0.0000000000
47142  -7.732  -58.778  71.450 0.0000000000
47141  -7.262  -58.681  71.636 0.0000000000
47140  -6.640  -58.451  71.833 0.0000000000
45790  -6.394  -60.172  71.432 0.0000000000
45778  -6.259  -59.524  71.648 0.0000000000
47139  -6.077  -59.190  71.761 0.0000000000
48502  -5.640  -58.669  71.866 0.0000000000
40267  -5.718  -63.991  68.163 0.0000000000
40266  -5.095  -63.806  68.378 0.0000000000
41611  -5.275  -63.024  68.811 0.0000000000
43059  -5.202  -62.049  69.559 0.0000000000
40253  -4.903  -63.289  68.526 0.0000000000
40254  -5.425  -63.413  68.414 0.0000000000
43048  -6.514  -61.803  69.516 0.0000000000
43078  -7.539  -61.669  68.078 0.0000000000
45777  -6.035  -59.625  71.718 0.0000000000
49839  -10.101  -57.605  69.783 0.0000000000
49853  -11.063  -56.239  69.169 0.0000000000
53871  -12.748  -54.198  63.747 0.0000000000
55128  -13.791  -54.294  62.191 0.0000000000
56370  -18.394  -50.737  62.279 0.0000000000
57549  -19.203  -50.226  62.807 0.0000000000
57553  -22.411  -49.017  62.953 0.0000000000
57559  -17.678  -51.121  61.798 0.0000000000
57564  -21.750  -48.911  62.023 0.0000000000
58825  -22.075  -48.748  61.836 0.0000000000
58845  -34.893  -48.671  61.409 0.0000000000
60085  -24.147  -48.153  64.592 0.0000000000
60092  -37.350  -47.487  64.282 0.0000000000
60115  -24.092  -47.784  63.461 0.0000000000
60120  -36.225  -48.131  62.426 0.0000000000
60150  -33.173  -48.218  60.678 0.0000000000
60152  -34.115  -49.072  60.703 0.0000000000
60172  -33.240  -47.732  60.201 0.0000000000
60221  -33.502  -47.149  59.128 0.0000000000
61329  -25.177  -46.966  64.238 0.0000000000
61332  -37.647  -47.339  63.465 0.0000000000
62464  -27.104  -46.335  66.630 0.0000000000
62487  -26.148  -46.249  64.569 0.0000000000
62563  -24.281  -46.311  58.538 0.0000000000
63626  -26.895  -46.040  66.018 0.0000000000
63627  -27.439  -45.804  66.248 0.0000000000
63725  -25.093  -45.622  58.835 0.0000000000
64859  -25.919  -44.747  59.086 0.0000000000
64878  -25.186  -45.522  58.183 0.0000000000
70706  -34.224  -40.361  57.122 0.0000000000
73165  -43.563  -36.441  50.930 0.0000000000
74236  -41.453  -36.697  57.278 0.0000000000
74245  -37.235  -37.551  56.363 0.0000000000
74314  -37.896  -36.927  50.888 0.0000000000
74336  -39.093  -37.392  50.322 0.0000000000
74362  -45.019  -36.230  51.342 0.0000000000
74382  -41.990  -36.144  49.761 0.0000000000
75470  -35.461  -36.974  54.405 0.0000000000
75482  -35.424  -36.840  54.062 0.0000000000
75544  -43.860  -36.095  50.594 0.0000000000
76711  -46.770  -35.377  52.755 0.0000000000
76743  -43.977  -34.918  50.484 0.0000000000
77874  -46.469  -34.377  52.300 0.0000000000
79148  -40.945  -33.333  48.957 0.0000000000
81442  -46.081  -31.468  54.016 0.0000000000
82507  -45.761  -30.315  54.075 0.0000000000
84763  -48.106  -27.391  54.072 0.0000000000
85951  -44.059  -27.820  51.794 0.0000000000
85965  -43.080  -27.882  51.084 0.0000000000
87109  -49.834  -24.295  52.167 0.0000000000
88289  -50.640  -23.404  51.668 0.0000000000
88296  -49.886  -23.874  50.827 0.0000000000
88312  -50.365  -23.538  50.145 0.0000000000
89438  -50.668  -23.610  52.227 0.0000000000
89455  -51.483  -22.646  50.736 0.0000000000
89464  -50.746  -23.318  49.638 0.0000000000
90580  -51.860  -22.464  51.475 0.0000000000
90622  -49.842  -23.031  47.671 0.0000000000
90625  -51.660  -22.322  48.316 0.0000000000
91709  -52.285  -21.771  50.350 0.0000000000
93899  -52.453  -20.815  50.165 0.0000000000
93910  -51.674  -20.775  48.238 0.0000000000
