#!ascii label  , from subject 3451 vox2ras=TkReg
1121
54600  34.719  -47.134  63.960 0.0000000000
86856  40.836  -20.130  52.407 0.0000000000
70188  33.277  -34.876  55.905 0.0000000000
49636  11.971  -51.044  62.038 0.0000000000
58501  26.177  -44.605  61.237 0.0000000000
75094  32.876  -30.206  55.941 0.0000000000
57177  17.513  -45.069  59.960 0.0000000000
49650  16.391  -51.306  60.481 0.0000000000
57214  22.743  -44.820  58.520 0.0000000000
88002  46.206  -19.529  51.994 0.0000000000
59648  32.761  -44.708  66.912 0.0000000000
62016  32.755  -40.970  62.336 0.0000000000
59668  36.850  -43.861  64.631 0.0000000000
92401  43.039  -15.438  52.005 0.0000000000
92437  47.962  -14.977  49.774 0.0000000000
84471  37.069  -22.438  56.276 0.0000000000
80979  41.006  -25.382  54.372 0.0000000000
79778  35.473  -26.645  54.154 0.0000000000
72759  37.903  -32.477  55.330 0.0000000000
50958  32.650  -50.236  61.631 0.0000000000
42762  10.461  -56.893  63.389 0.0000000000
42748  6.228  -56.488  64.447 0.0000000000
39852  3.906  -57.726  68.227 0.0000000000
54652  30.555  -46.756  61.738 0.0000000000
53491  27.706  -48.821  59.630 0.0000000000
66533  28.619  -37.160  60.428 0.0000000000
66526  35.322  -37.654  61.072 0.0000000000
96780  49.788  -11.550  51.795 0.0000000000
87995  42.752  -19.663  51.770 0.0000000000
85651  43.322  -21.317  53.188 0.0000000000
55780  33.410  -46.177  66.033 0.0000000000
59670  34.510  -43.996  64.976 0.0000000000
57110  35.874  -45.499  64.722 0.0000000000
87973  39.431  -19.048  54.209 0.0000000000
90118  42.020  -16.558  54.664 0.0000000000
90143  41.333  -17.371  52.169 0.0000000000
89114  44.331  -17.754  50.237 0.0000000000
35227  3.351  -61.913  66.002 0.0000000000
82193  35.756  -24.269  54.877 0.0000000000
80949  33.937  -25.361  56.052 0.0000000000
72762  32.781  -32.450  54.887 0.0000000000
73981  34.572  -30.889  53.481 0.0000000000
71499  35.489  -33.803  55.149 0.0000000000
68897  36.921  -35.310  57.328 0.0000000000
50970  13.872  -50.248  61.113 0.0000000000
46966  15.687  -53.726  62.083 0.0000000000
46968  13.531  -53.751  61.604 0.0000000000
44169  12.710  -56.342  64.260 0.0000000000
45631  10.874  -54.177  62.103 0.0000000000
45588  7.208  -54.588  65.048 0.0000000000
41293  4.808  -57.106  66.761 0.0000000000
55839  27.913  -45.419  61.935 0.0000000000
55866  29.879  -46.348  59.799 0.0000000000
57209  27.683  -44.977  58.872 0.0000000000
55855  21.273  -46.818  59.955 0.0000000000
54672  23.120  -48.203  60.258 0.0000000000
63123  35.111  -40.178  63.956 0.0000000000
65415  33.481  -38.678  62.071 0.0000000000
77384  33.567  -28.029  57.731 0.0000000000
72734  32.661  -31.721  58.412 0.0000000000
71476  31.264  -33.510  57.376 0.0000000000
54695  19.277  -47.541  58.799 0.0000000000
50967  18.630  -51.167  61.043 0.0000000000
54677  16.639  -47.544  60.334 0.0000000000
53478  15.159  -48.387  61.548 0.0000000000
52261  14.087  -49.253  63.496 0.0000000000
59795  24.496  -43.166  58.589 0.0000000000
62060  21.660  -41.055  58.782 0.0000000000
58569  19.949  -44.257  57.871 0.0000000000
60814  30.506  -42.762  66.426 0.0000000000
63138  30.210  -41.205  63.542 0.0000000000
60826  32.301  -43.253  64.570 0.0000000000
60863  35.154  -42.315  63.292 0.0000000000
93526  47.588  -14.040  51.238 0.0000000000
92425  45.866  -15.334  50.193 0.0000000000
90166  47.244  -17.472  50.492 0.0000000000
86848  38.660  -20.936  53.762 0.0000000000
83380  40.560  -23.340  52.925 0.0000000000
82224  37.807  -23.592  53.490 0.0000000000
80981  38.616  -25.962  54.363 0.0000000000
78581  38.389  -27.899  55.219 0.0000000000
78601  33.607  -27.891  54.440 0.0000000000
76259  36.319  -29.403  53.689 0.0000000000
53451  33.881  -47.939  62.025 0.0000000000
54599  35.873  -47.837  63.953 0.0000000000
85630  38.935  -20.749  56.168 0.0000000000
48273  9.914  -51.835  64.253 0.0000000000
45616  8.562  -54.053  63.298 0.0000000000
42765  7.644  -56.619  63.538 0.0000000000
38415  7.661  -59.138  64.739 0.0000000000
38418  5.268  -59.254  64.624 0.0000000000
38405  3.543  -60.065  65.709 0.0000000000
36752  2.328  -59.817  67.849 0.0000000000
36727  0.814  -59.689  68.729 0.0000000000
54618  32.193  -47.573  62.920 0.0000000000
54667  32.218  -47.859  60.723 0.0000000000
52320  30.105  -49.620  60.609 0.0000000000
55871  25.463  -46.641  58.506 0.0000000000
68876  30.940  -35.968  57.846 0.0000000000
64273  29.815  -39.709  61.613 0.0000000000
66530  31.632  -37.965  60.186 0.0000000000
67694  34.013  -37.015  58.290 0.0000000000
55790  37.255  -46.442  65.568 0.0000000000
97892  49.799  -10.839  50.278 0.0000000000
94641  50.069  -13.119  49.875 0.0000000000
95718  50.882  -12.066  49.684 0.0000000000
86855  41.953  -20.238  52.118 0.0000000000
86853  43.586  -20.520  52.580 0.0000000000
85661  42.169  -20.836  52.379 0.0000000000
54587  34.228  -46.650  64.795 0.0000000000
57111  34.360  -45.554  65.258 0.0000000000
55792  35.071  -46.095  64.670 0.0000000000
87983  40.017  -19.475  52.780 0.0000000000
89080  40.116  -18.397  53.045 0.0000000000
87997  40.773  -18.926  52.307 0.0000000000
88007  42.092  -18.353  51.511 0.0000000000
35228  2.088  -61.598  66.640 0.0000000000
82166  34.971  -24.485  57.368 0.0000000000
80907  34.680  -25.600  58.249 0.0000000000
70202  32.942  -34.294  55.485 0.0000000000
71514  33.859  -33.443  54.677 0.0000000000
70200  34.766  -34.425  55.504 0.0000000000
70185  36.543  -34.576  56.330 0.0000000000
68916  35.201  -35.424  56.623 0.0000000000
49635  12.480  -50.885  61.830 0.0000000000
46987  13.145  -52.839  61.321 0.0000000000
46988  12.146  -52.483  61.499 0.0000000000
45630  11.904  -54.311  61.715 0.0000000000
46970  11.340  -53.048  61.752 0.0000000000
57176  27.120  -44.833  61.100 0.0000000000
57188  28.016  -44.675  59.814 0.0000000000
58541  27.259  -44.449  59.617 0.0000000000
54657  20.769  -48.028  60.981 0.0000000000
64223  28.332  -39.286  65.053 0.0000000000
65368  35.235  -39.333  64.234 0.0000000000
72736  31.647  -32.741  57.453 0.0000000000
71457  31.165  -32.930  58.304 0.0000000000
55895  18.242  -46.161  58.643 0.0000000000
54696  18.058  -47.372  59.014 0.0000000000
55858  17.209  -46.758  60.035 0.0000000000
54642  16.036  -47.174  62.413 0.0000000000
53440  15.540  -47.670  63.038 0.0000000000
52260  14.751  -48.899  63.060 0.0000000000
60919  22.941  -41.805  60.338 0.0000000000
59757  18.273  -43.064  60.158 0.0000000000
59777  18.760  -42.786  59.147 0.0000000000
58571  18.219  -44.706  58.697 0.0000000000
55894  19.091  -46.362  58.239 0.0000000000
60827  31.477  -42.983  64.873 0.0000000000
59659  32.518  -43.943  65.891 0.0000000000
58462  35.756  -44.031  64.585 0.0000000000
59681  34.527  -43.398  64.341 0.0000000000
60840  36.207  -42.717  63.711 0.0000000000
61981  36.810  -42.142  63.806 0.0000000000
60839  37.072  -42.722  64.101 0.0000000000
91250  42.064  -16.199  53.090 0.0000000000
93528  45.610  -14.669  51.478 0.0000000000
92413  43.803  -15.211  51.390 0.0000000000
89099  45.440  -18.815  50.946 0.0000000000
90168  45.183  -17.037  49.987 0.0000000000
89111  47.042  -18.267  50.946 0.0000000000
84476  37.762  -21.834  54.867 0.0000000000
84495  38.069  -22.345  53.451 0.0000000000
84485  37.341  -22.385  54.422 0.0000000000
82210  35.438  -25.150  54.605 0.0000000000
80982  37.128  -25.706  54.194 0.0000000000
79777  36.639  -26.718  54.327 0.0000000000
79755  38.042  -27.182  54.963 0.0000000000
78583  36.903  -27.655  54.399 0.0000000000
76232  32.955  -28.760  56.724 0.0000000000
78567  32.905  -27.313  56.388 0.0000000000
76245  33.048  -29.471  55.042 0.0000000000
72773  36.200  -31.970  54.113 0.0000000000
75123  36.096  -30.440  53.573 0.0000000000
73963  37.547  -31.024  54.345 0.0000000000
76243  38.305  -29.500  55.042 0.0000000000
52290  33.872  -49.618  61.736 0.0000000000
52271  34.553  -49.620  62.271 0.0000000000
84456  37.804  -22.121  57.101 0.0000000000
85631  38.450  -21.422  56.561 0.0000000000
85640  38.407  -21.105  55.377 0.0000000000
50968  17.721  -51.307  60.543 0.0000000000
49631  16.943  -51.873  60.723 0.0000000000
44186  11.485  -56.150  63.086 0.0000000000
42745  11.780  -57.012  64.642 0.0000000000
42746  10.861  -57.309  64.363 0.0000000000
41324  9.883  -57.589  64.061 0.0000000000
46935  9.217  -52.254  64.669 0.0000000000
46953  9.624  -52.613  63.597 0.0000000000
46916  8.538  -52.652  65.134 0.0000000000
44173  6.587  -55.789  64.590 0.0000000000
44171  7.599  -55.338  63.738 0.0000000000
42747  6.947  -56.615  63.874 0.0000000000
41326  8.105  -57.957  64.004 0.0000000000
39920  6.571  -58.469  64.215 0.0000000000
38416  7.125  -59.229  64.646 0.0000000000
39921  5.489  -58.415  64.404 0.0000000000
41278  4.412  -57.473  67.394 0.0000000000
39880  4.104  -58.243  66.201 0.0000000000
38350  3.496  -58.686  67.047 0.0000000000
38379  3.111  -59.808  66.419 0.0000000000
38351  3.043  -59.184  67.390 0.0000000000
53454  30.740  -47.547  62.987 0.0000000000
53434  31.493  -47.795  63.544 0.0000000000
54635  31.892  -47.408  62.307 0.0000000000
54634  32.915  -47.569  61.826 0.0000000000
55835  31.435  -47.015  60.851 0.0000000000
54687  28.864  -47.109  59.265 0.0000000000
53509  30.088  -47.901  59.781 0.0000000000
52321  29.006  -49.524  60.166 0.0000000000
58565  24.114  -43.994  58.144 0.0000000000
57211  25.625  -44.916  58.297 0.0000000000
57189  24.045  -45.522  58.320 0.0000000000
52297  24.818  -49.861  61.115 0.0000000000
82221  40.897  -24.210  53.345 0.0000000000
83378  42.352  -23.317  53.699 0.0000000000
82204  42.025  -24.536  54.384 0.0000000000
68855  28.707  -35.535  59.891 0.0000000000
70154  29.570  -35.125  58.834 0.0000000000
67680  29.531  -36.388  59.087 0.0000000000
63137  30.766  -41.430  63.019 0.0000000000
64240  30.073  -40.661  62.934 0.0000000000
64255  31.727  -40.061  61.942 0.0000000000
66510  33.744  -38.066  61.424 0.0000000000
66512  32.136  -38.206  60.793 0.0000000000
66528  33.519  -37.855  60.632 0.0000000000
66567  33.197  -37.435  58.866 0.0000000000
66565  34.933  -37.529  59.524 0.0000000000
67676  36.465  -36.957  59.482 0.0000000000
54585  36.739  -47.632  65.178 0.0000000000
96787  49.975  -11.364  50.892 0.0000000000
93535  47.845  -14.121  50.246 0.0000000000
94634  48.460  -13.697  50.583 0.0000000000
94642  48.999  -13.661  49.994 0.0000000000
94640  51.252  -13.285  49.260 0.0000000000
95716  53.000  -12.474  48.899 0.0000000000
58504  17.791  -44.188  61.741 0.0000000000
55841  17.153  -45.699  61.644 0.0000000000
88004  44.576  -19.352  51.429 0.0000000000
87992  45.574  -19.843  52.514 0.0000000000
87982  44.148  -20.251  52.612 0.0000000000
58430  33.149  -45.404  66.622 0.0000000000
58454  33.796  -44.472  65.489 0.0000000000
58453  34.391  -44.754  65.341 0.0000000000
58452  35.514  -44.711  64.851 0.0000000000
58451  36.728  -44.614  64.818 0.0000000000
89058  40.806  -17.584  55.807 0.0000000000
89068  40.667  -17.589  54.981 0.0000000000
90132  41.198  -16.929  53.110 0.0000000000
91264  41.787  -16.617  51.806 0.0000000000
91291  43.141  -16.040  50.465 0.0000000000
89102  42.612  -17.867  50.891 0.0000000000
89101  43.492  -18.327  50.702 0.0000000000
35226  4.423  -62.170  66.320 0.0000000000
83347  36.441  -22.964  56.713 0.0000000000
83356  36.401  -22.980  55.596 0.0000000000
83348  35.637  -23.496  56.249 0.0000000000
82182  34.492  -24.697  55.851 0.0000000000
80985  34.512  -25.775  54.624 0.0000000000
73952  32.612  -31.364  55.384 0.0000000000
75107  33.023  -30.527  54.754 0.0000000000
73967  33.448  -31.603  54.232 0.0000000000
72774  35.562  -32.547  54.244 0.0000000000
71497  37.273  -32.996  55.314 0.0000000000
71485  37.653  -33.556  56.133 0.0000000000
70172  37.491  -34.706  57.078 0.0000000000
50936  32.310  -51.033  62.086 0.0000000000
49633  14.720  -51.128  60.668 0.0000000000
48323  16.116  -52.523  61.047 0.0000000000
48307  14.622  -52.931  61.251 0.0000000000
46967  14.635  -53.744  61.827 0.0000000000
45614  14.211  -54.915  63.004 0.0000000000
44202  11.668  -55.108  62.245 0.0000000000
44203  10.610  -55.215  62.345 0.0000000000
45586  7.973  -53.079  65.720 0.0000000000
44144  6.737  -54.894  65.855 0.0000000000
42730  5.854  -56.123  65.623 0.0000000000
42731  5.449  -56.804  65.165 0.0000000000
42717  5.250  -56.517  66.293 0.0000000000
41277  5.007  -56.920  67.702 0.0000000000
39851  4.354  -57.233  68.618 0.0000000000
54653  29.768  -46.411  62.099 0.0000000000
55837  30.039  -46.302  61.107 0.0000000000
55852  29.193  -45.389  60.565 0.0000000000
57187  28.766  -45.260  59.349 0.0000000000
55869  27.455  -46.495  58.760 0.0000000000
57192  21.471  -45.757  58.965 0.0000000000
55873  22.900  -46.672  59.416 0.0000000000
54673  22.192  -47.779  60.517 0.0000000000
80960  40.921  -26.019  55.141 0.0000000000
66500  28.023  -37.569  62.424 0.0000000000
63135  33.974  -40.198  62.842 0.0000000000
64254  32.787  -39.715  62.176 0.0000000000
64238  34.012  -39.426  63.001 0.0000000000
65397  34.595  -38.747  63.076 0.0000000000
95703  50.155  -12.028  52.008 0.0000000000
33727  0.800  -61.865  67.999 0.0000000000
76209  34.228  -28.847  59.071 0.0000000000
75079  32.969  -29.815  58.118 0.0000000000
75080  32.897  -30.359  57.065 0.0000000000
73940  32.334  -31.729  56.200 0.0000000000
71488  31.927  -33.503  56.107 0.0000000000
70189  32.229  -34.523  56.075 0.0000000000
53496  19.712  -48.831  60.151 0.0000000000
52301  19.446  -50.505  61.600 0.0000000000
52345  18.887  -49.165  59.558 0.0000000000
52328  17.609  -49.649  59.646 0.0000000000
52329  16.435  -49.486  59.984 0.0000000000
55842  16.991  -46.555  61.103 0.0000000000
54678  16.043  -47.824  60.723 0.0000000000
52330  15.599  -49.236  60.386 0.0000000000
52303  14.179  -49.432  61.452 0.0000000000
50945  13.500  -49.720  61.894 0.0000000000
50947  12.365  -50.225  62.730 0.0000000000
59775  25.490  -43.560  59.835 0.0000000000
60932  24.223  -42.745  59.919 0.0000000000
60934  23.240  -41.658  59.066 0.0000000000
60953  22.065  -42.378  57.952 0.0000000000
62044  20.553  -40.843  59.887 0.0000000000
60955  19.891  -42.003  58.339 0.0000000000
58568  21.116  -44.201  58.001 0.0000000000
57216  20.696  -45.409  58.312 0.0000000000
54694  20.233  -47.235  59.168 0.0000000000
61965  29.747  -41.565  66.104 0.0000000000
63112  29.372  -40.989  65.678 0.0000000000
61964  30.057  -41.751  65.508 0.0000000000
61986  31.044  -42.536  64.067 0.0000000000
60866  32.746  -42.267  62.967 0.0000000000
59671  33.520  -43.854  65.054 0.0000000000
60843  33.735  -42.774  63.689 0.0000000000
60865  33.604  -42.183  63.043 0.0000000000
61983  35.331  -40.844  63.545 0.0000000000
63121  36.554  -40.586  64.578 0.0000000000
93518  46.906  -14.373  52.284 0.0000000000
93527  46.424  -14.451  51.352 0.0000000000
92424  47.033  -15.381  49.838 0.0000000000
91289  44.968  -16.055  50.001 0.0000000000
91288  46.065  -16.246  49.972 0.0000000000
85655  39.057  -21.171  53.271 0.0000000000
85653  41.042  -21.571  52.582 0.0000000000
84494  39.024  -22.085  52.991 0.0000000000
83381  39.425  -23.158  52.916 0.0000000000
82222  39.844  -24.137  53.184 0.0000000000
83369  36.291  -23.914  54.575 0.0000000000
82208  37.708  -24.634  53.723 0.0000000000
80980  39.995  -25.723  54.327 0.0000000000
80961  39.867  -26.638  55.119 0.0000000000
79731  39.795  -27.664  55.677 0.0000000000
79712  33.742  -26.292  57.360 0.0000000000
79757  33.430  -26.117  55.334 0.0000000000
78599  34.967  -27.561  53.872 0.0000000000
76261  34.148  -29.592  53.661 0.0000000000
77425  34.547  -28.596  53.733 0.0000000000
78598  36.036  -27.589  54.068 0.0000000000
77407  37.853  -28.614  54.868 0.0000000000
53432  33.854  -47.550  62.944 0.0000000000
54616  35.112  -47.771  63.458 0.0000000000
53431  34.861  -48.362  62.769 0.0000000000
53430  35.758  -48.847  63.507 0.0000000000
86826  39.073  -20.061  55.675 0.0000000000
86836  39.039  -19.915  54.693 0.0000000000
49589  11.615  -50.250  63.538 0.0000000000
49575  10.829  -50.527  64.468 0.0000000000
49590  11.047  -50.730  63.318 0.0000000000
46971  10.198  -53.005  62.574 0.0000000000
45632  9.744  -54.262  62.558 0.0000000000
44188  9.002  -55.446  62.766 0.0000000000
45601  7.735  -54.445  64.183 0.0000000000
45617  8.089  -54.980  63.304 0.0000000000
41345  9.179  -57.248  63.404 0.0000000000
41325  8.930  -57.823  64.048 0.0000000000
39900  8.555  -58.938  65.068 0.0000000000
36805  5.253  -60.893  65.487 0.0000000000
39902  4.783  -58.045  64.854 0.0000000000
38404  4.408  -59.668  65.037 0.0000000000
36806  4.087  -60.661  65.451 0.0000000000
36807  3.558  -60.642  65.728 0.0000000000
36799  2.360  -60.771  66.669 0.0000000000
35219  1.752  -61.122  67.305 0.0000000000
38329  2.046  -59.581  68.571 0.0000000000
36753  1.859  -60.212  68.175 0.0000000000
35220  1.350  -61.423  67.617 0.0000000000
54601  33.824  -47.151  64.662 0.0000000000
53417  32.377  -48.028  64.524 0.0000000000
53416  33.592  -47.411  63.981 0.0000000000
53452  33.219  -47.602  62.524 0.0000000000
54648  33.317  -48.233  61.170 0.0000000000
52318  32.275  -48.959  60.798 0.0000000000
54669  30.616  -47.404  60.091 0.0000000000
52319  31.345  -49.174  60.702 0.0000000000
52292  31.981  -49.693  61.198 0.0000000000
58563  26.074  -44.104  58.703 0.0000000000
55890  26.096  -45.772  58.329 0.0000000000
54689  26.935  -47.326  58.968 0.0000000000
54671  24.259  -48.172  59.942 0.0000000000
53493  25.734  -48.756  59.813 0.0000000000
52323  27.069  -49.518  60.122 0.0000000000
84491  42.263  -22.665  53.290 0.0000000000
71458  30.305  -33.617  58.732 0.0000000000
70176  30.707  -34.859  57.809 0.0000000000
68902  32.251  -35.799  57.001 0.0000000000
64232  28.676  -39.718  64.111 0.0000000000
64258  28.564  -38.979  62.406 0.0000000000
65432  29.136  -38.556  61.007 0.0000000000
65417  31.089  -39.523  61.495 0.0000000000
65446  30.373  -38.521  60.402 0.0000000000
66551  30.267  -37.487  59.263 0.0000000000
67678  30.822  -37.026  58.698 0.0000000000
67723  32.610  -36.499  57.428 0.0000000000
68900  34.221  -35.951  57.074 0.0000000000
68875  35.566  -36.421  57.818 0.0000000000
54586  35.638  -46.773  64.264 0.0000000000
55791  36.352  -46.341  64.828 0.0000000000
57109  37.019  -45.528  65.144 0.0000000000
57108  38.011  -45.525  65.790 0.0000000000
59666  38.415  -43.851  65.285 0.0000000000
99047  48.834  -10.070  50.387 0.0000000000
94624  49.573  -13.101  51.856 0.0000000000
94632  50.005  -12.593  51.114 0.0000000000
93544  50.516  -14.156  49.387 0.0000000000
95719  50.321  -12.371  50.318 0.0000000000
95710  50.522  -11.809  50.160 0.0000000000
96793  50.899  -11.266  49.630 0.0000000000
97906  51.415  -10.623  49.013 0.0000000000
85662  41.521  -20.903  52.398 0.0000000000
86846  39.989  -20.217  52.786 0.0000000000
87996  41.782  -19.196  51.903 0.0000000000
35229  1.482  -62.058  67.007 0.0000000000
70201  33.777  -34.382  55.401 0.0000000000
70187  34.295  -34.900  56.014 0.0000000000
70186  35.469  -34.888  56.219 0.0000000000
48326  12.798  -51.840  61.346 0.0000000000
48327  11.771  -51.511  61.871 0.0000000000
46989  11.461  -52.090  61.803 0.0000000000
48328  11.363  -51.757  61.984 0.0000000000
58522  26.864  -44.433  60.512 0.0000000000
58523  25.804  -44.009  60.484 0.0000000000
53476  20.197  -48.899  61.178 0.0000000000
53475  21.058  -48.677  61.633 0.0000000000
64212  28.506  -39.629  66.128 0.0000000000
57194  17.957  -45.284  59.008 0.0000000000
55878  17.672  -46.283  59.388 0.0000000000
58525  17.825  -44.100  60.634 0.0000000000
59778  18.353  -43.393  59.419 0.0000000000
58545  18.092  -44.152  59.386 0.0000000000
58461  36.263  -44.164  64.601 0.0000000000
59679  36.414  -43.514  64.281 0.0000000000
59678  37.227  -43.335  64.453 0.0000000000
91262  42.686  -15.692  52.712 0.0000000000
91249  42.988  -15.741  53.500 0.0000000000
92388  43.323  -15.426  52.772 0.0000000000
92400  43.925  -15.186  52.276 0.0000000000
92412  44.655  -14.936  51.641 0.0000000000
89098  46.420  -18.921  51.340 0.0000000000
89097  47.445  -18.582  51.593 0.0000000000
36797  5.693  -61.418  66.612 0.0000000000
84477  37.114  -22.393  55.194 0.0000000000
80984  35.047  -25.826  54.418 0.0000000000
80983  35.990  -25.767  54.362 0.0000000000
75093  33.022  -29.537  56.877 0.0000000000
76233  32.994  -29.113  56.007 0.0000000000
73951  37.492  -31.795  54.562 0.0000000000
73964  36.725  -31.354  54.065 0.0000000000
50957  33.303  -49.993  61.660 0.0000000000
52272  34.130  -50.096  62.085 0.0000000000
50935  33.577  -50.690  62.284 0.0000000000
84470  37.790  -21.905  55.892 0.0000000000
50990  16.866  -50.694  60.204 0.0000000000
42761  11.310  -56.853  63.837 0.0000000000
41344  9.775  -57.135  63.392 0.0000000000
41327  7.075  -57.496  63.883 0.0000000000
41328  5.995  -57.555  64.220 0.0000000000
39865  3.935  -58.201  67.029 0.0000000000
39866  3.498  -58.442  67.620 0.0000000000
39853  3.145  -58.392  68.368 0.0000000000
54637  30.264  -47.022  62.586 0.0000000000
53455  30.089  -47.310  63.393 0.0000000000
53453  31.283  -47.517  62.760 0.0000000000
54636  31.014  -47.227  62.288 0.0000000000
54651  31.340  -47.034  61.514 0.0000000000
53511  28.319  -48.019  59.317 0.0000000000
53510  29.293  -47.950  59.481 0.0000000000
53490  28.701  -48.799  59.662 0.0000000000
52322  28.032  -49.501  60.063 0.0000000000
58566  23.150  -43.989  58.187 0.0000000000
57213  23.665  -44.819  58.282 0.0000000000
57190  23.328  -45.635  58.720 0.0000000000
82205  41.262  -24.770  53.930 0.0000000000
82220  41.595  -24.205  53.717 0.0000000000
67659  28.287  -36.718  60.891 0.0000000000
68848  28.167  -35.889  61.247 0.0000000000
68856  28.404  -36.103  60.447 0.0000000000
68864  29.193  -35.744  59.266 0.0000000000
67667  28.899  -36.595  59.813 0.0000000000
62018  31.631  -41.569  62.662 0.0000000000
63151  31.134  -41.123  62.490 0.0000000000
63150  32.430  -40.563  62.190 0.0000000000
66509  34.578  -37.910  61.689 0.0000000000
66527  34.398  -37.808  60.872 0.0000000000
66547  34.242  -37.680  60.032 0.0000000000
66546  35.033  -37.620  60.290 0.0000000000
67677  35.659  -37.397  59.802 0.0000000000
97885  49.438  -11.205  51.574 0.0000000000
93547  47.578  -14.614  49.888 0.0000000000
94643  48.397  -13.877  50.055 0.0000000000
93546  48.390  -14.290  49.731 0.0000000000
59711  17.957  -43.471  62.402 0.0000000000
58490  17.353  -44.154  62.556 0.0000000000
59696  17.412  -43.546  63.143 0.0000000000
59733  18.140  -43.260  61.376 0.0000000000
87994  43.743  -19.926  52.005 0.0000000000
87993  44.716  -19.850  52.202 0.0000000000
86845  43.231  -20.973  52.814 0.0000000000
86844  43.943  -20.804  53.254 0.0000000000
57099  33.316  -45.746  66.309 0.0000000000
58440  33.663  -45.313  65.849 0.0000000000
87972  39.696  -18.607  54.982 0.0000000000
89059  40.193  -18.108  55.362 0.0000000000
89069  40.103  -18.087  54.228 0.0000000000
89091  40.864  -18.047  52.395 0.0000000000
90120  40.566  -17.590  53.452 0.0000000000
91251  41.651  -16.586  52.440 0.0000000000
90157  41.831  -16.949  51.483 0.0000000000
89103  41.883  -17.664  51.449 0.0000000000
88006  42.714  -18.762  51.333 0.0000000000
88005  43.611  -19.136  51.290 0.0000000000
83334  35.954  -23.489  57.335 0.0000000000
82180  35.313  -23.897  57.105 0.0000000000
80948  34.366  -24.851  56.394 0.0000000000
82181  34.844  -24.263  56.378 0.0000000000
82195  34.470  -25.019  55.352 0.0000000000
80964  34.116  -25.577  55.005 0.0000000000
71513  34.439  -33.321  54.560 0.0000000000
71512  34.990  -33.107  54.439 0.0000000000
72761  36.135  -33.061  54.810 0.0000000000
71498  36.678  -33.358  55.268 0.0000000000
71486  36.571  -33.962  55.863 0.0000000000
70173  36.458  -35.081  56.869 0.0000000000
68872  38.039  -35.384  58.109 0.0000000000
83333  36.723  -23.112  57.625 0.0000000000
48325  13.959  -52.209  61.037 0.0000000000
46986  13.978  -53.124  61.345 0.0000000000
45628  13.946  -54.481  62.163 0.0000000000
45615  13.526  -54.957  62.587 0.0000000000
45629  12.953  -54.551  61.973 0.0000000000
44145  6.133  -55.461  66.210 0.0000000000
42716  5.764  -55.949  66.507 0.0000000000
41264  4.498  -57.235  68.138 0.0000000000
55825  28.283  -45.829  62.625 0.0000000000
55824  29.127  -46.081  62.596 0.0000000000
55838  29.043  -45.625  61.468 0.0000000000
57208  28.184  -45.550  58.945 0.0000000000
55868  28.367  -46.227  59.001 0.0000000000
55888  27.784  -45.788  58.766 0.0000000000
55874  21.866  -46.312  59.552 0.0000000000
55854  22.069  -47.001  60.118 0.0000000000
65400  28.151  -38.446  62.958 0.0000000000
63134  34.634  -40.375  63.352 0.0000000000
63124  34.618  -39.931  63.533 0.0000000000
65367  35.851  -39.261  64.658 0.0000000000
65381  34.827  -38.904  63.814 0.0000000000
66471  35.523  -38.430  63.761 0.0000000000
33735  0.390  -62.342  67.592 0.0000000000
76220  33.602  -28.821  58.322 0.0000000000
73927  32.661  -31.053  57.967 0.0000000000
73928  32.226  -31.602  56.978 0.0000000000
72748  31.982  -32.469  56.512 0.0000000000
72749  31.638  -33.223  56.800 0.0000000000
71489  31.562  -33.970  56.674 0.0000000000
53515  19.420  -48.404  59.436 0.0000000000
53497  19.222  -48.994  59.637 0.0000000000
54697  17.390  -47.405  59.588 0.0000000000
53517  17.621  -48.363  59.407 0.0000000000
53498  16.819  -48.692  59.794 0.0000000000
55829  16.677  -46.284  62.233 0.0000000000
53461  15.613  -47.850  62.015 0.0000000000
54660  16.067  -47.528  61.364 0.0000000000
53477  15.630  -48.015  61.075 0.0000000000
53500  15.393  -48.587  60.788 0.0000000000
52302  14.877  -49.102  60.959 0.0000000000
52281  14.080  -49.249  62.462 0.0000000000
50924  13.475  -49.644  62.877 0.0000000000
50946  12.840  -50.116  62.310 0.0000000000
59753  24.620  -43.360  60.629 0.0000000000
59754  23.772  -42.838  60.795 0.0000000000
60920  22.086  -40.995  60.233 0.0000000000
62059  22.459  -41.457  58.540 0.0000000000
60952  22.936  -42.227  58.228 0.0000000000
62077  22.323  -41.892  58.169 0.0000000000
59800  19.470  -43.237  58.176 0.0000000000
59799  20.485  -43.183  57.859 0.0000000000
55877  19.868  -46.782  58.562 0.0000000000
54676  19.908  -47.951  59.686 0.0000000000
61943  30.096  -42.055  66.485 0.0000000000
61942  30.446  -42.443  65.874 0.0000000000
60845  31.892  -42.911  64.100 0.0000000000
61985  31.921  -42.508  63.375 0.0000000000
60844  32.782  -42.783  63.718 0.0000000000
60841  35.267  -42.904  63.716 0.0000000000
60842  34.508  -42.839  63.701 0.0000000000
60864  34.466  -42.196  63.184 0.0000000000
62001  34.475  -41.155  63.006 0.0000000000
62000  35.237  -41.601  63.260 0.0000000000
61961  37.335  -41.826  64.323 0.0000000000
61982  36.296  -41.421  63.704 0.0000000000
90107  42.143  -16.784  55.640 0.0000000000
93505  47.161  -14.313  53.407 0.0000000000
93506  46.046  -14.562  53.147 0.0000000000
93537  45.744  -14.796  50.819 0.0000000000
93536  46.823  -14.582  50.413 0.0000000000
90170  43.314  -16.660  50.249 0.0000000000
91290  43.927  -15.962  50.157 0.0000000000
90169  44.173  -16.824  50.031 0.0000000000
90167  46.219  -17.249  50.150 0.0000000000
91287  47.136  -16.450  50.048 0.0000000000
85656  38.390  -21.592  53.548 0.0000000000
83383  37.650  -22.962  53.551 0.0000000000
83382  38.406  -23.019  53.177 0.0000000000
82223  38.704  -23.935  53.278 0.0000000000
83357  35.880  -23.864  55.090 0.0000000000
82207  39.189  -24.943  53.664 0.0000000000
79754  39.074  -27.245  55.250 0.0000000000
78566  39.232  -28.019  55.668 0.0000000000
79711  34.194  -26.289  58.115 0.0000000000
78554  33.968  -27.207  57.894 0.0000000000
78568  32.932  -27.582  55.520 0.0000000000
79733  33.007  -26.799  55.708 0.0000000000
79758  33.227  -26.971  54.919 0.0000000000
79780  33.621  -27.374  54.495 0.0000000000
78600  34.046  -27.754  54.163 0.0000000000
75126  33.450  -30.667  54.178 0.0000000000
76262  33.452  -29.915  54.195 0.0000000000
75125  34.026  -30.634  53.686 0.0000000000
76260  35.199  -29.674  53.409 0.0000000000
77424  35.632  -28.519  53.690 0.0000000000
77423  36.636  -28.483  54.086 0.0000000000
76258  36.990  -29.251  54.112 0.0000000000
52250  35.277  -49.612  63.005 0.0000000000
87953  39.360  -19.371  56.097 0.0000000000
85647  38.222  -21.307  54.323 0.0000000000
86837  38.678  -20.621  54.449 0.0000000000
86847  39.292  -20.144  53.484 0.0000000000
52327  19.047  -49.805  60.219 0.0000000000
48306  15.430  -53.109  61.421 0.0000000000
50926  12.195  -50.075  63.408 0.0000000000
48272  10.110  -50.913  64.851 0.0000000000
48290  10.474  -51.302  63.739 0.0000000000
48310  10.433  -52.280  62.699 0.0000000000
48291  10.226  -52.120  63.182 0.0000000000
46936  8.897  -53.058  64.028 0.0000000000
46954  9.398  -53.391  63.028 0.0000000000
45587  7.649  -53.891  65.339 0.0000000000
44190  7.551  -55.906  63.579 0.0000000000
44189  8.053  -55.805  63.272 0.0000000000
42764  8.602  -56.524  63.155 0.0000000000
41346  8.351  -57.316  63.502 0.0000000000
39919  7.679  -58.650  64.389 0.0000000000
39918  8.266  -58.511  64.436 0.0000000000
39901  7.958  -59.092  64.811 0.0000000000
38417  6.142  -59.322  64.473 0.0000000000
38402  6.774  -60.038  65.276 0.0000000000
38403  5.653  -60.034  64.886 0.0000000000
36804  6.080  -60.491  65.381 0.0000000000
41311  4.722  -57.431  65.649 0.0000000000
38378  3.641  -58.987  66.215 0.0000000000
39903  4.282  -58.395  65.436 0.0000000000
36779  2.537  -60.112  66.886 0.0000000000
36780  2.055  -60.645  67.317 0.0000000000
38310  2.212  -58.311  69.321 0.0000000000
38311  1.869  -58.902  68.923 0.0000000000
36726  1.510  -59.466  68.698 0.0000000000
36754  1.314  -60.456  68.298 0.0000000000
35207  0.748  -60.979  68.641 0.0000000000
54588  33.402  -47.197  65.443 0.0000000000
53433  32.758  -47.549  63.296 0.0000000000
54617  32.604  -47.565  62.563 0.0000000000
54650  32.125  -47.318  61.154 0.0000000000
54649  32.914  -47.867  61.000 0.0000000000
53470  33.083  -48.524  61.007 0.0000000000
53486  32.553  -48.370  60.741 0.0000000000
55850  30.342  -46.585  60.259 0.0000000000
55849  30.972  -47.019  60.496 0.0000000000
53489  29.699  -48.717  59.905 0.0000000000
53488  30.793  -48.400  60.179 0.0000000000
52293  30.964  -50.015  61.189 0.0000000000
52294  30.268  -50.286  61.169 0.0000000000
59776  24.816  -43.050  59.495 0.0000000000
59793  25.882  -43.750  59.310 0.0000000000
59794  25.393  -43.482  58.948 0.0000000000
55891  25.095  -45.749  58.236 0.0000000000
55870  26.522  -46.597  58.575 0.0000000000
54690  25.966  -47.407  58.932 0.0000000000
54693  23.071  -47.469  59.748 0.0000000000
54692  23.727  -47.439  59.496 0.0000000000
50965  25.587  -50.397  61.215 0.0000000000
52325  25.468  -49.406  60.405 0.0000000000
52324  26.224  -49.400  60.188 0.0000000000
84493  40.210  -22.307  52.704 0.0000000000
84492  41.360  -22.515  52.857 0.0000000000
71440  29.989  -33.427  59.470 0.0000000000
68877  30.295  -35.537  58.324 0.0000000000
70153  30.143  -34.537  58.445 0.0000000000
68904  30.818  -35.429  57.809 0.0000000000
68903  31.358  -35.342  57.282 0.0000000000
63126  29.473  -40.810  64.501 0.0000000000
64231  29.164  -40.349  64.132 0.0000000000
63139  29.555  -40.670  63.861 0.0000000000
64256  30.288  -40.318  62.135 0.0000000000
64257  29.185  -39.630  62.218 0.0000000000
64274  29.368  -39.253  61.474 0.0000000000
65419  28.826  -38.911  61.739 0.0000000000
65399  33.178  -39.229  62.345 0.0000000000
65416  32.585  -38.949  61.800 0.0000000000
65430  31.391  -38.626  60.918 0.0000000000
65445  31.008  -38.289  60.346 0.0000000000
66531  30.661  -38.032  59.864 0.0000000000
66550  31.357  -37.533  59.226 0.0000000000
67695  32.953  -36.973  58.113 0.0000000000
67722  33.619  -36.557  57.532 0.0000000000
67721  34.667  -36.547  57.667 0.0000000000
67692  36.659  -36.558  58.616 0.0000000000
58449  38.630  -44.610  65.704 0.0000000000
97893  49.025  -10.709  50.901 0.0000000000
99038  48.555  -10.458  51.635 0.0000000000
97900  50.334  -10.372  49.583 0.0000000000
93517  48.077  -13.897  52.573 0.0000000000
94633  49.318  -13.242  50.781 0.0000000000
95717  51.913  -12.521  48.923 0.0000000000
96786  50.399  -11.472  50.132 0.0000000000
95725  51.293  -11.433  49.301 0.0000000000
86854  42.832  -20.552  52.324 0.0000000000
85652  42.421  -21.557  52.882 0.0000000000
55793  34.019  -46.208  65.258 0.0000000000
87984  39.694  -19.061  53.380 0.0000000000
89070  39.804  -18.652  53.627 0.0000000000
89081  39.868  -18.715  53.346 0.0000000000
89090  41.424  -18.270  51.914 0.0000000000
33742  2.609  -62.833  66.416 0.0000000000
82165  35.592  -24.280  57.972 0.0000000000
80926  35.045  -25.012  57.929 0.0000000000
80927  34.314  -25.248  57.241 0.0000000000
71501  33.177  -33.584  54.966 0.0000000000
72776  33.634  -32.870  54.444 0.0000000000
71500  34.250  -33.868  54.984 0.0000000000
71487  36.041  -34.349  55.846 0.0000000000
70199  35.256  -34.406  55.587 0.0000000000
70174  35.934  -35.391  56.876 0.0000000000
49634  13.449  -51.108  61.129 0.0000000000
46969  12.489  -53.539  61.468 0.0000000000
42702  5.865  -55.405  67.418 0.0000000000
57159  27.509  -45.081  61.457 0.0000000000
57158  28.205  -45.104  61.244 0.0000000000
57175  27.723  -44.753  60.690 0.0000000000
58521  27.496  -44.518  60.146 0.0000000000
54675  20.607  -47.459  60.094 0.0000000000
54674  21.410  -47.480  60.543 0.0000000000
65383  28.190  -38.624  64.156 0.0000000000
63110  35.725  -39.994  64.506 0.0000000000
64229  34.876  -39.570  63.988 0.0000000000
64221  35.463  -39.650  64.367 0.0000000000
72735  32.176  -32.010  57.710 0.0000000000
72721  32.351  -32.199  58.598 0.0000000000
72722  31.794  -32.420  58.119 0.0000000000
54705  18.532  -46.871  58.622 0.0000000000
54706  18.116  -46.699  58.880 0.0000000000
55879  17.574  -46.966  59.473 0.0000000000
54641  16.390  -46.740  62.321 0.0000000000
54623  16.128  -46.505  62.890 0.0000000000
53462  15.160  -48.317  62.557 0.0000000000
52280  14.613  -48.795  61.992 0.0000000000
62030  21.263  -40.780  60.554 0.0000000000
60922  18.555  -42.399  60.357 0.0000000000
60921  18.923  -41.953  60.230 0.0000000000
59756  18.560  -42.513  59.954 0.0000000000
58544  18.426  -43.603  59.043 0.0000000000
58570  18.703  -44.122  58.371 0.0000000000
57217  19.459  -45.288  58.012 0.0000000000
57218  18.523  -45.328  58.345 0.0000000000
60813  31.053  -43.080  65.836 0.0000000000
60801  31.693  -43.670  66.397 0.0000000000
60812  31.916  -43.494  65.431 0.0000000000
59672  32.645  -43.671  65.019 0.0000000000
59669  35.138  -44.202  64.849 0.0000000000
59680  35.406  -43.566  64.315 0.0000000000
61999  35.652  -41.866  63.235 0.0000000000
90131  41.714  -16.600  53.798 0.0000000000
91240  43.009  -16.134  54.473 0.0000000000
93507  45.368  -14.694  52.660 0.0000000000
93520  45.234  -14.740  52.003 0.0000000000
92426  44.679  -15.231  50.668 0.0000000000
89113  45.330  -17.999  50.321 0.0000000000
89112  46.304  -18.177  50.603 0.0000000000
84484  37.781  -21.946  54.030 0.0000000000
84496  37.475  -22.569  53.890 0.0000000000
82209  36.198  -24.546  54.430 0.0000000000
79776  37.687  -26.557  54.541 0.0000000000
79756  37.354  -27.163  54.611 0.0000000000
78582  37.611  -27.780  54.781 0.0000000000
78555  33.334  -27.172  57.217 0.0000000000
77394  32.988  -28.038  57.030 0.0000000000
77395  32.799  -28.216  56.169 0.0000000000
77409  33.057  -28.471  55.296 0.0000000000
73965  35.669  -31.395  53.682 0.0000000000
75144  34.813  -30.589  53.399 0.0000000000
75122  37.063  -30.176  54.067 0.0000000000
76244  37.602  -29.432  54.472 0.0000000000
75106  37.932  -30.321  54.633 0.0000000000
53468  34.094  -49.091  61.674 0.0000000000
53450  34.313  -48.800  61.935 0.0000000000
52289  34.247  -49.282  61.869 0.0000000000
84443  38.283  -22.293  58.386 0.0000000000
85617  38.586  -21.617  57.648 0.0000000000
85639  38.783  -20.597  55.597 0.0000000000
50989  18.042  -50.627  60.172 0.0000000000
49609  17.555  -52.419  61.336 0.0000000000
44170  11.855  -56.652  63.909 0.0000000000
41307  11.097  -57.688  65.859 0.0000000000
48257  9.481  -51.404  65.294 0.0000000000
44157  6.842  -55.274  64.815 0.0000000000
45602  7.291  -55.099  64.349 0.0000000000
44172  7.041  -55.870  64.042 0.0000000000
41347  7.775  -57.364  63.661 0.0000000000
41294  4.369  -57.715  66.483 0.0000000000
41312  4.334  -57.924  65.919 0.0000000000
35194  0.477  -60.167  68.800 0.0000000000
54686  29.823  -47.053  59.640 0.0000000000
50985  29.101  -50.166  60.631 0.0000000000
58564  25.088  -44.064  58.360 0.0000000000
57212  24.605  -44.957  58.194 0.0000000000
55892  24.494  -45.673  58.283 0.0000000000
52298  23.831  -49.791  61.224 0.0000000000
53495  23.920  -48.765  60.428 0.0000000000
53471  24.141  -49.289  60.812 0.0000000000
83379  41.620  -23.490  53.290 0.0000000000
83367  42.074  -23.853  53.882 0.0000000000
70119  28.381  -35.145  61.472 0.0000000000
70127  28.898  -34.603  60.073 0.0000000000
70139  29.541  -34.221  59.255 0.0000000000
70140  29.084  -35.014  59.402 0.0000000000
68878  29.687  -35.802  58.806 0.0000000000
67699  30.018  -36.190  58.684 0.0000000000
63152  30.409  -40.846  62.776 0.0000000000
65418  30.328  -39.739  61.520 0.0000000000
66499  33.342  -38.457  61.723 0.0000000000
66511  32.858  -38.229  61.170 0.0000000000
66529  32.628  -37.857  60.379 0.0000000000
66549  32.396  -37.615  59.514 0.0000000000
66548  33.360  -37.649  59.760 0.0000000000
66566  34.206  -37.499  59.117 0.0000000000
67693  35.397  -36.974  58.537 0.0000000000
53414  36.299  -48.691  64.196 0.0000000000
54598  36.387  -48.195  64.532 0.0000000000
54584  37.433  -47.112  65.904 0.0000000000
97886  49.040  -10.906  51.558 0.0000000000
94625  48.689  -13.530  51.549 0.0000000000
94639  52.454  -13.500  49.207 0.0000000000
95724  51.680  -11.727  48.956 0.0000000000
95723  52.345  -11.905  48.751 0.0000000000
57163  17.442  -44.959  61.120 0.0000000000
57149  17.276  -44.884  62.101 0.0000000000
60907  18.564  -42.125  61.094 0.0000000000
88003  45.498  -19.460  51.685 0.0000000000
87981  44.782  -20.190  53.005 0.0000000000
58431  33.008  -45.035  66.899 0.0000000000
59658  33.029  -44.540  66.199 0.0000000000
58441  33.465  -44.969  66.035 0.0000000000
90119  41.002  -17.122  54.221 0.0000000000
91263  42.151  -15.956  52.104 0.0000000000
92414  43.064  -15.501  51.227 0.0000000000
91277  42.188  -16.345  51.259 0.0000000000
90171  42.660  -16.543  50.621 0.0000000000
89115  43.421  -17.462  50.334 0.0000000000
89100  44.456  -18.635  50.720 0.0000000000
35232  4.992  -61.626  66.073 0.0000000000
83349  35.362  -23.966  55.612 0.0000000000
82194  35.215  -24.443  55.175 0.0000000000
80963  34.773  -25.255  54.814 0.0000000000
72775  34.434  -32.549  54.155 0.0000000000
73966  34.641  -31.577  53.700 0.0000000000
72760  36.794  -32.512  54.613 0.0000000000
71475  38.083  -34.092  56.841 0.0000000000
70184  37.068  -34.204  56.352 0.0000000000
70171  38.303  -34.385  57.162 0.0000000000
49598  32.743  -51.526  62.576 0.0000000000
84457  37.061  -22.607  57.121 0.0000000000
49651  15.838  -50.896  60.448 0.0000000000
49632  15.859  -51.705  60.630 0.0000000000
48324  15.114  -52.316  60.898 0.0000000000
44185  12.804  -55.395  62.863 0.0000000000
44201  12.341  -54.892  62.137 0.0000000000
44187  10.154  -55.989  62.700 0.0000000000
45567  7.194  -54.205  65.887 0.0000000000
44158  6.335  -55.613  65.214 0.0000000000
42749  5.706  -57.068  64.584 0.0000000000
42703  5.535  -56.085  67.452 0.0000000000
42704  5.113  -56.623  67.059 0.0000000000
55851  29.683  -45.785  60.265 0.0000000000
57174  28.672  -45.023  60.469 0.0000000000
57186  29.341  -45.553  59.716 0.0000000000
55867  29.337  -46.158  59.435 0.0000000000
54688  27.894  -47.219  59.062 0.0000000000
57191  22.355  -45.627  59.064 0.0000000000
55853  22.635  -47.450  59.977 0.0000000000
54655  22.391  -48.438  61.011 0.0000000000
54654  22.853  -48.744  60.868 0.0000000000
80978  41.526  -25.024  54.425 0.0000000000
67651  28.001  -36.674  61.813 0.0000000000
66514  28.479  -37.766  61.163 0.0000000000
63149  33.146  -40.635  62.386 0.0000000000
63136  33.180  -40.105  62.411 0.0000000000
64239  33.498  -39.554  62.583 0.0000000000
65398  33.870  -38.911  62.719 0.0000000000
64230  34.465  -39.503  63.411 0.0000000000
65382  34.329  -39.154  63.233 0.0000000000
66498  34.000  -38.332  62.158 0.0000000000
66497  34.815  -38.120  62.424 0.0000000000
92422  49.042  -15.769  49.962 0.0000000000
92436  48.769  -14.986  49.632 0.0000000000
33734  1.051  -62.301  67.335 0.0000000000
77383  34.195  -28.084  58.398 0.0000000000
76221  33.159  -28.840  57.482 0.0000000000
73939  32.562  -31.034  56.567 0.0000000000
73953  32.360  -32.199  55.661 0.0000000000
72763  32.308  -33.009  55.497 0.0000000000
71502  32.454  -33.811  55.545 0.0000000000
53460  20.116  -49.463  61.843 0.0000000000
52326  19.715  -49.321  60.691 0.0000000000
53516  18.731  -48.503  59.170 0.0000000000
52346  18.407  -49.185  59.443 0.0000000000
55857  17.294  -45.885  60.540 0.0000000000
54659  16.508  -46.979  61.649 0.0000000000
53499  16.014  -48.440  60.322 0.0000000000
50991  15.858  -50.099  60.253 0.0000000000
49652  15.265  -50.388  60.516 0.0000000000
50969  14.649  -49.998  60.776 0.0000000000
50971  13.185  -50.385  61.592 0.0000000000
49610  12.340  -50.489  62.321 0.0000000000
60950  24.255  -42.662  59.217 0.0000000000
59755  23.379  -42.416  60.672 0.0000000000
60933  23.746  -42.236  59.576 0.0000000000
60951  23.745  -42.467  58.752 0.0000000000
59796  23.538  -43.142  58.218 0.0000000000
59797  22.603  -43.165  57.953 0.0000000000
58567  22.166  -44.061  58.136 0.0000000000
62061  20.808  -40.968  59.045 0.0000000000
60935  19.309  -41.712  59.330 0.0000000000
62080  20.371  -41.330  58.681 0.0000000000
62079  20.911  -41.454  58.396 0.0000000000
60954  21.100  -42.272  57.952 0.0000000000
59798  21.595  -43.215  57.829 0.0000000000
57215  21.748  -44.938  58.564 0.0000000000
55875  21.157  -46.353  59.278 0.0000000000
55893  19.967  -46.092  58.277 0.0000000000
55876  20.575  -46.434  58.779 0.0000000000
55856  20.757  -46.841  59.482 0.0000000000
54658  20.226  -48.232  60.430 0.0000000000
63111  29.748  -41.371  65.353 0.0000000000
61987  30.367  -41.907  64.480 0.0000000000
61963  30.686  -42.498  65.111 0.0000000000
62005  30.619  -41.932  63.780 0.0000000000
62004  31.115  -41.869  63.132 0.0000000000
62003  32.121  -41.911  62.723 0.0000000000
60825  33.157  -43.245  64.396 0.0000000000
59682  33.894  -43.212  64.252 0.0000000000
62002  33.200  -41.388  62.516 0.0000000000
61984  34.885  -40.598  63.456 0.0000000000
63122  35.898  -40.441  64.185 0.0000000000
93519  45.938  -14.572  52.142 0.0000000000
92427  43.572  -15.543  50.721 0.0000000000
92423  48.030  -15.689  49.898 0.0000000000
85663  40.828  -20.928  52.509 0.0000000000
85654  40.008  -21.075  52.790 0.0000000000
82206  40.370  -24.927  53.719 0.0000000000
83368  36.833  -23.325  54.250 0.0000000000
80962  38.991  -26.646  54.879 0.0000000000
79753  39.946  -27.277  55.508 0.0000000000
80928  33.789  -25.767  56.800 0.0000000000
79732  33.324  -26.325  56.448 0.0000000000
79779  34.179  -26.543  54.378 0.0000000000
77426  33.540  -28.664  54.320 0.0000000000
76277  34.588  -30.214  53.448 0.0000000000
77408  37.248  -28.255  54.504 0.0000000000
77406  38.725  -28.696  55.407 0.0000000000
53415  34.480  -47.528  63.358 0.0000000000
54615  35.407  -48.199  63.420 0.0000000000
87962  39.703  -18.694  55.826 0.0000000000
87963  39.294  -19.245  55.257 0.0000000000
86827  38.756  -20.449  55.157 0.0000000000
48322  16.910  -52.693  61.292 0.0000000000
50925  12.864  -49.938  63.230 0.0000000000
49611  11.704  -50.769  62.515 0.0000000000
49574  11.388  -50.253  64.186 0.0000000000
49612  11.176  -51.023  62.702 0.0000000000
48309  10.942  -51.695  62.427 0.0000000000
46972  9.783  -53.570  62.699 0.0000000000
44204  9.857  -55.241  62.506 0.0000000000
45600  8.160  -53.473  64.583 0.0000000000
42763  9.523  -56.591  63.007 0.0000000000
41309  9.371  -58.385  64.997 0.0000000000
41310  8.665  -58.358  64.468 0.0000000000
39899  9.110  -58.838  65.365 0.0000000000
41329  5.277  -57.505  64.712 0.0000000000
39922  4.790  -58.751  64.780 0.0000000000
35233  4.292  -61.428  65.755 0.0000000000
35234  3.638  -61.089  65.751 0.0000000000
36798  2.955  -60.747  66.099 0.0000000000
39840  2.697  -58.198  69.052 0.0000000000
38328  2.488  -58.990  68.581 0.0000000000
36781  1.671  -60.812  67.773 0.0000000000
60803  30.333  -42.700  67.207 0.0000000000
54573  33.339  -46.841  65.869 0.0000000000
53402  33.193  -47.693  65.079 0.0000000000
54633  33.431  -47.977  61.415 0.0000000000
53469  33.701  -48.671  61.427 0.0000000000
52291  32.985  -49.321  61.231 0.0000000000
55836  30.876  -46.608  60.954 0.0000000000
54668  31.469  -47.587  60.509 0.0000000000
53487  31.820  -48.373  60.513 0.0000000000
50959  31.624  -50.554  61.614 0.0000000000
58543  25.918  -43.822  59.880 0.0000000000
58542  26.373  -44.024  59.616 0.0000000000
58562  26.884  -44.394  58.960 0.0000000000
57210  26.613  -44.959  58.521 0.0000000000
55889  27.066  -45.756  58.541 0.0000000000
53512  27.337  -48.071  59.286 0.0000000000
55872  24.211  -46.416  58.651 0.0000000000
54691  24.876  -47.546  59.153 0.0000000000
53494  24.756  -48.967  60.291 0.0000000000
54670  25.021  -48.352  59.651 0.0000000000
53514  25.594  -48.053  59.351 0.0000000000
53513  26.385  -48.097  59.305 0.0000000000
53492  26.742  -48.798  59.704 0.0000000000
50987  27.394  -50.077  60.462 0.0000000000
85646  42.812  -22.211  53.468 0.0000000000
82192  42.391  -24.852  55.008 0.0000000000
71439  30.698  -32.920  59.279 0.0000000000
70152  30.705  -33.939  57.928 0.0000000000
70175  31.176  -34.382  57.284 0.0000000000
70190  31.638  -34.687  56.766 0.0000000000
68920  32.004  -35.179  56.650 0.0000000000
68919  32.758  -35.364  56.423 0.0000000000
64222  28.862  -40.162  64.937 0.0000000000
64241  29.427  -40.270  63.256 0.0000000000
64242  28.608  -39.332  63.174 0.0000000000
65420  28.382  -38.377  62.009 0.0000000000
66513  28.966  -38.079  60.768 0.0000000000
65429  32.248  -38.506  61.158 0.0000000000
65431  30.126  -39.189  61.004 0.0000000000
65447  29.720  -38.581  60.605 0.0000000000
66532  29.378  -37.877  60.165 0.0000000000
66552  29.564  -37.082  59.362 0.0000000000
67679  30.101  -36.783  58.882 0.0000000000
67697  31.241  -36.636  58.132 0.0000000000
66568  32.239  -37.307  58.676 0.0000000000
67696  32.026  -36.877  58.002 0.0000000000
67724  31.692  -36.257  57.523 0.0000000000
68901  33.199  -35.980  56.938 0.0000000000
68918  33.748  -35.465  56.436 0.0000000000
68917  34.728  -35.455  56.548 0.0000000000
68899  35.363  -35.845  57.183 0.0000000000
68898  36.372  -35.633  57.346 0.0000000000
68874  36.120  -36.204  57.925 0.0000000000
68873  37.291  -35.737  58.080 0.0000000000
58450  37.769  -44.659  65.221 0.0000000000
59667  37.621  -43.767  64.849 0.0000000000
60824  37.947  -42.692  64.789 0.0000000000
94623  50.004  -12.583  52.317 0.0000000000
95711  50.253  -11.881  50.735 0.0000000000
93545  49.418  -14.176  49.545 0.0000000000
97891  50.496  -11.050  49.851 0.0000000000
96797  51.613  -11.133  48.966 0.0000000000
96798  51.224  -11.017  49.274 0.0000000000
48308  11.442  -51.305  62.224 0.0000000000
49630  17.906  -51.874  61.022 0.0000000000
50992  15.229  -49.766  60.517 0.0000000000
52317  32.756  -48.783  60.891 0.0000000000
53472  23.369  -49.102  60.908 0.0000000000
57173  29.235  -45.262  60.052 0.0000000000
57193  21.000  -46.004  58.817 0.0000000000
58500  26.729  -44.758  61.134 0.0000000000
58524  25.186  -43.824  60.783 0.0000000000
59752  25.279  -43.680  60.420 0.0000000000
59774  25.919  -43.797  59.630 0.0000000000
60823  38.187  -43.322  65.064 0.0000000000
60862  35.779  -42.285  63.350 0.0000000000
60917  24.068  -42.864  60.386 0.0000000000
60918  23.713  -42.459  60.282 0.0000000000
62017  32.206  -41.293  62.386 0.0000000000
62042  22.421  -41.074  59.415 0.0000000000
62043  21.482  -40.737  59.635 0.0000000000
62062  20.018  -41.212  59.176 0.0000000000
62078  21.760  -41.680  58.205 0.0000000000
63125  29.834  -41.366  64.845 0.0000000000
65433  28.662  -38.427  61.462 0.0000000000
66488  34.491  -38.549  62.675 0.0000000000
66569  31.532  -37.095  58.531 0.0000000000
67668  28.508  -36.653  60.376 0.0000000000
67698  30.548  -36.379  58.398 0.0000000000
67720  35.272  -36.495  57.761 0.0000000000
68847  28.472  -35.245  60.696 0.0000000000
73980  34.996  -31.033  53.416 0.0000000000
75124  35.300  -30.569  53.405 0.0000000000
75145  34.491  -30.578  53.487 0.0000000000
76276  34.969  -30.258  53.355 0.0000000000
77422  37.280  -28.793  54.378 0.0000000000
78584  33.273  -27.811  54.798 0.0000000000
79775  38.467  -26.707  54.805 0.0000000000
83358  35.489  -24.086  55.295 0.0000000000
89116  42.785  -17.148  50.499 0.0000000000
90133  40.793  -17.649  52.741 0.0000000000
90144  41.014  -17.707  52.452 0.0000000000
90156  42.218  -17.095  50.927 0.0000000000
91278  41.931  -16.643  51.507 0.0000000000
91292  42.683  -16.048  50.801 0.0000000000
92402  42.567  -15.752  51.516 0.0000000000
92415  42.648  -15.829  51.078 0.0000000000
92428  42.966  -15.757  50.813 0.0000000000
92429  42.776  -15.851  50.878 0.0000000000
93529  45.169  -14.798  51.561 0.0000000000
93538  45.154  -14.823  51.179 0.0000000000
97899  50.761  -10.661  49.440 0.0000000000
