#!ascii label  , from subject 3213 vox2ras=TkReg
1478
120009  -46.051  19.710  21.554 0.0000000000
114257  -55.914  14.443  8.887 0.0000000000
126886  -53.133  25.120  28.366 0.0000000000
114168  -54.202  14.549  17.788 0.0000000000
115222  -52.215  15.227  25.047 0.0000000000
122228  -53.472  21.925  16.706 0.0000000000
125813  -49.117  23.944  17.751 0.0000000000
132061  -41.870  30.719  8.711 0.0000000000
110735  -46.111  11.462  27.761 0.0000000000
117639  -48.863  16.903  19.488 0.0000000000
117675  -51.708  17.352  15.215 0.0000000000
121106  -50.123  20.681  20.195 0.0000000000
130979  -48.627  29.513  24.922 0.0000000000
126921  -51.857  25.583  22.863 0.0000000000
126941  -45.043  25.207  21.560 0.0000000000
127028  -42.671  25.114  15.148 0.0000000000
131971  -42.770  30.175  15.725 0.0000000000
118930  -56.443  18.593  8.920 0.0000000000
119979  -44.613  19.616  26.454 0.0000000000
123304  -48.569  23.037  25.828 0.0000000000
109572  -55.478  12.854  20.352 0.0000000000
114115  -53.391  14.826  21.309 0.0000000000
115256  -47.767  14.755  21.176 0.0000000000
114065  -46.301  13.475  24.450 0.0000000000
118889  -56.495  18.522  12.618 0.0000000000
123419  -56.425  22.261  13.307 0.0000000000
124535  -53.096  23.581  22.513 0.0000000000
126996  -54.758  25.524  18.224 0.0000000000
124680  -52.385  23.637  11.305 0.0000000000
125901  -46.386  24.146  11.059 0.0000000000
128106  -40.613  25.880  7.887 0.0000000000
118809  -47.192  18.425  20.520 0.0000000000
118811  -48.801  18.772  19.543 0.0000000000
120011  -47.991  20.041  20.877 0.0000000000
130983  -45.372  29.527  23.201 0.0000000000
127978  -46.555  26.403  24.180 0.0000000000
127988  -42.715  27.215  22.461 0.0000000000
126970  -41.555  26.115  19.730 0.0000000000
116612  -56.957  16.498  7.935 0.0000000000
117589  -44.957  17.697  27.889 0.0000000000
119977  -46.806  19.757  28.307 0.0000000000
114101  -52.543  14.677  22.750 0.0000000000
114121  -49.783  14.002  20.862 0.0000000000
114098  -49.589  13.893  22.845 0.0000000000
112990  -46.431  12.513  25.694 0.0000000000
115221  -42.348  15.211  23.914 0.0000000000
117613  -41.506  17.631  24.627 0.0000000000
115212  -40.441  15.797  24.943 0.0000000000
115332  -55.420  14.695  16.235 0.0000000000
121152  -52.078  20.356  16.033 0.0000000000
118863  -53.526  18.589  14.083 0.0000000000
121159  -53.931  20.519  14.711 0.0000000000
121167  -56.514  20.625  13.145 0.0000000000
122247  -55.171  21.860  14.676 0.0000000000
124500  -50.591  23.558  27.437 0.0000000000
124524  -51.083  23.668  24.518 0.0000000000
124513  -53.046  24.475  25.777 0.0000000000
126961  -50.725  25.209  20.335 0.0000000000
128003  -53.887  26.091  21.065 0.0000000000
125797  -51.522  24.790  17.912 0.0000000000
125850  -53.143  24.398  15.606 0.0000000000
124602  -50.567  23.390  15.417 0.0000000000
124677  -49.416  23.141  11.112 0.0000000000
124618  -48.137  22.664  14.372 0.0000000000
130044  -40.422  28.102  12.730 0.0000000000
128071  -42.237  26.465  12.016 0.0000000000
130067  -39.406  28.213  8.927 0.0000000000
129079  -38.592  27.639  6.436 0.0000000000
131107  -40.318  30.039  6.558 0.0000000000
115290  -50.680  15.143  18.076 0.0000000000
116500  -51.798  16.039  15.845 0.0000000000
117658  -50.279  17.384  17.259 0.0000000000
120043  -50.659  19.812  17.818 0.0000000000
122209  -51.402  21.312  19.008 0.0000000000
129952  -51.480  28.297  27.254 0.0000000000
127959  -53.033  26.570  25.488 0.0000000000
127956  -50.092  26.912  25.454 0.0000000000
126931  -49.073  25.462  22.572 0.0000000000
125778  -47.419  24.482  19.448 0.0000000000
124566  -46.422  23.477  17.014 0.0000000000
126990  -43.901  24.315  18.740 0.0000000000
128038  -40.736  26.810  16.253 0.0000000000
132014  -41.500  30.704  12.692 0.0000000000
121215  -55.340  20.447  9.450 0.0000000000
121083  -44.808  20.653  24.377 0.0000000000
122173  -46.523  21.486  23.384 0.0000000000
122165  -46.542  21.409  25.722 0.0000000000
123295  -48.619  22.089  28.271 0.0000000000
123246  -50.716  22.303  30.931 0.0000000000
125699  -49.392  24.221  31.190 0.0000000000
127922  -50.797  26.111  30.328 0.0000000000
115271  -56.961  14.989  19.449 0.0000000000
115261  -55.805  15.277  20.968 0.0000000000
115277  -53.433  14.671  19.477 0.0000000000
114132  -50.793  14.399  19.701 0.0000000000
115266  -48.178  14.957  20.012 0.0000000000
115206  -51.628  15.322  26.720 0.0000000000
112965  -48.710  13.193  28.115 0.0000000000
114051  -48.476  13.753  26.260 0.0000000000
114068  -49.458  14.142  24.824 0.0000000000
114095  -46.781  14.030  22.922 0.0000000000
118798  -43.989  18.446  22.503 0.0000000000
112001  -57.266  13.444  11.339 0.0000000000
116515  -54.031  15.493  14.643 0.0000000000
116544  -56.848  16.164  12.916 0.0000000000
116580  -58.466  16.350  10.269 0.0000000000
118925  -58.458  18.196  9.160 0.0000000000
122296  -57.515  20.788  9.469 0.0000000000
123448  -55.707  22.679  9.988 0.0000000000
122182  -49.360  21.887  22.566 0.0000000000
123325  -51.896  22.500  21.801 0.0000000000
123334  -52.887  22.582  19.656 0.0000000000
126914  -54.685  25.153  24.225 0.0000000000
124542  -54.930  24.081  20.879 0.0000000000
123362  -54.744  23.254  17.943 0.0000000000
125853  -55.127  23.943  15.381 0.0000000000
124663  -54.429  23.613  12.658 0.0000000000
125936  -53.875  23.923  9.344 0.0000000000
125859  -44.689  24.376  13.786 0.0000000000
127058  -43.940  25.371  10.149 0.0000000000
127110  -42.578  25.083  6.943 0.0000000000
125957  -39.674  24.939  7.015 0.0000000000
128103  -37.957  26.975  8.590 0.0000000000
118803  -46.550  18.865  20.924 0.0000000000
120015  -47.716  19.263  20.561 0.0000000000
121098  -46.825  20.265  21.580 0.0000000000
128987  -43.948  28.307  23.253 0.0000000000
128999  -41.772  28.129  20.068 0.0000000000
114272  -56.380  14.849  8.564 0.0000000000
114088  -52.331  14.770  23.701 0.0000000000
114100  -51.606  14.269  22.809 0.0000000000
114087  -51.443  14.466  23.744 0.0000000000
112997  -42.228  13.876  24.594 0.0000000000
114059  -41.380  15.042  24.369 0.0000000000
114170  -55.739  14.526  17.905 0.0000000000
115312  -54.642  14.685  17.381 0.0000000000
121145  -52.626  21.000  16.520 0.0000000000
120054  -52.928  20.195  15.340 0.0000000000
121154  -53.496  20.893  15.385 0.0000000000
122246  -54.604  21.546  14.863 0.0000000000
122238  -54.261  21.967  15.661 0.0000000000
124478  -52.023  24.133  28.306 0.0000000000
124502  -52.214  24.231  26.744 0.0000000000
125728  -53.232  24.622  27.217 0.0000000000
125795  -49.784  24.349  18.480 0.0000000000
126977  -51.054  25.113  19.436 0.0000000000
125814  -50.144  24.074  17.405 0.0000000000
125832  -50.781  23.981  16.733 0.0000000000
124587  -50.022  23.671  16.364 0.0000000000
124619  -49.201  22.634  14.455 0.0000000000
124585  -48.225  22.978  16.302 0.0000000000
131071  -40.432  29.588  10.654 0.0000000000
130056  -39.740  28.050  10.879 0.0000000000
131079  -40.535  29.714  9.291 0.0000000000
131091  -39.748  29.135  7.562 0.0000000000
132084  -41.107  30.355  7.203 0.0000000000
116476  -49.466  16.183  18.550 0.0000000000
116479  -50.488  15.797  17.515 0.0000000000
117644  -49.503  17.267  18.245 0.0000000000
120017  -49.255  19.904  19.853 0.0000000000
118825  -49.670  18.504  18.369 0.0000000000
120029  -50.051  19.794  18.610 0.0000000000
120030  -50.587  20.279  18.382 0.0000000000
121113  -50.969  20.964  19.174 0.0000000000
130973  -50.966  29.381  25.740 0.0000000000
129968  -51.564  28.318  25.791 0.0000000000
128973  -49.633  27.749  25.585 0.0000000000
127992  -46.158  26.167  23.289 0.0000000000
127994  -47.759  26.020  23.652 0.0000000000
126943  -47.213  25.495  21.565 0.0000000000
126958  -47.613  24.934  20.571 0.0000000000
126957  -46.566  25.010  20.757 0.0000000000
125776  -45.353  24.267  19.374 0.0000000000
125767  -44.708  24.563  20.002 0.0000000000
130005  -41.426  28.203  17.688 0.0000000000
128030  -41.234  26.531  17.919 0.0000000000
130026  -40.839  28.866  16.265 0.0000000000
131045  -40.667  29.190  14.882 0.0000000000
132000  -42.283  31.030  13.837 0.0000000000
120126  -56.387  19.344  8.963 0.0000000000
119993  -44.601  20.222  25.146 0.0000000000
121079  -45.657  20.859  25.308 0.0000000000
119987  -45.632  20.261  26.334 0.0000000000
119973  -47.594  20.296  29.549 0.0000000000
121073  -47.775  20.810  28.346 0.0000000000
122142  -48.873  21.384  29.862 0.0000000000
123278  -50.007  22.657  29.564 0.0000000000
121031  -50.322  20.973  31.158 0.0000000000
126851  -47.786  25.366  29.544 0.0000000000
127905  -50.111  25.686  30.764 0.0000000000
128933  -49.351  27.024  29.365 0.0000000000
129934  -50.014  28.586  28.778 0.0000000000
130938  -48.664  29.258  28.384 0.0000000000
110808  -56.461  13.183  18.764 0.0000000000
113025  -57.061  14.133  19.664 0.0000000000
115249  -55.725  15.191  21.961 0.0000000000
115260  -55.027  15.307  21.300 0.0000000000
115268  -55.040  15.216  20.309 0.0000000000
114125  -53.561  14.807  20.633 0.0000000000
114133  -51.830  14.448  19.452 0.0000000000
114123  -51.835  14.278  20.658 0.0000000000
114110  -48.595  14.103  21.753 0.0000000000
114130  -49.012  14.370  20.127 0.0000000000
115265  -47.726  15.287  20.540 0.0000000000
111859  -47.301  12.247  27.675 0.0000000000
112992  -47.783  13.349  26.473 0.0000000000
114066  -47.456  13.381  24.990 0.0000000000
114052  -49.422  14.256  25.890 0.0000000000
114067  -48.541  13.755  24.951 0.0000000000
114084  -48.613  13.732  23.867 0.0000000000
114082  -46.586  13.759  23.761 0.0000000000
118792  -43.846  19.046  22.976 0.0000000000
117621  -43.132  17.677  22.915 0.0000000000
110889  -57.083  13.033  11.739 0.0000000000
116502  -53.555  15.391  15.500 0.0000000000
116513  -52.800  16.142  14.777 0.0000000000
118875  -54.863  18.661  13.244 0.0000000000
117698  -54.370  17.486  13.311 0.0000000000
116558  -56.605  16.942  12.774 0.0000000000
116561  -58.348  16.529  12.045 0.0000000000
117717  -58.135  17.493  12.212 0.0000000000
117740  -58.491  17.274  9.713 0.0000000000
120083  -58.051  18.830  12.080 0.0000000000
122260  -56.610  21.609  13.260 0.0000000000
122267  -57.313  21.224  11.763 0.0000000000
123438  -56.917  21.901  11.504 0.0000000000
122280  -56.283  21.767  9.940 0.0000000000
123437  -56.298  22.336  10.780 0.0000000000
122174  -47.510  22.223  23.729 0.0000000000
122181  -48.274  21.726  22.584 0.0000000000
122175  -48.798  22.212  23.408 0.0000000000
124531  -52.186  23.444  23.805 0.0000000000
123321  -51.079  22.672  23.012 0.0000000000
123323  -52.413  23.108  22.530 0.0000000000
123330  -52.646  22.732  20.646 0.0000000000
123327  -53.179  23.297  21.163 0.0000000000
127971  -52.703  26.436  24.537 0.0000000000
127973  -54.282  25.561  24.894 0.0000000000
127985  -53.585  26.053  23.559 0.0000000000
128017  -54.714  25.800  19.305 0.0000000000
126949  -55.004  25.523  21.136 0.0000000000
125781  -55.559  24.740  19.119 0.0000000000
124548  -54.999  23.600  19.540 0.0000000000
125798  -55.521  24.661  18.133 0.0000000000
124590  -55.032  23.550  16.504 0.0000000000
127010  -55.173  24.727  16.953 0.0000000000
124642  -52.490  23.565  13.707 0.0000000000
125876  -53.397  23.882  13.921 0.0000000000
124662  -53.572  23.684  12.398 0.0000000000
125906  -54.059  23.739  10.459 0.0000000000
125904  -53.103  23.772  10.664 0.0000000000
125934  -52.472  23.904  9.046 0.0000000000
124697  -51.884  23.682  10.587 0.0000000000
124676  -48.163  23.477  11.032 0.0000000000
124711  -49.109  23.542  9.405 0.0000000000
125829  -44.052  24.096  16.404 0.0000000000
125847  -45.408  23.580  15.242 0.0000000000
127030  -44.179  24.708  14.077 0.0000000000
128089  -41.599  26.248  9.989 0.0000000000
128082  -43.152  25.707  10.536 0.0000000000
128090  -42.610  25.808  9.488 0.0000000000
127088  -43.467  25.420  7.725 0.0000000000
127097  -42.224  25.319  7.108 0.0000000000
125978  -41.085  24.891  6.683 0.0000000000
127107  -40.195  25.432  6.878 0.0000000000
130076  -37.837  28.485  5.924 0.0000000000
128118  -38.430  27.268  7.186 0.0000000000
130066  -37.875  28.609  7.921 0.0000000000
129064  -37.532  27.583  9.168 0.0000000000
117636  -48.525  17.344  19.971 0.0000000000
117637  -48.947  17.672  19.451 0.0000000000
118810  -48.080  18.490  20.168 0.0000000000
120016  -48.584  19.788  20.355 0.0000000000
121105  -49.356  20.434  20.428 0.0000000000
128981  -47.388  27.768  24.935 0.0000000000
128979  -45.947  27.744  24.530 0.0000000000
127976  -44.916  27.023  23.627 0.0000000000
126927  -44.592  25.745  22.445 0.0000000000
126954  -43.018  25.286  20.602 0.0000000000
126938  -42.236  26.421  21.264 0.0000000000
129002  -41.602  27.659  19.337 0.0000000000
117763  -56.699  17.511  8.334 0.0000000000
118773  -44.591  19.077  27.210 0.0000000000
119981  -45.952  19.983  27.298 0.0000000000
118767  -45.844  19.316  28.250 0.0000000000
114114  -52.772  14.674  21.699 0.0000000000
114113  -51.769  14.212  21.770 0.0000000000
114111  -49.672  13.909  21.852 0.0000000000
111873  -46.328  12.077  26.641 0.0000000000
112989  -45.576  12.548  25.325 0.0000000000
115232  -42.295  15.794  23.619 0.0000000000
116455  -41.966  16.517  23.708 0.0000000000
115220  -41.754  15.637  24.109 0.0000000000
116446  -40.936  16.361  24.946 0.0000000000
118855  -51.463  18.565  15.624 0.0000000000
118856  -52.125  18.441  14.984 0.0000000000
120059  -52.570  19.069  14.910 0.0000000000
118864  -54.280  19.044  13.770 0.0000000000
120067  -55.706  19.711  13.142 0.0000000000
120081  -56.652  19.551  12.799 0.0000000000
121165  -55.299  20.534  13.694 0.0000000000
122253  -55.691  21.397  14.030 0.0000000000
123413  -55.925  22.441  14.277 0.0000000000
124509  -49.785  23.526  26.716 0.0000000000
123310  -49.692  23.194  24.656 0.0000000000
124517  -50.936  23.828  25.506 0.0000000000
124518  -51.798  23.945  25.328 0.0000000000
124527  -53.468  24.048  24.182 0.0000000000
126933  -51.244  25.426  22.194 0.0000000000
127995  -53.069  25.829  21.668 0.0000000000
126962  -51.700  25.522  20.133 0.0000000000
126979  -52.857  25.478  19.025 0.0000000000
126994  -53.205  25.379  18.308 0.0000000000
125835  -53.666  24.703  16.658 0.0000000000
125834  -52.598  24.505  16.458 0.0000000000
124604  -52.039  23.743  15.215 0.0000000000
124640  -50.978  23.107  13.396 0.0000000000
124659  -50.783  22.935  12.278 0.0000000000
124639  -50.088  22.694  13.290 0.0000000000
124638  -49.038  22.568  13.386 0.0000000000
124656  -47.316  23.214  12.202 0.0000000000
128054  -41.250  26.843  14.351 0.0000000000
128062  -42.192  26.515  13.303 0.0000000000
128070  -41.355  26.657  12.417 0.0000000000
128087  -40.027  26.778  10.873 0.0000000000
128105  -39.869  26.553  8.672 0.0000000000
128113  -39.617  26.533  7.642 0.0000000000
129074  -39.106  27.488  7.266 0.0000000000
130084  -39.357  28.611  6.158 0.0000000000
132095  -38.853  30.154  6.189 0.0000000000
115309  -51.814  15.018  17.287 0.0000000000
115329  -52.843  15.167  16.497 0.0000000000
116499  -51.138  16.522  16.347 0.0000000000
117668  -50.683  17.360  16.636 0.0000000000
118839  -50.310  18.599  17.522 0.0000000000
118850  -50.887  18.596  16.644 0.0000000000
120047  -51.189  19.700  17.048 0.0000000000
121144  -51.835  20.400  16.758 0.0000000000
121136  -52.236  21.099  17.233 0.0000000000
128954  -52.278  27.073  28.143 0.0000000000
127949  -53.472  25.446  27.096 0.0000000000
128970  -52.676  27.314  26.158 0.0000000000
128983  -51.751  26.921  25.090 0.0000000000
126913  -50.687  25.758  24.199 0.0000000000
127967  -48.701  26.712  25.146 0.0000000000
127981  -49.177  26.027  24.389 0.0000000000
126932  -50.211  25.338  22.443 0.0000000000
126945  -49.413  25.140  21.517 0.0000000000
126975  -49.022  24.671  19.836 0.0000000000
125793  -47.766  24.194  18.533 0.0000000000
124568  -47.673  23.485  17.097 0.0000000000
125792  -46.754  24.013  18.501 0.0000000000
125809  -44.778  23.924  17.455 0.0000000000
125828  -43.258  24.519  16.593 0.0000000000
126972  -43.212  24.828  19.484 0.0000000000
127003  -41.757  25.491  17.704 0.0000000000
128045  -41.443  26.112  15.608 0.0000000000
129034  -40.751  27.598  14.172 0.0000000000
132013  -40.707  29.983  12.730 0.0000000000
132047  -41.808  31.065  10.041 0.0000000000
121092  -44.979  20.367  22.757 0.0000000000
121094  -46.352  20.681  22.181 0.0000000000
121084  -45.716  21.207  23.976 0.0000000000
122169  -46.462  21.643  24.540 0.0000000000
123303  -47.728  22.467  26.012 0.0000000000
121076  -46.790  20.546  27.206 0.0000000000
122162  -47.475  21.381  27.249 0.0000000000
123300  -48.402  22.415  27.087 0.0000000000
123296  -49.461  22.698  27.920 0.0000000000
123279  -50.688  23.102  29.207 0.0000000000
125716  -51.827  24.279  29.763 0.0000000000
123244  -49.358  22.220  32.145 0.0000000000
125677  -50.577  23.577  32.091 0.0000000000
125700  -51.582  24.164  30.842 0.0000000000
127923  -51.576  26.066  29.387 0.0000000000
128953  -51.587  27.350  28.706 0.0000000000
130953  -50.544  29.295  27.686 0.0000000000
131897  -49.128  30.306  25.456 0.0000000000
114153  -56.368  14.504  18.542 0.0000000000
115294  -54.918  14.788  18.342 0.0000000000
113017  -56.309  13.970  21.272 0.0000000000
113022  -56.844  14.133  20.535 0.0000000000
115269  -55.854  15.142  20.085 0.0000000000
115279  -54.989  14.996  19.313 0.0000000000
115292  -52.920  14.695  18.613 0.0000000000
114148  -51.792  14.568  18.788 0.0000000000
115275  -50.730  14.809  18.841 0.0000000000
115274  -49.743  15.053  18.961 0.0000000000
114122  -50.793  14.147  20.774 0.0000000000
115273  -48.840  14.992  19.334 0.0000000000
116473  -48.530  16.112  19.653 0.0000000000
117635  -47.675  17.298  20.385 0.0000000000
114029  -49.918  13.858  28.007 0.0000000000
112977  -47.479  12.782  26.953 0.0000000000
114038  -49.102  13.658  27.527 0.0000000000
115204  -50.514  14.580  27.303 0.0000000000
114040  -50.303  14.522  26.576 0.0000000000
114054  -51.150  14.702  25.690 0.0000000000
114070  -51.437  14.657  24.768 0.0000000000
114085  -49.527  14.061  23.828 0.0000000000
114097  -48.623  13.842  22.840 0.0000000000
114108  -46.907  14.376  22.066 0.0000000000
120008  -44.919  19.320  21.677 0.0000000000
120003  -44.420  19.577  22.607 0.0000000000
121082  -44.130  20.339  23.984 0.0000000000
119984  -43.516  19.416  25.171 0.0000000000
118780  -44.119  19.261  26.496 0.0000000000
109721  -55.122  13.159  11.295 0.0000000000
110914  -55.685  13.520  11.029 0.0000000000
113124  -56.396  14.205  10.322 0.0000000000
115330  -53.687  14.972  16.368 0.0000000000
115349  -54.824  15.068  15.315 0.0000000000
116528  -53.462  16.274  14.047 0.0000000000
115379  -55.340  15.262  13.759 0.0000000000
115380  -56.397  15.290  13.298 0.0000000000
114233  -58.502  14.790  12.254 0.0000000000
114250  -58.053  14.358  10.506 0.0000000000
114259  -57.342  14.728  9.405 0.0000000000
115429  -58.080  15.462  8.068 0.0000000000
117757  -58.311  17.083  7.981 0.0000000000
120136  -58.152  18.786  8.073 0.0000000000
120096  -57.735  19.797  11.813 0.0000000000
121219  -58.291  19.845  9.346 0.0000000000
121229  -57.134  19.692  8.703 0.0000000000
121216  -56.469  20.253  9.189 0.0000000000
122294  -55.578  21.836  9.601 0.0000000000
122310  -55.233  22.667  8.561 0.0000000000
122186  -47.401  20.976  21.825 0.0000000000
122188  -48.826  21.389  21.696 0.0000000000
121102  -49.790  20.894  20.823 0.0000000000
122177  -50.214  22.531  23.425 0.0000000000
122183  -50.432  22.227  22.816 0.0000000000
122192  -50.319  21.153  20.874 0.0000000000
122198  -51.416  21.525  19.607 0.0000000000
122210  -52.057  21.851  18.821 0.0000000000
123360  -53.300  22.420  17.766 0.0000000000
126906  -54.003  24.888  26.355 0.0000000000
125746  -54.298  24.722  25.213 0.0000000000
125756  -54.020  24.413  23.119 0.0000000000
126935  -54.749  25.362  22.038 0.0000000000
125758  -54.721  24.779  22.371 0.0000000000
124537  -54.131  24.053  21.933 0.0000000000
123332  -54.050  23.420  20.092 0.0000000000
123348  -54.146  23.013  18.659 0.0000000000
123376  -54.007  22.503  16.844 0.0000000000
124589  -54.656  23.146  16.156 0.0000000000
124645  -55.740  22.980  13.964 0.0000000000
125851  -54.055  24.301  15.637 0.0000000000
125878  -54.705  23.651  14.173 0.0000000000
124664  -55.277  23.430  12.763 0.0000000000
124700  -55.628  23.106  10.754 0.0000000000
124731  -54.962  23.457  8.960 0.0000000000
124695  -50.295  23.645  10.191 0.0000000000
124598  -46.409  23.134  15.507 0.0000000000
124616  -45.987  23.336  14.277 0.0000000000
125887  -45.556  24.178  12.074 0.0000000000
127046  -43.476  25.560  12.552 0.0000000000
127054  -44.342  25.056  11.747 0.0000000000
127060  -45.381  24.765  10.402 0.0000000000
127079  -45.179  25.031  8.751 0.0000000000
127112  -44.192  25.005  6.885 0.0000000000
124738  -43.267  24.014  7.605 0.0000000000
127105  -39.120  25.866  6.996 0.0000000000
127084  -38.546  25.682  7.806 0.0000000000
133068  -42.896  31.417  8.786 0.0000000000
132075  -43.197  31.434  7.242 0.0000000000
133124  -42.074  31.607  6.431 0.0000000000
133096  -40.272  31.191  7.144 0.0000000000
133081  -39.346  30.729  7.576 0.0000000000
120010  -47.148  19.597  21.044 0.0000000000
115223  -52.734  15.514  24.599 0.0000000000
114071  -52.107  14.846  24.411 0.0000000000
112987  -41.969  13.487  24.919 0.0000000000
114151  -54.667  14.662  17.818 0.0000000000
115311  -53.809  14.650  17.300 0.0000000000
121146  -53.208  21.188  16.072 0.0000000000
122237  -53.616  21.528  15.944 0.0000000000
125717  -52.326  24.386  28.804 0.0000000000
125727  -52.926  24.313  27.930 0.0000000000
124570  -49.379  23.699  17.024 0.0000000000
124586  -49.038  23.334  16.345 0.0000000000
124569  -48.586  23.550  17.095 0.0000000000
131072  -41.035  30.233  10.013 0.0000000000
132060  -40.989  30.216  8.674 0.0000000000
131086  -40.422  29.685  8.202 0.0000000000
132072  -41.103  30.267  7.936 0.0000000000
117640  -49.169  17.182  18.972 0.0000000000
120019  -49.676  19.971  19.383 0.0000000000
121112  -50.332  20.546  19.323 0.0000000000
130971  -49.346  29.206  25.360 0.0000000000
129966  -49.890  28.554  25.431 0.0000000000
129965  -49.118  28.573  25.463 0.0000000000
126928  -45.649  25.752  22.423 0.0000000000
126929  -46.692  25.818  22.487 0.0000000000
126942  -46.118  25.508  21.518 0.0000000000
126956  -45.549  24.906  20.734 0.0000000000
131024  -41.731  29.347  16.616 0.0000000000
130004  -40.871  28.105  17.136 0.0000000000
131970  -41.806  29.998  15.565 0.0000000000
131983  -41.350  30.023  14.929 0.0000000000
131984  -42.071  30.487  14.858 0.0000000000
117761  -55.442  17.235  8.575 0.0000000000
117755  -55.892  17.846  8.866 0.0000000000
118929  -55.876  18.610  8.997 0.0000000000
119986  -45.011  20.124  25.849 0.0000000000
119980  -45.175  19.761  26.842 0.0000000000
121062  -48.333  21.015  29.933 0.0000000000
121063  -49.003  21.277  30.202 0.0000000000
122143  -49.346  21.466  30.258 0.0000000000
121030  -49.615  20.765  31.389 0.0000000000
129914  -48.826  27.704  28.980 0.0000000000
129933  -49.152  28.587  28.797 0.0000000000
109585  -54.968  12.666  19.579 0.0000000000
109586  -55.714  12.858  19.580 0.0000000000
110796  -55.909  13.025  20.197 0.0000000000
114124  -52.757  14.565  20.581 0.0000000000
115257  -48.186  14.651  20.871 0.0000000000
115264  -47.384  15.231  20.779 0.0000000000
115255  -47.030  14.968  21.155 0.0000000000
111858  -46.599  11.875  27.569 0.0000000000
114083  -47.615  13.666  23.880 0.0000000000
117625  -42.918  17.057  22.835 0.0000000000
113095  -58.010  13.730  13.337 0.0000000000
116512  -52.229  16.426  15.136 0.0000000000
118876  -55.731  18.558  12.718 0.0000000000
117700  -56.132  17.589  12.607 0.0000000000
117715  -56.901  17.684  12.659 0.0000000000
117716  -57.575  17.606  12.543 0.0000000000
118892  -58.332  18.298  11.900 0.0000000000
118891  -57.874  18.366  12.326 0.0000000000
123428  -56.843  21.835  12.434 0.0000000000
123427  -56.500  22.489  12.166 0.0000000000
123308  -47.958  22.771  24.909 0.0000000000
123314  -48.490  22.595  24.150 0.0000000000
123309  -48.883  22.869  24.828 0.0000000000
124532  -52.875  23.534  23.435 0.0000000000
123319  -52.145  23.200  23.148 0.0000000000
123326  -52.674  23.073  21.633 0.0000000000
124539  -53.292  23.565  21.806 0.0000000000
127983  -51.859  25.754  23.513 0.0000000000
127984  -52.617  25.921  23.140 0.0000000000
126981  -54.851  25.626  18.782 0.0000000000
128018  -55.099  25.691  19.684 0.0000000000
126982  -55.225  25.391  18.835 0.0000000000
125818  -55.410  24.394  17.168 0.0000000000
127009  -54.853  25.151  17.349 0.0000000000
124661  -52.644  23.637  12.666 0.0000000000
125889  -52.779  23.702  13.346 0.0000000000
124681  -53.264  23.717  11.464 0.0000000000
125919  -52.640  23.797  10.076 0.0000000000
125902  -47.469  24.050  10.748 0.0000000000
125903  -48.088  24.026  10.587 0.0000000000
125915  -47.220  24.400  10.161 0.0000000000
125914  -46.278  24.716  10.027 0.0000000000
125845  -43.493  24.555  15.565 0.0000000000
125846  -44.439  24.253  15.008 0.0000000000
127029  -43.583  24.886  14.522 0.0000000000
128097  -40.680  26.160  9.256 0.0000000000
128098  -41.687  25.838  8.587 0.0000000000
127075  -42.322  25.615  8.163 0.0000000000
128107  -41.347  25.660  7.797 0.0000000000
127096  -41.452  25.397  6.963 0.0000000000
127085  -41.213  25.566  7.355 0.0000000000
131096  -37.961  29.309  6.444 0.0000000000
130071  -37.811  28.539  6.831 0.0000000000
120012  -48.521  20.323  20.841 0.0000000000
129978  -46.084  28.756  24.198 0.0000000000
129977  -45.069  28.869  23.502 0.0000000000
128992  -43.313  27.909  22.986 0.0000000000
128988  -44.356  27.792  23.392 0.0000000000
127990  -44.252  26.678  23.012 0.0000000000
126926  -43.670  26.156  22.273 0.0000000000
126939  -42.848  26.124  21.580 0.0000000000
128001  -42.799  26.648  22.193 0.0000000000
129003  -41.786  28.225  19.506 0.0000000000
130006  -42.088  28.652  17.886 0.0000000000
115426  -55.188  15.525  7.969 0.0000000000
116611  -55.976  16.511  8.074 0.0000000000
118765  -44.933  18.191  27.784 0.0000000000
118766  -45.421  18.694  27.926 0.0000000000
117600  -45.597  18.414  27.812 0.0000000000
115246  -53.352  15.134  22.710 0.0000000000
114099  -50.593  14.075  22.845 0.0000000000
114062  -43.189  14.313  23.942 0.0000000000
114078  -43.085  14.636  23.712 0.0000000000
115233  -42.965  15.280  23.309 0.0000000000
115219  -41.085  15.690  24.529 0.0000000000
120052  -51.542  19.593  16.215 0.0000000000
120053  -52.240  19.637  15.356 0.0000000000
120060  -53.179  19.668  14.803 0.0000000000
120061  -54.070  19.782  14.215 0.0000000000
120066  -54.797  19.823  13.668 0.0000000000
121161  -55.380  21.157  14.026 0.0000000000
122248  -55.724  22.090  14.480 0.0000000000
124516  -49.946  23.717  25.632 0.0000000000
124510  -50.733  23.806  26.452 0.0000000000
124512  -52.356  24.260  25.955 0.0000000000
124519  -52.618  24.019  25.204 0.0000000000
124526  -52.829  23.724  24.412 0.0000000000
124520  -53.348  24.190  25.041 0.0000000000
126946  -50.473  25.219  21.348 0.0000000000
126947  -51.476  25.408  21.144 0.0000000000
126992  -51.359  24.965  18.623 0.0000000000
126978  -51.952  25.455  19.192 0.0000000000
126993  -52.236  25.217  18.267 0.0000000000
127006  -52.806  25.088  17.729 0.0000000000
125817  -52.944  24.824  17.176 0.0000000000
125816  -52.110  24.743  17.311 0.0000000000
124588  -50.931  23.694  16.128 0.0000000000
125848  -51.818  23.898  15.861 0.0000000000
124603  -51.572  23.682  15.493 0.0000000000
124621  -51.219  23.337  14.482 0.0000000000
124620  -50.211  22.814  14.359 0.0000000000
124637  -47.721  22.784  13.257 0.0000000000
129041  -40.697  27.376  13.271 0.0000000000
128061  -41.115  26.969  13.312 0.0000000000
129047  -40.430  27.402  12.425 0.0000000000
130062  -39.527  28.112  9.959 0.0000000000
129053  -39.977  27.293  11.255 0.0000000000
129060  -39.660  27.308  10.383 0.0000000000
128096  -39.926  26.593  9.851 0.0000000000
129065  -39.507  27.311  9.332 0.0000000000
129069  -39.330  27.355  8.242 0.0000000000
130072  -39.307  28.320  7.864 0.0000000000
131099  -40.337  29.980  6.756 0.0000000000
131098  -39.747  29.258  6.757 0.0000000000
131106  -39.598  29.546  6.227 0.0000000000
131105  -38.806  29.427  5.714 0.0000000000
133120  -39.762  30.404  6.421 0.0000000000
115308  -51.037  15.244  17.498 0.0000000000
116488  -50.253  16.513  17.436 0.0000000000
116489  -50.783  16.127  16.934 0.0000000000
118815  -49.236  18.176  19.050 0.0000000000
118824  -49.371  17.807  18.687 0.0000000000
120042  -50.127  19.205  18.066 0.0000000000
118840  -50.781  19.184  17.283 0.0000000000
121124  -51.221  20.815  18.437 0.0000000000
121135  -51.512  20.516  17.539 0.0000000000
121125  -51.933  21.268  17.920 0.0000000000
129937  -52.088  27.738  27.506 0.0000000000
128966  -52.644  27.111  27.086 0.0000000000
129953  -52.162  27.875  26.745 0.0000000000
128974  -50.445  27.690  25.494 0.0000000000
128975  -51.311  27.506  25.408 0.0000000000
127957  -50.928  26.828  25.252 0.0000000000
127958  -51.441  26.829  25.129 0.0000000000
127969  -50.453  26.213  24.800 0.0000000000
127965  -46.976  26.908  24.823 0.0000000000
128982  -48.169  27.708  25.168 0.0000000000
127966  -47.810  26.862  24.848 0.0000000000
126930  -47.897  25.858  22.746 0.0000000000
126918  -48.741  25.807  23.519 0.0000000000
126919  -49.902  25.713  23.649 0.0000000000
126959  -48.710  24.910  20.665 0.0000000000
126974  -48.222  24.657  19.956 0.0000000000
125779  -48.373  24.444  19.233 0.0000000000
125791  -45.609  23.922  18.473 0.0000000000
125790  -44.335  24.168  18.579 0.0000000000
125808  -43.668  24.341  17.561 0.0000000000
126971  -42.271  25.469  19.650 0.0000000000
128029  -40.856  26.858  17.088 0.0000000000
128039  -41.212  26.128  16.867 0.0000000000
127017  -41.857  25.324  16.580 0.0000000000
128044  -40.713  27.003  15.281 0.0000000000
128053  -40.741  27.270  14.687 0.0000000000
129028  -40.640  27.780  15.022 0.0000000000
131999  -41.186  30.186  13.878 0.0000000000
131998  -40.656  29.656  13.346 0.0000000000
132031  -40.834  30.330  11.692 0.0000000000
132032  -41.747  30.893  11.471 0.0000000000
120117  -55.162  19.421  9.253 0.0000000000
121088  -45.246  20.779  23.330 0.0000000000
122170  -47.156  22.134  25.186 0.0000000000
122166  -47.157  21.806  26.265 0.0000000000
119976  -46.216  19.713  27.926 0.0000000000
119982  -46.707  19.986  27.714 0.0000000000
122159  -48.164  21.277  28.535 0.0000000000
122158  -47.829  21.030  27.978 0.0000000000
122163  -48.134  21.583  27.812 0.0000000000
123299  -47.616  22.071  26.700 0.0000000000
123286  -49.302  22.458  28.935 0.0000000000
123263  -50.813  22.768  29.912 0.0000000000
124477  -51.484  23.586  29.129 0.0000000000
124461  -51.392  23.323  30.327 0.0000000000
126852  -48.663  25.176  30.051 0.0000000000
123260  -48.702  22.702  31.360 0.0000000000
124446  -49.248  23.145  31.845 0.0000000000
123231  -50.010  22.120  32.332 0.0000000000
125676  -50.062  23.580  32.183 0.0000000000
126854  -50.971  24.987  31.049 0.0000000000
126871  -51.507  25.157  30.143 0.0000000000
128936  -51.855  26.788  28.914 0.0000000000
128935  -51.162  27.085  29.338 0.0000000000
130952  -50.033  29.893  28.020 0.0000000000
131888  -50.158  30.025  27.050 0.0000000000
131898  -50.128  29.904  26.103 0.0000000000
109603  -56.207  12.840  18.630 0.0000000000
114137  -57.098  14.675  19.217 0.0000000000
113038  -57.263  14.002  18.883 0.0000000000
114136  -56.749  14.665  18.984 0.0000000000
115296  -55.759  14.708  18.674 0.0000000000
115280  -55.776  14.850  19.224 0.0000000000
115250  -56.287  15.119  21.355 0.0000000000
113018  -56.816  14.417  20.864 0.0000000000
114116  -56.657  14.760  21.014 0.0000000000
114126  -57.039  15.117  20.499 0.0000000000
115262  -56.480  15.186  20.660 0.0000000000
114135  -53.682  14.781  20.002 0.0000000000
115278  -54.095  14.792  19.546 0.0000000000
114149  -52.259  14.566  18.934 0.0000000000
116472  -47.960  16.188  20.157 0.0000000000
115207  -52.296  15.808  26.380 0.0000000000
114028  -49.381  13.551  28.430 0.0000000000
114021  -49.905  13.729  28.646 0.0000000000
111874  -46.901  12.322  27.078 0.0000000000
112976  -46.880  12.537  26.460 0.0000000000
114039  -49.750  14.169  27.063 0.0000000000
114053  -50.249  14.528  25.678 0.0000000000
114069  -50.372  14.465  24.756 0.0000000000
114096  -47.694  13.884  22.895 0.0000000000
117627  -44.133  17.750  22.006 0.0000000000
117630  -44.579  17.398  21.442 0.0000000000
118801  -44.476  18.436  21.678 0.0000000000
120007  -44.385  19.003  22.057 0.0000000000
119998  -42.798  19.141  23.764 0.0000000000
119999  -43.684  19.629  23.584 0.0000000000
117619  -41.734  17.253  23.934 0.0000000000
117614  -41.924  17.978  23.980 0.0000000000
118778  -42.490  18.746  25.792 0.0000000000
118779  -43.452  19.001  25.989 0.0000000000
118772  -43.801  18.812  26.980 0.0000000000
110898  -54.592  12.765  11.628 0.0000000000
109709  -55.364  12.951  11.871 0.0000000000
110901  -56.951  13.291  11.503 0.0000000000
110900  -56.467  13.360  11.488 0.0000000000
112013  -56.667  13.737  11.022 0.0000000000
112012  -55.903  13.856  10.651 0.0000000000
113125  -57.156  14.040  10.652 0.0000000000
116514  -53.449  15.716  14.773 0.0000000000
116503  -54.061  15.302  15.324 0.0000000000
118862  -52.767  18.421  14.590 0.0000000000
117685  -52.980  17.214  14.224 0.0000000000
117686  -53.639  17.430  13.713 0.0000000000
116543  -55.855  16.371  12.909 0.0000000000
116542  -54.750  16.357  13.398 0.0000000000
115381  -57.458  15.445  13.231 0.0000000000
115382  -58.000  15.034  13.236 0.0000000000
115387  -57.819  15.990  12.900 0.0000000000
116572  -58.462  16.437  11.209 0.0000000000
115396  -58.531  15.544  11.762 0.0000000000
115402  -58.404  15.421  10.841 0.0000000000
114260  -57.890  14.782  9.774 0.0000000000
115408  -58.272  15.396  9.928 0.0000000000
115415  -58.200  15.283  9.005 0.0000000000
116589  -58.462  16.272  9.304 0.0000000000
118915  -58.454  18.234  10.176 0.0000000000
117748  -58.503  17.196  8.730 0.0000000000
118932  -58.339  18.084  8.180 0.0000000000
120119  -58.455  19.089  9.687 0.0000000000
121178  -57.070  20.130  12.751 0.0000000000
120082  -57.573  19.356  12.324 0.0000000000
121205  -58.025  20.508  9.901 0.0000000000
121190  -57.858  20.263  11.113 0.0000000000
121231  -58.128  19.860  8.800 0.0000000000
121218  -57.912  20.306  9.072 0.0000000000
121217  -57.290  20.410  8.915 0.0000000000
123436  -55.861  22.179  9.955 0.0000000000
122279  -55.806  22.061  9.759 0.0000000000
123447  -55.661  22.467  9.514 0.0000000000
122179  -46.477  21.172  22.726 0.0000000000
121095  -47.046  20.763  21.860 0.0000000000
122180  -47.175  21.306  22.477 0.0000000000
122189  -50.038  21.473  21.592 0.0000000000
123311  -50.340  23.287  24.253 0.0000000000
123316  -50.015  22.732  23.918 0.0000000000
123317  -50.710  23.054  23.560 0.0000000000
122190  -51.116  22.047  22.101 0.0000000000
122184  -51.088  22.356  22.676 0.0000000000
122193  -51.241  21.681  20.792 0.0000000000
122199  -51.990  22.207  19.991 0.0000000000
123347  -53.245  22.549  18.509 0.0000000000
127951  -53.261  26.476  26.402 0.0000000000
127952  -53.807  25.565  26.497 0.0000000000
126909  -54.552  25.065  25.103 0.0000000000
125749  -54.409  24.740  24.534 0.0000000000
125752  -53.962  24.473  23.959 0.0000000000
125753  -54.471  24.722  23.655 0.0000000000
127996  -53.689  26.058  22.316 0.0000000000
128004  -54.459  25.884  21.642 0.0000000000
125765  -55.228  24.541  20.974 0.0000000000
126936  -55.158  25.054  21.504 0.0000000000
125764  -54.843  24.335  21.399 0.0000000000
125761  -54.527  24.407  22.021 0.0000000000
124541  -54.416  24.014  21.242 0.0000000000
124544  -54.057  23.656  20.692 0.0000000000
124545  -54.623  23.692  20.344 0.0000000000
124557  -55.111  23.655  18.718 0.0000000000
123349  -54.698  23.366  18.879 0.0000000000
123361  -53.860  22.655  17.557 0.0000000000
123377  -54.459  22.910  16.672 0.0000000000
125838  -55.309  24.175  16.236 0.0000000000
124605  -54.665  23.142  15.727 0.0000000000
124606  -54.797  23.317  15.247 0.0000000000
124624  -54.909  23.326  14.536 0.0000000000
125836  -54.500  24.565  16.302 0.0000000000
125891  -53.753  23.712  13.213 0.0000000000
125877  -54.196  23.803  13.863 0.0000000000
124643  -54.782  23.565  13.472 0.0000000000
124683  -55.122  23.512  11.636 0.0000000000
125921  -54.002  23.900  9.977 0.0000000000
124698  -54.416  23.680  10.189 0.0000000000
124715  -54.403  23.701  9.438 0.0000000000
124749  -54.909  23.295  8.378 0.0000000000
125971  -53.641  23.880  8.374 0.0000000000
124678  -50.489  23.242  11.229 0.0000000000
124727  -48.643  23.860  9.107 0.0000000000
125931  -49.900  23.754  8.997 0.0000000000
124567  -46.811  23.494  17.046 0.0000000000
124584  -47.144  23.159  16.365 0.0000000000
124583  -46.418  23.352  16.604 0.0000000000
125860  -45.180  23.855  14.114 0.0000000000
124635  -45.721  23.628  13.262 0.0000000000
125874  -45.252  24.105  13.139 0.0000000000
128063  -42.746  26.118  12.529 0.0000000000
127045  -42.821  25.939  13.054 0.0000000000
127053  -43.780  25.463  11.231 0.0000000000
127059  -44.735  24.945  10.632 0.0000000000
125899  -44.832  24.730  11.316 0.0000000000
127069  -45.497  24.876  9.737 0.0000000000
127068  -44.643  25.148  9.505 0.0000000000
127098  -43.076  25.245  7.205 0.0000000000
127111  -43.455  25.041  6.898 0.0000000000
125981  -43.877  24.634  6.989 0.0000000000
125980  -42.971  24.607  7.129 0.0000000000
125960  -42.197  24.506  7.385 0.0000000000
125958  -40.367  24.693  7.078 0.0000000000
125959  -41.285  24.530  7.407 0.0000000000
125942  -40.403  24.383  7.969 0.0000000000
125941  -39.588  24.645  7.629 0.0000000000
128120  -39.195  26.583  7.022 0.0000000000
128121  -39.760  25.916  7.142 0.0000000000
128111  -38.288  27.168  7.849 0.0000000000
128112  -38.562  26.502  7.486 0.0000000000
128104  -38.348  26.382  8.199 0.0000000000
127074  -38.402  25.668  8.891 0.0000000000
134128  -43.857  32.293  6.095 0.0000000000
132099  -43.083  31.816  6.757 0.0000000000
134127  -42.607  32.546  6.743 0.0000000000
133097  -41.083  31.943  7.406 0.0000000000
118804  -47.061  19.000  20.794 0.0000000000
120014  -47.290  19.085  20.716 0.0000000000
121099  -47.522  20.527  21.395 0.0000000000
129976  -44.359  28.580  23.278 0.0000000000
128996  -41.828  27.819  21.101 0.0000000000
129991  -41.896  28.819  19.514 0.0000000000
131016  -43.318  29.528  18.070 0.0000000000
115427  -56.204  15.552  8.062 0.0000000000
116392  -44.862  18.454  28.396 0.0000000000
117591  -45.407  18.868  28.329 0.0000000000
115236  -53.051  15.394  23.622 0.0000000000
114086  -50.478  14.351  23.793 0.0000000000
114060  -41.961  14.730  24.357 0.0000000000
114049  -41.447  14.488  24.574 0.0000000000
115313  -55.411  14.637  17.248 0.0000000000
115331  -54.500  14.911  16.196 0.0000000000
121153  -52.760  20.556  15.785 0.0000000000
121160  -54.703  20.856  14.325 0.0000000000
121155  -54.196  21.218  14.945 0.0000000000
122239  -54.653  22.327  15.251 0.0000000000
124488  -51.319  23.793  28.081 0.0000000000
124501  -51.459  23.949  27.103 0.0000000000
124489  -52.155  24.144  27.559 0.0000000000
125738  -52.808  24.391  27.074 0.0000000000
125739  -53.300  24.731  26.480 0.0000000000
126976  -49.998  24.790  19.505 0.0000000000
126991  -50.601  24.714  18.841 0.0000000000
125796  -50.775  24.515  18.106 0.0000000000
125815  -51.158  24.388  17.306 0.0000000000
124601  -49.420  23.119  15.520 0.0000000000
124600  -48.543  22.825  15.404 0.0000000000
124599  -47.521  22.763  15.412 0.0000000000
131057  -40.066  29.022  12.085 0.0000000000
130050  -40.310  27.899  12.136 0.0000000000
131063  -39.977  28.814  11.408 0.0000000000
131078  -39.844  28.938  9.650 0.0000000000
131085  -39.774  29.060  8.569 0.0000000000
131092  -40.407  29.780  7.351 0.0000000000
132096  -41.052  30.476  6.686 0.0000000000
115289  -50.079  15.441  18.436 0.0000000000
116478  -49.937  16.157  17.918 0.0000000000
117657  -49.875  17.047  17.675 0.0000000000
118812  -49.256  19.460  19.430 0.0000000000
118816  -49.421  19.120  19.053 0.0000000000
121123  -50.595  20.519  18.774 0.0000000000
130974  -51.378  29.065  26.262 0.0000000000
129967  -50.728  28.532  25.521 0.0000000000
127955  -49.356  26.997  25.608 0.0000000000
127979  -47.393  26.263  24.288 0.0000000000
127993  -47.066  25.981  23.474 0.0000000000
126944  -48.319  25.314  21.584 0.0000000000
125770  -46.808  24.642  20.050 0.0000000000
125777  -46.346  24.294  19.335 0.0000000000
125769  -45.983  24.540  20.088 0.0000000000
125775  -44.642  24.431  19.602 0.0000000000
129007  -41.363  27.457  18.338 0.0000000000
126987  -41.641  25.798  18.780 0.0000000000
129014  -40.962  27.451  17.535 0.0000000000
129013  -40.681  27.523  16.744 0.0000000000
130025  -40.612  28.653  15.571 0.0000000000
131033  -40.789  29.268  15.429 0.0000000000
131053  -40.915  29.685  14.570 0.0000000000
132015  -42.647  31.216  12.534 0.0000000000
118924  -55.338  18.639  9.130 0.0000000000
120118  -55.788  19.488  9.090 0.0000000000
121078  -45.044  20.469  25.162 0.0000000000
121075  -46.219  20.701  26.421 0.0000000000
121069  -47.322  20.078  28.556 0.0000000000
121072  -47.403  20.411  27.991 0.0000000000
121070  -47.718  20.620  28.919 0.0000000000
122152  -48.399  21.266  29.336 0.0000000000
123285  -48.702  21.790  29.107 0.0000000000
123277  -49.314  21.901  29.790 0.0000000000
123262  -50.056  22.057  30.445 0.0000000000
126853  -49.389  24.970  30.715 0.0000000000
126838  -49.743  24.906  31.466 0.0000000000
127891  -49.820  25.374  31.000 0.0000000000
127921  -49.857  26.234  29.872 0.0000000000
128934  -50.267  26.994  29.444 0.0000000000
129916  -50.481  27.760  28.935 0.0000000000
129915  -49.695  27.775  28.988 0.0000000000
130939  -49.676  29.486  28.458 0.0000000000
109602  -55.758  12.697  18.606 0.0000000000
109587  -56.192  12.933  19.124 0.0000000000
111927  -56.718  13.605  19.195 0.0000000000
115267  -54.283  15.040  20.575 0.0000000000
114134  -52.944  14.608  19.677 0.0000000000
114120  -48.859  14.259  20.907 0.0000000000
116471  -47.145  16.040  20.503 0.0000000000
112991  -47.226  13.008  25.929 0.0000000000
114050  -47.699  13.470  25.920 0.0000000000
116465  -44.358  16.630  21.844 0.0000000000
117629  -44.063  17.104  21.970 0.0000000000
118797  -43.502  17.983  22.783 0.0000000000
118791  -43.211  18.513  23.167 0.0000000000
118790  -42.411  18.512  23.751 0.0000000000
109698  -56.073  13.035  12.262 0.0000000000
111992  -57.672  13.202  11.957 0.0000000000
113104  -58.252  13.857  12.293 0.0000000000
116501  -52.779  15.564  15.606 0.0000000000
116527  -53.073  16.256  14.370 0.0000000000
118874  -54.060  18.289  13.523 0.0000000000
117699  -55.243  17.500  12.930 0.0000000000
116545  -57.470  16.217  12.863 0.0000000000
116560  -57.871  16.631  12.603 0.0000000000
117729  -58.465  17.348  10.694 0.0000000000
118903  -58.451  18.291  11.125 0.0000000000
122255  -56.655  21.162  13.211 0.0000000000
121179  -57.382  20.395  12.235 0.0000000000
122261  -56.987  21.260  12.738 0.0000000000
122281  -57.287  21.378  10.405 0.0000000000
124530  -51.510  23.473  23.909 0.0000000000
123318  -51.535  23.132  23.319 0.0000000000
123322  -51.624  22.707  22.657 0.0000000000
123329  -52.092  22.492  21.077 0.0000000000
123331  -53.508  23.172  20.458 0.0000000000
127960  -53.960  26.142  25.654 0.0000000000
127972  -53.678  26.080  24.678 0.0000000000
127986  -54.241  25.602  23.878 0.0000000000
128009  -53.920  25.931  19.820 0.0000000000
128010  -54.747  25.912  20.398 0.0000000000
128011  -55.174  25.697  20.089 0.0000000000
126950  -55.385  25.141  20.698 0.0000000000
124546  -55.239  24.027  20.245 0.0000000000
124549  -55.376  24.105  19.374 0.0000000000
124558  -55.395  24.120  18.497 0.0000000000
124571  -55.182  23.672  18.085 0.0000000000
123378  -54.980  23.433  17.280 0.0000000000
124572  -55.332  23.895  17.608 0.0000000000
125837  -55.013  24.420  16.119 0.0000000000
125862  -52.742  24.008  14.671 0.0000000000
125863  -53.678  24.119  14.745 0.0000000000
125875  -52.855  23.762  13.843 0.0000000000
124682  -54.188  23.650  11.228 0.0000000000
125905  -53.686  23.750  10.592 0.0000000000
125920  -53.463  23.872  9.962 0.0000000000
125951  -53.161  24.071  8.645 0.0000000000
125918  -51.795  23.879  9.814 0.0000000000
124694  -49.231  23.373  10.179 0.0000000000
124693  -48.510  23.810  10.159 0.0000000000
124710  -48.432  24.034  9.612 0.0000000000
125830  -45.039  23.755  16.293 0.0000000000
125831  -45.792  23.357  16.227 0.0000000000
128081  -42.380  26.227  10.836 0.0000000000
128072  -42.973  25.969  11.642 0.0000000000
128091  -43.371  25.521  9.700 0.0000000000
127067  -43.928  25.401  9.223 0.0000000000
127076  -42.937  25.482  8.447 0.0000000000
127087  -42.670  25.439  7.653 0.0000000000
125979  -41.962  24.860  6.999 0.0000000000
127109  -41.678  25.167  6.821 0.0000000000
127108  -40.919  25.243  6.652 0.0000000000
125977  -40.315  25.049  6.652 0.0000000000
129084  -38.212  27.930  5.747 0.0000000000
128119  -38.760  26.819  6.998 0.0000000000
129078  -38.060  27.671  6.459 0.0000000000
129073  -37.892  27.794  7.341 0.0000000000
129068  -37.781  27.779  8.294 0.0000000000
130061  -37.349  28.537  9.115 0.0000000000
129973  -47.864  28.751  24.853 0.0000000000
129972  -46.918  28.708  24.574 0.0000000000
128980  -46.637  27.730  24.783 0.0000000000
127964  -46.293  27.050  24.621 0.0000000000
128989  -45.376  27.826  23.845 0.0000000000
127977  -45.730  26.857  23.979 0.0000000000
127991  -45.211  26.293  23.180 0.0000000000
126940  -43.916  25.499  21.482 0.0000000000
126953  -42.026  26.054  20.651 0.0000000000
127999  -41.781  27.070  21.096 0.0000000000
128006  -41.629  26.789  20.605 0.0000000000
128015  -41.443  26.845  19.882 0.0000000000
130017  -41.788  28.732  17.418 0.0000000000
131035  -42.160  29.721  16.314 0.0000000000
117756  -56.337  17.885  8.781 0.0000000000
118774  -45.301  19.159  27.544 0.0000000000
118775  -45.743  19.340  27.816 0.0000000000
118759  -45.828  19.472  28.820 0.0000000000
118768  -46.443  19.656  28.792 0.0000000000
119972  -47.168  19.836  29.039 0.0000000000
115258  -53.609  14.917  22.011 0.0000000000
114112  -50.720  13.988  21.833 0.0000000000
114109  -47.728  14.181  21.913 0.0000000000
111857  -46.059  11.585  27.176 0.0000000000
111872  -45.566  11.572  26.489 0.0000000000
111886  -45.858  12.057  25.914 0.0000000000
113001  -45.946  13.058  24.933 0.0000000000
116456  -42.565  16.399  23.179 0.0000000000
116447  -41.373  16.576  24.376 0.0000000000
116440  -41.070  17.013  24.980 0.0000000000
117676  -52.392  17.343  14.752 0.0000000000
120080  -56.162  19.137  12.721 0.0000000000
118890  -57.225  18.523  12.590 0.0000000000
120068  -56.211  20.214  13.127 0.0000000000
121166  -55.868  20.804  13.540 0.0000000000
122254  -56.134  21.588  13.833 0.0000000000
123305  -49.250  23.278  25.373 0.0000000000
124523  -50.381  23.595  24.883 0.0000000000
124511  -51.598  24.059  26.201 0.0000000000
124525  -52.037  23.689  24.545 0.0000000000
126934  -52.200  25.451  22.001 0.0000000000
126948  -52.424  25.642  20.895 0.0000000000
128002  -53.272  25.790  20.550 0.0000000000
126963  -52.710  25.624  19.889 0.0000000000
128008  -53.345  25.734  19.947 0.0000000000
126980  -53.638  25.614  18.990 0.0000000000
128016  -54.269  25.700  18.964 0.0000000000
126995  -54.061  25.532  18.309 0.0000000000
127008  -54.311  25.306  17.606 0.0000000000
127007  -53.580  25.168  17.576 0.0000000000
125833  -51.646  24.104  16.384 0.0000000000
125849  -52.213  24.037  15.601 0.0000000000
125861  -52.274  23.835  15.038 0.0000000000
124622  -52.118  23.562  14.586 0.0000000000
124641  -51.886  23.323  13.556 0.0000000000
124660  -51.708  23.279  12.413 0.0000000000
124658  -49.729  22.839  12.207 0.0000000000
123400  -49.715  22.522  14.070 0.0000000000
124657  -48.526  22.815  12.128 0.0000000000
124675  -46.944  23.701  11.453 0.0000000000
128055  -42.208  26.113  14.649 0.0000000000
127037  -42.934  25.571  13.814 0.0000000000
129054  -40.231  27.460  11.837 0.0000000000
128079  -40.467  26.802  11.684 0.0000000000
128080  -41.438  26.424  11.276 0.0000000000
128088  -40.658  26.424  10.512 0.0000000000
129080  -38.968  27.885  6.400 0.0000000000
130077  -39.311  28.450  6.903 0.0000000000
129086  -39.044  28.241  5.880 0.0000000000
130082  -38.414  28.586  5.622 0.0000000000
131097  -38.294  29.633  5.996 0.0000000000
132094  -38.243  29.936  6.454 0.0000000000
115310  -52.937  14.918  17.451 0.0000000000
115328  -52.143  15.252  16.645 0.0000000000
116490  -51.510  15.763  16.575 0.0000000000
117669  -51.087  17.398  15.922 0.0000000000
117645  -49.866  17.802  17.790 0.0000000000
118849  -50.499  18.024  17.008 0.0000000000
122227  -52.774  21.493  17.023 0.0000000000
127937  -52.435  26.074  28.651 0.0000000000
127948  -53.182  26.048  27.515 0.0000000000
129963  -52.129  27.971  26.004 0.0000000000
128976  -52.155  27.318  25.449 0.0000000000
128984  -52.081  26.700  24.923 0.0000000000
127970  -51.623  26.148  24.520 0.0000000000
127968  -49.614  26.404  25.040 0.0000000000
127980  -48.251  26.163  24.230 0.0000000000
127982  -49.878  25.966  24.470 0.0000000000
126912  -50.238  25.858  24.301 0.0000000000
126920  -51.100  25.534  23.383 0.0000000000
126960  -49.721  24.960  20.527 0.0000000000
125780  -49.164  24.465  19.119 0.0000000000
125794  -48.710  24.227  18.494 0.0000000000
125812  -48.156  23.947  17.782 0.0000000000
125811  -47.206  23.781  17.746 0.0000000000
125810  -46.068  23.545  17.321 0.0000000000
125844  -42.959  24.643  15.843 0.0000000000
126955  -44.352  24.810  20.320 0.0000000000
126973  -43.970  24.449  19.208 0.0000000000
126988  -42.504  25.115  18.573 0.0000000000
126989  -43.496  24.522  18.395 0.0000000000
127004  -42.815  24.733  17.406 0.0000000000
127018  -42.524  24.809  16.198 0.0000000000
128046  -42.100  25.693  15.286 0.0000000000
130038  -40.554  28.326  13.583 0.0000000000
130032  -40.590  28.476  14.532 0.0000000000
131058  -40.299  29.087  12.832 0.0000000000
131064  -40.305  29.522  11.900 0.0000000000
132046  -41.100  30.489  10.764 0.0000000000
120004  -45.282  20.053  22.140 0.0000000000
120005  -45.852  20.252  22.116 0.0000000000
121093  -45.634  20.539  22.586 0.0000000000
121089  -45.972  21.025  23.007 0.0000000000
122161  -46.803  21.166  26.596 0.0000000000
124508  -49.057  23.098  26.572 0.0000000000
123301  -49.330  22.982  27.155 0.0000000000
123297  -50.164  23.188  27.946 0.0000000000
123287  -50.140  23.057  28.664 0.0000000000
124487  -50.641  23.402  28.176 0.0000000000
122094  -50.268  21.308  32.268 0.0000000000
123232  -50.669  22.129  32.197 0.0000000000
124447  -51.133  23.171  31.278 0.0000000000
125685  -50.349  24.246  32.043 0.0000000000
125686  -51.023  24.043  31.713 0.0000000000
126872  -52.113  25.176  29.160 0.0000000000
129936  -51.440  27.868  28.087 0.0000000000
129935  -50.633  28.372  28.334 0.0000000000
129951  -50.923  28.437  27.711 0.0000000000
130967  -51.170  28.941  26.926 0.0000000000
130966  -50.874  29.629  26.609 0.0000000000
130972  -49.964  29.433  25.467 0.0000000000
130980  -49.205  29.773  25.189 0.0000000000
111940  -56.737  13.675  18.210 0.0000000000
114172  -56.568  14.319  18.175 0.0000000000
114152  -55.933  14.506  18.258 0.0000000000
114150  -54.486  14.608  17.977 0.0000000000
114127  -57.254  14.827  19.986 0.0000000000
115270  -56.641  15.135  19.857 0.0000000000
115293  -54.057  14.580  18.310 0.0000000000
115291  -51.688  14.718  18.207 0.0000000000
115276  -51.341  14.701  18.654 0.0000000000
116475  -49.050  16.092  19.140 0.0000000000
114131  -49.786  14.264  19.823 0.0000000000
115187  -50.357  14.119  28.605 0.0000000000
115188  -50.860  14.734  28.437 0.0000000000
115195  -50.415  14.434  27.871 0.0000000000
112978  -48.257  13.269  27.203 0.0000000000
115196  -50.922  15.058  27.837 0.0000000000
115205  -50.991  14.861  27.097 0.0000000000
114041  -50.910  14.686  26.377 0.0000000000
114094  -45.808  14.331  22.815 0.0000000000
114107  -46.231  14.486  22.238 0.0000000000
118802  -45.448  18.388  21.063 0.0000000000
121087  -44.497  20.343  23.408 0.0000000000
119985  -44.200  19.647  25.668 0.0000000000
117620  -42.408  17.511  23.338 0.0000000000
118764  -44.260  18.439  27.697 0.0000000000
118757  -44.667  17.992  27.909 0.0000000000
118763  -43.493  18.468  27.460 0.0000000000
117597  -43.691  18.327  27.890 0.0000000000
117588  -44.370  18.130  27.935 0.0000000000
110912  -54.619  13.083  11.039 0.0000000000
109710  -55.707  13.254  11.563 0.0000000000
109722  -55.351  13.331  11.138 0.0000000000
110913  -55.006  13.327  10.766 0.0000000000
112011  -55.149  13.616  10.092 0.0000000000
113123  -55.706  14.010  10.061 0.0000000000
113138  -55.928  14.215  9.811 0.0000000000
116541  -54.014  16.664  13.631 0.0000000000
114219  -56.899  14.702  13.855 0.0000000000
114226  -58.227  14.560  12.968 0.0000000000
113114  -58.049  13.675  11.307 0.0000000000
115388  -58.235  15.590  12.703 0.0000000000
114241  -58.397  14.564  11.467 0.0000000000
113126  -57.564  13.782  10.931 0.0000000000
113113  -57.139  14.170  10.474 0.0000000000
114248  -56.886  14.472  10.040 0.0000000000
114258  -56.389  14.486  9.420 0.0000000000
114273  -56.980  14.918  8.832 0.0000000000
115428  -57.179  15.419  8.055 0.0000000000
116613  -57.869  16.344  7.767 0.0000000000
116600  -58.430  16.233  8.352 0.0000000000
117764  -57.668  17.518  7.833 0.0000000000
118939  -57.862  18.453  7.816 0.0000000000
118938  -57.267  18.404  8.369 0.0000000000
120097  -58.180  19.222  11.545 0.0000000000
120109  -58.456  19.077  10.640 0.0000000000
121191  -58.281  19.625  10.915 0.0000000000
120129  -58.203  19.175  8.665 0.0000000000
120128  -57.827  19.479  8.357 0.0000000000
120134  -57.177  19.108  8.550 0.0000000000
121228  -56.739  19.662  8.895 0.0000000000
122295  -56.865  21.203  9.351 0.0000000000
122187  -47.912  21.179  21.784 0.0000000000
121100  -48.323  20.728  21.202 0.0000000000
121101  -49.063  20.762  20.949 0.0000000000
123315  -49.306  22.502  24.117 0.0000000000
122176  -49.712  22.282  23.394 0.0000000000
121107  -50.826  21.074  19.833 0.0000000000
122218  -52.739  21.950  17.632 0.0000000000
122219  -53.353  22.288  17.403 0.0000000000
126899  -53.429  25.286  27.524 0.0000000000
126900  -53.622  24.999  26.987 0.0000000000
125745  -53.844  24.560  25.679 0.0000000000
127961  -54.308  25.413  25.708 0.0000000000
126907  -54.385  24.899  25.768 0.0000000000
125748  -53.943  24.451  24.800 0.0000000000
124533  -53.535  24.024  23.284 0.0000000000
127997  -54.245  25.669  22.752 0.0000000000
126922  -54.693  25.123  23.026 0.0000000000
126923  -54.916  25.003  22.160 0.0000000000
125757  -54.431  24.646  22.806 0.0000000000
124536  -53.709  23.973  22.374 0.0000000000
124540  -53.766  23.691  21.385 0.0000000000
123335  -53.749  22.968  19.504 0.0000000000
123336  -54.391  23.345  19.513 0.0000000000
122229  -54.074  22.382  16.456 0.0000000000
123389  -54.533  22.738  15.737 0.0000000000
127020  -54.402  24.930  17.008 0.0000000000
125852  -54.751  24.235  15.502 0.0000000000
125864  -54.433  24.007  14.792 0.0000000000
125865  -54.840  23.721  14.750 0.0000000000
124644  -55.156  23.319  13.821 0.0000000000
124665  -55.925  22.996  13.013 0.0000000000
124684  -55.840  23.022  11.856 0.0000000000
124699  -54.988  23.520  10.535 0.0000000000
124717  -55.435  23.211  9.869 0.0000000000
123462  -55.646  22.973  9.384 0.0000000000
123461  -55.437  22.909  8.830 0.0000000000
124679  -51.420  23.373  11.348 0.0000000000
124696  -51.163  23.759  10.498 0.0000000000
124712  -49.882  23.651  9.559 0.0000000000
125932  -50.596  24.013  9.172 0.0000000000
124617  -46.973  22.792  14.331 0.0000000000
124636  -46.606  23.213  13.251 0.0000000000
124655  -46.189  23.629  12.242 0.0000000000
124674  -46.342  23.824  11.589 0.0000000000
127038  -43.790  25.072  13.530 0.0000000000
127039  -44.332  24.709  13.411 0.0000000000
127047  -44.254  24.903  12.692 0.0000000000
125873  -44.806  24.471  12.856 0.0000000000
125886  -44.845  24.597  11.939 0.0000000000
125900  -45.473  24.591  10.965 0.0000000000
127080  -45.842  24.855  8.856 0.0000000000
127091  -45.556  24.807  8.090 0.0000000000
127078  -44.473  25.299  8.567 0.0000000000
127090  -44.928  25.113  7.934 0.0000000000
127101  -45.247  24.787  7.579 0.0000000000
125982  -44.755  24.563  7.289 0.0000000000
124736  -41.839  24.400  7.656 0.0000000000
124721  -41.514  24.278  8.122 0.0000000000
128114  -40.134  25.892  7.225 0.0000000000
127106  -39.806  25.745  6.958 0.0000000000
125956  -38.938  25.085  7.160 0.0000000000
127094  -38.788  25.815  7.182 0.0000000000
125940  -38.919  25.074  7.479 0.0000000000
128094  -37.809  26.687  9.451 0.0000000000
132033  -42.658  31.525  11.145 0.0000000000
132048  -42.553  31.614  10.244 0.0000000000
133067  -42.290  31.173  9.266 0.0000000000
132062  -42.572  30.810  8.140 0.0000000000
133100  -44.598  32.024  7.067 0.0000000000
133085  -43.029  31.088  8.048 0.0000000000
132085  -41.885  30.683  7.053 0.0000000000
132097  -41.745  30.853  6.552 0.0000000000
132107  -41.546  31.129  6.311 0.0000000000
134126  -41.608  32.240  6.790 0.0000000000
133110  -41.029  31.726  6.574 0.0000000000
133109  -40.257  31.198  6.501 0.0000000000
133095  -39.465  30.593  6.751 0.0000000000
132083  -38.633  30.330  6.946 0.0000000000
109699  -56.250  13.063  11.917 0.0000000000
109711  -56.111  13.319  11.609 0.0000000000
109720  -55.075  13.136  11.460 0.0000000000
110797  -56.282  13.124  19.506 0.0000000000
110899  -55.989  13.446  11.435 0.0000000000
110915  -56.159  13.676  11.097 0.0000000000
112000  -56.853  13.454  11.353 0.0000000000
112014  -57.176  13.724  10.999 0.0000000000
112996  -41.749  14.200  24.604 0.0000000000
113009  -43.420  14.121  23.977 0.0000000000
113051  -57.125  14.036  17.998 0.0000000000
113112  -56.927  14.271  10.386 0.0000000000
114117  -57.060  14.690  20.614 0.0000000000
114154  -56.804  14.418  18.658 0.0000000000
114169  -54.399  14.593  17.624 0.0000000000
114171  -56.137  14.404  17.717 0.0000000000
114218  -56.061  14.474  13.911 0.0000000000
114239  -57.052  14.394  10.223 0.0000000000
114240  -57.191  14.258  10.360 0.0000000000
114249  -57.342  14.399  10.185 0.0000000000
115281  -56.406  14.756  19.087 0.0000000000
115282  -56.867  14.858  19.189 0.0000000000
115295  -55.587  14.642  18.302 0.0000000000
115414  -57.623  14.997  8.590 0.0000000000
116393  -44.883  18.772  28.862 0.0000000000
116409  -44.922  18.007  28.050 0.0000000000
116559  -57.233  16.881  12.742 0.0000000000
117584  -45.134  18.622  28.404 0.0000000000
117590  -45.132  18.261  28.168 0.0000000000
117598  -45.047  17.853  27.863 0.0000000000
117599  -45.140  18.111  27.944 0.0000000000
117718  -58.418  17.418  11.571 0.0000000000
118758  -44.803  17.741  27.865 0.0000000000
118931  -56.774  18.240  8.771 0.0000000000
118937  -56.921  18.752  8.731 0.0000000000
120127  -56.828  19.225  8.812 0.0000000000
120135  -57.658  19.106  8.246 0.0000000000
121015  -49.737  20.589  32.140 0.0000000000
121016  -50.403  20.767  31.843 0.0000000000
121017  -50.797  21.031  31.575 0.0000000000
121032  -50.732  21.173  31.330 0.0000000000
121049  -49.389  21.217  30.696 0.0000000000
121050  -50.008  21.174  30.799 0.0000000000
121168  -56.982  20.716  12.898 0.0000000000
121206  -58.352  19.796  10.265 0.0000000000
121230  -57.714  19.824  8.613 0.0000000000
121239  -57.341  19.356  8.495 0.0000000000
121240  -57.501  19.527  8.453 0.0000000000
122093  -49.514  21.309  32.273 0.0000000000
122095  -50.898  21.383  31.988 0.0000000000
122110  -48.978  21.574  32.067 0.0000000000
122111  -50.564  21.480  31.130 0.0000000000
122112  -50.832  21.532  31.458 0.0000000000
122127  -49.812  21.462  30.580 0.0000000000
122128  -50.233  21.421  30.830 0.0000000000
122194  -51.977  22.330  20.605 0.0000000000
122309  -55.050  22.316  8.786 0.0000000000
123233  -50.920  22.214  31.672 0.0000000000
123243  -48.824  22.241  31.631 0.0000000000
123245  -50.403  21.770  30.854 0.0000000000
123261  -49.627  21.706  30.305 0.0000000000
123276  -48.804  21.572  29.548 0.0000000000
123288  -50.877  23.392  28.667 0.0000000000
123363  -55.121  23.532  17.715 0.0000000000
123374  -48.719  23.097  16.056 0.0000000000
123375  -48.984  23.198  15.912 0.0000000000
123387  -48.568  22.955  15.897 0.0000000000
123388  -48.833  23.057  15.759 0.0000000000
123401  -49.978  22.555  13.850 0.0000000000
123411  -49.393  22.490  13.894 0.0000000000
123412  -49.654  22.534  13.681 0.0000000000
123420  -56.711  21.743  12.964 0.0000000000
124436  -49.777  22.929  32.190 0.0000000000
124437  -50.358  22.895  32.204 0.0000000000
124438  -50.880  22.997  31.931 0.0000000000
124445  -48.886  22.870  31.533 0.0000000000
124459  -48.889  23.303  31.113 0.0000000000
124460  -49.342  23.710  31.534 0.0000000000
124499  -49.860  23.235  27.467 0.0000000000
124503  -52.753  24.475  26.421 0.0000000000
124515  -49.269  23.429  26.026 0.0000000000
124623  -52.565  23.685  14.219 0.0000000000
124654  -45.612  23.882  12.666 0.0000000000
124714  -52.421  23.939  8.607 0.0000000000
124716  -54.942  23.479  9.658 0.0000000000
124730  -54.260  23.695  8.747 0.0000000000
124732  -55.346  23.233  9.256 0.0000000000
124747  -53.319  23.582  8.000 0.0000000000
124752  -43.584  24.336  7.179 0.0000000000
125675  -49.672  23.481  32.088 0.0000000000
125684  -49.663  24.107  31.915 0.0000000000
125760  -54.146  24.308  22.480 0.0000000000
125762  -54.927  24.686  21.754 0.0000000000
125768  -45.107  24.504  20.060 0.0000000000
125771  -55.517  24.639  20.072 0.0000000000
125789  -43.803  24.284  18.190 0.0000000000
125807  -43.251  24.526  17.188 0.0000000000
125888  -46.035  23.888  11.695 0.0000000000
125890  -53.157  23.769  13.218 0.0000000000
125913  -45.691  24.765  10.293 0.0000000000
125916  -48.007  24.291  10.183 0.0000000000
125935  -53.254  23.942  9.287 0.0000000000
125943  -41.010  24.411  7.890 0.0000000000
125950  -52.688  24.045  8.448 0.0000000000
125952  -53.664  24.086  8.957 0.0000000000
125961  -42.710  24.314  7.440 0.0000000000
125962  -45.244  24.615  7.385 0.0000000000
125975  -39.151  25.229  7.055 0.0000000000
125976  -39.739  25.233  6.937 0.0000000000
126839  -50.075  24.932  31.923 0.0000000000
126840  -50.502  24.859  31.646 0.0000000000
126887  -53.394  24.807  27.634 0.0000000000
126917  -48.166  25.950  23.524 0.0000000000
126925  -43.152  26.408  22.210 0.0000000000
126952  -41.589  26.416  20.237 0.0000000000
126964  -53.328  25.652  19.532 0.0000000000
126965  -55.200  25.569  20.441 0.0000000000
126966  -55.424  25.336  19.848 0.0000000000
126997  -55.280  25.104  17.733 0.0000000000
127005  -43.332  24.542  17.793 0.0000000000
127019  -54.015  25.052  17.233 0.0000000000
127021  -54.878  24.746  16.724 0.0000000000
127022  -55.125  24.547  16.519 0.0000000000
127027  -42.052  25.344  15.730 0.0000000000
127066  -43.313  25.476  9.053 0.0000000000
127077  -43.755  25.472  8.428 0.0000000000
127086  -41.864  25.588  7.576 0.0000000000
127095  -40.744  25.512  7.033 0.0000000000
127100  -44.671  25.023  7.317 0.0000000000
127892  -50.081  25.340  31.475 0.0000000000
127893  -50.221  25.176  31.626 0.0000000000
127906  -50.391  25.376  31.221 0.0000000000
127953  -54.272  25.179  26.160 0.0000000000
127989  -43.345  26.842  22.686 0.0000000000
128000  -42.191  26.930  21.716 0.0000000000
128007  -41.922  26.623  21.093 0.0000000000
128022  -41.376  26.719  19.005 0.0000000000
128023  -54.462  25.598  18.577 0.0000000000
128024  -54.606  25.653  18.781 0.0000000000
128060  -40.832  27.068  13.134 0.0000000000
128069  -40.767  26.972  12.740 0.0000000000
128078  -40.123  26.922  11.294 0.0000000000
128095  -38.188  26.376  8.846 0.0000000000
128099  -42.401  25.700  8.675 0.0000000000
128972  -48.873  27.701  25.517 0.0000000000
128993  -43.806  27.281  23.059 0.0000000000
128995  -41.686  27.267  20.785 0.0000000000
128998  -41.609  27.418  20.306 0.0000000000
129022  -40.568  27.670  15.891 0.0000000000
129035  -40.921  27.158  13.726 0.0000000000
129042  -40.871  27.109  13.450 0.0000000000
129085  -38.712  28.097  5.807 0.0000000000
129917  -51.067  27.696  28.722 0.0000000000
129962  -51.647  28.438  26.474 0.0000000000
129969  -51.961  27.912  25.721 0.0000000000
129971  -46.373  28.257  24.611 0.0000000000
129974  -48.504  28.472  25.240 0.0000000000
129982  -43.901  28.934  23.001 0.0000000000
129983  -44.517  29.032  23.197 0.0000000000
129995  -41.747  28.169  18.494 0.0000000000
130015  -40.683  28.302  16.453 0.0000000000
130016  -41.312  28.818  16.881 0.0000000000
130043  -40.177  28.504  12.133 0.0000000000
130049  -40.078  28.005  11.604 0.0000000000
130083  -39.044  28.694  5.689 0.0000000000
130940  -50.272  29.021  28.399 0.0000000000
130954  -50.979  28.721  27.362 0.0000000000
131034  -41.192  29.455  15.984 0.0000000000
131046  -40.989  29.619  15.210 0.0000000000
131052  -40.564  29.275  13.961 0.0000000000
131070  -39.831  28.734  10.514 0.0000000000
131080  -41.227  30.414  9.331 0.0000000000
131104  -38.161  29.099  5.804 0.0000000000
131872  -50.115  29.969  27.652 0.0000000000
131969  -41.328  29.799  15.423 0.0000000000
132073  -41.912  30.594  7.719 0.0000000000
132074  -42.749  30.943  7.533 0.0000000000
132086  -42.560  31.084  6.926 0.0000000000
132087  -43.167  31.641  6.907 0.0000000000
132098  -42.351  31.405  6.583 0.0000000000
132104  -39.405  30.049  6.193 0.0000000000
132105  -40.018  30.270  6.459 0.0000000000
132106  -40.844  30.685  6.391 0.0000000000
132108  -41.862  31.372  6.342 0.0000000000
132917  -48.909  30.695  24.563 0.0000000000
133052  -42.546  31.532  9.653 0.0000000000
133086  -43.616  31.671  7.831 0.0000000000
133098  -41.320  32.326  7.747 0.0000000000
133108  -39.589  30.475  6.402 0.0000000000
133111  -41.922  31.960  6.442 0.0000000000
133112  -42.841  31.934  6.588 0.0000000000
133113  -43.940  31.832  6.351 0.0000000000
133121  -40.229  30.687  6.449 0.0000000000
133122  -40.900  31.129  6.331 0.0000000000
133123  -41.536  31.473  6.343 0.0000000000
133125  -44.361  31.717  5.903 0.0000000000
134115  -41.380  32.250  7.084 0.0000000000
134125  -41.234  32.074  6.890 0.0000000000
134137  -44.157  31.865  5.891 0.0000000000
