#!ascii label  , from subject 3213 vox2ras=TkReg
1029
73891  36.759  -10.614  33.452 0.0000000000
96650  49.822  7.430  17.801 0.0000000000
86666  42.518  -0.532  24.721 0.0000000000
61389  21.290  -20.210  44.327 0.0000000000
78769  31.816  -5.755  38.236 0.0000000000
94041  41.716  5.571  26.205 0.0000000000
67364  27.751  -15.364  39.894 0.0000000000
61439  25.195  -20.592  41.311 0.0000000000
69942  29.577  -13.283  37.498 0.0000000000
96671  54.409  6.963  16.288 0.0000000000
80045  35.465  -5.196  33.273 0.0000000000
82517  39.128  -3.876  30.514 0.0000000000
78829  40.498  -7.455  33.658 0.0000000000
99319  53.455  10.738  15.230 0.0000000000
100659  55.527  10.509  12.639 0.0000000000
97891  47.734  10.000  22.223 0.0000000000
95317  49.168  5.519  20.938 0.0000000000
95302  44.653  6.477  21.668 0.0000000000
89163  46.176  1.607  24.470 0.0000000000
72576  35.774  -12.158  38.109 0.0000000000
56579  20.650  -25.146  47.273 0.0000000000
56564  16.398  -24.943  48.805 0.0000000000
55396  14.083  -24.873  52.748 0.0000000000
75101  34.158  -9.460  35.788 0.0000000000
75060  31.969  -9.843  38.510 0.0000000000
87909  38.197  0.449  28.217 0.0000000000
83893  44.355  -3.665  30.089 0.0000000000
107002  55.671  16.434  10.954 0.0000000000
96662  51.478  7.435  16.876 0.0000000000
95341  51.809  6.430  18.850 0.0000000000
77640  36.200  -7.705  33.050 0.0000000000
78860  37.359  -6.949  30.734 0.0000000000
76387  38.691  -8.766  32.689 0.0000000000
99270  50.499  10.937  19.279 0.0000000000
99298  52.417  11.465  18.144 0.0000000000
97947  50.825  9.150  16.675 0.0000000000
96683  52.437  8.010  15.206 0.0000000000
48899  14.620  -30.419  52.396 0.0000000000
96590  45.414  8.479  22.297 0.0000000000
96567  44.808  8.182  24.162 0.0000000000
90389  41.154  2.246  24.319 0.0000000000
91615  43.675  2.936  22.964 0.0000000000
87941  44.578  0.029  24.884 0.0000000000
85301  45.077  -2.005  26.627 0.0000000000
60353  23.252  -20.811  42.725 0.0000000000
60320  24.723  -22.428  43.940 0.0000000000
57781  22.961  -23.427  44.276 0.0000000000
56594  23.087  -25.139  46.497 0.0000000000
57769  20.532  -23.572  45.315 0.0000000000
57707  17.057  -22.720  48.767 0.0000000000
55417  14.943  -24.686  50.436 0.0000000000
76335  33.323  -7.946  36.722 0.0000000000
75087  32.694  -9.936  36.413 0.0000000000
76337  30.786  -8.367  36.608 0.0000000000
66125  30.778  -17.211  38.947 0.0000000000
68683  31.785  -14.913  38.779 0.0000000000
82490  42.230  -3.898  32.525 0.0000000000
83896  41.323  -2.983  30.540 0.0000000000
95242  44.481  7.476  26.310 0.0000000000
91575  41.514  3.629  27.298 0.0000000000
87932  41.119  1.158  25.898 0.0000000000
64835  28.363  -18.145  39.454 0.0000000000
63529  27.368  -19.303  41.928 0.0000000000
64857  25.540  -17.838  39.522 0.0000000000
64802  23.694  -17.520  41.837 0.0000000000
64763  22.230  -17.583  44.783 0.0000000000
76324  29.111  -8.411  37.882 0.0000000000
73795  28.967  -10.602  39.328 0.0000000000
67376  29.103  -15.082  38.539 0.0000000000
82479  37.204  -3.080  33.017 0.0000000000
83880  37.105  -2.452  31.348 0.0000000000
81274  37.237  -4.351  30.423 0.0000000000
80055  39.852  -5.887  32.060 0.0000000000
104430  53.950  12.876  13.853 0.0000000000
99327  53.776  10.274  13.965 0.0000000000
97967  54.592  8.226  14.070 0.0000000000
97922  48.279  8.641  19.114 0.0000000000
95344  48.538  6.400  19.000 0.0000000000
96622  46.708  7.992  20.324 0.0000000000
95319  46.999  5.429  21.106 0.0000000000
92867  47.187  3.628  22.971 0.0000000000
94068  43.282  5.797  23.159 0.0000000000
91614  44.847  2.759  22.814 0.0000000000
72634  35.769  -11.937  34.819 0.0000000000
73857  38.954  -10.825  34.895 0.0000000000
97889  49.380  11.028  21.806 0.0000000000
60288  19.782  -20.909  46.098 0.0000000000
59056  18.791  -23.343  46.485 0.0000000000
56562  17.608  -25.008  47.410 0.0000000000
54198  18.719  -27.017  49.220 0.0000000000
52976  15.686  -27.937  49.268 0.0000000000
52978  14.112  -28.460  50.491 0.0000000000
52947  12.940  -27.067  52.824 0.0000000000
54149  12.259  -26.889  54.097 0.0000000000
73877  35.392  -10.634  34.226 0.0000000000
72619  34.056  -11.396  35.860 0.0000000000
73802  34.149  -11.017  38.453 0.0000000000
72580  30.542  -11.169  37.994 0.0000000000
86668  40.295  -1.514  25.204 0.0000000000
85282  37.638  -1.884  28.618 0.0000000000
83957  40.429  -3.268  27.611 0.0000000000
83954  43.740  -3.362  26.769 0.0000000000
76345  40.884  -9.073  35.701 0.0000000000
107018  56.697  15.504  8.793 0.0000000000
104440  54.608  13.418  12.324 0.0000000000
104469  56.357  13.494  10.139 0.0000000000
96663  50.477  7.860  17.191 0.0000000000
95347  51.348  6.786  18.206 0.0000000000
95348  50.705  6.721  18.331 0.0000000000
76389  36.654  -8.704  32.880 0.0000000000
76403  37.179  -8.723  32.111 0.0000000000
75171  37.461  -9.808  32.873 0.0000000000
99301  49.387  9.665  17.934 0.0000000000
100613  50.456  10.446  17.921 0.0000000000
97937  50.293  8.868  17.114 0.0000000000
97936  50.940  8.330  16.643 0.0000000000
48887  13.607  -30.394  53.139 0.0000000000
96578  45.887  9.571  24.229 0.0000000000
96552  45.704  8.506  25.776 0.0000000000
86676  42.430  0.233  24.268 0.0000000000
89173  42.647  1.297  23.376 0.0000000000
86675  43.318  -0.022  24.448 0.0000000000
86664  44.622  -0.540  25.409 0.0000000000
85317  43.907  -1.856  26.019 0.0000000000
61401  21.962  -20.634  43.731 0.0000000000
60322  22.368  -21.963  43.248 0.0000000000
59088  22.147  -22.703  43.869 0.0000000000
57782  22.060  -23.417  44.290 0.0000000000
60304  20.155  -21.582  44.748 0.0000000000
77575  32.928  -7.054  38.186 0.0000000000
76350  32.261  -7.720  36.097 0.0000000000
77592  31.289  -6.342  36.770 0.0000000000
64833  30.277  -17.635  39.851 0.0000000000
87816  37.564  0.625  31.892 0.0000000000
82489  42.679  -3.399  32.514 0.0000000000
90358  41.280  2.788  26.939 0.0000000000
87921  41.341  1.722  27.327 0.0000000000
66126  27.829  -16.495  38.734 0.0000000000
64855  26.777  -17.654  38.951 0.0000000000
66127  26.897  -16.567  39.142 0.0000000000
66060  24.369  -16.478  41.305 0.0000000000
66040  23.624  -16.175  42.479 0.0000000000
63502  22.664  -17.931  43.381 0.0000000000
77555  29.271  -7.266  40.306 0.0000000000
67363  29.066  -15.104  39.957 0.0000000000
68669  29.291  -13.973  39.730 0.0000000000
67377  28.248  -15.629  38.874 0.0000000000
66153  28.425  -16.369  38.234 0.0000000000
82493  36.999  -3.182  32.004 0.0000000000
81265  36.057  -4.855  31.450 0.0000000000
77651  39.043  -7.394  32.168 0.0000000000
78858  39.189  -6.538  31.618 0.0000000000
80043  40.143  -6.533  32.520 0.0000000000
80041  41.950  -5.640  33.256 0.0000000000
80030  41.683  -6.474  34.026 0.0000000000
99309  53.411  11.099  16.446 0.0000000000
100642  53.821  11.093  14.449 0.0000000000
99328  53.368  9.823  14.296 0.0000000000
96672  53.333  6.994  16.041 0.0000000000
96688  53.954  7.840  14.669 0.0000000000
96680  55.242  7.398  15.587 0.0000000000
97905  47.833  9.599  21.209 0.0000000000
97914  47.689  8.930  19.987 0.0000000000
97915  47.332  8.930  20.726 0.0000000000
96591  44.884  7.610  21.855 0.0000000000
95320  45.833  6.329  20.911 0.0000000000
94083  45.334  5.889  21.264 0.0000000000
94072  47.309  4.613  22.227 0.0000000000
94067  46.062  4.008  21.624 0.0000000000
94047  43.017  6.645  25.908 0.0000000000
95254  43.575  7.157  25.292 0.0000000000
94057  42.378  5.295  23.969 0.0000000000
90386  44.584  2.115  23.396 0.0000000000
91627  43.678  3.560  22.739 0.0000000000
90385  45.600  2.258  23.979 0.0000000000
91613  46.146  2.719  23.628 0.0000000000
72617  36.178  -12.331  35.899 0.0000000000
72616  37.423  -12.124  36.149 0.0000000000
97876  48.437  10.625  22.988 0.0000000000
97890  48.462  10.529  21.948 0.0000000000
97904  48.551  10.154  20.938 0.0000000000
62456  26.096  -19.831  40.960 0.0000000000
61424  26.282  -21.044  42.423 0.0000000000
56578  21.696  -25.474  47.250 0.0000000000
55463  22.947  -25.929  48.407 0.0000000000
55464  21.936  -25.828  48.247 0.0000000000
55465  20.889  -25.627  48.276 0.0000000000
60269  18.978  -20.904  47.865 0.0000000000
60276  19.287  -21.444  46.784 0.0000000000
59035  18.936  -21.906  47.536 0.0000000000
57722  16.835  -23.646  48.672 0.0000000000
57721  17.280  -23.662  47.894 0.0000000000
55468  17.468  -25.933  47.918 0.0000000000
54214  18.675  -26.824  48.441 0.0000000000
54216  17.233  -26.612  48.358 0.0000000000
54185  17.807  -27.875  49.707 0.0000000000
54200  16.495  -26.708  48.731 0.0000000000
55407  14.282  -25.235  51.763 0.0000000000
54187  14.598  -26.608  49.841 0.0000000000
54173  13.872  -26.479  50.984 0.0000000000
54166  13.618  -26.845  51.771 0.0000000000
54157  13.740  -25.476  52.764 0.0000000000
75100  35.433  -9.654  36.176 0.0000000000
75125  36.185  -9.467  35.407 0.0000000000
75126  35.068  -10.255  35.074 0.0000000000
72635  34.689  -11.407  34.829 0.0000000000
73860  34.001  -10.644  35.084 0.0000000000
73814  32.515  -9.789  37.159 0.0000000000
73813  33.078  -10.351  36.896 0.0000000000
73804  32.675  -9.919  37.974 0.0000000000
72598  29.107  -10.990  37.876 0.0000000000
73815  29.833  -10.050  37.630 0.0000000000
71249  30.078  -12.216  37.530 0.0000000000
69921  31.936  -13.893  39.690 0.0000000000
95334  49.307  5.949  19.985 0.0000000000
95333  50.495  5.986  20.068 0.0000000000
95316  50.329  5.745  21.051 0.0000000000
86640  39.560  0.652  26.867 0.0000000000
86654  40.222  0.676  26.117 0.0000000000
86656  39.209  -1.462  26.366 0.0000000000
83900  37.297  -2.920  30.310 0.0000000000
85267  37.054  -2.050  29.373 0.0000000000
83919  38.107  -2.759  29.346 0.0000000000
83895  42.289  -2.974  30.419 0.0000000000
83937  40.358  -3.053  28.682 0.0000000000
83936  41.366  -3.506  28.509 0.0000000000
83956  41.493  -3.565  27.332 0.0000000000
83934  43.623  -3.754  27.949 0.0000000000
83933  44.746  -3.471  27.687 0.0000000000
75097  40.013  -10.256  35.706 0.0000000000
107010  56.478  16.141  9.610 0.0000000000
101957  54.901  11.424  13.057 0.0000000000
103190  54.418  12.693  13.063 0.0000000000
103200  55.274  12.215  12.214 0.0000000000
103225  56.401  12.890  10.717 0.0000000000
103223  57.874  12.358  10.417 0.0000000000
67348  28.059  -15.273  41.131 0.0000000000
67349  26.885  -15.390  40.669 0.0000000000
96661  52.579  6.924  16.906 0.0000000000
96646  54.009  6.432  17.974 0.0000000000
96647  52.992  6.581  17.841 0.0000000000
78839  36.029  -6.541  33.712 0.0000000000
78861  36.234  -6.588  31.096 0.0000000000
76418  36.491  -7.782  31.516 0.0000000000
77639  38.657  -8.274  32.318 0.0000000000
77627  39.860  -7.915  33.572 0.0000000000
99268  52.616  12.126  19.801 0.0000000000
100599  51.093  11.008  18.900 0.0000000000
100625  51.334  10.612  17.268 0.0000000000
99321  51.727  9.857  16.022 0.0000000000
97969  52.928  9.239  14.741 0.0000000000
97945  51.916  8.360  15.639 0.0000000000
96673  52.276  7.492  15.925 0.0000000000
50303  15.111  -30.280  51.808 0.0000000000
97877  47.615  10.237  23.329 0.0000000000
96604  46.226  8.862  21.668 0.0000000000
96589  45.971  9.411  22.929 0.0000000000
96580  44.836  7.994  22.981 0.0000000000
95285  44.297  7.257  22.467 0.0000000000
92852  41.180  4.192  25.286 0.0000000000
94058  41.937  4.768  24.237 0.0000000000
91617  41.555  3.419  23.798 0.0000000000
89165  44.298  1.420  23.843 0.0000000000
87948  44.820  0.895  24.339 0.0000000000
87931  45.624  0.071  26.017 0.0000000000
86637  46.228  -0.965  26.963 0.0000000000
72558  36.038  -12.341  39.224 0.0000000000
61426  24.375  -20.701  41.961 0.0000000000
60336  25.383  -21.897  43.138 0.0000000000
60337  24.185  -22.040  42.823 0.0000000000
59086  24.014  -22.793  44.104 0.0000000000
57766  23.935  -23.700  44.947 0.0000000000
57750  22.386  -24.617  45.654 0.0000000000
56596  20.991  -24.705  46.545 0.0000000000
59000  18.139  -21.387  49.236 0.0000000000
57696  16.793  -22.034  49.741 0.0000000000
56532  16.122  -23.661  49.899 0.0000000000
55433  15.397  -25.103  49.571 0.0000000000
56522  15.383  -23.978  51.182 0.0000000000
56516  14.840  -23.619  52.017 0.0000000000
56508  14.808  -23.435  53.017 0.0000000000
76334  33.766  -8.886  36.458 0.0000000000
75102  33.015  -9.576  35.757 0.0000000000
76349  32.972  -8.651  36.064 0.0000000000
75088  32.073  -9.452  36.868 0.0000000000
75074  31.309  -9.442  38.084 0.0000000000
67397  30.917  -15.736  37.608 0.0000000000
69940  31.071  -14.093  37.681 0.0000000000
67388  31.514  -15.988  38.413 0.0000000000
95299  49.175  5.306  22.163 0.0000000000
87888  37.253  0.367  28.754 0.0000000000
82504  40.873  -3.642  31.484 0.0000000000
83897  40.296  -3.072  30.635 0.0000000000
83878  41.325  -3.327  31.441 0.0000000000
83876  43.146  -2.883  31.303 0.0000000000
106991  55.691  16.848  12.167 0.0000000000
50277  12.187  -29.640  54.059 0.0000000000
94038  44.492  6.851  27.458 0.0000000000
94031  43.210  5.842  27.777 0.0000000000
92841  41.277  4.696  26.657 0.0000000000
91586  41.031  3.422  25.961 0.0000000000
89157  41.163  1.529  25.396 0.0000000000
87942  41.450  0.572  24.744 0.0000000000
64818  28.781  -18.269  40.527 0.0000000000
63528  28.292  -18.634  41.955 0.0000000000
63556  27.942  -18.445  40.293 0.0000000000
63558  26.212  -18.895  40.171 0.0000000000
62475  25.206  -19.281  40.444 0.0000000000
66081  25.077  -16.700  40.431 0.0000000000
64820  24.361  -17.570  40.752 0.0000000000
62458  24.311  -19.183  41.175 0.0000000000
62428  23.515  -19.068  42.713 0.0000000000
62417  21.893  -19.178  43.828 0.0000000000
62411  21.486  -19.602  44.486 0.0000000000
78788  30.272  -6.564  37.303 0.0000000000
78772  29.351  -6.860  38.525 0.0000000000
76313  29.123  -8.726  38.930 0.0000000000
71240  28.820  -12.207  38.321 0.0000000000
73787  29.052  -10.870  40.297 0.0000000000
71228  29.141  -12.311  39.346 0.0000000000
68684  29.254  -14.232  37.905 0.0000000000
66172  29.955  -16.239  37.396 0.0000000000
64852  29.837  -17.494  38.777 0.0000000000
83860  37.549  -1.496  33.215 0.0000000000
85233  37.211  -0.985  32.476 0.0000000000
83861  37.211  -2.147  32.445 0.0000000000
82507  37.100  -3.417  31.043 0.0000000000
82518  37.952  -3.749  30.219 0.0000000000
78868  37.134  -6.139  30.475 0.0000000000
80076  38.696  -5.249  30.482 0.0000000000
82506  39.718  -4.443  30.795 0.0000000000
81251  40.902  -4.935  32.282 0.0000000000
81237  42.222  -5.074  32.887 0.0000000000
101940  54.425  12.151  14.875 0.0000000000
100651  54.344  10.645  13.511 0.0000000000
100650  54.907  10.459  12.997 0.0000000000
97968  53.622  8.667  14.262 0.0000000000
97979  54.328  8.976  13.540 0.0000000000
97929  48.597  8.544  18.633 0.0000000000
96651  48.690  7.443  18.404 0.0000000000
96636  47.945  7.567  19.189 0.0000000000
95335  47.764  6.338  19.700 0.0000000000
95336  46.845  6.247  20.184 0.0000000000
95318  48.033  5.572  21.002 0.0000000000
95300  48.148  5.322  22.175 0.0000000000
94064  48.216  5.175  23.916 0.0000000000
95253  44.218  7.706  24.777 0.0000000000
95267  43.496  7.033  23.977 0.0000000000
92876  43.698  5.281  22.419 0.0000000000
92871  42.896  4.272  23.187 0.0000000000
92870  43.633  4.492  22.538 0.0000000000
92875  44.267  4.889  22.110 0.0000000000
92868  46.437  3.214  22.238 0.0000000000
72649  36.426  -11.427  34.055 0.0000000000
73875  37.428  -11.048  34.029 0.0000000000
72632  38.297  -11.674  35.354 0.0000000000
72614  39.604  -12.000  36.756 0.0000000000
99257  49.806  10.804  20.396 0.0000000000
97920  49.242  9.949  19.573 0.0000000000
62403  21.161  -19.013  45.519 0.0000000000
61365  20.405  -19.043  47.258 0.0000000000
61381  20.327  -20.316  45.483 0.0000000000
60289  19.670  -21.956  45.728 0.0000000000
57752  20.185  -23.767  46.043 0.0000000000
57753  19.373  -23.889  46.351 0.0000000000
59037  17.691  -23.220  47.469 0.0000000000
57735  18.631  -24.010  46.587 0.0000000000
55485  19.409  -25.539  47.492 0.0000000000
55466  19.930  -25.881  48.348 0.0000000000
54197  19.117  -26.783  49.677 0.0000000000
51737  16.631  -28.928  50.322 0.0000000000
54186  15.573  -26.394  49.276 0.0000000000
51738  15.487  -28.934  50.292 0.0000000000
50317  15.427  -29.752  50.961 0.0000000000
50318  14.743  -29.755  51.345 0.0000000000
51716  13.278  -28.979  52.190 0.0000000000
51707  12.706  -28.953  52.784 0.0000000000
54147  13.069  -25.565  54.390 0.0000000000
54148  12.623  -26.529  53.858 0.0000000000
51694  12.221  -28.755  53.419 0.0000000000
75172  36.572  -9.633  33.391 0.0000000000
75149  36.045  -9.887  34.344 0.0000000000
73892  35.877  -10.483  33.748 0.0000000000
72650  35.566  -11.388  34.145 0.0000000000
72618  34.982  -12.017  35.817 0.0000000000
72594  35.411  -12.114  36.967 0.0000000000
73836  33.241  -10.378  35.796 0.0000000000
72596  33.775  -10.974  36.898 0.0000000000
72577  34.810  -11.547  38.018 0.0000000000
76338  30.093  -8.182  36.881 0.0000000000
75075  30.529  -9.437  37.726 0.0000000000
73805  30.979  -10.268  38.605 0.0000000000
69931  31.019  -12.893  38.112 0.0000000000
72560  31.634  -11.471  39.348 0.0000000000
73786  31.983  -10.668  40.008 0.0000000000
95342  50.656  6.237  19.115 0.0000000000
87922  40.749  1.156  26.723 0.0000000000
86667  40.831  -0.375  24.873 0.0000000000
85327  42.321  -1.577  24.898 0.0000000000
86557  36.625  -0.553  30.776 0.0000000000
86597  36.906  -0.627  28.841 0.0000000000
86621  37.773  -0.478  28.026 0.0000000000
83918  39.341  -2.831  29.596 0.0000000000
83959  38.854  -2.619  28.279 0.0000000000
85302  38.733  -1.776  27.009 0.0000000000
83976  40.527  -2.887  26.445 0.0000000000
83989  41.898  -2.870  25.584 0.0000000000
83987  43.049  -2.076  25.257 0.0000000000
83953  44.688  -2.565  26.644 0.0000000000
75123  39.059  -10.072  34.520 0.0000000000
76357  39.903  -9.298  34.608 0.0000000000
77615  41.050  -8.117  34.822 0.0000000000
77602  42.133  -7.773  36.143 0.0000000000
78818  41.830  -7.312  35.174 0.0000000000
108323  58.181  16.588  8.027 0.0000000000
106985  54.610  15.302  12.742 0.0000000000
105686  54.836  14.957  10.998 0.0000000000
103199  55.788  11.966  11.805 0.0000000000
104456  55.188  13.460  11.021 0.0000000000
105699  55.296  15.051  10.222 0.0000000000
105713  56.347  14.786  9.080 0.0000000000
104493  57.440  13.922  8.059 0.0000000000
96649  50.957  7.177  17.728 0.0000000000
97928  49.028  8.701  18.066 0.0000000000
97938  49.638  9.074  17.538 0.0000000000
96664  49.766  8.341  17.442 0.0000000000
86665  43.726  -0.686  24.995 0.0000000000
85326  43.526  -1.520  25.359 0.0000000000
60323  21.275  -21.549  43.832 0.0000000000
61390  20.779  -20.604  44.486 0.0000000000
77576  32.170  -6.131  38.446 0.0000000000
77591  32.128  -6.574  36.976 0.0000000000
78786  31.765  -5.880  37.842 0.0000000000
64817  29.681  -17.924  40.810 0.0000000000
64816  30.711  -17.459  41.028 0.0000000000
86536  37.903  0.028  33.291 0.0000000000
67378  27.585  -16.016  39.301 0.0000000000
67365  27.118  -15.846  39.797 0.0000000000
81241  35.935  -4.158  33.123 0.0000000000
81254  35.816  -4.479  32.246 0.0000000000
78838  40.168  -7.129  32.988 0.0000000000
78848  39.526  -6.921  32.255 0.0000000000
80031  41.065  -6.667  33.679 0.0000000000
78837  40.725  -6.917  33.507 0.0000000000
100643  53.578  10.601  14.542 0.0000000000
99329  53.027  9.951  14.890 0.0000000000
96681  54.151  7.286  15.357 0.0000000000
50301  17.369  -29.709  51.766 0.0000000000
97906  47.145  9.181  21.437 0.0000000000
95321  45.212  6.425  21.226 0.0000000000
94073  46.478  4.646  21.794 0.0000000000
94074  45.206  5.080  21.703 0.0000000000
94048  42.151  6.053  25.380 0.0000000000
89164  45.334  1.348  24.207 0.0000000000
72593  36.522  -12.424  37.102 0.0000000000
72575  36.796  -12.547  38.243 0.0000000000
61438  26.017  -20.718  41.744 0.0000000000
56560  21.193  -25.497  47.767 0.0000000000
55483  20.622  -25.412  47.731 0.0000000000
56563  16.914  -24.715  48.263 0.0000000000
55469  16.717  -25.759  48.449 0.0000000000
55451  16.103  -25.592  49.044 0.0000000000
54165  13.853  -25.843  52.183 0.0000000000
75086  34.783  -9.194  36.878 0.0000000000
75127  33.779  -9.980  35.307 0.0000000000
75073  32.082  -9.634  37.735 0.0000000000
73793  32.672  -10.321  39.152 0.0000000000
71250  29.218  -12.169  37.586 0.0000000000
72597  29.811  -11.098  37.587 0.0000000000
86595  39.500  1.332  28.721 0.0000000000
86620  38.815  0.673  27.834 0.0000000000
86641  38.752  -0.561  26.908 0.0000000000
83899  38.261  -3.178  30.031 0.0000000000
83898  39.174  -3.117  30.163 0.0000000000
83894  43.287  -3.302  30.269 0.0000000000
83915  42.344  -3.498  29.405 0.0000000000
83935  42.482  -3.731  28.239 0.0000000000
83914  43.442  -3.730  29.158 0.0000000000
83913  44.581  -3.760  28.905 0.0000000000
107001  56.304  16.692  10.467 0.0000000000
108306  56.908  17.066  9.863 0.0000000000
103201  54.797  11.881  13.029 0.0000000000
101956  55.251  11.388  12.673 0.0000000000
67347  29.047  -14.962  41.559 0.0000000000
67325  28.224  -15.041  42.649 0.0000000000
96635  52.542  6.521  18.483 0.0000000000
77653  36.086  -7.434  31.873 0.0000000000
76404  36.429  -8.230  32.064 0.0000000000
75190  38.113  -9.274  32.599 0.0000000000
76402  38.084  -8.633  32.191 0.0000000000
76386  39.235  -8.691  33.391 0.0000000000
100589  51.244  11.372  19.716 0.0000000000
99284  50.525  10.766  18.765 0.0000000000
99312  50.586  9.629  17.036 0.0000000000
99299  50.733  10.261  17.348 0.0000000000
99311  51.133  9.979  16.636 0.0000000000
97958  51.891  9.199  15.575 0.0000000000
97946  51.382  8.967  16.157 0.0000000000
96674  51.509  8.025  16.166 0.0000000000
97878  46.744  9.939  23.737 0.0000000000
97892  46.912  9.665  22.526 0.0000000000
96566  45.368  8.829  24.775 0.0000000000
96579  45.221  8.881  23.536 0.0000000000
95266  44.212  7.555  23.530 0.0000000000
91601  41.193  3.308  24.643 0.0000000000
90388  41.660  2.467  23.643 0.0000000000
87949  44.126  0.542  24.315 0.0000000000
89166  43.413  1.275  23.456 0.0000000000
87940  45.352  0.384  25.111 0.0000000000
85315  45.251  -1.118  26.421 0.0000000000
85300  45.667  -1.632  26.856 0.0000000000
85281  46.235  -1.881  27.653 0.0000000000
61427  23.502  -20.227  42.554 0.0000000000
60352  23.816  -21.180  42.471 0.0000000000
59087  23.215  -22.859  43.929 0.0000000000
60321  23.578  -22.449  43.328 0.0000000000
57780  23.516  -23.306  44.371 0.0000000000
59072  23.884  -23.149  44.430 0.0000000000
57749  23.815  -24.615  46.012 0.0000000000
57767  22.780  -24.066  44.884 0.0000000000
57768  21.424  -23.760  44.868 0.0000000000
57751  21.285  -24.177  45.853 0.0000000000
57697  16.252  -22.663  50.350 0.0000000000
56533  15.624  -24.214  50.238 0.0000000000
56521  15.807  -23.330  50.816 0.0000000000
76323  33.687  -7.796  37.921 0.0000000000
76322  34.200  -8.632  37.517 0.0000000000
75104  31.479  -8.347  36.293 0.0000000000
75103  32.082  -8.810  36.198 0.0000000000
75089  31.189  -8.947  37.017 0.0000000000
67389  31.100  -16.383  37.924 0.0000000000
66150  31.155  -16.714  38.378 0.0000000000
87859  37.662  1.065  29.911 0.0000000000
82491  41.150  -3.941  32.063 0.0000000000
83859  41.659  -3.475  32.137 0.0000000000
83837  43.780  -3.288  32.710 0.0000000000
83857  43.005  -2.937  32.301 0.0000000000
83856  43.971  -2.905  32.131 0.0000000000
51695  11.914  -28.497  54.017 0.0000000000
94039  43.572  6.725  27.040 0.0000000000
92827  41.788  4.283  27.611 0.0000000000
89148  41.138  1.969  26.451 0.0000000000
89149  41.159  2.002  25.732 0.0000000000
87943  41.017  0.540  25.357 0.0000000000
64856  26.018  -17.890  39.087 0.0000000000
63576  26.558  -18.379  39.434 0.0000000000
63577  25.816  -18.379  39.564 0.0000000000
62474  25.718  -19.200  40.363 0.0000000000
63559  25.395  -18.638  40.074 0.0000000000
67350  26.221  -15.376  40.758 0.0000000000
66080  25.765  -15.747  40.581 0.0000000000
66058  25.478  -15.542  41.170 0.0000000000
63543  24.135  -18.284  41.195 0.0000000000
63530  23.950  -18.569  41.874 0.0000000000
62442  23.848  -19.478  42.248 0.0000000000
63516  23.307  -18.449  42.674 0.0000000000
63503  22.388  -18.263  43.922 0.0000000000
63517  22.932  -18.486  43.322 0.0000000000
63489  21.892  -18.021  44.841 0.0000000000
78758  30.419  -5.672  39.346 0.0000000000
78759  29.465  -6.420  39.300 0.0000000000
76301  29.241  -8.527  40.127 0.0000000000
77566  29.230  -7.573  39.233 0.0000000000
75062  28.949  -9.753  38.929 0.0000000000
73807  28.862  -10.296  38.376 0.0000000000
72581  28.923  -11.328  38.773 0.0000000000
68678  29.245  -14.142  38.833 0.0000000000
69922  29.162  -13.179  39.004 0.0000000000
69932  29.023  -13.224  38.077 0.0000000000
67390  29.275  -15.220  37.663 0.0000000000
64875  28.588  -17.066  38.147 0.0000000000
64853  28.854  -17.845  38.574 0.0000000000
64834  29.316  -17.958  39.645 0.0000000000
83841  37.524  -2.341  33.389 0.0000000000
81264  36.468  -4.040  31.458 0.0000000000
82519  37.453  -3.594  30.563 0.0000000000
78869  36.598  -5.806  30.708 0.0000000000
80065  39.061  -5.851  30.896 0.0000000000
81272  39.227  -4.876  30.588 0.0000000000
81263  39.925  -5.034  31.225 0.0000000000
81262  40.454  -4.698  31.671 0.0000000000
81252  40.321  -5.196  31.920 0.0000000000
81238  41.581  -5.288  32.732 0.0000000000
99282  53.051  12.037  18.841 0.0000000000
101941  53.966  11.650  14.305 0.0000000000
99338  54.154  9.750  13.583 0.0000000000
97957  52.356  8.824  15.126 0.0000000000
97956  52.964  8.352  14.826 0.0000000000
96621  47.332  7.734  19.582 0.0000000000
96605  45.762  7.637  21.205 0.0000000000
96623  46.248  6.929  20.563 0.0000000000
95337  46.423  6.210  20.627 0.0000000000
95301  47.524  5.098  22.167 0.0000000000
95284  47.619  4.863  22.654 0.0000000000
94065  47.629  4.476  23.152 0.0000000000
96539  45.382  7.904  26.174 0.0000000000
94056  42.955  6.355  24.597 0.0000000000
95286  43.839  6.715  22.908 0.0000000000
91616  42.411  3.483  23.216 0.0000000000
92863  42.142  4.478  23.652 0.0000000000
91628  43.176  3.575  23.038 0.0000000000
91626  44.215  3.561  22.456 0.0000000000
92869  44.955  3.706  22.021 0.0000000000
92862  45.856  2.830  22.716 0.0000000000
72633  37.111  -11.833  34.904 0.0000000000
72591  38.811  -12.175  37.489 0.0000000000
72615  38.717  -11.916  36.368 0.0000000000
99241  50.254  11.069  20.917 0.0000000000
97903  49.542  10.732  20.952 0.0000000000
97913  48.848  9.507  20.142 0.0000000000
97921  48.959  9.359  19.241 0.0000000000
63541  27.625  -18.741  41.085 0.0000000000
56576  23.622  -25.182  47.451 0.0000000000
62402  21.482  -18.185  46.014 0.0000000000
61366  19.818  -19.583  47.867 0.0000000000
61373  19.958  -19.878  46.630 0.0000000000
61372  20.601  -19.414  46.063 0.0000000000
59055  19.141  -22.716  46.284 0.0000000000
59001  17.669  -21.844  49.222 0.0000000000
59017  18.302  -21.865  48.362 0.0000000000
59018  17.664  -22.599  48.089 0.0000000000
57736  17.800  -23.941  46.991 0.0000000000
56581  18.573  -25.041  47.002 0.0000000000
55467  18.749  -26.201  47.926 0.0000000000
54215  18.088  -26.805  48.339 0.0000000000
55450  19.012  -26.757  48.675 0.0000000000
52987  16.608  -27.607  48.984 0.0000000000
52975  17.198  -28.194  49.751 0.0000000000
51736  17.289  -28.697  50.385 0.0000000000
55434  14.792  -25.588  49.802 0.0000000000
52977  14.346  -27.837  50.178 0.0000000000
51739  14.620  -28.771  50.359 0.0000000000
51725  14.262  -29.186  50.848 0.0000000000
52954  13.019  -27.639  52.065 0.0000000000
51715  13.546  -28.730  51.490 0.0000000000
52955  12.801  -28.325  52.451 0.0000000000
55386  13.422  -24.958  53.999 0.0000000000
55375  13.606  -25.055  55.041 0.0000000000
52948  12.573  -27.683  52.996 0.0000000000
52938  12.205  -27.584  53.738 0.0000000000
76374  36.491  -8.727  34.047 0.0000000000
75150  35.558  -10.331  34.414 0.0000000000
73893  35.609  -10.734  33.925 0.0000000000
72662  35.552  -10.980  33.808 0.0000000000
72651  35.175  -11.035  34.168 0.0000000000
72636  34.042  -11.150  35.246 0.0000000000
73803  33.481  -10.566  38.082 0.0000000000
72578  34.117  -11.144  37.662 0.0000000000
72595  34.458  -11.618  36.864 0.0000000000
72559  35.176  -11.764  39.085 0.0000000000
73791  34.461  -11.321  38.996 0.0000000000
77578  29.542  -6.945  37.747 0.0000000000
77593  29.888  -7.387  37.109 0.0000000000
76339  29.506  -8.128  37.291 0.0000000000
73806  30.371  -10.147  38.127 0.0000000000
75090  30.160  -9.099  37.265 0.0000000000
69930  31.475  -13.587  38.369 0.0000000000
71217  32.529  -13.030  40.614 0.0000000000
71227  31.714  -12.648  39.540 0.0000000000
95350  49.025  6.428  18.564 0.0000000000
95349  49.708  6.535  18.388 0.0000000000
95343  49.599  6.124  19.154 0.0000000000
86638  41.519  1.639  28.053 0.0000000000
86639  40.605  1.482  27.318 0.0000000000
86655  39.697  -0.636  25.901 0.0000000000
85241  36.930  -1.357  31.581 0.0000000000
85254  36.762  -1.751  30.562 0.0000000000
86575  36.508  -0.982  29.812 0.0000000000
85283  37.108  -1.431  28.778 0.0000000000
86622  37.220  -1.120  28.417 0.0000000000
83917  40.385  -2.693  29.685 0.0000000000
83958  39.330  -2.760  27.715 0.0000000000
83977  39.918  -2.856  27.081 0.0000000000
85319  39.483  -2.374  26.652 0.0000000000
83955  42.645  -3.601  27.072 0.0000000000
83975  41.730  -3.291  26.295 0.0000000000
83974  42.759  -3.290  25.956 0.0000000000
83988  42.524  -2.473  25.328 0.0000000000
83973  43.605  -2.465  25.872 0.0000000000
73874  38.379  -10.430  34.118 0.0000000000
75121  40.362  -9.650  35.518 0.0000000000
76356  40.417  -8.971  34.972 0.0000000000
76371  40.483  -8.460  34.511 0.0000000000
77604  40.961  -8.559  35.358 0.0000000000
78803  42.035  -7.456  35.810 0.0000000000
80002  42.574  -6.865  35.576 0.0000000000
108315  57.050  16.384  9.113 0.0000000000
108314  57.734  17.125  9.041 0.0000000000
107017  57.434  16.045  8.398 0.0000000000
107028  57.295  15.153  8.244 0.0000000000
104423  54.369  13.191  14.493 0.0000000000
105670  54.535  14.748  13.224 0.0000000000
105674  54.581  14.574  12.036 0.0000000000
104455  56.062  13.056  10.820 0.0000000000
104470  55.320  14.196  10.238 0.0000000000
105698  55.905  14.639  9.727 0.0000000000
104482  56.428  14.090  9.201 0.0000000000
96648  51.937  6.785  17.836 0.0000000000
76388  37.053  -9.225  32.689 0.0000000000
75191  37.585  -9.121  32.494 0.0000000000
75170  38.522  -9.613  33.319 0.0000000000
99286  49.217  9.819  18.737 0.0000000000
99285  50.013  10.383  18.494 0.0000000000
99300  50.121  9.794  17.591 0.0000000000
50290  14.027  -30.060  52.654 0.0000000000
96565  45.955  9.360  25.410 0.0000000000
87951  42.010  0.805  23.962 0.0000000000
89174  42.042  1.379  23.601 0.0000000000
87957  42.333  0.905  23.660 0.0000000000
86674  44.114  -0.183  24.766 0.0000000000
85325  44.094  -1.049  25.531 0.0000000000
85316  44.571  -1.493  26.189 0.0000000000
61414  22.511  -20.904  43.202 0.0000000000
60338  23.047  -21.416  42.895 0.0000000000
60339  22.442  -21.241  43.233 0.0000000000
59089  21.104  -22.723  44.144 0.0000000000
59073  20.346  -22.866  44.766 0.0000000000
57687  15.962  -22.295  51.368 0.0000000000
77590  33.008  -7.282  37.247 0.0000000000
76336  32.716  -7.327  36.674 0.0000000000
77607  31.707  -7.118  36.176 0.0000000000
76352  30.686  -7.741  36.447 0.0000000000
66102  31.067  -17.112  39.977 0.0000000000
82476  42.743  -4.336  32.801 0.0000000000
82475  43.346  -3.940  32.888 0.0000000000
89138  41.843  2.285  27.468 0.0000000000
64854  27.802  -17.436  38.684 0.0000000000
63575  27.437  -18.259  39.361 0.0000000000
66128  26.071  -17.174  39.127 0.0000000000
67329  24.775  -15.855  41.541 0.0000000000
67306  24.459  -15.519  42.023 0.0000000000
68657  29.274  -14.144  40.810 0.0000000000
69914  29.271  -13.230  40.084 0.0000000000
67391  28.754  -15.710  38.065 0.0000000000
64876  28.103  -16.871  38.350 0.0000000000
81253  36.414  -3.671  32.606 0.0000000000
80067  36.532  -4.889  30.877 0.0000000000
78849  38.887  -7.044  31.878 0.0000000000
78859  38.415  -6.847  31.130 0.0000000000
80054  40.520  -5.551  32.256 0.0000000000
80042  40.879  -6.115  32.906 0.0000000000
99297  53.290  11.534  17.741 0.0000000000
101934  54.151  11.497  15.006 0.0000000000
100636  53.785  11.165  14.947 0.0000000000
96682  53.167  7.585  15.147 0.0000000000
96689  53.423  8.072  14.714 0.0000000000
96687  54.855  7.652  14.760 0.0000000000
97966  55.649  8.182  14.380 0.0000000000
97955  55.470  7.744  14.967 0.0000000000
96606  45.169  6.965  21.228 0.0000000000
94082  46.123  5.322  21.343 0.0000000000
94081  46.933  4.998  21.723 0.0000000000
94066  46.956  4.025  22.275 0.0000000000
95243  43.608  7.131  26.174 0.0000000000
72592  37.683  -12.264  37.301 0.0000000000
97875  49.225  11.197  22.716 0.0000000000
63542  26.849  -19.062  40.867 0.0000000000
62441  26.960  -20.378  42.382 0.0000000000
56577  22.728  -25.561  47.112 0.0000000000
55481  23.231  -25.661  47.833 0.0000000000
55482  22.514  -25.765  47.744 0.0000000000
55447  21.740  -25.924  49.240 0.0000000000
55448  20.737  -25.911  49.385 0.0000000000
60275  19.484  -20.441  47.282 0.0000000000
54199  17.618  -27.513  48.945 0.0000000000
52988  16.110  -27.160  49.087 0.0000000000
55406  14.764  -24.520  51.432 0.0000000000
55418  14.372  -25.437  50.673 0.0000000000
52963  13.807  -27.330  50.804 0.0000000000
52964  13.724  -27.893  51.049 0.0000000000
54158  13.257  -26.147  53.005 0.0000000000
54140  12.226  -26.208  54.543 0.0000000000
73859  34.771  -10.781  34.530 0.0000000000
73792  33.806  -10.815  39.426 0.0000000000
73816  29.325  -9.794  37.785 0.0000000000
75091  29.542  -8.910  37.505 0.0000000000
68677  32.137  -14.979  39.948 0.0000000000
69913  32.514  -14.273  40.681 0.0000000000
86619  39.972  1.689  28.019 0.0000000000
83920  37.660  -2.783  29.741 0.0000000000
83916  41.369  -2.996  29.543 0.0000000000
73833  39.843  -11.110  36.162 0.0000000000
73856  39.591  -10.718  35.449 0.0000000000
75096  40.660  -10.027  36.191 0.0000000000
75095  41.464  -9.906  36.460 0.0000000000
103191  54.184  12.125  13.620 0.0000000000
103224  56.928  12.652  10.533 0.0000000000
104468  57.495  12.946  9.837 0.0000000000
67326  27.077  -15.029  41.902 0.0000000000
69905  29.291  -13.250  41.289 0.0000000000
96660  53.647  6.639  17.018 0.0000000000
96659  54.704  6.657  17.225 0.0000000000
96634  53.354  6.421  18.803 0.0000000000
78850  35.707  -6.564  32.462 0.0000000000
77665  36.355  -7.361  31.341 0.0000000000
77664  36.810  -7.500  31.085 0.0000000000
76416  37.689  -8.199  31.758 0.0000000000
77663  37.655  -7.634  31.261 0.0000000000
77652  38.473  -7.741  31.908 0.0000000000
77638  39.268  -7.886  32.619 0.0000000000
99283  52.295  11.860  19.080 0.0000000000
100611  51.767  11.316  18.536 0.0000000000
100600  50.603  10.686  18.403 0.0000000000
100624  51.750  11.027  17.734 0.0000000000
99310  52.182  10.754  16.900 0.0000000000
99320  52.572  9.989  15.548 0.0000000000
50302  16.406  -30.530  52.082 0.0000000000
95303  44.162  6.589  22.296 0.0000000000
94049  41.617  5.049  25.088 0.0000000000
92864  41.476  4.223  24.126 0.0000000000
90403  42.693  1.845  23.249 0.0000000000
90387  43.303  2.220  23.182 0.0000000000
89156  46.062  1.018  24.808 0.0000000000
86651  46.439  -0.433  26.790 0.0000000000
86663  45.264  -0.277  25.845 0.0000000000
86652  45.724  -0.567  26.463 0.0000000000
72557  37.079  -12.529  39.350 0.0000000000
61425  25.440  -21.285  42.127 0.0000000000
60351  24.640  -21.578  42.335 0.0000000000
56595  22.015  -25.044  46.420 0.0000000000
57708  16.543  -23.101  49.398 0.0000000000
56546  16.469  -24.098  49.075 0.0000000000
56547  16.036  -24.605  49.451 0.0000000000
56515  15.202  -22.909  51.673 0.0000000000
55395  14.592  -24.284  52.401 0.0000000000
56509  14.495  -24.009  53.377 0.0000000000
75128  33.319  -9.874  35.363 0.0000000000
76348  33.438  -9.152  35.951 0.0000000000
68689  30.628  -14.666  37.426 0.0000000000
69941  30.588  -13.410  37.584 0.0000000000
67396  31.417  -15.356  38.129 0.0000000000
66124  31.428  -16.633  39.189 0.0000000000
67375  31.858  -15.837  39.454 0.0000000000
67362  32.045  -15.793  40.447 0.0000000000
95298  50.227  5.570  22.113 0.0000000000
87887  38.454  0.974  28.877 0.0000000000
87910  37.868  0.427  28.359 0.0000000000
82516  39.728  -3.436  30.665 0.0000000000
83879  40.720  -3.473  31.184 0.0000000000
83858  42.122  -3.123  32.189 0.0000000000
83877  42.193  -2.937  31.405 0.0000000000
95233  45.094  7.216  27.347 0.0000000000
94040  42.415  6.084  26.849 0.0000000000
92840  41.851  5.402  26.976 0.0000000000
91602  41.099  3.092  25.246 0.0000000000
90372  41.146  2.644  24.823 0.0000000000
90359  41.097  2.540  25.821 0.0000000000
89168  41.132  2.136  24.678 0.0000000000
89167  41.267  1.596  24.331 0.0000000000
64800  28.939  -18.271  41.784 0.0000000000
63540  28.355  -18.499  41.227 0.0000000000
63557  27.103  -18.661  40.169 0.0000000000
62457  24.914  -19.841  40.789 0.0000000000
66103  26.455  -15.820  39.964 0.0000000000
66104  25.867  -16.432  39.664 0.0000000000
66105  25.507  -17.220  39.645 0.0000000000
66059  25.129  -15.987  41.152 0.0000000000
64819  24.692  -17.226  40.452 0.0000000000
64836  24.984  -17.757  40.137 0.0000000000
63560  24.612  -18.520  40.499 0.0000000000
62476  24.707  -19.249  40.651 0.0000000000
61440  24.456  -20.053  41.390 0.0000000000
62429  23.206  -19.263  43.124 0.0000000000
61413  22.724  -20.322  43.232 0.0000000000
61400  22.147  -19.998  43.683 0.0000000000
62418  21.808  -19.845  43.882 0.0000000000
78770  31.415  -5.415  38.452 0.0000000000
78771  30.168  -6.146  38.249 0.0000000000
77579  29.146  -7.675  38.293 0.0000000000
75076  28.962  -9.315  38.138 0.0000000000
75050  29.046  -9.806  40.026 0.0000000000
68690  29.812  -14.396  37.313 0.0000000000
67398  29.984  -15.553  37.253 0.0000000000
66151  30.345  -16.750  37.834 0.0000000000
66152  29.235  -16.328  37.600 0.0000000000
64874  29.361  -17.221  38.014 0.0000000000
85232  37.641  -0.671  33.032 0.0000000000
80056  35.579  -5.511  31.814 0.0000000000
80068  36.218  -5.501  31.070 0.0000000000
80078  36.974  -5.351  30.471 0.0000000000
78867  37.884  -6.378  30.579 0.0000000000
80077  37.998  -5.544  30.380 0.0000000000
81273  38.392  -4.606  30.409 0.0000000000
82505  40.320  -3.990  31.158 0.0000000000
82492  40.699  -4.363  31.810 0.0000000000
81250  41.766  -4.622  32.547 0.0000000000
81249  42.400  -4.575  32.759 0.0000000000
103182  54.150  12.452  14.456 0.0000000000
101948  54.548  11.441  13.404 0.0000000000
101947  54.945  10.976  13.060 0.0000000000
97980  53.784  9.337  13.817 0.0000000000
99337  54.946  9.731  13.040 0.0000000000
99346  55.641  9.852  12.761 0.0000000000
95283  47.971  5.191  22.978 0.0000000000
96553  45.066  8.040  25.320 0.0000000000
94075  44.082  5.853  22.266 0.0000000000
94069  42.920  4.986  23.109 0.0000000000
92861  46.780  3.102  23.306 0.0000000000
73890  37.734  -10.364  33.478 0.0000000000
73858  38.101  -11.283  34.557 0.0000000000
73834  39.162  -11.350  35.584 0.0000000000
99256  50.694  11.255  20.262 0.0000000000
99271  49.661  10.479  19.525 0.0000000000
97912  49.292  10.129  20.024 0.0000000000
99272  49.222  9.895  19.310 0.0000000000
63515  27.509  -19.411  43.352 0.0000000000
62410  21.539  -18.549  45.028 0.0000000000
61380  20.960  -19.836  45.065 0.0000000000
60305  19.932  -22.312  45.118 0.0000000000
59074  19.811  -22.913  45.423 0.0000000000
56597  20.138  -24.527  46.536 0.0000000000
59036  18.244  -22.852  47.091 0.0000000000
56580  19.555  -24.861  46.879 0.0000000000
55484  20.171  -25.397  47.663 0.0000000000
55449  19.595  -26.518  49.442 0.0000000000
50315  17.125  -29.509  51.084 0.0000000000
50316  16.535  -29.649  50.949 0.0000000000
50331  16.170  -29.318  50.461 0.0000000000
50332  15.910  -29.500  50.585 0.0000000000
50304  14.179  -29.634  51.887 0.0000000000
50305  13.678  -29.634  52.315 0.0000000000
50291  13.256  -29.770  52.635 0.0000000000
55385  14.013  -24.467  53.732 0.0000000000
55397  13.660  -25.105  53.212 0.0000000000
54159  12.900  -26.875  53.224 0.0000000000
82478  37.898  -2.963  33.977 0.0000000000
76359  36.441  -9.240  34.704 0.0000000000
72661  35.985  -11.103  33.605 0.0000000000
73861  33.414  -10.105  35.381 0.0000000000
73835  33.715  -10.913  35.570 0.0000000000
72620  33.515  -10.838  36.159 0.0000000000
78806  30.776  -6.431  36.832 0.0000000000
77609  30.401  -7.428  36.661 0.0000000000
75105  29.699  -9.230  37.474 0.0000000000
75061  31.461  -9.881  38.663 0.0000000000
71239  30.787  -12.213  37.999 0.0000000000
71238  31.329  -12.330  38.597 0.0000000000
72579  31.206  -11.273  38.532 0.0000000000
73794  31.665  -10.428  39.062 0.0000000000
95332  51.666  6.096  19.998 0.0000000000
87933  40.832  0.847  26.026 0.0000000000
86546  37.522  -0.011  32.561 0.0000000000
86547  37.172  -0.278  31.701 0.0000000000
87837  37.235  0.516  30.914 0.0000000000
87860  36.650  0.175  29.693 0.0000000000
87889  36.721  0.054  28.981 0.0000000000
86596  37.093  -0.185  28.338 0.0000000000
83939  38.561  -2.600  28.743 0.0000000000
83938  39.443  -2.837  28.814 0.0000000000
85303  38.431  -1.880  27.952 0.0000000000
86642  38.234  -1.186  27.325 0.0000000000
85318  39.746  -1.973  25.793 0.0000000000
85329  40.543  -2.351  25.501 0.0000000000
85328  41.331  -2.089  25.070 0.0000000000
83972  44.179  -2.099  26.224 0.0000000000
83952  45.344  -2.271  26.887 0.0000000000
75148  38.842  -9.726  34.109 0.0000000000
75122  39.748  -9.927  34.995 0.0000000000
75147  39.436  -9.502  34.378 0.0000000000
75169  39.063  -9.163  33.981 0.0000000000
76372  39.862  -8.733  34.199 0.0000000000
77626  40.514  -8.002  34.113 0.0000000000
76344  41.449  -9.218  36.180 0.0000000000
77587  41.874  -8.755  36.377 0.0000000000
77603  41.605  -8.215  35.765 0.0000000000
77614  41.506  -7.790  35.135 0.0000000000
78828  41.039  -7.243  34.174 0.0000000000
78827  41.570  -7.083  34.571 0.0000000000
80017  42.478  -6.697  34.869 0.0000000000
104429  54.260  13.735  13.718 0.0000000000
106984  55.164  16.036  13.441 0.0000000000
106992  54.734  15.761  12.121 0.0000000000
107003  55.109  16.047  11.324 0.0000000000
101955  55.915  11.372  11.929 0.0000000000
103213  55.232  12.781  11.642 0.0000000000
103212  56.163  12.318  11.308 0.0000000000
107012  55.280  15.686  10.668 0.0000000000
107011  55.825  15.748  10.103 0.0000000000
107019  56.197  15.368  9.436 0.0000000000
105712  56.837  14.440  8.453 0.0000000000
51723  16.973  -29.343  50.793 0.0000000000
51724  14.963  -29.179  50.589 0.0000000000
52974  17.915  -28.054  50.177 0.0000000000
54174  13.682  -27.145  51.192 0.0000000000
56561  20.844  -25.425  47.762 0.0000000000
61402  21.252  -20.667  43.966 0.0000000000
62443  23.519  -19.672  42.617 0.0000000000
63527  28.526  -18.481  41.671 0.0000000000
63578  25.409  -18.171  39.782 0.0000000000
64837  24.582  -17.947  40.396 0.0000000000
66079  26.314  -15.482  40.442 0.0000000000
66082  24.567  -16.962  40.702 0.0000000000
66129  25.768  -17.527  39.307 0.0000000000
66171  30.318  -16.120  37.382 0.0000000000
67328  25.123  -15.424  41.560 0.0000000000
68688  31.237  -14.734  37.948 0.0000000000
71208  29.414  -12.418  41.536 0.0000000000
71218  29.293  -12.403  40.472 0.0000000000
72561  29.122  -11.529  39.811 0.0000000000
72663  35.435  -10.855  34.024 0.0000000000
73837  29.731  -9.546  37.551 0.0000000000
73838  29.546  -9.383  37.592 0.0000000000
73876  35.689  -10.346  34.136 0.0000000000
75106  29.515  -9.139  37.590 0.0000000000
76331  41.995  -9.305  36.828 0.0000000000
76351  31.301  -7.714  36.224 0.0000000000
76417  37.010  -8.140  31.487 0.0000000000
77577  31.832  -5.826  38.898 0.0000000000
77594  29.311  -7.677  37.582 0.0000000000
77608  31.025  -6.901  36.313 0.0000000000
78787  31.071  -5.878  37.332 0.0000000000
78807  30.450  -6.928  36.810 0.0000000000
78817  42.237  -7.031  35.579 0.0000000000
78819  41.449  -7.522  34.748 0.0000000000
80018  41.875  -6.881  34.681 0.0000000000
80066  38.390  -6.206  30.640 0.0000000000
80079  36.564  -5.386  30.741 0.0000000000
83990  41.187  -2.751  25.725 0.0000000000
85266  37.539  -2.280  29.090 0.0000000000
86653  45.049  -0.768  26.120 0.0000000000
87950  42.870  0.643  23.732 0.0000000000
87956  42.486  1.027  23.509 0.0000000000
89158  41.142  2.067  25.148 0.0000000000
90371  41.253  2.825  24.340 0.0000000000
90404  42.243  1.759  23.350 0.0000000000
91587  41.076  2.933  25.479 0.0000000000
99339  53.772  9.773  13.891 0.0000000000
100598  51.760  11.588  19.381 0.0000000000
100612  51.086  10.782  17.988 0.0000000000
