#!ascii label  , from subject 3213 vox2ras=TkReg
1017
133052  46.828  37.807  9.704 0.0000000000
128661  47.481  33.813  1.732 0.0000000000
137748  46.586  41.734  -0.677 0.0000000000
123152  47.508  28.601  -5.643 0.0000000000
125439  46.440  30.643  8.750 0.0000000000
136678  53.514  40.236  -0.314 0.0000000000
127674  48.127  32.724  -4.870 0.0000000000
132048  38.404  36.727  0.248 0.0000000000
133135  51.441  37.296  3.401 0.0000000000
128632  49.916  33.482  6.755 0.0000000000
124256  46.029  29.293  3.427 0.0000000000
136629  42.338  40.030  3.597 0.0000000000
133218  42.863  37.622  -2.745 0.0000000000
134397  46.731  38.761  -0.162 0.0000000000
132114  46.545  36.599  -6.415 0.0000000000
134362  37.647  39.172  2.321 0.0000000000
134303  50.262  37.772  7.130 0.0000000000
130786  48.872  35.164  8.577 0.0000000000
124237  45.600  29.679  5.626 0.0000000000
138733  48.035  41.657  3.317 0.0000000000
137630  45.774  41.610  6.136 0.0000000000
136664  44.996  40.469  1.373 0.0000000000
135557  41.381  39.432  -0.794 0.0000000000
136726  44.052  40.477  -2.116 0.0000000000
132009  48.008  36.593  3.965 0.0000000000
134376  49.897  38.898  1.625 0.0000000000
132041  47.201  36.506  0.861 0.0000000000
125626  49.044  30.557  -7.018 0.0000000000
129776  48.312  34.591  -5.632 0.0000000000
126694  46.821  31.379  -6.480 0.0000000000
128705  46.033  33.566  -4.665 0.0000000000
124380  45.911  29.110  -4.135 0.0000000000
120730  44.760  26.482  -2.148 0.0000000000
130770  44.649  35.274  11.128 0.0000000000
128597  46.920  33.249  9.800 0.0000000000
138752  49.996  42.539  -0.110 0.0000000000
125540  46.741  31.216  -0.935 0.0000000000
128692  47.674  33.480  -1.968 0.0000000000
125587  48.615  30.834  -3.891 0.0000000000
125613  50.600  30.786  -5.745 0.0000000000
133131  55.396  37.937  3.139 0.0000000000
134323  52.634  38.392  5.482 0.0000000000
131997  50.398  36.083  5.147 0.0000000000
128660  47.922  33.985  4.869 0.0000000000
127569  48.020  32.342  8.412 0.0000000000
126584  46.118  32.248  4.946 0.0000000000
127632  46.010  32.042  2.517 0.0000000000
124299  48.015  29.202  0.855 0.0000000000
129628  42.788  34.810  12.886 0.0000000000
138664  42.684  42.392  7.429 0.0000000000
137683  39.234  41.239  4.456 0.0000000000
135516  39.895  39.842  0.903 0.0000000000
133207  40.848  37.413  -1.530 0.0000000000
130877  44.265  35.637  0.421 0.0000000000
133175  53.761  38.315  0.556 0.0000000000
135551  51.217  40.057  -1.584 0.0000000000
136710  47.275  40.754  -1.952 0.0000000000
132078  48.290  35.888  -2.642 0.0000000000
133229  46.766  37.961  -4.339 0.0000000000
136742  45.433  39.822  -5.267 0.0000000000
132098  44.898  37.316  -5.496 0.0000000000
129752  45.552  34.298  -2.086 0.0000000000
134347  36.364  38.919  2.892 0.0000000000
136635  37.148  40.267  3.574 0.0000000000
134291  48.642  37.619  8.693 0.0000000000
131950  47.621  36.166  8.915 0.0000000000
137726  47.776  41.757  1.525 0.0000000000
137716  46.627  41.632  2.467 0.0000000000
136683  45.824  41.127  -0.070 0.0000000000
136700  44.281  40.374  0.056 0.0000000000
136713  45.047  41.189  -1.757 0.0000000000
130851  47.474  35.578  2.882 0.0000000000
132029  47.251  36.525  2.185 0.0000000000
129730  47.767  34.577  1.149 0.0000000000
124412  47.959  29.680  -6.602 0.0000000000
126693  47.607  31.491  -6.647 0.0000000000
125616  46.589  30.389  -6.320 0.0000000000
126685  45.734  30.766  -5.740 0.0000000000
123142  46.655  28.244  -4.897 0.0000000000
121926  46.278  27.435  -3.709 0.0000000000
121925  47.112  27.210  -3.903 0.0000000000
128585  45.748  33.249  11.008 0.0000000000
137723  50.955  41.779  1.267 0.0000000000
138762  52.028  42.189  -0.109 0.0000000000
124339  48.322  29.804  -1.958 0.0000000000
125552  47.788  30.372  -2.044 0.0000000000
124357  49.408  29.681  -2.903 0.0000000000
125601  51.825  30.530  -5.063 0.0000000000
124397  52.026  30.218  -6.064 0.0000000000
124399  51.065  29.537  -6.568 0.0000000000
131973  50.293  35.886  7.437 0.0000000000
133101  50.890  36.741  6.258 0.0000000000
130809  50.590  35.188  6.206 0.0000000000
130823  49.815  35.250  5.140 0.0000000000
127611  49.017  33.089  5.564 0.0000000000
126533  46.883  31.437  9.257 0.0000000000
127554  47.805  32.549  9.071 0.0000000000
126549  47.083  31.429  8.345 0.0000000000
124247  45.541  29.695  4.467 0.0000000000
126575  45.744  31.235  6.244 0.0000000000
125482  45.363  30.789  4.264 0.0000000000
126598  45.590  31.883  3.961 0.0000000000
124270  45.640  30.378  2.736 0.0000000000
124283  46.572  29.789  1.255 0.0000000000
123067  47.335  29.035  1.930 0.0000000000
123064  50.420  28.687  1.546 0.0000000000
137679  43.733  40.899  5.011 0.0000000000
137611  43.912  41.980  7.170 0.0000000000
137657  42.619  41.313  5.961 0.0000000000
137635  41.152  41.383  6.809 0.0000000000
136594  41.243  40.823  5.154 0.0000000000
136651  39.809  40.602  2.411 0.0000000000
136650  40.726  40.237  2.569 0.0000000000
135582  41.240  39.033  -2.688 0.0000000000
135572  40.328  38.738  -1.936 0.0000000000
133233  41.304  37.845  -2.774 0.0000000000
132060  42.438  37.115  -0.669 0.0000000000
132059  43.303  36.853  -0.993 0.0000000000
133133  53.331  37.795  2.879 0.0000000000
133147  54.507  37.921  2.099 0.0000000000
133149  52.684  37.345  2.171 0.0000000000
135510  48.117  39.222  0.976 0.0000000000
135508  50.241  39.347  0.694 0.0000000000
136681  49.008  40.170  -0.649 0.0000000000
136708  49.757  40.903  -1.571 0.0000000000
135567  47.174  40.106  -1.470 0.0000000000
127668  47.791  32.690  -3.280 0.0000000000
129751  48.321  34.584  -1.858 0.0000000000
128703  47.954  34.042  -4.148 0.0000000000
130923  47.776  35.407  -6.476 0.0000000000
132095  48.298  36.475  -4.902 0.0000000000
133249  47.094  37.678  -5.807 0.0000000000
134443  45.884  39.136  -4.852 0.0000000000
135615  45.912  39.158  -6.434 0.0000000000
134451  44.768  38.783  -6.097 0.0000000000
132106  45.865  36.694  -5.934 0.0000000000
127663  45.311  32.112  -3.256 0.0000000000
129758  45.803  34.057  -3.036 0.0000000000
127659  44.825  32.135  -2.251 0.0000000000
128687  44.658  33.101  -0.729 0.0000000000
135506  55.342  39.347  0.650 0.0000000000
133182  36.200  37.064  0.451 0.0000000000
134399  37.531  37.743  0.231 0.0000000000
135445  51.660  39.178  7.544 0.0000000000
134289  50.410  38.904  7.927 0.0000000000
133076  49.525  36.788  7.912 0.0000000000
129662  49.931  34.582  8.187 0.0000000000
124222  45.704  29.622  7.569 0.0000000000
138717  47.074  41.485  3.993 0.0000000000
136605  45.471  40.917  3.777 0.0000000000
136627  44.376  40.342  3.232 0.0000000000
135495  42.382  39.680  2.082 0.0000000000
135536  43.610  39.967  0.871 0.0000000000
135569  43.247  39.951  -1.332 0.0000000000
134435  42.945  38.714  -3.791 0.0000000000
133136  50.374  37.101  3.848 0.0000000000
134358  51.028  37.869  2.000 0.0000000000
133153  48.771  37.780  3.053 0.0000000000
134378  47.612  38.547  1.708 0.0000000000
133177  46.713  37.666  -0.050 0.0000000000
126683  48.610  31.615  -6.021 0.0000000000
128710  48.158  33.683  -5.118 0.0000000000
127694  48.167  32.549  -6.313 0.0000000000
128731  47.341  33.464  -6.740 0.0000000000
129784  47.090  34.437  -6.462 0.0000000000
130919  46.354  35.504  -5.843 0.0000000000
127687  46.104  32.660  -5.793 0.0000000000
126664  45.624  31.094  -3.965 0.0000000000
125569  45.278  30.088  -2.757 0.0000000000
120714  46.145  26.242  -1.734 0.0000000000
131938  45.471  36.282  10.150 0.0000000000
130777  46.550  35.270  9.623 0.0000000000
129645  45.912  34.265  10.646 0.0000000000
127542  46.640  32.532  10.127 0.0000000000
125416  46.400  30.967  10.024 0.0000000000
137698  50.208  41.333  3.282 0.0000000000
137725  48.861  41.875  1.331 0.0000000000
137746  48.076  42.552  -0.559 0.0000000000
127644  46.854  32.878  0.193 0.0000000000
127643  47.264  33.293  -0.066 0.0000000000
127657  46.921  32.316  -1.390 0.0000000000
126645  47.658  31.944  -2.170 0.0000000000
126663  48.023  31.857  -3.797 0.0000000000
124377  50.275  30.051  -3.642 0.0000000000
125603  49.695  30.637  -5.064 0.0000000000
125604  48.960  31.232  -5.030 0.0000000000
125625  49.682  30.587  -6.697 0.0000000000
123159  49.562  29.333  -6.698 0.0000000000
123140  48.811  27.942  -5.189 0.0000000000
121923  49.052  27.606  -3.912 0.0000000000
134332  54.071  38.536  4.886 0.0000000000
134334  52.397  37.886  4.695 0.0000000000
134312  52.020  38.476  6.269 0.0000000000
134324  51.790  37.812  5.342 0.0000000000
133124  51.250  37.196  4.330 0.0000000000
131998  49.526  36.105  4.809 0.0000000000
130837  48.205  35.239  4.591 0.0000000000
128653  47.256  33.635  3.033 0.0000000000
129653  47.970  34.355  9.191 0.0000000000
128609  48.988  33.262  8.588 0.0000000000
127583  49.250  32.707  7.770 0.0000000000
126562  46.493  31.357  7.216 0.0000000000
126561  47.316  32.006  6.945 0.0000000000
127602  48.520  32.715  6.088 0.0000000000
127613  47.417  32.853  5.064 0.0000000000
127623  46.617  32.829  3.357 0.0000000000
127631  46.375  32.527  2.283 0.0000000000
125522  46.195  31.382  0.737 0.0000000000
124301  46.709  30.182  0.258 0.0000000000
124320  48.607  29.245  -0.463 0.0000000000
123065  49.329  28.828  1.617 0.0000000000
123082  50.124  29.013  0.475 0.0000000000
131925  44.464  36.310  11.298 0.0000000000
130761  43.865  35.381  11.821 0.0000000000
128564  42.367  33.328  12.936 0.0000000000
140460  44.255  44.315  7.490 0.0000000000
139590  40.513  43.382  7.997 0.0000000000
136633  38.583  41.040  3.145 0.0000000000
135517  38.741  39.834  1.025 0.0000000000
134412  38.175  37.949  -0.783 0.0000000000
135539  40.589  39.506  0.065 0.0000000000
135559  39.457  38.751  -0.947 0.0000000000
133196  39.433  37.095  -0.863 0.0000000000
135547  54.776  38.905  -0.888 0.0000000000
134375  51.270  38.462  1.128 0.0000000000
135549  53.066  39.128  -0.754 0.0000000000
136705  52.430  40.641  -1.817 0.0000000000
137754  51.282  41.343  -1.808 0.0000000000
138775  49.472  41.986  -1.534 0.0000000000
137758  47.233  41.918  -1.718 0.0000000000
129738  48.176  34.469  -0.593 0.0000000000
130889  47.944  35.540  -0.949 0.0000000000
133191  46.992  37.272  -1.368 0.0000000000
130905  48.443  35.489  -4.232 0.0000000000
132079  47.931  36.641  -3.058 0.0000000000
133204  46.596  38.050  -2.183 0.0000000000
135578  46.203  39.744  -2.648 0.0000000000
136723  46.257  40.676  -2.963 0.0000000000
137769  45.916  41.436  -2.906 0.0000000000
136734  44.889  40.587  -3.721 0.0000000000
134444  43.482  38.938  -4.801 0.0000000000
133230  43.858  37.754  -3.991 0.0000000000
130913  45.814  35.554  -4.696 0.0000000000
132090  45.312  36.388  -3.952 0.0000000000
132081  44.293  36.985  -3.179 0.0000000000
130897  44.812  35.172  -0.957 0.0000000000
120717  43.844  26.391  -1.044 0.0000000000
135484  36.611  39.754  3.413 0.0000000000
136612  37.450  41.100  4.095 0.0000000000
134278  47.228  37.942  9.572 0.0000000000
134277  48.058  38.239  9.307 0.0000000000
133065  47.077  37.352  9.210 0.0000000000
137738  47.276  41.917  0.425 0.0000000000
137739  46.420  41.543  0.680 0.0000000000
136698  45.673  41.402  -1.151 0.0000000000
129724  47.526  34.615  2.349 0.0000000000
123161  47.999  28.902  -6.215 0.0000000000
124413  47.164  29.845  -6.336 0.0000000000
124400  47.442  29.273  -6.141 0.0000000000
124401  46.617  29.352  -5.963 0.0000000000
123141  47.169  28.205  -5.190 0.0000000000
121942  47.342  27.673  -4.681 0.0000000000
136642  54.314  39.979  1.754 0.0000000000
136661  53.417  40.324  0.692 0.0000000000
137721  52.156  41.465  1.063 0.0000000000
136679  52.712  40.846  -0.117 0.0000000000
124338  49.570  29.366  -1.847 0.0000000000
124392  52.743  30.075  -5.196 0.0000000000
123136  52.246  29.249  -5.406 0.0000000000
132047  39.133  36.535  0.227 0.0000000000
129669  50.466  34.505  7.475 0.0000000000
130800  50.591  35.155  7.062 0.0000000000
129680  50.380  34.344  6.580 0.0000000000
129694  49.968  34.292  5.614 0.0000000000
128639  49.646  33.509  5.908 0.0000000000
124257  45.539  30.098  3.380 0.0000000000
124269  46.052  29.809  2.359 0.0000000000
123050  46.700  29.066  2.629 0.0000000000
136608  43.037  40.419  4.386 0.0000000000
137656  43.515  41.295  5.871 0.0000000000
137680  42.816  40.958  5.185 0.0000000000
136593  41.729  40.922  5.230 0.0000000000
136609  41.890  40.568  4.637 0.0000000000
136630  41.225  40.221  3.543 0.0000000000
134436  42.143  38.442  -3.215 0.0000000000
135594  41.088  38.381  -2.948 0.0000000000
133232  42.064  37.974  -2.967 0.0000000000
133205  42.622  37.398  -1.887 0.0000000000
133134  52.340  37.381  3.122 0.0000000000
133150  51.785  37.283  2.437 0.0000000000
135534  47.497  39.290  0.095 0.0000000000
135533  48.545  39.719  0.038 0.0000000000
135552  48.056  39.730  -0.564 0.0000000000
136696  48.212  40.322  -1.144 0.0000000000
135535  46.949  39.390  -0.572 0.0000000000
127675  47.895  32.684  -4.099 0.0000000000
128704  47.815  33.410  -3.659 0.0000000000
128711  47.931  33.324  -4.409 0.0000000000
132113  47.401  36.390  -6.511 0.0000000000
132104  47.876  36.558  -6.297 0.0000000000
133256  46.768  37.311  -6.452 0.0000000000
134457  46.406  38.262  -6.450 0.0000000000
133257  46.149  37.736  -6.721 0.0000000000
133258  45.589  38.096  -6.660 0.0000000000
126655  45.159  31.036  -2.320 0.0000000000
127658  45.273  32.619  -2.641 0.0000000000
126647  44.792  31.118  -1.598 0.0000000000
127653  44.538  32.102  -1.216 0.0000000000
134363  36.875  38.576  2.145 0.0000000000
134381  36.455  37.764  1.105 0.0000000000
134400  36.824  37.338  0.582 0.0000000000
134380  37.832  38.677  1.167 0.0000000000
135446  50.317  39.183  8.514 0.0000000000
135447  49.850  39.049  8.512 0.0000000000
133077  48.940  37.130  8.348 0.0000000000
131963  49.060  36.116  8.304 0.0000000000
131962  49.851  35.819  7.914 0.0000000000
130785  49.535  35.182  8.211 0.0000000000
138727  48.255  41.827  4.054 0.0000000000
138716  47.645  41.725  4.586 0.0000000000
138728  47.618  41.605  3.643 0.0000000000
136645  45.510  40.915  2.047 0.0000000000
137702  45.871  41.253  3.603 0.0000000000
136626  45.343  40.749  3.092 0.0000000000
136606  44.953  40.644  3.945 0.0000000000
136646  44.756  40.296  2.304 0.0000000000
135512  43.515  39.789  1.707 0.0000000000
136665  44.179  40.094  1.595 0.0000000000
136714  44.179  40.467  -1.004 0.0000000000
135580  43.165  39.823  -2.470 0.0000000000
135591  43.256  39.487  -3.750 0.0000000000
133137  49.240  37.186  3.636 0.0000000000
133152  49.875  37.776  3.076 0.0000000000
133138  48.337  37.139  3.499 0.0000000000
133154  47.716  37.472  2.712 0.0000000000
133165  46.906  37.578  1.491 0.0000000000
126691  49.154  30.975  -6.924 0.0000000000
126692  48.450  31.381  -6.650 0.0000000000
127695  47.729  32.483  -6.702 0.0000000000
127696  47.049  32.421  -6.801 0.0000000000
128732  46.778  33.400  -6.495 0.0000000000
127686  46.389  32.257  -6.150 0.0000000000
124394  45.835  29.353  -5.025 0.0000000000
126675  45.653  31.098  -5.068 0.0000000000
125589  45.673  30.128  -4.548 0.0000000000
125568  45.566  30.088  -3.604 0.0000000000
124359  45.491  29.138  -3.232 0.0000000000
123126  45.821  28.231  -3.564 0.0000000000
120741  46.801  26.967  -3.190 0.0000000000
120742  46.070  26.966  -3.075 0.0000000000
131939  44.966  35.955  10.778 0.0000000000
130778  45.973  35.273  10.149 0.0000000000
130769  45.338  35.264  10.632 0.0000000000
127543  46.033  32.299  10.596 0.0000000000
126520  46.497  31.557  10.029 0.0000000000
126521  45.976  31.519  10.405 0.0000000000
138741  50.862  42.221  0.681 0.0000000000
137724  50.045  42.117  1.173 0.0000000000
137735  49.935  42.406  0.499 0.0000000000
137736  49.342  42.371  0.457 0.0000000000
138753  49.095  42.546  -0.357 0.0000000000
126631  46.519  31.937  -0.218 0.0000000000
127652  46.876  32.522  -0.826 0.0000000000
126639  46.698  31.929  -1.181 0.0000000000
125566  48.053  30.519  -2.651 0.0000000000
125567  47.873  31.273  -2.859 0.0000000000
125588  48.074  31.463  -3.368 0.0000000000
124376  51.325  30.067  -3.632 0.0000000000
125585  51.085  30.356  -4.388 0.0000000000
125612  51.490  30.809  -5.661 0.0000000000
125602  50.814  30.656  -5.071 0.0000000000
125614  49.504  30.938  -5.917 0.0000000000
125624  50.542  30.622  -6.337 0.0000000000
123149  50.513  29.125  -6.371 0.0000000000
123158  50.098  29.590  -6.763 0.0000000000
123150  49.488  28.638  -6.110 0.0000000000
123139  49.368  28.131  -5.329 0.0000000000
121940  49.202  27.853  -4.639 0.0000000000
134322  53.584  38.692  5.623 0.0000000000
134321  54.595  38.644  5.739 0.0000000000
134333  53.196  38.312  4.725 0.0000000000
134302  51.364  38.766  7.149 0.0000000000
134314  50.669  37.217  6.611 0.0000000000
131990  50.737  35.984  5.897 0.0000000000
133100  51.202  37.127  5.772 0.0000000000
133113  50.903  36.665  5.510 0.0000000000
133112  51.261  37.248  5.152 0.0000000000
133125  50.700  36.847  4.789 0.0000000000
132006  50.090  36.583  4.609 0.0000000000
129714  48.432  34.348  4.984 0.0000000000
129707  48.434  35.029  4.781 0.0000000000
129715  48.060  34.716  4.606 0.0000000000
129716  47.547  34.685  3.592 0.0000000000
128652  47.624  33.957  4.447 0.0000000000
129654  47.049  34.250  9.522 0.0000000000
130776  47.335  35.255  9.226 0.0000000000
128610  48.215  32.849  8.876 0.0000000000
127568  48.697  32.579  8.110 0.0000000000
128621  49.446  32.996  8.112 0.0000000000
124230  45.629  29.649  6.617 0.0000000000
125450  45.904  30.450  7.269 0.0000000000
125459  45.635  30.427  6.349 0.0000000000
126585  45.662  31.520  5.185 0.0000000000
126574  46.527  31.978  6.100 0.0000000000
127594  47.865  32.440  6.562 0.0000000000
127595  47.233  32.352  6.080 0.0000000000
127603  47.686  32.655  5.802 0.0000000000
127604  46.926  32.451  5.405 0.0000000000
126608  45.727  31.622  2.778 0.0000000000
127615  46.017  32.573  3.837 0.0000000000
127624  45.970  32.306  3.106 0.0000000000
126617  46.018  31.713  1.901 0.0000000000
126616  46.362  32.155  1.462 0.0000000000
125512  45.969  31.182  1.149 0.0000000000
124300  47.376  29.521  0.380 0.0000000000
133041  44.494  36.888  11.744 0.0000000000
130759  43.295  35.479  12.672 0.0000000000
130758  43.606  35.923  12.320 0.0000000000
130762  43.543  34.908  12.161 0.0000000000
129637  43.874  34.550  12.003 0.0000000000
129632  43.397  34.325  12.331 0.0000000000
138663  43.732  42.479  7.491 0.0000000000
139586  44.534  43.269  7.825 0.0000000000
139587  43.448  43.282  7.706 0.0000000000
140477  43.768  44.662  7.055 0.0000000000
140461  43.155  43.970  7.393 0.0000000000
140462  42.173  43.833  7.267 0.0000000000
139589  41.411  43.240  7.693 0.0000000000
137659  40.324  41.055  5.581 0.0000000000
137704  38.412  41.358  3.889 0.0000000000
137703  38.882  41.250  3.639 0.0000000000
136669  39.502  40.401  1.568 0.0000000000
136652  38.891  40.784  2.186 0.0000000000
134379  38.410  39.016  0.485 0.0000000000
135541  38.753  39.113  -0.133 0.0000000000
135538  41.623  39.447  0.319 0.0000000000
135514  41.882  39.605  1.450 0.0000000000
134426  40.384  38.188  -2.344 0.0000000000
134418  40.030  38.268  -1.750 0.0000000000
133222  39.789  37.908  -1.571 0.0000000000
133209  39.180  37.642  -1.232 0.0000000000
133208  39.988  37.572  -1.306 0.0000000000
132061  40.360  36.726  -0.151 0.0000000000
133179  41.228  37.004  -0.205 0.0000000000
132043  43.799  36.329  0.030 0.0000000000
133161  54.067  38.166  1.092 0.0000000000
133160  55.039  37.779  1.034 0.0000000000
134391  54.983  37.961  0.144 0.0000000000
134406  55.429  38.368  -0.075 0.0000000000
134408  53.860  38.701  -0.414 0.0000000000
134359  50.449  38.202  2.234 0.0000000000
135531  50.922  39.525  -0.436 0.0000000000
135530  52.179  39.327  -0.257 0.0000000000
135550  52.013  39.853  -1.013 0.0000000000
135564  52.651  39.899  -1.477 0.0000000000
135565  51.886  40.341  -1.666 0.0000000000
137764  52.252  41.256  -2.076 0.0000000000
136707  50.936  40.743  -1.869 0.0000000000
136709  48.611  40.973  -1.625 0.0000000000
137756  49.085  41.475  -1.775 0.0000000000
137757  47.975  41.525  -1.829 0.0000000000
138776  48.564  41.997  -1.596 0.0000000000
137767  47.120  41.373  -2.111 0.0000000000
128686  47.626  33.568  -1.101 0.0000000000
129739  48.051  34.386  0.037 0.0000000000
128676  48.000  34.104  -0.742 0.0000000000
130894  48.396  35.239  -2.193 0.0000000000
130888  48.379  35.053  -1.363 0.0000000000
130895  48.185  35.523  -1.673 0.0000000000
132070  47.748  36.220  -1.854 0.0000000000
129769  48.260  34.690  -4.701 0.0000000000
130911  48.398  35.506  -5.279 0.0000000000
133228  47.543  37.418  -4.586 0.0000000000
132089  48.065  36.914  -4.091 0.0000000000
133215  47.443  37.400  -3.640 0.0000000000
133203  47.263  37.270  -2.545 0.0000000000
133216  46.648  37.993  -3.272 0.0000000000
134425  46.179  38.795  -2.887 0.0000000000
135599  45.680  39.583  -5.019 0.0000000000
135590  45.574  39.640  -3.928 0.0000000000
136733  45.410  40.240  -3.847 0.0000000000
137775  46.168  41.183  -3.128 0.0000000000
137777  45.386  40.715  -3.460 0.0000000000
137770  45.394  41.052  -3.168 0.0000000000
136743  44.943  40.086  -4.814 0.0000000000
133250  44.537  38.127  -5.767 0.0000000000
134452  44.199  38.838  -5.532 0.0000000000
133251  43.873  38.399  -5.197 0.0000000000
133242  43.446  38.280  -4.468 0.0000000000
133241  44.122  37.825  -4.986 0.0000000000
129770  46.238  34.414  -5.378 0.0000000000
130912  46.106  35.277  -5.308 0.0000000000
129771  46.071  34.910  -4.978 0.0000000000
130901  45.486  35.099  -2.536 0.0000000000
130906  45.679  35.286  -3.551 0.0000000000
132080  45.241  36.060  -2.814 0.0000000000
132071  45.233  35.688  -2.165 0.0000000000
132072  44.647  36.267  -1.765 0.0000000000
130896  45.246  35.116  -1.733 0.0000000000
127645  44.350  32.154  -0.303 0.0000000000
128679  44.269  33.274  0.211 0.0000000000
121907  44.514  27.200  -2.175 0.0000000000
120716  44.306  26.294  -1.504 0.0000000000
134364  35.661  38.408  2.218 0.0000000000
134346  37.106  39.222  2.888 0.0000000000
134345  37.519  39.557  2.777 0.0000000000
134276  48.797  38.662  9.053 0.0000000000
133064  48.267  36.941  8.774 0.0000000000
131949  48.401  35.891  8.653 0.0000000000
137715  47.757  41.638  2.247 0.0000000000
138729  47.096  41.531  3.078 0.0000000000
137727  46.955  41.711  1.587 0.0000000000
137728  46.115  41.563  1.756 0.0000000000
136663  45.685  41.052  1.040 0.0000000000
136685  44.414  40.328  0.869 0.0000000000
136684  45.061  40.676  0.437 0.0000000000
136699  45.028  40.866  -0.599 0.0000000000
132019  47.589  36.478  3.254 0.0000000000
130863  47.466  35.522  1.633 0.0000000000
125627  48.240  30.573  -6.795 0.0000000000
125628  47.378  30.564  -6.548 0.0000000000
126684  46.139  31.127  -6.067 0.0000000000
125617  45.864  30.139  -6.087 0.0000000000
124402  45.864  29.464  -5.697 0.0000000000
124379  46.175  28.719  -4.766 0.0000000000
123125  46.222  28.175  -4.284 0.0000000000
121943  46.674  27.655  -4.372 0.0000000000
120740  47.637  27.126  -3.163 0.0000000000
129636  44.523  34.261  11.584 0.0000000000
129635  45.275  33.917  11.133 0.0000000000
128571  44.913  33.255  11.215 0.0000000000
137711  51.333  41.354  1.943 0.0000000000
137710  51.932  41.127  1.768 0.0000000000
137734  52.010  42.033  0.690 0.0000000000
138763  51.516  42.263  -0.583 0.0000000000
125539  47.138  30.581  -1.156 0.0000000000
124340  47.585  30.314  -1.573 0.0000000000
124358  48.670  30.067  -3.077 0.0000000000
125611  52.185  30.567  -5.545 0.0000000000
125622  51.823  30.731  -6.015 0.0000000000
124407  51.667  30.601  -6.220 0.0000000000
124408  51.334  30.417  -6.462 0.0000000000
124398  51.475  29.856  -6.511 0.0000000000
123137  51.304  28.676  -5.559 0.0000000000
134311  52.985  38.868  6.405 0.0000000000
133089  50.366  36.698  6.869 0.0000000000
131982  50.651  35.935  6.673 0.0000000000
130822  50.476  35.450  5.568 0.0000000000
130810  50.360  34.924  5.640 0.0000000000
128645  49.240  33.799  5.333 0.0000000000
126606  48.485  33.515  5.446 0.0000000000
127555  47.208  32.354  9.567 0.0000000000
128596  47.865  33.323  9.257 0.0000000000
127570  47.483  31.964  8.995 0.0000000000
125470  45.492  30.562  5.371 0.0000000000
125492  45.481  30.924  3.185 0.0000000000
125502  45.736  30.764  2.073 0.0000000000
125501  46.026  30.155  1.662 0.0000000000
123068  46.748  29.356  1.878 0.0000000000
124282  47.259  29.296  1.280 0.0000000000
123063  51.511  28.559  1.542 0.0000000000
137654  45.281  41.282  5.470 0.0000000000
138686  44.961  41.707  6.872 0.0000000000
137632  44.272  41.573  6.645 0.0000000000
137633  43.278  41.830  6.684 0.0000000000
138688  42.869  42.057  6.990 0.0000000000
137613  41.770  41.848  7.428 0.0000000000
137634  42.315  41.622  6.809 0.0000000000
137682  39.959  40.858  4.625 0.0000000000
136611  39.810  40.773  4.017 0.0000000000
136631  40.223  40.577  3.351 0.0000000000
136668  40.312  40.191  1.707 0.0000000000
135571  41.189  39.393  -1.877 0.0000000000
135583  40.816  38.538  -2.718 0.0000000000
133234  40.726  37.853  -2.565 0.0000000000
133220  41.096  37.559  -2.274 0.0000000000
133194  41.629  37.232  -0.823 0.0000000000
133206  41.722  37.399  -1.737 0.0000000000
133132  54.304  38.183  3.059 0.0000000000
134343  54.115  38.148  2.467 0.0000000000
133148  53.562  37.767  1.998 0.0000000000
133162  53.030  37.716  1.271 0.0000000000
134377  48.694  38.977  1.824 0.0000000000
135509  49.186  39.469  0.930 0.0000000000
135532  49.666  39.917  -0.005 0.0000000000
136680  49.866  40.081  -0.836 0.0000000000
136694  50.330  40.251  -1.387 0.0000000000
136695  49.327  40.510  -1.243 0.0000000000
128685  48.006  34.064  -1.515 0.0000000000
128691  47.986  34.094  -2.335 0.0000000000
128698  47.941  34.117  -3.211 0.0000000000
129757  48.291  34.677  -2.720 0.0000000000
130918  48.254  35.419  -6.082 0.0000000000
132103  48.288  36.280  -5.914 0.0000000000
133239  47.684  37.238  -5.353 0.0000000000
133240  46.957  37.839  -5.229 0.0000000000
134433  45.938  38.769  -4.047 0.0000000000
134450  46.584  38.416  -5.869 0.0000000000
135606  46.159  39.247  -5.646 0.0000000000
135607  46.014  39.988  -6.034 0.0000000000
136751  45.283  39.826  -5.514 0.0000000000
135616  45.589  39.031  -6.486 0.0000000000
133259  45.176  38.209  -6.286 0.0000000000
132107  45.272  37.628  -6.136 0.0000000000
128706  45.824  33.145  -3.916 0.0000000000
129764  46.071  34.370  -4.384 0.0000000000
128700  45.548  33.025  -2.977 0.0000000000
128693  45.399  33.251  -2.195 0.0000000000
129753  45.228  33.987  -1.254 0.0000000000
128694  44.986  32.882  -1.485 0.0000000000
136660  54.216  39.824  0.507 0.0000000000
134382  35.256  37.829  1.260 0.0000000000
132049  37.673  36.921  0.353 0.0000000000
132065  38.003  37.206  -0.098 0.0000000000
134290  49.339  38.102  8.354 0.0000000000
134304  49.716  37.370  7.636 0.0000000000
133090  49.966  36.757  7.400 0.0000000000
131974  49.941  36.292  7.694 0.0000000000
130792  50.397  35.109  7.668 0.0000000000
128619  50.368  33.995  7.940 0.0000000000
125440  46.140  30.198  8.029 0.0000000000
122992  45.591  28.858  6.915 0.0000000000
123002  45.742  28.849  5.908 0.0000000000
123014  45.756  28.962  5.031 0.0000000000
124246  46.022  28.848  4.265 0.0000000000
123030  46.726  28.578  3.595 0.0000000000
123049  47.536  28.616  2.680 0.0000000000
138702  47.573  41.959  5.699 0.0000000000
137653  46.118  41.554  5.335 0.0000000000
137701  46.511  41.496  3.336 0.0000000000
137676  46.394  41.401  4.288 0.0000000000
137677  45.566  41.115  4.465 0.0000000000
137678  44.666  40.901  4.805 0.0000000000
136607  44.007  40.600  4.115 0.0000000000
136628  43.393  40.101  3.448 0.0000000000
136648  42.785  39.800  2.734 0.0000000000
135494  43.071  39.691  2.110 0.0000000000
135513  42.863  39.662  1.478 0.0000000000
135537  42.646  39.625  0.574 0.0000000000
135555  43.395  39.981  -0.221 0.0000000000
135556  42.433  39.571  -0.517 0.0000000000
135581  42.169  39.370  -2.643 0.0000000000
135592  42.157  38.943  -3.188 0.0000000000
133151  50.909  37.509  2.686 0.0000000000
134360  49.331  38.392  2.453 0.0000000000
134361  48.331  38.364  2.495 0.0000000000
134396  46.977  38.536  0.753 0.0000000000
126672  48.435  31.857  -5.205 0.0000000000
127685  48.333  32.689  -5.645 0.0000000000
128720  48.329  33.621  -6.030 0.0000000000
128730  47.868  33.532  -6.528 0.0000000000
129782  48.042  34.527  -6.273 0.0000000000
129783  47.529  34.471  -6.509 0.0000000000
130924  47.183  35.466  -6.506 0.0000000000
130925  46.737  35.434  -6.311 0.0000000000
129777  46.666  34.431  -6.083 0.0000000000
128721  46.274  33.364  -5.873 0.0000000000
128712  46.072  33.514  -5.234 0.0000000000
127676  46.019  31.700  -5.891 0.0000000000
127677  45.905  32.120  -5.467 0.0000000000
127669  45.706  32.082  -4.416 0.0000000000
126654  45.436  31.024  -3.043 0.0000000000
124360  45.007  29.155  -2.510 0.0000000000
121906  44.999  27.509  -2.726 0.0000000000
121927  45.639  27.479  -3.082 0.0000000000
120729  45.374  26.659  -2.606 0.0000000000
119466  45.499  26.046  -1.571 0.0000000000
133053  46.095  37.522  10.014 0.0000000000
131951  46.567  36.415  9.300 0.0000000000
131952  46.017  35.936  9.657 0.0000000000
129655  46.438  34.592  10.046 0.0000000000
129644  46.539  33.905  10.094 0.0000000000
128584  46.375  33.247  10.458 0.0000000000
124212  46.227  30.187  9.268 0.0000000000
137699  49.095  41.812  3.710 0.0000000000
137700  48.416  41.753  3.445 0.0000000000
137712  50.520  41.510  2.139 0.0000000000
137713  49.494  41.688  2.368 0.0000000000
137714  48.348  41.698  2.589 0.0000000000
137737  48.262  42.427  0.218 0.0000000000
137747  47.588  42.262  -0.714 0.0000000000
128669  47.142  33.328  1.045 0.0000000000
128678  47.323  33.407  0.340 0.0000000000
127651  47.248  33.137  -0.601 0.0000000000
127656  47.304  32.735  -1.561 0.0000000000
125553  47.340  31.041  -1.911 0.0000000000
127662  47.625  32.726  -2.461 0.0000000000
126673  48.121  32.107  -4.510 0.0000000000
124356  50.482  29.643  -2.837 0.0000000000
124378  49.349  30.123  -3.639 0.0000000000
125586  49.979  30.469  -4.293 0.0000000000
126662  48.408  31.547  -4.494 0.0000000000
125615  48.907  31.413  -5.572 0.0000000000
126682  49.143  31.139  -6.563 0.0000000000
124409  50.600  29.974  -6.759 0.0000000000
124410  49.670  29.963  -6.971 0.0000000000
124411  48.866  29.814  -6.955 0.0000000000
123160  48.713  29.010  -6.547 0.0000000000
123151  48.492  28.290  -5.742 0.0000000000
121941  48.298  27.801  -4.856 0.0000000000
133120  55.109  38.319  4.529 0.0000000000
133121  53.783  38.273  3.947 0.0000000000
133122  52.804  37.862  3.875 0.0000000000
133123  52.025  37.376  4.129 0.0000000000
134301  52.335  39.084  7.158 0.0000000000
134313  51.185  37.684  6.253 0.0000000000
134325  51.404  37.448  5.633 0.0000000000
134335  51.982  37.597  4.719 0.0000000000
132007  49.442  36.704  4.294 0.0000000000
131999  48.790  36.331  4.513 0.0000000000
130824  48.660  35.569  4.786 0.0000000000
130838  47.785  35.655  4.132 0.0000000000
128662  46.853  33.259  2.002 0.0000000000
130775  48.205  35.195  8.998 0.0000000000
128595  48.419  33.821  9.024 0.0000000000
129663  49.340  34.415  8.481 0.0000000000
128620  49.819  33.255  7.786 0.0000000000
127592  49.536  32.890  7.190 0.0000000000
125449  46.465  30.776  7.928 0.0000000000
126548  47.517  31.768  7.691 0.0000000000
127584  48.258  32.297  7.497 0.0000000000
127593  48.854  32.544  6.890 0.0000000000
127601  49.333  32.919  6.347 0.0000000000
127612  48.196  32.941  5.543 0.0000000000
127621  47.708  33.362  5.110 0.0000000000
126597  45.964  32.454  4.332 0.0000000000
127614  46.619  32.637  4.438 0.0000000000
127622  47.220  33.192  4.216 0.0000000000
128654  46.767  33.063  2.667 0.0000000000
127637  46.643  32.741  1.281 0.0000000000
126632  46.345  31.636  0.507 0.0000000000
125521  46.287  31.052  0.210 0.0000000000
125511  46.107  30.472  1.064 0.0000000000
124322  46.797  30.555  -0.503 0.0000000000
124321  47.451  29.954  -0.742 0.0000000000
124319  49.975  29.189  -0.829 0.0000000000
123066  48.213  28.965  1.718 0.0000000000
123083  48.943  28.897  0.688 0.0000000000
123094  49.527  29.010  -0.061 0.0000000000
134263  46.514  38.067  10.279 0.0000000000
133054  45.292  37.020  10.440 0.0000000000
131924  44.988  36.617  10.740 0.0000000000
131914  44.003  36.496  12.157 0.0000000000
129633  42.732  34.039  12.656 0.0000000000
128563  43.202  33.241  12.277 0.0000000000
140464  40.316  44.091  7.646 0.0000000000
138666  40.577  42.664  8.033 0.0000000000
138667  39.824  42.765  8.261 0.0000000000
139606  39.218  43.657  7.495 0.0000000000
137705  37.825  41.394  4.124 0.0000000000
136634  37.753  40.754  3.459 0.0000000000
135498  37.950  39.938  2.674 0.0000000000
136632  39.338  40.992  3.270 0.0000000000
135497  38.449  40.159  2.104 0.0000000000
135518  38.220  39.509  1.906 0.0000000000
134413  37.915  37.581  -0.317 0.0000000000
133198  38.202  37.428  -0.495 0.0000000000
136666  41.666  39.738  2.001 0.0000000000
135515  40.884  39.736  1.062 0.0000000000
135558  40.370  39.260  -0.984 0.0000000000
135540  39.581  39.478  -0.074 0.0000000000
134411  38.975  38.200  -1.193 0.0000000000
133210  38.583  37.643  -0.955 0.0000000000
132063  38.906  36.832  -0.348 0.0000000000
132046  39.969  36.591  0.329 0.0000000000
132044  42.408  36.736  0.284 0.0000000000
133146  55.558  37.886  2.014 0.0000000000
135527  55.909  38.565  0.378 0.0000000000
136676  55.036  39.308  -0.345 0.0000000000
136677  54.275  39.694  -0.383 0.0000000000
133164  51.409  37.613  1.945 0.0000000000
133163  52.077  37.571  1.586 0.0000000000
134373  53.026  38.109  0.799 0.0000000000
134395  51.696  39.130  0.267 0.0000000000
134394  52.322  38.805  0.397 0.0000000000
134409  53.425  38.776  -0.392 0.0000000000
135548  54.026  39.096  -0.955 0.0000000000
136692  53.545  39.932  -1.163 0.0000000000
136693  52.777  40.743  -1.057 0.0000000000
137745  51.755  41.934  -1.165 0.0000000000
138764  50.650  42.394  -0.791 0.0000000000
137755  50.158  41.377  -1.595 0.0000000000
138774  50.428  41.999  -1.450 0.0000000000
138765  49.752  42.427  -0.970 0.0000000000
138766  48.896  42.333  -1.055 0.0000000000
138767  48.138  42.384  -1.120 0.0000000000
128668  47.662  33.820  0.704 0.0000000000
130876  47.770  35.402  0.258 0.0000000000
129747  48.244  34.517  -1.102 0.0000000000
130875  48.262  34.902  -0.579 0.0000000000
132057  47.358  36.399  -0.503 0.0000000000
133178  46.598  38.414  -0.579 0.0000000000
129762  48.256  34.732  -3.679 0.0000000000
130900  48.412  35.357  -3.169 0.0000000000
132088  48.440  36.168  -3.658 0.0000000000
133192  46.562  38.214  -1.170 0.0000000000
134417  46.371  38.952  -1.939 0.0000000000
135568  46.699  39.847  -1.814 0.0000000000
136711  46.619  40.326  -2.400 0.0000000000
135589  45.812  39.368  -3.314 0.0000000000
135579  45.780  39.955  -3.212 0.0000000000
136722  46.839  41.148  -2.511 0.0000000000
137768  46.538  41.400  -2.555 0.0000000000
137759  45.971  41.717  -1.963 0.0000000000
137760  45.431  41.339  -2.571 0.0000000000
136725  44.807  40.877  -2.794 0.0000000000
136735  44.045  40.262  -3.221 0.0000000000
135600  44.964  39.797  -5.426 0.0000000000
136744  44.248  40.072  -4.207 0.0000000000
133231  42.917  38.051  -3.549 0.0000000000
132105  46.395  36.073  -6.197 0.0000000000
130920  45.960  35.955  -5.416 0.0000000000
132097  45.409  36.542  -5.060 0.0000000000
132091  44.621  37.150  -4.493 0.0000000000
132082  43.556  37.361  -2.855 0.0000000000
132073  43.561  37.120  -2.229 0.0000000000
132058  44.376  36.076  -0.600 0.0000000000
130890  44.546  35.286  -0.146 0.0000000000
129748  44.682  34.231  -0.367 0.0000000000
121924  48.144  27.424  -3.727 0.0000000000
120739  48.169  27.231  -3.096 0.0000000000
119467  45.083  25.838  -1.403 0.0000000000
120700  43.903  26.113  -0.992 0.0000000000
120715  45.143  26.077  -1.960 0.0000000000
121892  43.782  26.892  -1.050 0.0000000000
121948  47.955  28.150  -5.380 0.0000000000
121949  47.624  28.049  -5.178 0.0000000000
123147  51.868  29.663  -6.143 0.0000000000
123148  51.476  29.306  -6.207 0.0000000000
123153  46.866  28.701  -5.360 0.0000000000
124281  47.701  29.157  1.460 0.0000000000
124393  46.303  28.933  -5.324 0.0000000000
125429  46.435  30.735  9.657 0.0000000000
125554  46.912  31.523  -1.490 0.0000000000
125605  45.650  30.135  -5.414 0.0000000000
125623  51.305  30.844  -6.184 0.0000000000
126563  45.807  30.928  6.842 0.0000000000
126573  47.218  32.217  6.453 0.0000000000
126595  48.815  33.113  5.663 0.0000000000
126596  48.591  32.916  5.780 0.0000000000
126607  48.352  33.091  5.665 0.0000000000
126614  48.010  33.899  5.282 0.0000000000
126615  47.971  33.412  5.458 0.0000000000
126624  46.481  32.174  0.718 0.0000000000
126625  46.244  31.686  1.087 0.0000000000
126646  46.969  31.945  -1.809 0.0000000000
126653  48.013  32.001  -2.916 0.0000000000
126674  45.826  31.357  -5.710 0.0000000000
127582  49.607  32.890  7.606 0.0000000000
127620  48.803  33.560  5.339 0.0000000000
127629  48.368  34.090  5.119 0.0000000000
127630  47.950  33.758  5.094 0.0000000000
127664  45.123  31.593  -2.713 0.0000000000
128607  50.164  34.274  8.106 0.0000000000
128608  49.849  33.943  8.269 0.0000000000
128631  50.276  33.882  7.335 0.0000000000
128651  48.710  34.066  5.126 0.0000000000
128659  48.126  34.084  4.950 0.0000000000
128677  47.630  33.671  -0.198 0.0000000000
128699  47.740  33.454  -2.815 0.0000000000
128713  45.873  32.896  -4.875 0.0000000000
128722  46.007  32.907  -5.484 0.0000000000
129646  45.120  34.578  11.003 0.0000000000
129652  48.692  34.365  8.901 0.0000000000
129661  50.331  34.589  7.957 0.0000000000
129681  50.035  33.866  6.185 0.0000000000
129693  50.428  34.645  5.978 0.0000000000
129706  48.921  34.622  5.059 0.0000000000
129722  48.376  34.117  5.050 0.0000000000
129723  48.069  34.191  4.864 0.0000000000
129763  46.168  33.953  -4.936 0.0000000000
130784  50.109  35.124  7.999 0.0000000000
130825  48.258  36.158  4.415 0.0000000000
131937  45.967  36.577  9.685 0.0000000000
131961  50.185  35.455  7.757 0.0000000000
132000  48.395  36.478  4.277 0.0000000000
132008  48.670  36.762  4.071 0.0000000000
132033  39.410  36.515  0.933 0.0000000000
132042  44.330  35.889  -0.042 0.0000000000
132062  39.691  36.716  -0.315 0.0000000000
132064  38.316  37.082  -0.204 0.0000000000
132069  48.205  35.690  -2.076 0.0000000000
132096  47.959  37.026  -4.752 0.0000000000
132112  48.037  36.054  -6.408 0.0000000000
132115  45.778  37.449  -6.514 0.0000000000
132116  45.443  37.857  -6.476 0.0000000000
133066  46.511  37.148  9.417 0.0000000000
133111  51.666  37.436  4.722 0.0000000000
133139  47.897  36.901  3.354 0.0000000000
133172  55.970  38.174  0.428 0.0000000000
133174  55.346  37.857  0.435 0.0000000000
133176  53.402  38.199  0.808 0.0000000000
133180  40.744  36.858  -0.204 0.0000000000
133181  37.116  37.141  0.452 0.0000000000
133189  55.339  38.134  -0.059 0.0000000000
133190  55.281  37.972  0.064 0.0000000000
133193  42.348  37.283  -1.218 0.0000000000
133195  40.471  37.056  -0.712 0.0000000000
133197  38.714  37.266  -0.760 0.0000000000
133199  37.749  37.315  -0.012 0.0000000000
133217  43.488  37.584  -3.275 0.0000000000
133219  41.917  37.624  -2.436 0.0000000000
133221  40.368  37.791  -1.992 0.0000000000
133238  48.000  36.814  -5.735 0.0000000000
133247  47.949  36.730  -6.086 0.0000000000
133248  47.429  37.162  -6.156 0.0000000000
134275  50.830  39.315  8.661 0.0000000000
134344  53.778  38.080  2.605 0.0000000000
134356  53.849  38.065  2.245 0.0000000000
134357  53.598  37.878  2.421 0.0000000000
134371  55.078  37.819  0.479 0.0000000000
134372  54.745  37.957  0.541 0.0000000000
134374  52.501  38.159  0.926 0.0000000000
134389  56.033  38.410  0.614 0.0000000000
134390  55.863  38.332  0.215 0.0000000000
134392  54.281  38.329  0.216 0.0000000000
134393  53.258  38.557  0.184 0.0000000000
134398  38.121  38.562  -0.056 0.0000000000
134407  54.851  38.434  -0.362 0.0000000000
134410  46.592  39.052  -1.027 0.0000000000
134419  39.441  38.009  -1.534 0.0000000000
134420  38.783  37.863  -1.269 0.0000000000
134427  40.062  38.040  -1.828 0.0000000000
134434  45.703  39.312  -4.505 0.0000000000
134437  41.443  38.230  -2.974 0.0000000000
134438  40.868  38.145  -2.863 0.0000000000
134442  46.296  38.667  -5.098 0.0000000000
134449  46.840  37.821  -6.163 0.0000000000
134456  46.831  37.637  -6.336 0.0000000000
134458  45.837  38.550  -6.686 0.0000000000
134459  45.343  38.722  -6.475 0.0000000000
135444  51.946  39.356  7.708 0.0000000000
135455  52.200  39.300  7.580 0.0000000000
135456  51.905  39.166  7.399 0.0000000000
135483  37.344  39.923  3.141 0.0000000000
135496  41.915  39.704  2.038 0.0000000000
135505  55.944  38.872  0.777 0.0000000000
135507  54.791  39.638  0.741 0.0000000000
135511  47.499  38.919  0.923 0.0000000000
135528  55.564  38.776  0.106 0.0000000000
135529  52.735  38.940  -0.150 0.0000000000
135546  55.121  38.802  -0.471 0.0000000000
135553  47.479  39.804  -0.914 0.0000000000
135554  46.921  39.688  -1.135 0.0000000000
135560  38.663  38.511  -0.690 0.0000000000
135563  53.288  39.593  -1.273 0.0000000000
135566  51.417  40.465  -1.882 0.0000000000
135570  42.241  39.581  -1.631 0.0000000000
135573  39.658  38.295  -1.460 0.0000000000
135593  41.432  38.603  -2.993 0.0000000000
135598  46.026  39.239  -5.232 0.0000000000
135601  44.320  39.549  -5.120 0.0000000000
135608  45.222  39.491  -6.018 0.0000000000
135609  44.593  39.194  -5.760 0.0000000000
135614  46.217  39.076  -6.153 0.0000000000
136610  40.644  40.642  4.419 0.0000000000
136613  36.801  40.692  4.077 0.0000000000
136647  43.749  39.918  2.462 0.0000000000
136649  41.756  39.847  2.576 0.0000000000
136653  38.331  40.584  2.703 0.0000000000
136659  54.762  39.604  0.186 0.0000000000
136662  52.617  40.872  0.836 0.0000000000
136667  41.170  39.857  1.906 0.0000000000
136682  48.464  39.925  -0.636 0.0000000000
136690  55.006  39.120  -0.867 0.0000000000
136691  54.485  39.330  -0.847 0.0000000000
136697  47.546  40.273  -1.413 0.0000000000
136704  53.048  39.985  -1.642 0.0000000000
136706  51.694  40.710  -2.090 0.0000000000
136712  45.558  41.502  -1.660 0.0000000000
136719  52.194  41.083  -2.283 0.0000000000
136720  51.945  40.991  -2.383 0.0000000000
136721  51.526  41.012  -2.212 0.0000000000
136724  45.644  40.186  -3.456 0.0000000000
136732  45.941  40.842  -3.326 0.0000000000
136750  45.539  39.875  -5.787 0.0000000000
137612  43.521  42.139  7.138 0.0000000000
137614  40.905  41.887  7.628 0.0000000000
137631  45.062  41.481  6.308 0.0000000000
137655  44.418  41.192  5.708 0.0000000000
137658  41.652  41.094  5.867 0.0000000000
137681  42.139  41.014  5.357 0.0000000000
137697  51.149  41.087  2.907 0.0000000000
137717  45.916  41.453  2.717 0.0000000000
137722  51.635  41.800  1.155 0.0000000000
137733  52.239  41.655  0.251 0.0000000000
137744  52.240  41.665  -0.835 0.0000000000
137752  52.406  41.255  -1.625 0.0000000000
137753  51.919  41.633  -1.707 0.0000000000
137765  51.906  41.319  -2.235 0.0000000000
137766  51.697  41.186  -2.236 0.0000000000
137776  45.754  40.973  -3.324 0.0000000000
138644  40.153  42.911  8.386 0.0000000000
138645  39.960  43.072  8.572 0.0000000000
138665  41.651  42.516  7.797 0.0000000000
138687  43.215  42.215  7.131 0.0000000000
138703  46.932  41.702  5.079 0.0000000000
138734  47.606  41.592  2.768 0.0000000000
138735  47.167  41.632  2.327 0.0000000000
138740  51.282  42.045  0.860 0.0000000000
138742  50.352  42.403  0.455 0.0000000000
138743  47.489  41.635  2.148 0.0000000000
138744  47.336  41.670  1.894 0.0000000000
138749  52.025  42.170  0.325 0.0000000000
138750  51.555  42.259  0.397 0.0000000000
138751  50.855  42.538  0.015 0.0000000000
138754  48.466  42.556  -0.585 0.0000000000
138768  47.673  42.189  -1.387 0.0000000000
138773  51.263  41.943  -1.288 0.0000000000
138777  47.853  42.051  -1.592 0.0000000000
138778  47.578  42.089  -1.601 0.0000000000
139570  40.341  43.038  8.299 0.0000000000
139571  40.066  43.233  8.429 0.0000000000
139588  42.420  43.208  7.613 0.0000000000
139591  39.718  43.523  8.167 0.0000000000
140463  41.190  43.875  7.335 0.0000000000
140465  39.724  44.040  7.671 0.0000000000
