#!ascii label  , from subject 3213 vox2ras=TkReg
271
107541  24.427  15.527  -34.745 0.0000000000
94765  23.790  5.502  -32.021 0.0000000000
112510  22.027  19.607  -33.398 0.0000000000
125893  17.821  30.671  -33.622 0.0000000000
92338  22.882  3.195  -32.478 0.0000000000
115971  24.734  22.608  -33.076 0.0000000000
119831  23.024  26.202  -31.767 0.0000000000
103879  22.865  12.416  -35.363 0.0000000000
101229  22.937  10.574  -33.789 0.0000000000
105100  25.263  13.355  -33.377 0.0000000000
110124  27.169  17.580  -34.777 0.0000000000
107538  27.592  15.303  -34.269 0.0000000000
110111  23.497  17.511  -33.802 0.0000000000
112524  25.977  19.549  -33.644 0.0000000000
122233  18.502  27.806  -33.330 0.0000000000
124674  22.038  29.306  -31.922 0.0000000000
98515  24.201  8.527  -31.649 0.0000000000
118559  21.481  24.580  -32.215 0.0000000000
119833  20.779  25.655  -32.342 0.0000000000
106315  23.969  13.977  -35.022 0.0000000000
105121  24.031  13.479  -34.394 0.0000000000
106314  24.755  14.492  -34.634 0.0000000000
94748  23.303  4.562  -31.970 0.0000000000
111344  22.749  18.591  -33.472 0.0000000000
111342  25.127  18.949  -33.088 0.0000000000
112508  24.328  19.763  -33.036 0.0000000000
117264  24.744  23.569  -33.727 0.0000000000
114759  25.275  21.513  -35.614 0.0000000000
124702  16.312  29.567  -34.176 0.0000000000
122234  17.661  27.746  -33.856 0.0000000000
124700  18.233  29.334  -33.432 0.0000000000
130148  20.209  33.942  -35.280 0.0000000000
127978  21.343  31.930  -34.235 0.0000000000
125890  20.593  30.701  -32.205 0.0000000000
125905  22.077  30.572  -33.682 0.0000000000
123434  23.052  28.456  -33.588 0.0000000000
102549  24.089  11.072  -32.723 0.0000000000
99880  23.771  9.664  -32.540 0.0000000000
91092  22.412  2.812  -32.413 0.0000000000
114720  23.226  21.594  -32.658 0.0000000000
115959  23.072  22.517  -32.526 0.0000000000
117249  24.217  24.322  -32.880 0.0000000000
119843  24.078  25.815  -33.464 0.0000000000
101251  22.522  10.442  -34.746 0.0000000000
102593  22.953  11.831  -34.965 0.0000000000
102560  23.702  11.511  -33.274 0.0000000000
103827  25.260  11.909  -32.515 0.0000000000
108814  26.463  16.520  -34.100 0.0000000000
107539  26.686  15.533  -34.122 0.0000000000
108813  27.529  16.317  -34.635 0.0000000000
107558  22.940  15.022  -35.293 0.0000000000
108817  23.045  16.433  -34.773 0.0000000000
108816  23.889  16.496  -34.264 0.0000000000
110126  25.515  17.510  -33.576 0.0000000000
111356  26.428  18.694  -34.552 0.0000000000
112574  26.285  19.188  -36.858 0.0000000000
114726  25.600  21.327  -33.860 0.0000000000
113639  26.117  20.292  -35.520 0.0000000000
121064  18.500  26.669  -33.273 0.0000000000
126947  19.022  31.567  -32.740 0.0000000000
125891  19.587  30.565  -32.441 0.0000000000
123422  19.870  28.694  -31.673 0.0000000000
121042  20.553  27.232  -31.695 0.0000000000
122215  22.565  27.606  -31.673 0.0000000000
122232  23.552  27.136  -33.557 0.0000000000
95981  22.488  6.579  -32.959 0.0000000000
99905  22.697  9.580  -33.747 0.0000000000
106300  26.375  14.183  -33.735 0.0000000000
105099  26.309  13.500  -33.379 0.0000000000
118560  20.447  24.547  -32.605 0.0000000000
119834  19.827  25.538  -32.856 0.0000000000
106327  24.087  14.628  -35.120 0.0000000000
89787  21.657  1.543  -31.109 0.0000000000
89801  22.156  1.495  -31.630 0.0000000000
112509  23.175  19.590  -32.998 0.0000000000
117279  24.634  23.427  -34.900 0.0000000000
116002  24.652  22.604  -35.663 0.0000000000
125906  17.011  30.632  -34.129 0.0000000000
124718  15.832  29.029  -34.542 0.0000000000
123437  17.101  28.718  -34.293 0.0000000000
124701  17.582  29.685  -34.032 0.0000000000
126970  21.715  31.136  -34.355 0.0000000000
125920  22.096  30.240  -34.723 0.0000000000
102548  24.755  11.215  -32.419 0.0000000000
101215  24.287  10.415  -32.428 0.0000000000
94767  21.613  5.261  -32.934 0.0000000000
114721  22.453  21.811  -32.771 0.0000000000
115960  21.904  22.585  -32.713 0.0000000000
118558  22.232  24.353  -32.060 0.0000000000
118557  23.551  25.242  -32.429 0.0000000000
118556  23.965  25.326  -33.009 0.0000000000
119830  23.451  26.040  -32.677 0.0000000000
125907  16.208  30.555  -33.633 0.0000000000
102594  22.456  11.419  -35.382 0.0000000000
105101  24.435  13.242  -33.638 0.0000000000
103847  23.739  12.546  -33.788 0.0000000000
103846  24.560  12.413  -32.997 0.0000000000
91079  22.932  2.231  -32.557 0.0000000000
108831  27.795  16.984  -35.150 0.0000000000
106329  22.400  14.194  -35.610 0.0000000000
110128  22.697  17.166  -34.489 0.0000000000
110127  23.294  16.891  -34.337 0.0000000000
108815  25.122  16.643  -33.727 0.0000000000
108804  24.371  16.996  -33.601 0.0000000000
111357  25.780  18.302  -33.600 0.0000000000
111374  26.635  18.869  -35.567 0.0000000000
112544  26.348  19.643  -35.322 0.0000000000
114728  24.155  21.795  -32.670 0.0000000000
114727  25.241  21.616  -33.137 0.0000000000
114738  25.554  21.470  -34.621 0.0000000000
112560  25.792  20.049  -36.675 0.0000000000
121065  17.326  26.701  -34.040 0.0000000000
121054  18.883  27.252  -32.859 0.0000000000
129020  20.371  33.001  -33.470 0.0000000000
129040  20.031  34.047  -34.162 0.0000000000
127954  19.433  32.399  -32.723 0.0000000000
126946  20.136  31.609  -32.638 0.0000000000
125877  21.476  29.769  -31.896 0.0000000000
124676  20.427  29.428  -31.646 0.0000000000
123414  20.716  28.646  -31.514 0.0000000000
122218  20.224  27.920  -31.542 0.0000000000
122217  21.063  27.880  -31.500 0.0000000000
121041  21.480  27.154  -31.459 0.0000000000
123412  22.299  28.356  -31.671 0.0000000000
123454  22.927  28.379  -34.485 0.0000000000
123433  23.375  27.771  -33.590 0.0000000000
122249  23.522  27.283  -34.339 0.0000000000
121094  23.726  26.488  -34.719 0.0000000000
95990  21.897  6.641  -33.581 0.0000000000
99931  22.450  9.448  -34.431 0.0000000000
98532  23.826  9.158  -32.080 0.0000000000
98533  23.266  8.604  -32.642 0.0000000000
98516  23.702  8.085  -32.075 0.0000000000
97247  23.514  7.586  -32.292 0.0000000000
106313  25.876  14.615  -34.085 0.0000000000
106312  26.917  14.730  -33.838 0.0000000000
117252  21.132  23.490  -32.546 0.0000000000
119832  22.007  26.313  -31.950 0.0000000000
105134  23.343  13.310  -35.060 0.0000000000
105120  25.065  13.803  -34.092 0.0000000000
93585  22.728  4.100  -32.326 0.0000000000
93569  23.198  3.718  -32.178 0.0000000000
93568  23.753  3.904  -31.752 0.0000000000
93567  24.652  4.053  -31.698 0.0000000000
111373  27.196  18.244  -35.653 0.0000000000
110144  27.787  17.480  -35.785 0.0000000000
110112  22.483  18.029  -34.239 0.0000000000
110110  24.784  17.682  -33.440 0.0000000000
111343  23.964  18.683  -33.344 0.0000000000
112507  25.201  19.925  -33.185 0.0000000000
115970  25.364  22.334  -33.922 0.0000000000
117263  24.973  22.900  -34.444 0.0000000000
114760  24.991  22.006  -35.829 0.0000000000
123436  17.982  28.666  -33.760 0.0000000000
127998  21.010  32.469  -35.022 0.0000000000
127962  20.657  32.200  -33.227 0.0000000000
126957  20.773  31.616  -32.959 0.0000000000
125889  21.626  30.261  -32.549 0.0000000000
125888  22.190  29.763  -32.715 0.0000000000
124683  22.521  29.124  -32.811 0.0000000000
125904  22.356  29.862  -33.225 0.0000000000
124716  22.414  29.235  -34.728 0.0000000000
101216  23.598  10.507  -32.934 0.0000000000
99904  23.126  9.695  -33.117 0.0000000000
99879  24.448  9.626  -31.893 0.0000000000
91080  21.887  2.241  -31.917 0.0000000000
91093  21.942  3.079  -32.289 0.0000000000
93586  22.012  4.393  -32.539 0.0000000000
94766  22.649  5.366  -32.522 0.0000000000
113603  22.483  20.508  -32.996 0.0000000000
113594  22.774  21.175  -32.855 0.0000000000
115972  23.993  22.786  -32.589 0.0000000000
117251  22.240  23.508  -32.332 0.0000000000
117250  23.348  23.524  -32.639 0.0000000000
117265  24.318  23.394  -32.834 0.0000000000
118569  24.386  24.872  -33.602 0.0000000000
119874  24.326  25.074  -34.765 0.0000000000
125894  16.014  29.988  -33.214 0.0000000000
126949  17.416  31.518  -33.677 0.0000000000
102573  22.760  11.264  -34.786 0.0000000000
101250  22.806  10.987  -34.395 0.0000000000
103864  23.373  12.527  -34.686 0.0000000000
102572  23.202  11.601  -34.264 0.0000000000
103828  24.717  11.791  -32.681 0.0000000000
107540  25.572  15.545  -34.307 0.0000000000
108812  28.148  15.668  -34.784 0.0000000000
108830  28.373  16.403  -35.559 0.0000000000
106328  23.262  14.193  -35.170 0.0000000000
107557  23.685  15.024  -35.203 0.0000000000
107543  22.732  15.790  -35.189 0.0000000000
107542  23.491  15.734  -35.003 0.0000000000
110125  26.196  17.540  -33.921 0.0000000000
111355  26.911  18.378  -35.117 0.0000000000
111392  26.749  18.693  -36.457 0.0000000000
113602  23.578  20.726  -32.804 0.0000000000
113601  24.742  20.732  -32.939 0.0000000000
113600  25.562  20.628  -33.436 0.0000000000
113640  25.828  20.777  -35.191 0.0000000000
113614  26.186  20.215  -34.947 0.0000000000
113660  26.177  20.070  -35.867 0.0000000000
121063  19.300  26.130  -33.028 0.0000000000
127956  17.731  32.042  -33.295 0.0000000000
127955  18.355  32.551  -33.013 0.0000000000
126948  18.145  31.504  -33.208 0.0000000000
125892  18.641  30.669  -33.093 0.0000000000
124686  18.881  29.644  -32.834 0.0000000000
123435  18.667  28.665  -33.102 0.0000000000
124685  19.688  29.539  -32.097 0.0000000000
123423  19.268  28.705  -32.374 0.0000000000
122225  19.629  27.861  -32.029 0.0000000000
121053  19.685  26.744  -32.353 0.0000000000
121052  20.972  26.576  -31.958 0.0000000000
121051  22.109  26.426  -31.184 0.0000000000
121050  22.810  26.790  -31.902 0.0000000000
123411  22.804  28.048  -32.037 0.0000000000
122224  23.038  27.440  -32.272 0.0000000000
121049  23.276  26.804  -32.595 0.0000000000
121062  23.692  26.474  -33.255 0.0000000000
119864  24.031  26.058  -34.543 0.0000000000
95980  23.447  6.587  -32.293 0.0000000000
98554  22.507  8.597  -33.719 0.0000000000
98553  22.850  9.125  -33.289 0.0000000000
98534  22.686  8.047  -33.128 0.0000000000
97248  22.908  7.478  -32.777 0.0000000000
105119  25.761  13.931  -33.724 0.0000000000
106299  27.041  13.986  -33.760 0.0000000000
103845  25.724  12.653  -32.949 0.0000000000
92339  21.356  3.203  -32.170 0.0000000000
101230  22.608  10.011  -34.186 0.0000000000
102559  24.353  11.603  -32.825 0.0000000000
108803  24.763  17.063  -33.494 0.0000000000
112523  26.267  19.732  -34.509 0.0000000000
112559  26.239  19.629  -36.304 0.0000000000
113595  22.022  21.216  -32.961 0.0000000000
113615  26.047  20.578  -34.253 0.0000000000
114722  21.658  21.830  -33.022 0.0000000000
115984  25.144  22.347  -34.961 0.0000000000
115985  24.810  22.788  -35.064 0.0000000000
116001  25.056  22.129  -35.526 0.0000000000
117278  24.872  22.846  -34.818 0.0000000000
118585  24.544  24.524  -34.399 0.0000000000
119829  23.815  25.801  -33.092 0.0000000000
119844  23.762  26.041  -33.133 0.0000000000
119863  24.386  25.617  -34.235 0.0000000000
121040  22.212  27.146  -31.369 0.0000000000
121043  19.916  27.371  -31.773 0.0000000000
121061  24.020  26.213  -33.642 0.0000000000
121079  24.259  26.085  -33.798 0.0000000000
121080  23.989  26.466  -34.014 0.0000000000
122216  21.884  27.789  -31.399 0.0000000000
122223  23.335  27.248  -32.940 0.0000000000
122226  19.116  27.835  -32.702 0.0000000000
122250  23.242  27.795  -34.538 0.0000000000
123413  21.550  28.573  -31.509 0.0000000000
123420  23.348  27.558  -33.210 0.0000000000
123421  23.091  28.065  -32.789 0.0000000000
123453  23.331  27.991  -34.124 0.0000000000
124673  22.568  28.593  -32.207 0.0000000000
124675  21.208  29.327  -31.610 0.0000000000
124684  22.125  29.653  -32.446 0.0000000000
124687  18.177  29.998  -33.371 0.0000000000
124688  16.099  29.845  -33.571 0.0000000000
124699  22.682  29.186  -33.809 0.0000000000
125878  20.962  30.050  -31.769 0.0000000000
125879  20.264  30.069  -32.008 0.0000000000
125919  22.519  29.909  -34.051 0.0000000000
126945  20.902  31.143  -32.713 0.0000000000
127961  21.157  32.099  -33.672 0.0000000000
127979  20.940  32.608  -33.975 0.0000000000
129039  20.442  33.468  -34.425 0.0000000000
130128  20.031  34.122  -34.646 0.0000000000
