#!ascii label  , from subject 3429 vox2ras=TkReg
338
74819  -24.713  -20.332  -7.585 0.0000000000
69865  -23.492  -24.324  -4.722 0.0000000000
71068  -29.133  -22.971  -5.367 0.0000000000
67357  -27.297  -26.898  -3.599 0.0000000000
88687  -23.810  -9.156  -7.870 0.0000000000
83777  -24.660  -13.422  -8.504 0.0000000000
80011  -20.659  -16.785  -6.274 0.0000000000
63542  -26.391  -29.441  0.111 0.0000000000
68686  -25.650  -25.875  -4.661 0.0000000000
66112  -24.637  -27.741  -2.588 0.0000000000
86224  -24.479  -11.532  -8.734 0.0000000000
84998  -21.433  -12.744  -7.789 0.0000000000
74786  -22.337  -20.567  -5.834 0.0000000000
77403  -19.547  -18.646  -4.338 0.0000000000
77482  -22.659  -18.426  -7.450 0.0000000000
78793  -24.222  -16.936  -8.335 0.0000000000
77486  -26.594  -18.313  -7.714 0.0000000000
76099  -28.185  -19.460  -7.224 0.0000000000
72275  -21.527  -22.441  -3.621 0.0000000000
72323  -24.033  -22.442  -6.241 0.0000000000
73547  -27.332  -21.682  -6.823 0.0000000000
71065  -26.167  -24.113  -5.860 0.0000000000
69848  -28.506  -24.989  -4.363 0.0000000000
69820  -29.482  -25.238  -2.732 0.0000000000
82503  -19.239  -14.742  -5.679 0.0000000000
82542  -22.684  -14.654  -8.590 0.0000000000
82546  -26.130  -14.201  -7.972 0.0000000000
64848  -25.036  -28.426  -1.601 0.0000000000
64868  -27.159  -28.296  -1.939 0.0000000000
66111  -23.914  -27.039  -3.096 0.0000000000
66095  -23.351  -27.163  -1.971 0.0000000000
86206  -20.455  -11.486  -6.848 0.0000000000
86195  -19.869  -11.936  -5.671 0.0000000000
74801  -23.638  -20.475  -7.137 0.0000000000
76077  -22.266  -19.471  -6.738 0.0000000000
74818  -24.011  -19.882  -7.557 0.0000000000
77484  -24.820  -18.478  -8.146 0.0000000000
76096  -25.236  -19.363  -7.914 0.0000000000
76098  -27.080  -19.334  -7.436 0.0000000000
74821  -26.578  -20.174  -7.519 0.0000000000
71061  -22.740  -23.489  -4.782 0.0000000000
72306  -22.856  -22.786  -5.128 0.0000000000
71063  -24.322  -23.734  -5.628 0.0000000000
71087  -25.588  -23.330  -6.222 0.0000000000
71064  -25.264  -24.012  -5.762 0.0000000000
67375  -26.718  -26.558  -4.565 0.0000000000
68708  -26.846  -25.998  -5.202 0.0000000000
68667  -27.643  -26.217  -4.041 0.0000000000
69833  -28.660  -25.342  -3.751 0.0000000000
68652  -28.710  -26.013  -2.742 0.0000000000
89890  -21.560  -8.005  -8.205 0.0000000000
91086  -21.965  -7.393  -7.345 0.0000000000
89880  -23.432  -8.391  -7.622 0.0000000000
89882  -25.002  -7.920  -7.929 0.0000000000
88700  -25.112  -9.418  -8.985 0.0000000000
85018  -24.970  -12.360  -8.510 0.0000000000
77443  -20.286  -17.879  -5.459 0.0000000000
79999  -19.437  -16.722  -5.118 0.0000000000
81307  -20.246  -15.792  -6.245 0.0000000000
82527  -21.079  -14.623  -7.300 0.0000000000
81322  -21.276  -15.907  -7.463 0.0000000000
80032  -26.237  -16.470  -7.820 0.0000000000
80052  -25.532  -16.057  -8.197 0.0000000000
81324  -27.106  -15.471  -7.211 0.0000000000
72328  -28.597  -22.075  -6.316 0.0000000000
73549  -28.807  -21.142  -6.661 0.0000000000
63541  -25.299  -29.579  0.143 0.0000000000
63561  -25.826  -29.305  -0.637 0.0000000000
64849  -26.000  -28.705  -1.686 0.0000000000
64833  -27.233  -28.636  -1.014 0.0000000000
68683  -23.785  -24.966  -3.941 0.0000000000
69847  -24.522  -24.880  -4.623 0.0000000000
67354  -24.650  -26.251  -3.814 0.0000000000
67355  -25.412  -26.708  -3.963 0.0000000000
66134  -26.362  -27.535  -3.353 0.0000000000
88685  -22.161  -9.269  -7.765 0.0000000000
88698  -23.524  -9.939  -8.103 0.0000000000
87490  -22.317  -10.874  -8.096 0.0000000000
86222  -22.766  -11.828  -8.251 0.0000000000
85016  -23.281  -12.742  -8.464 0.0000000000
73514  -20.935  -20.623  -4.232 0.0000000000
76040  -21.126  -19.418  -5.115 0.0000000000
77445  -21.319  -18.803  -6.107 0.0000000000
78753  -21.351  -17.507  -6.564 0.0000000000
78791  -22.692  -16.835  -8.175 0.0000000000
78773  -23.065  -17.796  -7.835 0.0000000000
77501  -25.321  -17.723  -8.177 0.0000000000
78774  -26.487  -17.268  -7.774 0.0000000000
78776  -27.939  -17.707  -7.131 0.0000000000
63529  -28.349  -28.827  1.131 0.0000000000
63544  -28.198  -28.519  0.430 0.0000000000
73515  -21.655  -21.249  -4.527 0.0000000000
73531  -22.838  -21.580  -5.745 0.0000000000
73545  -25.178  -21.466  -7.148 0.0000000000
73561  -26.040  -20.901  -7.425 0.0000000000
72325  -25.912  -22.470  -6.612 0.0000000000
72326  -26.930  -22.453  -6.566 0.0000000000
71089  -27.532  -23.191  -6.185 0.0000000000
69868  -25.778  -24.722  -5.355 0.0000000000
71066  -27.172  -24.168  -5.878 0.0000000000
71067  -28.391  -23.808  -5.431 0.0000000000
71037  -29.585  -24.138  -3.796 0.0000000000
69835  -29.887  -24.291  -3.199 0.0000000000
87494  -25.484  -10.259  -9.309 0.0000000000
84985  -20.375  -13.282  -6.687 0.0000000000
83758  -21.744  -13.715  -8.023 0.0000000000
83776  -23.821  -13.586  -8.635 0.0000000000
81336  -23.211  -15.451  -8.657 0.0000000000
82544  -24.384  -14.421  -8.616 0.0000000000
82545  -25.227  -14.282  -8.403 0.0000000000
73563  -27.781  -21.037  -7.008 0.0000000000
74824  -29.038  -20.441  -6.960 0.0000000000
66096  -24.108  -27.747  -1.294 0.0000000000
64865  -25.275  -28.197  -2.388 0.0000000000
64866  -25.840  -28.383  -2.311 0.0000000000
66115  -27.473  -27.667  -2.451 0.0000000000
64835  -28.369  -27.972  -0.495 0.0000000000
66098  -28.517  -27.476  -1.370 0.0000000000
67341  -28.520  -26.758  -2.327 0.0000000000
134650  -19.598  -11.934  -5.165 0.0000000000
76095  -24.318  -19.297  -7.857 0.0000000000
74820  -25.691  -20.162  -7.704 0.0000000000
76097  -26.155  -19.317  -7.782 0.0000000000
69845  -23.273  -24.463  -4.024 0.0000000000
71047  -22.496  -23.773  -4.186 0.0000000000
71048  -23.004  -24.033  -4.659 0.0000000000
71062  -23.379  -23.717  -5.196 0.0000000000
69866  -24.053  -24.421  -5.047 0.0000000000
68687  -27.310  -26.279  -4.545 0.0000000000
68668  -28.278  -25.921  -3.465 0.0000000000
67358  -27.897  -26.589  -3.025 0.0000000000
88686  -22.998  -9.174  -7.801 0.0000000000
89879  -22.267  -8.203  -7.848 0.0000000000
89881  -24.479  -8.443  -7.892 0.0000000000
88699  -24.370  -9.604  -8.397 0.0000000000
85019  -25.829  -12.178  -8.381 0.0000000000
83778  -25.490  -13.243  -8.241 0.0000000000
78736  -20.431  -17.453  -5.781 0.0000000000
78735  -19.933  -17.458  -5.325 0.0000000000
80000  -20.076  -16.723  -5.719 0.0000000000
81299  -19.765  -16.062  -5.601 0.0000000000
80029  -20.718  -16.221  -6.646 0.0000000000
81321  -20.853  -15.617  -7.015 0.0000000000
80033  -27.131  -16.503  -7.401 0.0000000000
81323  -26.367  -15.502  -7.790 0.0000000000
72309  -28.698  -22.757  -5.781 0.0000000000
72310  -29.274  -22.089  -5.745 0.0000000000
63527  -25.914  -30.019  0.855 0.0000000000
63562  -26.722  -28.997  -0.751 0.0000000000
63563  -27.286  -28.748  -0.600 0.0000000000
68665  -23.399  -25.424  -3.411 0.0000000000
68684  -24.358  -25.386  -4.038 0.0000000000
68666  -24.083  -25.862  -3.691 0.0000000000
66132  -24.702  -27.070  -3.497 0.0000000000
66133  -25.481  -27.428  -3.468 0.0000000000
88684  -21.437  -9.582  -7.467 0.0000000000
88696  -22.087  -10.117  -7.676 0.0000000000
87481  -21.024  -10.582  -7.138 0.0000000000
86207  -21.068  -11.659  -7.567 0.0000000000
86221  -21.869  -11.795  -8.040 0.0000000000
85015  -22.342  -12.942  -8.185 0.0000000000
74767  -21.137  -20.054  -4.632 0.0000000000
74785  -21.699  -20.050  -5.429 0.0000000000
76093  -22.689  -19.211  -7.189 0.0000000000
76076  -21.673  -19.330  -6.179 0.0000000000
77462  -21.670  -18.443  -6.726 0.0000000000
77461  -21.197  -17.942  -6.278 0.0000000000
77481  -22.116  -17.942  -7.284 0.0000000000
77485  -25.698  -18.498  -8.023 0.0000000000
77502  -25.977  -17.763  -7.981 0.0000000000
78775  -27.225  -17.564  -7.494 0.0000000000
77488  -28.472  -18.480  -7.109 0.0000000000
77489  -29.110  -19.109  -7.062 0.0000000000
63512  -28.031  -29.557  1.958 0.0000000000
63513  -29.226  -29.190  2.117 0.0000000000
73496  -21.168  -21.621  -3.774 0.0000000000
72292  -21.913  -22.204  -4.368 0.0000000000
72307  -23.620  -22.776  -5.733 0.0000000000
73532  -23.581  -22.136  -6.133 0.0000000000
73544  -23.900  -21.661  -6.692 0.0000000000
72324  -24.815  -22.550  -6.466 0.0000000000
71088  -26.559  -23.313  -6.265 0.0000000000
68685  -25.199  -25.393  -4.589 0.0000000000
68706  -25.522  -25.061  -4.992 0.0000000000
68707  -25.996  -25.608  -5.054 0.0000000000
69870  -27.578  -25.156  -5.228 0.0000000000
71049  -28.857  -24.185  -4.658 0.0000000000
69849  -29.121  -24.397  -4.179 0.0000000000
69834  -29.180  -25.079  -3.353 0.0000000000
69821  -29.962  -24.880  -2.557 0.0000000000
87492  -23.997  -10.702  -8.500 0.0000000000
87493  -24.744  -10.480  -8.980 0.0000000000
76015  -19.547  -19.358  -3.871 0.0000000000
82502  -18.659  -14.906  -5.213 0.0000000000
83727  -18.847  -13.909  -5.406 0.0000000000
83728  -19.541  -13.790  -5.891 0.0000000000
82540  -21.466  -14.910  -7.781 0.0000000000
82528  -21.473  -14.316  -7.780 0.0000000000
83774  -22.301  -13.950  -8.377 0.0000000000
83775  -22.978  -13.744  -8.540 0.0000000000
82543  -23.524  -14.546  -8.685 0.0000000000
80049  -22.910  -16.289  -8.415 0.0000000000
80050  -23.741  -16.248  -8.576 0.0000000000
81339  -25.689  -15.073  -8.298 0.0000000000
81338  -24.954  -15.238  -8.552 0.0000000000
73546  -26.390  -21.658  -6.949 0.0000000000
73562  -26.939  -20.959  -7.160 0.0000000000
74803  -28.980  -20.672  -6.854 0.0000000000
63560  -24.870  -28.977  -0.535 0.0000000000
64832  -24.195  -28.266  -0.582 0.0000000000
66076  -23.814  -27.866  -0.676 0.0000000000
64850  -26.765  -28.656  -1.437 0.0000000000
64867  -26.639  -28.362  -2.152 0.0000000000
66114  -26.493  -27.964  -2.744 0.0000000000
64812  -28.122  -28.361  -0.027 0.0000000000
66116  -28.147  -27.460  -2.044 0.0000000000
67339  -23.230  -26.392  -2.833 0.0000000000
87474  -20.572  -10.470  -6.573 0.0000000000
86196  -20.117  -11.025  -6.019 0.0000000000
84996  -20.292  -12.208  -6.659 0.0000000000
74800  -22.774  -20.423  -6.466 0.0000000000
74799  -22.136  -19.974  -6.153 0.0000000000
76078  -22.959  -19.786  -7.004 0.0000000000
76094  -23.418  -19.350  -7.497 0.0000000000
77483  -23.761  -18.230  -8.008 0.0000000000
74822  -27.511  -20.266  -7.272 0.0000000000
72293  -22.202  -22.910  -4.464 0.0000000000
72308  -24.326  -22.974  -6.027 0.0000000000
71086  -24.852  -23.336  -6.045 0.0000000000
67374  -26.014  -26.337  -4.623 0.0000000000
67386  -26.338  -26.128  -5.024 0.0000000000
67387  -26.494  -26.327  -4.915 0.0000000000
68709  -27.422  -25.869  -4.953 0.0000000000
68688  -27.767  -25.747  -4.458 0.0000000000
68669  -28.841  -25.667  -2.947 0.0000000000
91094  -20.154  -6.953  -8.012 0.0000000000
88714  -26.407  -9.112  -9.380 0.0000000000
86225  -25.395  -11.311  -9.014 0.0000000000
79986  -18.813  -16.710  -4.475 0.0000000000
79998  -19.064  -16.228  -4.929 0.0000000000
81298  -19.215  -15.695  -5.320 0.0000000000
82513  -19.858  -14.721  -6.146 0.0000000000
82514  -20.479  -14.735  -6.678 0.0000000000
81333  -21.268  -15.333  -7.513 0.0000000000
78794  -25.007  -16.915  -8.213 0.0000000000
80051  -24.618  -16.139  -8.499 0.0000000000
82529  -26.794  -14.681  -7.429 0.0000000000
72327  -27.811  -22.354  -6.541 0.0000000000
73548  -28.116  -21.592  -6.753 0.0000000000
72329  -29.122  -21.501  -6.242 0.0000000000
63578  -25.570  -28.923  -1.154 0.0000000000
63579  -26.222  -28.952  -1.158 0.0000000000
69832  -22.990  -24.658  -3.403 0.0000000000
69846  -23.906  -24.762  -4.429 0.0000000000
67373  -25.331  -26.071  -4.304 0.0000000000
66131  -24.298  -26.706  -3.481 0.0000000000
67356  -26.223  -26.963  -3.979 0.0000000000
91084  -19.839  -7.545  -6.951 0.0000000000
89876  -20.089  -7.664  -7.616 0.0000000000
89878  -21.480  -8.584  -7.991 0.0000000000
88697  -22.719  -10.047  -7.902 0.0000000000
87491  -23.154  -10.854  -8.258 0.0000000000
87482  -21.653  -10.778  -7.621 0.0000000000
86223  -23.634  -11.713  -8.514 0.0000000000
85017  -24.134  -12.570  -8.675 0.0000000000
76039  -20.573  -19.177  -4.674 0.0000000000
76060  -20.853  -18.908  -5.281 0.0000000000
77424  -20.568  -18.640  -5.161 0.0000000000
77444  -20.839  -18.292  -5.754 0.0000000000
78752  -20.915  -17.517  -6.162 0.0000000000
80012  -21.090  -17.089  -6.416 0.0000000000
80030  -21.300  -16.606  -6.907 0.0000000000
78772  -22.430  -17.384  -7.758 0.0000000000
78792  -23.349  -17.168  -8.216 0.0000000000
77500  -24.537  -17.641  -8.254 0.0000000000
78795  -25.748  -17.030  -7.987 0.0000000000
80034  -27.577  -17.153  -7.214 0.0000000000
77487  -27.578  -18.476  -7.368 0.0000000000
63528  -27.093  -29.534  1.132 0.0000000000
63543  -27.478  -28.862  0.088 0.0000000000
73530  -22.162  -20.846  -5.370 0.0000000000
73516  -22.344  -22.140  -4.807 0.0000000000
73543  -23.271  -21.055  -6.541 0.0000000000
74802  -24.333  -21.022  -7.216 0.0000000000
73560  -25.402  -20.737  -7.516 0.0000000000
71090  -28.191  -22.835  -6.045 0.0000000000
69867  -24.956  -24.608  -5.146 0.0000000000
69869  -26.599  -25.019  -5.528 0.0000000000
71050  -29.466  -23.569  -4.624 0.0000000000
86242  -25.965  -10.717  -9.302 0.0000000000
84962  -19.321  -12.754  -5.290 0.0000000000
84984  -20.086  -12.793  -6.221 0.0000000000
84997  -20.601  -12.701  -7.120 0.0000000000
83748  -20.661  -13.802  -6.941 0.0000000000
83757  -21.185  -13.647  -7.482 0.0000000000
80047  -21.609  -16.291  -7.630 0.0000000000
81335  -22.382  -15.529  -8.417 0.0000000000
81337  -24.089  -15.358  -8.727 0.0000000000
83779  -26.295  -12.975  -7.937 0.0000000000
73564  -28.297  -21.094  -6.889 0.0000000000
74823  -28.464  -20.532  -7.044 0.0000000000
76100  -29.042  -19.963  -7.081 0.0000000000
66113  -25.665  -27.983  -2.892 0.0000000000
66135  -26.920  -27.552  -3.067 0.0000000000
64834  -27.727  -28.399  -0.662 0.0000000000
64852  -28.034  -27.985  -1.008 0.0000000000
64851  -27.626  -28.152  -1.498 0.0000000000
66097  -27.944  -27.716  -1.862 0.0000000000
67340  -27.745  -26.955  -2.829 0.0000000000
63580  -26.544  -28.875  -1.124 0.0000000000
67353  -23.895  -26.326  -3.448 0.0000000000
67372  -24.912  -25.783  -4.180 0.0000000000
76038  -19.969  -18.954  -4.360 0.0000000000
76061  -21.238  -19.120  -5.657 0.0000000000
77463  -22.247  -18.935  -7.118 0.0000000000
77499  -23.981  -17.505  -8.245 0.0000000000
78771  -21.781  -17.460  -7.128 0.0000000000
80031  -21.832  -16.845  -7.529 0.0000000000
80048  -22.157  -16.428  -8.083 0.0000000000
81306  -19.673  -15.399  -5.785 0.0000000000
81334  -21.657  -15.596  -7.960 0.0000000000
82541  -21.898  -14.671  -8.232 0.0000000000
83747  -20.142  -13.853  -6.450 0.0000000000
86205  -20.161  -11.881  -6.298 0.0000000000
89887  -20.001  -7.313  -7.927 0.0000000000
89888  -20.377  -7.559  -8.009 0.0000000000
89889  -20.984  -7.869  -8.203 0.0000000000
91085  -20.262  -8.043  -7.249 0.0000000000
91092  -19.361  -6.988  -7.390 0.0000000000
91093  -19.738  -7.091  -7.675 0.0000000000
92229  -19.280  -6.535  -7.214 0.0000000000
92230  -19.694  -6.334  -7.371 0.0000000000
92236  -19.531  -6.657  -7.552 0.0000000000
92237  -20.019  -6.557  -7.664 0.0000000000
92238  -20.414  -6.736  -7.790 0.0000000000
134882  -19.790  -7.256  -6.672 0.0000000000
134886  -21.603  -7.267  -6.940 0.0000000000
134891  -21.334  -7.184  -7.299 0.0000000000
