#!ascii label  , from subject 3429 vox2ras=TkReg
908
62033  28.892  -38.800  61.966 0.0000000000
76903  41.881  -25.426  43.673 0.0000000000
68692  32.559  -32.689  52.339 0.0000000000
59584  15.176  -40.617  70.315 0.0000000000
64228  23.234  -35.994  66.885 0.0000000000
74708  34.304  -27.774  50.128 0.0000000000
57286  20.293  -42.943  66.143 0.0000000000
54823  18.401  -44.101  69.218 0.0000000000
57307  22.877  -42.721  64.424 0.0000000000
75841  45.927  -27.274  43.623 0.0000000000
63176  32.163  -37.486  61.477 0.0000000000
63234  32.208  -37.643  57.949 0.0000000000
59687  32.805  -40.548  62.413 0.0000000000
79193  45.107  -22.671  41.675 0.0000000000
76944  48.376  -25.279  39.944 0.0000000000
79159  38.940  -23.082  46.324 0.0000000000
74741  40.372  -29.073  46.357 0.0000000000
73630  36.828  -28.149  47.579 0.0000000000
68707  37.874  -33.098  51.118 0.0000000000
61982  26.886  -39.095  65.782 0.0000000000
55996  13.302  -43.440  72.112 0.0000000000
55950  10.910  -44.322  75.015 0.0000000000
55842  9.342  -44.640  80.609 0.0000000000
65357  27.813  -35.361  64.128 0.0000000000
58461  25.308  -41.579  63.667 0.0000000000
68638  28.589  -32.369  55.967 0.0000000000
67534  34.901  -34.979  57.056 0.0000000000
80435  52.000  -22.461  38.602 0.0000000000
75843  43.927  -27.103  43.617 0.0000000000
75816  43.642  -27.956  45.648 0.0000000000
62031  30.553  -38.446  61.612 0.0000000000
60890  31.481  -39.742  61.062 0.0000000000
59689  30.943  -40.706  62.232 0.0000000000
79178  41.670  -22.972  43.836 0.0000000000
80388  44.297  -21.856  43.405 0.0000000000
77993  43.367  -24.516  42.504 0.0000000000
76924  45.093  -25.669  41.692 0.0000000000
46072  7.846  -48.598  79.143 0.0000000000
76881  37.316  -25.681  46.498 0.0000000000
76854  35.965  -25.406  48.459 0.0000000000
71159  33.348  -30.595  50.867 0.0000000000
71157  35.022  -30.871  50.048 0.0000000000
68710  34.550  -32.728  51.310 0.0000000000
67594  35.543  -34.367  53.656 0.0000000000
57258  16.648  -41.745  69.143 0.0000000000
56019  17.662  -43.575  70.822 0.0000000000
57227  16.003  -42.583  70.725 0.0000000000
57186  15.348  -42.734  72.397 0.0000000000
57229  13.876  -42.213  70.954 0.0000000000
57148  12.239  -42.679  75.015 0.0000000000
130794  10.014  -44.297  78.766 0.0000000000
65346  24.473  -34.863  65.032 0.0000000000
64290  24.686  -36.793  62.881 0.0000000000
63155  23.212  -37.650  63.802 0.0000000000
54842  22.797  -44.777  66.697 0.0000000000
54861  24.089  -44.535  65.666 0.0000000000
62058  35.121  -38.034  59.820 0.0000000000
65436  33.774  -36.192  57.306 0.0000000000
75776  35.475  -25.770  50.897 0.0000000000
73543  33.334  -28.071  51.611 0.0000000000
72364  31.428  -30.202  52.471 0.0000000000
54844  20.872  -44.695  66.849 0.0000000000
53576  20.286  -45.195  69.121 0.0000000000
56058  18.777  -43.859  67.167 0.0000000000
58421  18.353  -41.265  68.448 0.0000000000
59582  16.764  -40.067  70.464 0.0000000000
60844  23.009  -39.258  65.232 0.0000000000
58441  23.554  -41.287  65.598 0.0000000000
57297  21.613  -43.107  65.501 0.0000000000
66417  32.176  -34.540  61.003 0.0000000000
66431  30.070  -34.921  59.301 0.0000000000
63201  31.682  -37.327  59.535 0.0000000000
60903  32.840  -39.283  59.994 0.0000000000
80428  48.467  -22.216  40.289 0.0000000000
78018  46.692  -23.825  40.425 0.0000000000
75863  47.168  -26.928  41.940 0.0000000000
77976  40.049  -24.387  44.492 0.0000000000
74758  40.811  -27.491  45.206 0.0000000000
75834  38.758  -26.393  45.465 0.0000000000
74742  38.973  -28.585  46.542 0.0000000000
71165  39.503  -30.987  48.680 0.0000000000
74732  35.598  -27.847  48.632 0.0000000000
71167  37.270  -30.863  48.940 0.0000000000
62019  27.412  -38.872  63.168 0.0000000000
59663  29.662  -40.217  64.357 0.0000000000
80344  41.145  -21.799  46.448 0.0000000000
59557  13.729  -40.230  72.318 0.0000000000
58376  12.659  -41.520  72.863 0.0000000000
55972  11.386  -44.496  72.909 0.0000000000
54764  11.156  -46.884  74.696 0.0000000000
53495  9.309  -46.534  76.053 0.0000000000
52253  8.921  -46.820  78.869 0.0000000000
54695  6.487  -47.668  80.281 0.0000000000
48543  4.720  -48.507  81.033 0.0000000000
64286  28.541  -37.045  62.991 0.0000000000
63152  26.481  -38.239  62.756 0.0000000000
60843  25.990  -40.064  64.928 0.0000000000
58463  23.672  -41.695  63.124 0.0000000000
68674  30.808  -32.624  53.440 0.0000000000
66470  30.146  -35.331  57.276 0.0000000000
67551  31.664  -34.770  55.876 0.0000000000
67580  33.020  -34.382  54.264 0.0000000000
59647  32.158  -40.733  65.073 0.0000000000
80443  52.995  -22.262  37.572 0.0000000000
79219  50.606  -23.464  38.737 0.0000000000
78034  52.045  -24.505  38.084 0.0000000000
76902  42.526  -25.967  43.436 0.0000000000
75829  43.657  -27.634  44.516 0.0000000000
75830  42.612  -27.775  44.703 0.0000000000
62032  29.734  -38.826  61.552 0.0000000000
62046  30.356  -39.261  61.305 0.0000000000
60875  29.381  -39.850  62.019 0.0000000000
77986  41.685  -24.147  43.534 0.0000000000
79186  42.625  -22.984  43.309 0.0000000000
76916  42.170  -24.563  43.250 0.0000000000
76914  43.813  -25.586  42.491 0.0000000000
46073  6.768  -49.817  78.781 0.0000000000
77941  37.118  -24.205  48.328 0.0000000000
76839  36.805  -24.684  49.729 0.0000000000
69902  32.942  -31.472  51.480 0.0000000000
69900  34.179  -31.731  50.858 0.0000000000
68711  33.772  -32.373  51.426 0.0000000000
67607  35.891  -33.910  52.777 0.0000000000
67609  34.134  -33.913  52.989 0.0000000000
58413  15.792  -41.490  69.779 0.0000000000
57243  16.269  -42.152  69.714 0.0000000000
57244  15.543  -41.785  70.029 0.0000000000
57228  15.029  -42.158  70.585 0.0000000000
59585  14.440  -40.880  70.500 0.0000000000
65334  23.730  -35.184  66.034 0.0000000000
65347  23.625  -35.423  65.054 0.0000000000
64247  22.949  -36.354  65.998 0.0000000000
53601  22.315  -45.125  67.546 0.0000000000
68584  29.560  -32.424  60.100 0.0000000000
63187  35.531  -37.226  60.321 0.0000000000
72363  32.029  -29.399  52.212 0.0000000000
72350  32.004  -28.815  53.398 0.0000000000
54865  20.400  -44.199  66.240 0.0000000000
54866  19.649  -44.049  66.622 0.0000000000
57287  19.395  -42.929  66.571 0.0000000000
58420  18.938  -41.554  68.420 0.0000000000
58411  18.363  -40.820  68.957 0.0000000000
59608  17.660  -40.737  68.724 0.0000000000
59624  23.832  -39.720  66.871 0.0000000000
57271  20.896  -42.688  66.651 0.0000000000
57284  21.793  -42.753  65.829 0.0000000000
57298  20.902  -43.149  65.639 0.0000000000
54880  21.021  -44.004  65.743 0.0000000000
64318  31.456  -36.069  60.019 0.0000000000
63188  31.914  -37.460  60.526 0.0000000000
59702  32.155  -40.282  61.617 0.0000000000
60889  32.326  -39.591  60.798 0.0000000000
59700  33.483  -40.068  61.720 0.0000000000
60887  34.635  -39.327  61.065 0.0000000000
59685  34.204  -39.937  62.739 0.0000000000
80404  44.457  -22.218  42.554 0.0000000000
79203  46.685  -22.990  40.666 0.0000000000
78009  45.969  -24.123  40.703 0.0000000000
75854  45.479  -26.947  42.734 0.0000000000
75873  45.796  -26.005  41.328 0.0000000000
75853  46.502  -27.165  42.782 0.0000000000
77977  39.125  -24.028  45.227 0.0000000000
76892  39.177  -25.460  44.963 0.0000000000
77978  38.699  -24.785  45.387 0.0000000000
74744  37.150  -27.622  47.108 0.0000000000
74754  37.718  -27.616  46.688 0.0000000000
74743  38.027  -28.249  46.853 0.0000000000
73608  39.346  -29.662  47.500 0.0000000000
72421  37.971  -29.382  47.587 0.0000000000
75777  34.875  -26.492  50.598 0.0000000000
75788  35.060  -26.394  49.669 0.0000000000
74721  34.635  -27.865  49.697 0.0000000000
69898  36.000  -32.282  50.466 0.0000000000
71168  36.255  -30.539  49.143 0.0000000000
69910  37.340  -31.956  49.841 0.0000000000
69909  38.494  -32.212  50.022 0.0000000000
62006  27.271  -38.911  64.270 0.0000000000
60854  28.014  -39.245  64.349 0.0000000000
79148  39.658  -22.459  47.559 0.0000000000
79158  40.110  -22.354  46.397 0.0000000000
79168  40.081  -22.967  44.950 0.0000000000
54822  18.988  -44.490  68.738 0.0000000000
54791  19.210  -44.775  70.564 0.0000000000
57187  14.453  -42.980  72.103 0.0000000000
57162  15.408  -42.838  73.332 0.0000000000
57147  14.656  -43.265  73.714 0.0000000000
55947  13.809  -43.981  73.406 0.0000000000
59540  13.747  -40.067  73.368 0.0000000000
59558  12.960  -41.061  72.032 0.0000000000
59521  13.333  -40.786  74.066 0.0000000000
57149  11.748  -43.261  74.841 0.0000000000
57164  11.963  -42.893  74.089 0.0000000000
55973  10.716  -44.388  73.799 0.0000000000
54779  11.138  -46.244  73.823 0.0000000000
54780  10.182  -45.499  73.859 0.0000000000
53516  9.877  -46.490  74.675 0.0000000000
53518  9.732  -45.317  75.274 0.0000000000
53497  9.779  -44.994  78.109 0.0000000000
55857  7.674  -47.301  79.761 0.0000000000
55851  7.889  -46.787  80.372 0.0000000000
64257  28.474  -35.556  64.909 0.0000000000
64270  28.988  -36.865  63.486 0.0000000000
64272  27.589  -35.911  63.094 0.0000000000
63151  27.468  -37.858  62.279 0.0000000000
64288  26.898  -36.568  62.269 0.0000000000
62021  24.686  -39.045  63.120 0.0000000000
63153  25.342  -38.118  62.895 0.0000000000
59665  25.688  -40.814  64.118 0.0000000000
58449  23.180  -40.917  64.313 0.0000000000
59666  23.042  -40.385  64.003 0.0000000000
56102  23.473  -42.802  63.725 0.0000000000
54860  24.960  -44.497  65.636 0.0000000000
74750  41.055  -28.032  45.532 0.0000000000
75818  41.992  -28.462  46.078 0.0000000000
74739  42.273  -28.218  46.925 0.0000000000
71094  28.774  -30.581  55.485 0.0000000000
71115  29.784  -30.717  54.117 0.0000000000
68658  29.476  -32.492  54.583 0.0000000000
64347  30.734  -36.260  58.382 0.0000000000
66448  29.788  -34.987  58.362 0.0000000000
65457  30.910  -36.092  57.341 0.0000000000
66447  34.290  -35.707  57.315 0.0000000000
66468  32.159  -35.582  56.456 0.0000000000
67535  33.769  -35.144  56.415 0.0000000000
67567  31.921  -34.272  55.061 0.0000000000
67549  34.147  -34.742  56.086 0.0000000000
67564  34.628  -34.472  55.461 0.0000000000
59662  30.575  -40.677  64.315 0.0000000000
81558  52.562  -22.210  38.244 0.0000000000
78025  48.703  -23.885  39.571 0.0000000000
79220  49.561  -23.202  39.343 0.0000000000
78024  49.133  -24.069  39.278 0.0000000000
76968  51.147  -25.163  38.624 0.0000000000
76967  52.020  -25.569  38.689 0.0000000000
57272  19.763  -42.413  66.888 0.0000000000
75842  44.944  -27.258  43.554 0.0000000000
76890  45.829  -26.948  45.119 0.0000000000
75828  44.600  -27.421  44.473 0.0000000000
62030  31.300  -38.134  61.617 0.0000000000
62044  31.539  -38.543  60.793 0.0000000000
62045  30.921  -39.009  61.140 0.0000000000
59703  31.460  -40.388  61.662 0.0000000000
59688  31.952  -40.731  62.393 0.0000000000
80354  44.046  -21.701  45.420 0.0000000000
80390  42.797  -22.251  43.895 0.0000000000
79185  43.305  -23.250  42.653 0.0000000000
78002  43.908  -23.838  42.125 0.0000000000
78011  44.780  -23.937  41.519 0.0000000000
76926  44.003  -24.756  42.139 0.0000000000
75855  44.434  -26.492  42.724 0.0000000000
79150  38.261  -23.476  46.999 0.0000000000
77966  37.638  -24.894  46.355 0.0000000000
77955  37.319  -24.534  46.977 0.0000000000
76868  36.567  -25.222  47.498 0.0000000000
75810  36.369  -27.038  47.501 0.0000000000
72385  33.996  -29.351  50.242 0.0000000000
72399  34.701  -29.811  49.803 0.0000000000
71158  34.164  -30.567  50.387 0.0000000000
69899  35.069  -32.142  50.661 0.0000000000
68709  35.615  -32.926  51.134 0.0000000000
68689  36.285  -33.520  51.857 0.0000000000
67593  36.608  -34.180  53.653 0.0000000000
60829  26.538  -40.081  66.362 0.0000000000
56047  17.241  -42.698  69.162 0.0000000000
56035  17.903  -43.682  69.862 0.0000000000
56036  17.108  -42.959  69.804 0.0000000000
56020  16.794  -42.979  70.814 0.0000000000
57209  16.299  -42.781  71.771 0.0000000000
57211  14.099  -42.767  71.492 0.0000000000
57230  13.358  -42.177  71.071 0.0000000000
58340  12.968  -41.482  74.722 0.0000000000
57112  12.082  -42.483  76.222 0.0000000000
54739  11.309  -43.471  76.042 0.0000000000
54749  10.855  -44.217  76.016 0.0000000000
55888  11.098  -43.221  77.438 0.0000000000
130795  10.352  -43.714  78.948 0.0000000000
130798  9.671  -42.916  81.431 0.0000000000
65345  25.754  -34.499  64.957 0.0000000000
65373  25.364  -35.780  62.897 0.0000000000
65374  24.383  -35.813  63.449 0.0000000000
64291  23.683  -36.645  63.650 0.0000000000
60866  23.881  -39.726  63.082 0.0000000000
54878  22.620  -44.094  65.320 0.0000000000
54877  23.485  -44.134  64.964 0.0000000000
54862  23.178  -44.446  65.856 0.0000000000
74730  40.951  -29.437  47.192 0.0000000000
68604  28.307  -32.425  57.689 0.0000000000
62086  33.442  -37.966  58.242 0.0000000000
64363  33.316  -36.848  57.499 0.0000000000
63200  34.740  -37.168  58.935 0.0000000000
65416  34.965  -35.896  58.607 0.0000000000
80424  51.773  -21.981  39.356 0.0000000000
46075  4.448  -50.698  78.368 0.0000000000
74706  35.608  -26.050  51.634 0.0000000000
74693  34.395  -26.981  50.860 0.0000000000
73559  33.791  -27.579  51.166 0.0000000000
72376  32.897  -28.902  51.355 0.0000000000
72377  32.529  -29.951  51.363 0.0000000000
69882  32.395  -31.604  51.966 0.0000000000
53602  21.339  -45.013  67.578 0.0000000000
53575  21.123  -45.620  69.217 0.0000000000
53603  20.510  -44.795  67.604 0.0000000000
54831  19.199  -44.422  67.981 0.0000000000
54832  18.516  -44.011  68.247 0.0000000000
57273  18.885  -42.425  67.026 0.0000000000
57256  18.268  -42.319  68.005 0.0000000000
56046  17.845  -43.173  68.783 0.0000000000
58422  17.519  -41.424  68.556 0.0000000000
59609  16.925  -40.898  68.901 0.0000000000
59583  15.871  -40.276  70.220 0.0000000000
61984  22.880  -37.993  66.381 0.0000000000
60832  23.240  -38.977  66.323 0.0000000000
59652  23.197  -40.369  64.780 0.0000000000
57295  22.951  -42.116  64.534 0.0000000000
57269  23.319  -42.171  66.726 0.0000000000
57283  22.809  -42.241  65.535 0.0000000000
56082  22.294  -43.464  65.033 0.0000000000
54879  21.762  -44.037  65.547 0.0000000000
54843  21.799  -44.787  66.777 0.0000000000
67479  31.411  -33.578  61.005 0.0000000000
67493  30.648  -33.768  60.512 0.0000000000
65407  31.161  -35.484  59.976 0.0000000000
64329  31.192  -36.364  59.475 0.0000000000
63220  31.451  -37.237  58.717 0.0000000000
62061  32.081  -38.488  60.091 0.0000000000
62073  32.470  -38.489  59.256 0.0000000000
62072  33.478  -38.563  59.093 0.0000000000
62059  34.254  -38.565  59.614 0.0000000000
60886  35.362  -38.672  61.078 0.0000000000
80429  47.907  -22.180  40.579 0.0000000000
79212  47.587  -22.963  40.271 0.0000000000
76945  47.261  -25.120  40.250 0.0000000000
76935  45.337  -25.164  41.266 0.0000000000
76933  46.872  -25.657  40.575 0.0000000000
76904  40.708  -25.654  44.209 0.0000000000
75845  41.686  -26.731  44.245 0.0000000000
75819  39.706  -26.965  45.304 0.0000000000
74751  40.216  -27.762  45.582 0.0000000000
75821  38.300  -26.553  45.935 0.0000000000
74752  39.164  -27.824  45.928 0.0000000000
73607  40.122  -29.807  47.575 0.0000000000
72396  40.146  -30.645  48.547 0.0000000000
76840  35.850  -25.334  49.426 0.0000000000
75798  35.383  -27.082  48.671 0.0000000000
74731  36.103  -27.755  48.028 0.0000000000
72398  35.501  -29.499  49.199 0.0000000000
72412  36.048  -29.415  48.874 0.0000000000
72411  36.563  -29.743  48.488 0.0000000000
71166  38.221  -30.990  48.743 0.0000000000
62034  28.280  -39.115  62.372 0.0000000000
60876  28.740  -39.845  62.576 0.0000000000
60864  28.143  -39.428  63.491 0.0000000000
60840  28.747  -39.401  65.356 0.0000000000
80374  41.533  -22.164  44.856 0.0000000000
79179  40.909  -22.792  44.424 0.0000000000
60750  15.319  -39.623  71.258 0.0000000000
60737  15.284  -39.401  72.010 0.0000000000
60751  14.663  -39.889  71.016 0.0000000000
59570  13.885  -40.465  71.182 0.0000000000
59572  12.821  -41.783  71.344 0.0000000000
58391  12.578  -42.211  71.603 0.0000000000
58358  12.290  -42.251  73.369 0.0000000000
57213  12.163  -43.077  72.242 0.0000000000
55997  12.499  -43.709  72.298 0.0000000000
55971  12.697  -44.832  72.815 0.0000000000
54778  12.239  -45.912  73.680 0.0000000000
52241  10.147  -45.972  77.368 0.0000000000
53477  10.139  -44.679  76.629 0.0000000000
53496  9.634  -45.602  76.427 0.0000000000
54694  7.289  -47.744  79.446 0.0000000000
48587  6.395  -48.311  79.540 0.0000000000
54682  6.453  -46.825  81.799 0.0000000000
49764  5.478  -48.175  80.636 0.0000000000
48575  5.477  -49.145  79.354 0.0000000000
62016  29.507  -37.990  62.161 0.0000000000
63149  29.120  -37.495  62.744 0.0000000000
63165  28.719  -38.059  62.188 0.0000000000
62018  27.907  -38.552  62.480 0.0000000000
62020  26.895  -38.730  63.499 0.0000000000
62007  26.551  -38.791  63.928 0.0000000000
64289  25.756  -36.892  62.429 0.0000000000
62008  25.897  -39.214  63.932 0.0000000000
61996  26.175  -39.532  64.908 0.0000000000
62009  22.828  -38.444  64.518 0.0000000000
59680  23.476  -40.551  63.371 0.0000000000
58462  24.633  -41.600  63.066 0.0000000000
54892  24.029  -43.884  64.398 0.0000000000
56091  25.038  -43.306  64.195 0.0000000000
57303  25.723  -43.017  64.529 0.0000000000
75817  42.774  -28.420  45.890 0.0000000000
72351  31.241  -29.695  53.096 0.0000000000
69868  31.043  -31.773  52.893 0.0000000000
68673  31.653  -33.101  53.142 0.0000000000
67515  29.546  -34.288  59.054 0.0000000000
67516  28.945  -33.922  58.240 0.0000000000
66484  29.188  -34.063  56.485 0.0000000000
66469  31.140  -35.677  56.679 0.0000000000
66482  30.756  -35.031  56.335 0.0000000000
67570  29.370  -33.391  55.359 0.0000000000
67583  30.609  -33.643  54.607 0.0000000000
67598  31.851  -33.731  53.783 0.0000000000
68672  32.837  -33.520  52.830 0.0000000000
67579  34.036  -34.418  54.412 0.0000000000
59676  29.903  -40.570  63.469 0.0000000000
59675  30.746  -40.861  63.353 0.0000000000
59660  32.346  -40.819  64.191 0.0000000000
59646  32.976  -40.697  65.007 0.0000000000
59658  33.953  -40.238  64.133 0.0000000000
81564  53.592  -21.569  37.135 0.0000000000
80437  50.380  -22.629  39.259 0.0000000000
80436  51.186  -22.728  38.759 0.0000000000
76969  50.561  -24.717  38.667 0.0000000000
79228  50.930  -23.895  38.505 0.0000000000
80445  51.696  -22.922  38.359 0.0000000000
80444  52.266  -22.947  37.862 0.0000000000
79251  53.226  -23.148  36.759 0.0000000000
75844  42.743  -26.760  43.728 0.0000000000
69881  33.129  -32.199  51.767 0.0000000000
68691  33.747  -33.317  52.287 0.0000000000
59598  15.748  -40.911  69.831 0.0000000000
58400  15.115  -41.351  70.164 0.0000000000
65318  23.957  -35.004  67.104 0.0000000000
64246  23.230  -35.734  66.184 0.0000000000
64229  22.972  -36.574  66.640 0.0000000000
53587  21.748  -45.363  68.407 0.0000000000
53586  22.798  -45.416  68.442 0.0000000000
68583  30.163  -33.154  60.431 0.0000000000
56071  19.833  -43.536  66.266 0.0000000000
57285  21.029  -42.785  65.817 0.0000000000
56084  20.567  -43.565  65.811 0.0000000000
64308  32.449  -36.553  60.988 0.0000000000
59701  32.997  -40.231  61.596 0.0000000000
59686  33.665  -40.198  62.369 0.0000000000
80403  45.277  -22.024  42.109 0.0000000000
80418  45.833  -22.074  41.648 0.0000000000
80417  46.432  -22.066  41.338 0.0000000000
79204  45.510  -22.937  41.286 0.0000000000
75840  46.884  -27.094  43.707 0.0000000000
52227  10.574  -46.346  78.494 0.0000000000
77964  38.742  -23.722  45.875 0.0000000000
73629  37.572  -28.841  47.417 0.0000000000
73609  37.302  -29.095  47.729 0.0000000000
74707  34.625  -27.191  49.952 0.0000000000
68721  36.799  -32.332  50.249 0.0000000000
69911  36.343  -31.597  49.815 0.0000000000
68720  37.595  -32.602  50.426 0.0000000000
61994  27.049  -38.892  65.217 0.0000000000
79169  39.478  -22.993  45.643 0.0000000000
54809  19.038  -44.632  69.600 0.0000000000
55995  13.902  -43.228  71.993 0.0000000000
57163  14.534  -43.154  72.894 0.0000000000
55970  13.774  -43.622  72.502 0.0000000000
55927  11.308  -43.795  74.803 0.0000000000
57165  11.334  -43.483  74.091 0.0000000000
55949  10.900  -44.031  74.259 0.0000000000
55974  10.491  -44.523  74.538 0.0000000000
54781  10.071  -45.086  74.569 0.0000000000
54765  10.206  -44.824  75.431 0.0000000000
65343  27.951  -35.187  64.758 0.0000000000
64271  28.429  -36.211  63.592 0.0000000000
65358  26.562  -35.233  63.471 0.0000000000
60865  24.614  -40.000  63.080 0.0000000000
60855  25.431  -39.963  63.609 0.0000000000
59678  25.031  -40.759  63.250 0.0000000000
58454  25.810  -41.612  64.460 0.0000000000
57306  23.180  -42.372  63.799 0.0000000000
56093  23.273  -43.283  64.272 0.0000000000
74740  41.657  -28.634  46.396 0.0000000000
69824  28.369  -31.492  56.404 0.0000000000
71095  28.448  -31.179  55.909 0.0000000000
69835  28.656  -31.649  55.466 0.0000000000
69853  29.146  -31.929  54.794 0.0000000000
68648  29.076  -32.605  55.284 0.0000000000
64365  31.353  -36.884  57.897 0.0000000000
64366  30.743  -36.201  57.842 0.0000000000
66466  34.358  -35.394  57.021 0.0000000000
67550  32.906  -34.720  55.711 0.0000000000
81551  52.499  -21.799  38.955 0.0000000000
76956  48.697  -24.476  39.618 0.0000000000
57253  21.347  -42.905  67.893 0.0000000000
57254  20.165  -42.307  67.746 0.0000000000
57239  21.068  -43.103  68.733 0.0000000000
75815  44.380  -27.470  45.416 0.0000000000
60874  30.105  -40.009  61.653 0.0000000000
60891  30.798  -39.996  61.299 0.0000000000
80373  42.406  -22.063  44.557 0.0000000000
79177  42.309  -22.636  43.799 0.0000000000
77994  42.671  -24.082  42.943 0.0000000000
79195  43.976  -22.948  42.299 0.0000000000
75856  43.400  -26.305  43.117 0.0000000000
77953  38.460  -23.321  48.367 0.0000000000
77954  37.963  -23.701  47.590 0.0000000000
76853  36.510  -24.782  48.482 0.0000000000
76869  36.163  -26.116  47.602 0.0000000000
72386  33.240  -29.797  50.728 0.0000000000
67577  36.277  -34.440  54.683 0.0000000000
79149  38.752  -23.097  47.628 0.0000000000
57242  16.959  -42.469  69.372 0.0000000000
56037  16.540  -42.660  70.242 0.0000000000
55994  17.265  -43.197  71.675 0.0000000000
58401  14.279  -41.600  70.564 0.0000000000
57210  15.198  -42.638  71.483 0.0000000000
58321  11.850  -42.227  77.115 0.0000000000
57113  11.729  -42.658  76.692 0.0000000000
57114  11.307  -42.862  77.301 0.0000000000
55896  11.236  -43.251  76.825 0.0000000000
130801  9.869  -42.904  80.672 0.0000000000
65332  26.101  -34.131  66.329 0.0000000000
65359  25.062  -35.031  63.893 0.0000000000
64274  23.196  -36.749  64.249 0.0000000000
64273  23.442  -36.461  64.062 0.0000000000
62022  23.625  -38.719  63.327 0.0000000000
69794  28.354  -31.604  57.632 0.0000000000
62071  34.309  -37.899  58.923 0.0000000000
62085  33.909  -37.600  58.416 0.0000000000
62070  34.865  -37.588  59.295 0.0000000000
64326  35.418  -36.434  59.880 0.0000000000
64327  35.045  -36.485  59.126 0.0000000000
65415  35.316  -35.763  59.309 0.0000000000
47279  4.074  -50.562  78.685 0.0000000000
74692  35.100  -26.466  51.707 0.0000000000
73560  33.418  -28.326  50.981 0.0000000000
71136  31.948  -30.596  51.953 0.0000000000
53588  20.823  -45.151  68.354 0.0000000000
54846  19.257  -44.191  67.198 0.0000000000
54830  19.687  -44.522  67.595 0.0000000000
54847  18.755  -44.052  67.558 0.0000000000
57255  19.109  -42.051  67.862 0.0000000000
59596  17.250  -40.504  69.458 0.0000000000
59597  16.432  -40.572  69.590 0.0000000000
60815  23.122  -38.450  66.837 0.0000000000
60814  23.562  -38.931  67.290 0.0000000000
59640  23.630  -40.066  66.048 0.0000000000
58448  23.177  -41.248  64.630 0.0000000000
57296  22.436  -42.791  65.063 0.0000000000
54864  21.317  -44.425  66.133 0.0000000000
66418  31.259  -34.621  60.524 0.0000000000
64328  31.509  -36.564  59.852 0.0000000000
63202  31.319  -36.936  59.131 0.0000000000
60911  33.225  -38.930  59.551 0.0000000000
62060  33.784  -38.755  59.615 0.0000000000
60902  33.849  -39.105  60.069 0.0000000000
60872  34.401  -39.734  62.126 0.0000000000
81525  44.868  -21.516  44.219 0.0000000000
80415  48.307  -21.614  40.990 0.0000000000
80416  47.377  -22.043  40.943 0.0000000000
79202  47.200  -22.650  40.589 0.0000000000
79213  47.043  -23.464  40.391 0.0000000000
78017  47.205  -24.017  40.217 0.0000000000
76936  44.844  -24.595  41.535 0.0000000000
78010  45.163  -24.058  41.203 0.0000000000
75872  46.827  -26.246  40.987 0.0000000000
75880  47.141  -25.782  40.534 0.0000000000
76891  39.787  -25.261  44.632 0.0000000000
75833  39.205  -26.385  45.160 0.0000000000
75820  39.208  -26.990  45.540 0.0000000000
76880  37.974  -25.357  46.050 0.0000000000
74753  38.255  -27.641  46.365 0.0000000000
73627  39.628  -29.330  47.021 0.0000000000
73626  40.426  -29.498  47.198 0.0000000000
71176  39.071  -30.430  48.054 0.0000000000
72408  39.789  -30.316  48.004 0.0000000000
75786  36.177  -25.096  50.048 0.0000000000
75787  35.676  -25.500  50.084 0.0000000000
74720  35.090  -27.812  49.211 0.0000000000
71169  35.287  -30.369  49.598 0.0000000000
71179  36.863  -30.405  48.703 0.0000000000
71178  37.461  -30.354  48.444 0.0000000000
62035  27.892  -39.174  62.790 0.0000000000
60877  28.248  -39.581  62.881 0.0000000000
60841  27.844  -39.115  65.364 0.0000000000
80356  42.206  -21.759  45.681 0.0000000000
80357  41.385  -21.924  45.803 0.0000000000
77987  40.885  -24.045  43.971 0.0000000000
53558  20.512  -45.572  70.060 0.0000000000
56018  18.093  -43.863  70.433 0.0000000000
57161  16.286  -42.809  73.789 0.0000000000
60749  16.162  -39.692  71.552 0.0000000000
60724  14.417  -39.552  72.644 0.0000000000
60723  15.218  -39.083  72.872 0.0000000000
60738  14.501  -39.758  71.713 0.0000000000
59559  12.723  -41.677  71.654 0.0000000000
58377  12.339  -42.122  72.354 0.0000000000
58331  12.562  -42.024  75.370 0.0000000000
58341  12.522  -42.178  74.344 0.0000000000
57188  11.504  -43.266  73.214 0.0000000000
54763  11.806  -46.349  74.591 0.0000000000
53494  10.473  -46.900  75.873 0.0000000000
55897  10.593  -43.851  77.448 0.0000000000
47294  6.873  -48.485  78.891 0.0000000000
49749  5.279  -47.934  81.168 0.0000000000
48557  5.137  -48.689  80.455 0.0000000000
48544  4.138  -48.886  80.928 0.0000000000
62015  30.281  -37.953  62.256 0.0000000000
63150  28.298  -37.743  62.416 0.0000000000
63136  26.361  -38.586  63.257 0.0000000000
60830  26.084  -40.485  65.674 0.0000000000
61997  22.839  -38.237  65.499 0.0000000000
60856  22.921  -39.446  64.268 0.0000000000
59679  24.157  -40.700  62.824 0.0000000000
57314  24.422  -42.546  63.392 0.0000000000
54876  24.429  -44.243  64.975 0.0000000000
54875  25.225  -44.123  65.032 0.0000000000
54890  25.327  -43.658  64.636 0.0000000000
56090  25.501  -43.250  64.488 0.0000000000
75846  40.977  -26.740  44.545 0.0000000000
75831  41.449  -27.659  45.055 0.0000000000
72335  30.957  -29.299  54.191 0.0000000000
71114  30.462  -30.182  53.625 0.0000000000
69869  30.325  -32.090  53.519 0.0000000000
71129  30.292  -31.183  53.461 0.0000000000
66430  30.594  -34.757  59.998 0.0000000000
67494  29.853  -33.924  59.970 0.0000000000
66449  29.455  -34.768  57.788 0.0000000000
66471  29.278  -34.478  57.202 0.0000000000
65456  31.781  -36.320  57.028 0.0000000000
65455  32.831  -36.264  56.978 0.0000000000
66481  31.423  -35.239  56.297 0.0000000000
67552  30.465  -34.420  55.731 0.0000000000
67569  30.041  -33.773  55.000 0.0000000000
67568  30.992  -34.040  55.133 0.0000000000
67566  32.681  -34.418  54.942 0.0000000000
67581  32.188  -34.036  54.328 0.0000000000
67597  32.460  -33.895  53.557 0.0000000000
67596  33.495  -33.987  53.309 0.0000000000
67563  35.820  -34.416  55.713 0.0000000000
59677  29.188  -40.227  63.428 0.0000000000
59691  29.389  -40.332  62.771 0.0000000000
59648  31.307  -40.635  65.143 0.0000000000
59661  31.466  -40.852  64.245 0.0000000000
59674  31.679  -40.898  63.288 0.0000000000
81563  53.955  -21.240  37.919 0.0000000000
80455  53.317  -22.286  36.776 0.0000000000
80414  49.146  -21.460  40.759 0.0000000000
80438  49.871  -22.521  39.553 0.0000000000
78035  51.106  -24.355  38.418 0.0000000000
79227  51.417  -23.542  38.298 0.0000000000
79226  52.130  -23.704  37.859 0.0000000000
75857  42.837  -26.151  43.309 0.0000000000
79187  42.193  -23.089  43.593 0.0000000000
77995  42.137  -23.651  43.373 0.0000000000
76915  42.795  -25.363  43.051 0.0000000000
46085  7.529  -48.358  79.036 0.0000000000
77926  37.631  -24.056  49.405 0.0000000000
71149  33.169  -31.056  51.152 0.0000000000
71148  33.673  -31.107  50.923 0.0000000000
69901  33.459  -31.664  51.241 0.0000000000
68690  35.134  -33.459  51.984 0.0000000000
67608  34.821  -33.909  52.862 0.0000000000
58412  16.300  -41.301  69.273 0.0000000000
57097  11.004  -42.814  78.113 0.0000000000
65333  24.794  -34.517  66.143 0.0000000000
65348  23.116  -36.014  65.126 0.0000000000
63138  22.835  -37.472  64.779 0.0000000000
62043  35.625  -37.971  60.787 0.0000000000
63199  35.191  -37.176  59.529 0.0000000000
72362  32.971  -28.273  52.535 0.0000000000
54845  20.034  -44.491  67.063 0.0000000000
56072  19.023  -43.541  66.777 0.0000000000
58433  24.038  -41.177  66.563 0.0000000000
57270  22.143  -42.835  66.612 0.0000000000
56083  21.312  -43.557  65.463 0.0000000000
65406  31.679  -35.466  60.463 0.0000000000
65395  32.346  -35.620  60.840 0.0000000000
64317  31.846  -36.420  60.308 0.0000000000
60888  33.555  -39.809  61.082 0.0000000000
60873  33.765  -39.962  61.829 0.0000000000
60862  34.614  -39.673  63.133 0.0000000000
80386  46.022  -21.284  43.144 0.0000000000
75865  45.156  -26.202  41.993 0.0000000000
75874  45.326  -25.800  41.560 0.0000000000
75864  46.103  -26.746  41.892 0.0000000000
75852  47.538  -27.070  42.924 0.0000000000
76893  38.530  -25.576  45.490 0.0000000000
75809  36.784  -26.440  47.048 0.0000000000
75822  37.528  -26.933  46.534 0.0000000000
73628  38.603  -29.128  47.171 0.0000000000
72409  38.612  -29.763  47.724 0.0000000000
71177  38.392  -30.388  48.194 0.0000000000
69912  35.464  -31.558  50.163 0.0000000000
71156  35.665  -30.992  49.740 0.0000000000
69923  36.996  -31.334  49.362 0.0000000000
69922  37.861  -31.538  49.301 0.0000000000
79147  40.564  -21.882  47.553 0.0000000000
80345  40.726  -22.032  46.418 0.0000000000
80358  40.693  -22.173  45.865 0.0000000000
53577  19.577  -44.801  69.007 0.0000000000
53559  19.764  -45.054  69.877 0.0000000000
55925  14.279  -43.744  74.654 0.0000000000
55948  12.878  -45.054  74.221 0.0000000000
60706  14.355  -39.326  73.667 0.0000000000
59541  13.162  -40.821  73.046 0.0000000000
57189  11.066  -43.803  73.761 0.0000000000
53517  9.598  -45.810  75.017 0.0000000000
64287  27.921  -36.830  62.638 0.0000000000
63154  24.114  -37.793  63.100 0.0000000000
59651  25.951  -40.999  65.165 0.0000000000
59667  23.110  -40.637  64.305 0.0000000000
58455  23.119  -41.311  63.884 0.0000000000
57315  23.651  -42.536  63.372 0.0000000000
54840  24.624  -44.766  66.251 0.0000000000
53617  25.312  -44.891  66.225 0.0000000000
75808  42.188  -28.307  46.695 0.0000000000
72323  29.383  -29.909  55.453 0.0000000000
71093  29.450  -30.236  54.802 0.0000000000
71116  29.070  -31.119  54.667 0.0000000000
69852  29.666  -31.791  54.099 0.0000000000
68657  30.246  -32.954  54.166 0.0000000000
65418  30.377  -35.626  58.752 0.0000000000
65458  30.537  -35.833  57.624 0.0000000000
66467  33.438  -35.615  56.733 0.0000000000
67536  32.783  -35.146  56.217 0.0000000000
67565  33.546  -34.493  55.196 0.0000000000
60852  29.477  -39.868  64.803 0.0000000000
59649  30.495  -40.320  65.191 0.0000000000
81557  53.180  -21.574  38.265 0.0000000000
79211  48.707  -23.127  39.722 0.0000000000
79210  49.204  -22.875  39.639 0.0000000000
79221  49.026  -23.580  39.480 0.0000000000
78023  49.917  -24.299  38.897 0.0000000000
78033  52.993  -25.138  38.181 0.0000000000
57252  22.563  -43.021  67.536 0.0000000000
75827  45.458  -27.237  44.454 0.0000000000
59673  32.576  -40.761  63.293 0.0000000000
80372  43.371  -21.877  44.563 0.0000000000
80389  43.442  -22.182  43.495 0.0000000000
80405  43.845  -22.437  42.826 0.0000000000
79194  44.638  -23.133  41.762 0.0000000000
79205  45.010  -23.529  41.436 0.0000000000
78001  44.428  -24.302  41.783 0.0000000000
76925  44.609  -25.391  41.927 0.0000000000
76913  44.356  -25.915  42.336 0.0000000000
75866  44.626  -26.032  42.242 0.0000000000
79160  38.493  -23.365  46.743 0.0000000000
77965  38.239  -24.165  46.189 0.0000000000
74745  36.607  -27.638  47.545 0.0000000000
73572  33.913  -28.327  50.428 0.0000000000
73591  34.628  -28.650  49.665 0.0000000000
71170  34.793  -30.394  49.967 0.0000000000
69913  34.757  -31.390  50.383 0.0000000000
68708  36.780  -32.985  50.945 0.0000000000
67606  36.959  -33.911  52.699 0.0000000000
67592  37.621  -33.961  53.591 0.0000000000
61983  26.793  -39.368  66.002 0.0000000000
60813  26.970  -40.378  67.432 0.0000000000
57131  12.249  -42.412  75.795 0.0000000000
57132  11.863  -42.887  75.746 0.0000000000
55909  11.460  -43.498  75.538 0.0000000000
55928  11.221  -43.899  75.434 0.0000000000
54732  11.084  -43.637  76.398 0.0000000000
65344  27.472  -34.724  65.222 0.0000000000
65360  24.081  -35.388  64.217 0.0000000000
65375  23.867  -35.923  63.875 0.0000000000
56081  22.912  -43.752  64.869 0.0000000000
54841  23.840  -44.750  66.538 0.0000000000
74729  41.826  -29.168  47.505 0.0000000000
68625  28.271  -31.943  56.961 0.0000000000
68624  28.426  -32.647  56.678 0.0000000000
62097  33.159  -37.833  57.930 0.0000000000
63233  33.038  -37.533  57.742 0.0000000000
63218  33.679  -37.325  58.026 0.0000000000
64345  34.035  -36.697  57.927 0.0000000000
64344  34.614  -36.578  58.470 0.0000000000
65435  34.492  -36.040  57.914 0.0000000000
66446  35.032  -35.295  58.010 0.0000000000
75878  48.550  -26.241  40.476 0.0000000000
76943  49.309  -25.805  39.939 0.0000000000
46074  5.319  -50.652  78.083 0.0000000000
75775  36.526  -25.265  50.857 0.0000000000
75763  35.117  -26.218  51.221 0.0000000000
75764  34.812  -26.510  51.108 0.0000000000
74694  34.057  -27.657  50.592 0.0000000000
73573  33.441  -28.924  50.673 0.0000000000
72387  32.930  -30.362  51.060 0.0000000000
71150  32.663  -30.818  51.397 0.0000000000
53589  19.945  -44.779  68.215 0.0000000000
53604  20.040  -44.660  67.605 0.0000000000
53590  19.425  -44.628  68.481 0.0000000000
57288  18.835  -42.962  66.806 0.0000000000
57274  18.540  -42.834  67.165 0.0000000000
56059  18.433  -43.398  67.493 0.0000000000
57257  17.174  -42.163  68.887 0.0000000000
58423  16.872  -41.483  68.865 0.0000000000
63106  22.860  -37.141  66.523 0.0000000000
61973  23.069  -37.780  67.192 0.0000000000
59639  23.564  -39.517  66.492 0.0000000000
59653  23.188  -40.772  64.487 0.0000000000
56094  22.684  -43.064  64.644 0.0000000000
54863  22.234  -44.423  66.039 0.0000000000
65417  30.658  -35.592  59.450 0.0000000000
64330  30.785  -36.132  58.978 0.0000000000
63235  31.714  -37.418  58.307 0.0000000000
63219  31.925  -37.826  58.673 0.0000000000
62087  32.674  -38.248  58.454 0.0000000000
60901  34.810  -38.759  60.316 0.0000000000
60900  35.302  -38.409  60.479 0.0000000000
78016  48.072  -24.140  39.932 0.0000000000
76934  46.334  -25.318  40.689 0.0000000000
76946  46.671  -24.506  40.405 0.0000000000
75832  40.220  -26.728  44.919 0.0000000000
74759  40.580  -27.505  45.308 0.0000000000
73606  41.040  -29.813  47.831 0.0000000000
72407  40.489  -30.173  47.974 0.0000000000
76841  35.463  -25.792  49.499 0.0000000000
76855  35.448  -26.052  48.904 0.0000000000
75797  35.753  -26.571  48.083 0.0000000000
73610  36.799  -28.854  47.930 0.0000000000
73590  35.274  -28.667  49.178 0.0000000000
73611  35.889  -28.695  48.705 0.0000000000
72410  37.567  -29.571  47.898 0.0000000000
69921  38.903  -31.577  49.224 0.0000000000
69920  39.519  -31.427  49.250 0.0000000000
60863  28.659  -39.867  63.443 0.0000000000
59664  29.081  -40.024  63.903 0.0000000000
60853  28.882  -39.726  64.378 0.0000000000
80375  40.877  -22.332  45.164 0.0000000000
54810  18.485  -44.253  70.233 0.0000000000
60765  16.419  -39.816  71.143 0.0000000000
60766  15.973  -39.835  70.858 0.0000000000
60767  15.258  -40.006  70.645 0.0000000000
60768  14.660  -40.331  70.674 0.0000000000
59586  13.804  -41.173  70.742 0.0000000000
59571  13.166  -41.361  71.189 0.0000000000
58402  13.542  -41.760  70.848 0.0000000000
58390  13.046  -41.997  71.189 0.0000000000
57212  13.067  -42.721  71.525 0.0000000000
58357  12.823  -41.509  73.705 0.0000000000
47277  5.802  -49.511  78.384 0.0000000000
54696  6.111  -47.772  80.570 0.0000000000
54683  6.043  -47.675  80.885 0.0000000000
48574  5.834  -48.397  79.970 0.0000000000
48576  4.744  -49.600  79.228 0.0000000000
62017  29.040  -38.014  62.134 0.0000000000
63166  28.377  -38.468  62.233 0.0000000000
65372  26.134  -35.958  62.511 0.0000000000
63137  26.098  -38.594  63.315 0.0000000000
61995  26.502  -39.283  65.233 0.0000000000
60842  26.275  -39.691  65.407 0.0000000000
63120  22.803  -37.296  65.719 0.0000000000
62023  23.080  -38.741  63.832 0.0000000000
60867  23.274  -39.573  63.602 0.0000000000
56101  23.798  -42.988  63.608 0.0000000000
56092  24.296  -43.329  63.930 0.0000000000
54891  24.731  -43.797  64.490 0.0000000000
57305  24.824  -42.993  63.809 0.0000000000
57313  24.951  -42.089  63.495 0.0000000000
57304  25.397  -42.553  64.127 0.0000000000
57293  26.070  -42.845  64.804 0.0000000000
74728  42.574  -28.274  47.525 0.0000000000
71128  30.895  -30.629  52.935 0.0000000000
71137  31.343  -30.908  52.453 0.0000000000
69883  31.686  -31.401  52.313 0.0000000000
68693  31.825  -32.135  52.468 0.0000000000
67495  29.197  -33.485  59.358 0.0000000000
67537  28.672  -33.571  57.050 0.0000000000
67554  28.890  -33.291  56.051 0.0000000000
64364  32.419  -36.947  57.440 0.0000000000
66483  29.828  -34.665  56.411 0.0000000000
67553  29.563  -34.019  55.794 0.0000000000
68647  29.601  -33.061  54.851 0.0000000000
67582  31.253  -33.676  54.208 0.0000000000
68656  30.968  -33.099  53.720 0.0000000000
68671  33.347  -33.649  52.779 0.0000000000
67595  34.512  -34.266  53.612 0.0000000000
67578  35.123  -34.474  54.602 0.0000000000
59690  30.022  -40.568  62.528 0.0000000000
59633  32.008  -40.534  65.912 0.0000000000
59659  33.188  -40.636  64.160 0.0000000000
59672  33.413  -40.502  63.277 0.0000000000
59671  34.102  -40.084  63.288 0.0000000000
80427  49.364  -22.291  39.881 0.0000000000
80425  50.965  -21.969  39.594 0.0000000000
76955  49.241  -24.927  39.419 0.0000000000
79218  51.059  -23.255  38.583 0.0000000000
80456  52.955  -22.853  37.135 0.0000000000
79240  52.866  -23.755  37.335 0.0000000000
48556  5.740  -48.171  80.376 0.0000000000
49748  5.841  -47.909  80.627 0.0000000000
54731  11.284  -43.376  76.351 0.0000000000
54740  11.219  -43.729  75.814 0.0000000000
55895  11.478  -43.177  76.187 0.0000000000
55910  11.316  -43.707  75.577 0.0000000000
56073  18.649  -43.186  66.985 0.0000000000
58456  23.131  -40.872  64.164 0.0000000000
60748  16.430  -39.818  71.406 0.0000000000
60831  23.527  -39.306  66.755 0.0000000000
60910  33.549  -38.831  59.606 0.0000000000
62098  32.862  -37.976  57.941 0.0000000000
63094  23.006  -36.871  67.045 0.0000000000
63217  34.226  -37.220  58.437 0.0000000000
64259  22.913  -36.672  65.088 0.0000000000
64292  23.342  -36.987  63.870 0.0000000000
64346  31.046  -36.715  58.781 0.0000000000
65335  23.277  -35.679  65.688 0.0000000000
65361  23.468  -36.063  64.333 0.0000000000
65362  23.144  -36.350  64.692 0.0000000000
65437  30.323  -35.748  58.037 0.0000000000
68605  28.295  -31.793  57.378 0.0000000000
68639  28.380  -32.066  56.408 0.0000000000
69808  28.365  -31.174  57.176 0.0000000000
69823  28.458  -31.828  56.037 0.0000000000
69836  28.460  -31.536  55.955 0.0000000000
71160  33.020  -30.696  51.116 0.0000000000
72336  30.128  -29.968  54.357 0.0000000000
72397  36.101  -29.792  48.937 0.0000000000
72420  38.182  -29.285  47.451 0.0000000000
78036  50.604  -24.158  38.596 0.0000000000
81524  45.103  -21.502  44.216 0.0000000000
