#!ascii label  , from subject 3429 vox2ras=TkReg
928
101751  42.825  -0.818  35.298 0.0000000000
97560  47.250  -5.372  25.440 0.0000000000
101874  47.201  -1.006  23.503 0.0000000000
90773  47.275  -11.722  21.777 0.0000000000
98378  41.890  -5.221  31.459 0.0000000000
102583  49.159  0.656  29.587 0.0000000000
94784  50.602  -8.367  21.509 0.0000000000
101082  39.116  -1.606  22.274 0.0000000000
100195  51.296  -2.326  30.070 0.0000000000
101826  45.868  -0.857  28.639 0.0000000000
93720  44.581  -8.724  28.013 0.0000000000
104125  43.661  2.579  22.381 0.0000000000
99397  42.707  -2.831  18.628 0.0000000000
99332  50.558  -2.619  24.097 0.0000000000
97618  48.135  -5.069  18.644 0.0000000000
102647  40.349  0.763  24.339 0.0000000000
102561  47.265  0.350  32.287 0.0000000000
102554  44.534  0.447  32.324 0.0000000000
96615  43.782  -6.632  29.599 0.0000000000
103372  46.200  1.602  25.077 0.0000000000
104819  45.975  3.781  22.933 0.0000000000
102659  44.881  0.181  23.070 0.0000000000
101907  42.753  -1.205  20.770 0.0000000000
101106  45.283  -1.463  19.951 0.0000000000
99299  49.746  -2.964  26.741 0.0000000000
99282  52.436  -3.114  27.111 0.0000000000
98441  49.339  -3.664  24.519 0.0000000000
92784  50.458  -10.376  20.512 0.0000000000
96701  50.856  -6.895  19.585 0.0000000000
94795  48.378  -8.165  19.804 0.0000000000
96687  46.611  -6.589  20.853 0.0000000000
93765  45.849  -9.551  21.958 0.0000000000
91742  43.566  -11.716  24.173 0.0000000000
100950  39.837  -1.883  34.564 0.0000000000
100969  41.017  -1.430  32.392 0.0000000000
102619  48.312  0.133  26.436 0.0000000000
93743  47.063  -9.203  24.764 0.0000000000
96678  47.943  -6.778  22.964 0.0000000000
92753  48.772  -10.540  23.203 0.0000000000
90758  50.344  -12.385  22.879 0.0000000000
102549  51.627  0.617  32.747 0.0000000000
100967  50.463  -0.579  32.616 0.0000000000
100997  48.269  -1.527  29.412 0.0000000000
100241  46.905  -2.868  26.402 0.0000000000
100199  43.378  -2.953  29.677 0.0000000000
98412  44.713  -4.714  27.960 0.0000000000
96641  46.050  -6.450  26.566 0.0000000000
91702  45.772  -11.106  26.682 0.0000000000
100145  38.758  -2.469  36.984 0.0000000000
106073  44.709  4.987  22.984 0.0000000000
105472  42.151  4.018  23.106 0.0000000000
102663  41.705  0.193  22.560 0.0000000000
100290  40.027  -2.384  20.623 0.0000000000
99349  42.494  -3.686  22.066 0.0000000000
101806  51.951  -0.891  29.213 0.0000000000
101839  50.842  -1.312  26.029 0.0000000000
101885  49.383  -1.775  23.414 0.0000000000
98469  48.543  -4.898  21.726 0.0000000000
100286  48.682  -3.252  20.778 0.0000000000
101104  47.519  -2.317  19.696 0.0000000000
99394  45.723  -3.377  18.548 0.0000000000
98462  44.703  -4.413  22.191 0.0000000000
103375  39.937  2.105  24.836 0.0000000000
104113  40.203  2.752  24.103 0.0000000000
102536  45.040  -0.187  34.203 0.0000000000
101770  43.650  -0.094  33.895 0.0000000000
102645  46.240  0.591  24.649 0.0000000000
102646  45.577  1.102  24.222 0.0000000000
101875  45.925  -0.369  23.597 0.0000000000
101889  45.097  -0.322  22.557 0.0000000000
101896  46.127  -1.271  21.736 0.0000000000
99315  48.058  -3.742  25.529 0.0000000000
99313  49.977  -3.472  25.753 0.0000000000
98431  48.313  -4.184  25.059 0.0000000000
91755  48.753  -11.189  21.259 0.0000000000
93786  49.530  -9.152  19.925 0.0000000000
92777  47.635  -10.280  20.935 0.0000000000
93776  47.392  -9.274  20.739 0.0000000000
91758  46.303  -10.972  21.739 0.0000000000
91749  45.044  -11.468  22.517 0.0000000000
90764  45.548  -12.110  22.269 0.0000000000
100168  39.683  -2.616  33.296 0.0000000000
103350  46.795  1.039  27.314 0.0000000000
102607  48.087  0.341  27.561 0.0000000000
91729  47.292  -10.987  24.457 0.0000000000
92754  47.902  -10.245  23.483 0.0000000000
91727  48.551  -11.398  23.854 0.0000000000
91725  50.273  -12.379  23.587 0.0000000000
89804  50.173  -13.609  23.619 0.0000000000
90759  50.016  -12.476  22.600 0.0000000000
101797  46.482  -0.073  30.187 0.0000000000
101795  48.235  -0.728  30.793 0.0000000000
101824  47.250  -1.074  28.951 0.0000000000
101027  47.636  -1.549  28.095 0.0000000000
101029  46.289  -1.790  27.528 0.0000000000
99234  41.549  -3.566  31.355 0.0000000000
100986  42.282  -2.047  30.448 0.0000000000
99244  42.703  -3.740  30.412 0.0000000000
95720  44.396  -7.351  28.737 0.0000000000
97533  44.236  -5.784  28.993 0.0000000000
95726  44.711  -7.300  28.048 0.0000000000
97541  45.403  -5.907  27.567 0.0000000000
94733  45.276  -8.143  27.041 0.0000000000
93726  46.026  -9.291  26.162 0.0000000000
92724  45.421  -10.078  26.907 0.0000000000
91676  48.476  -12.047  28.479 0.0000000000
104821  44.402  3.414  22.506 0.0000000000
106080  45.369  5.004  22.385 0.0000000000
105480  44.141  4.096  22.200 0.0000000000
105457  43.933  4.608  23.476 0.0000000000
104823  42.752  3.792  21.956 0.0000000000
104127  41.769  2.576  22.145 0.0000000000
103387  42.536  1.543  22.319 0.0000000000
101120  42.578  -1.698  19.371 0.0000000000
101110  41.322  -1.777  20.220 0.0000000000
99386  41.300  -2.760  19.547 0.0000000000
99363  40.623  -3.402  21.187 0.0000000000
99372  42.172  -3.447  19.998 0.0000000000
100173  51.577  -1.126  31.473 0.0000000000
101792  51.731  -0.571  30.727 0.0000000000
100194  51.979  -2.113  30.041 0.0000000000
99322  51.209  -3.023  24.736 0.0000000000
100238  52.514  -2.577  26.859 0.0000000000
101054  51.170  -1.920  24.533 0.0000000000
101048  50.461  -1.375  25.100 0.0000000000
101074  50.145  -2.116  23.650 0.0000000000
94772  49.110  -8.185  21.973 0.0000000000
96677  48.447  -6.170  22.530 0.0000000000
96686  49.268  -6.543  21.643 0.0000000000
96708  49.643  -5.977  18.906 0.0000000000
98477  49.357  -4.714  19.992 0.0000000000
99379  48.752  -3.767  19.270 0.0000000000
100287  48.494  -2.788  20.244 0.0000000000
100302  48.069  -3.206  18.594 0.0000000000
100296  47.080  -2.635  18.528 0.0000000000
98494  46.964  -4.431  18.872 0.0000000000
95765  46.047  -7.682  22.071 0.0000000000
97587  45.862  -5.478  21.613 0.0000000000
96669  45.581  -6.453  22.741 0.0000000000
97571  44.519  -5.507  23.706 0.0000000000
102569  50.100  0.720  30.482 0.0000000000
102648  39.619  0.174  24.756 0.0000000000
101879  39.390  -1.003  23.572 0.0000000000
102542  47.599  0.374  34.122 0.0000000000
102543  46.607  0.338  33.946 0.0000000000
102553  45.557  0.534  32.690 0.0000000000
102573  45.313  0.251  30.437 0.0000000000
97517  43.051  -5.843  30.405 0.0000000000
104117  46.293  2.757  24.320 0.0000000000
104119  45.081  2.453  23.451 0.0000000000
103385  44.106  1.653  22.881 0.0000000000
102661  43.131  0.684  22.293 0.0000000000
102666  44.124  -0.078  22.119 0.0000000000
101905  44.141  -1.018  20.855 0.0000000000
101129  43.747  -1.775  18.679 0.0000000000
99271  50.099  -2.912  28.847 0.0000000000
99269  51.685  -3.210  28.465 0.0000000000
99298  50.819  -3.641  26.369 0.0000000000
98419  50.756  -3.670  25.643 0.0000000000
98452  49.907  -3.166  24.125 0.0000000000
94782  51.227  -9.089  20.673 0.0000000000
95781  50.996  -7.309  20.688 0.0000000000
95789  51.065  -8.481  19.451 0.0000000000
95791  49.987  -7.456  19.206 0.0000000000
96704  48.296  -6.518  19.095 0.0000000000
97602  47.485  -6.197  19.305 0.0000000000
95783  47.374  -7.356  20.130 0.0000000000
94786  46.797  -8.394  21.151 0.0000000000
93752  45.417  -9.533  22.620 0.0000000000
90754  43.406  -12.723  23.611 0.0000000000
100954  41.275  -1.110  34.553 0.0000000000
101762  41.891  -0.601  33.909 0.0000000000
100961  41.018  -1.133  33.484 0.0000000000
100177  40.768  -2.746  31.866 0.0000000000
98379  41.412  -4.457  31.830 0.0000000000
104099  46.583  2.609  26.517 0.0000000000
102633  46.654  1.049  25.650 0.0000000000
101848  47.830  -0.362  24.955 0.0000000000
95738  47.252  -7.069  25.077 0.0000000000
96659  47.610  -6.217  24.613 0.0000000000
94756  47.395  -8.142  24.104 0.0000000000
93764  48.082  -9.210  22.954 0.0000000000
93762  49.985  -9.723  22.268 0.0000000000
90750  49.829  -12.005  23.783 0.0000000000
91748  50.394  -11.081  23.282 0.0000000000
93760  50.850  -10.445  22.267 0.0000000000
91753  50.371  -11.132  21.409 0.0000000000
90771  49.107  -11.864  21.761 0.0000000000
90762  47.638  -12.383  22.238 0.0000000000
89823  45.956  -12.978  22.679 0.0000000000
100965  51.204  -0.334  32.989 0.0000000000
100974  50.426  -1.264  31.588 0.0000000000
101777  48.714  0.092  32.554 0.0000000000
100975  49.534  -1.111  31.393 0.0000000000
100197  49.635  -2.313  29.770 0.0000000000
100225  49.163  -2.484  27.818 0.0000000000
100240  47.853  -2.533  26.595 0.0000000000
98420  47.202  -4.324  25.642 0.0000000000
101780  42.542  -0.382  32.013 0.0000000000
101800  43.200  -0.810  30.096 0.0000000000
100999  43.803  -1.516  29.142 0.0000000000
98398  43.492  -4.631  29.647 0.0000000000
99273  44.007  -3.798  28.863 0.0000000000
101031  44.901  -2.657  27.738 0.0000000000
100229  45.390  -3.234  27.173 0.0000000000
98422  45.926  -4.925  26.625 0.0000000000
97561  46.779  -5.954  25.846 0.0000000000
94740  46.370  -8.192  25.811 0.0000000000
92732  46.469  -10.150  25.405 0.0000000000
91700  47.368  -11.723  25.454 0.0000000000
90686  46.558  -12.054  27.540 0.0000000000
90700  47.543  -12.257  27.171 0.0000000000
100941  41.064  -1.711  36.093 0.0000000000
100157  39.528  -2.130  35.394 0.0000000000
99214  37.167  -2.855  36.041 0.0000000000
106683  46.453  6.064  22.950 0.0000000000
106049  44.429  5.575  24.823 0.0000000000
104121  40.683  2.660  23.500 0.0000000000
102655  41.366  0.824  23.154 0.0000000000
101893  40.540  -1.230  22.606 0.0000000000
101891  42.031  -0.384  21.982 0.0000000000
101080  40.774  -1.544  21.789 0.0000000000
101098  39.296  -1.828  21.481 0.0000000000
101808  50.379  0.103  29.339 0.0000000000
101009  52.610  -2.537  28.088 0.0000000000
101821  51.495  -0.885  27.919 0.0000000000
101822  50.331  -0.233  28.201 0.0000000000
102618  49.456  -0.403  26.219 0.0000000000
102643  49.425  -1.016  24.914 0.0000000000
101873  48.355  -1.340  23.387 0.0000000000
97578  48.165  -5.006  23.861 0.0000000000
98454  48.684  -4.116  23.681 0.0000000000
99347  48.737  -3.667  23.161 0.0000000000
97601  50.097  -5.714  20.260 0.0000000000
98468  48.848  -4.727  20.958 0.0000000000
100273  49.340  -2.523  23.132 0.0000000000
101089  48.940  -2.245  22.187 0.0000000000
101090  48.417  -2.139  21.067 0.0000000000
101078  47.049  -1.517  21.826 0.0000000000
101105  46.394  -1.813  19.802 0.0000000000
101127  45.382  -2.156  18.188 0.0000000000
99395  44.685  -3.143  18.490 0.0000000000
98478  46.320  -5.008  19.823 0.0000000000
99368  45.342  -4.000  19.844 0.0000000000
99370  43.994  -3.618  20.156 0.0000000000
98463  43.657  -3.899  22.225 0.0000000000
91730  43.059  -11.695  24.908 0.0000000000
104805  39.938  3.333  24.558 0.0000000000
104804  40.454  3.509  24.190 0.0000000000
101760  43.700  -0.526  34.795 0.0000000000
101769  44.363  -0.266  34.298 0.0000000000
101761  42.812  -0.443  34.364 0.0000000000
101861  46.913  -0.346  24.449 0.0000000000
101862  46.194  -0.030  24.237 0.0000000000
101888  46.354  -1.136  22.449 0.0000000000
98432  47.692  -4.460  25.284 0.0000000000
97559  47.767  -4.775  25.090 0.0000000000
91756  47.861  -11.135  21.261 0.0000000000
92776  48.422  -10.540  20.828 0.0000000000
91757  47.026  -11.001  21.467 0.0000000000
92778  46.818  -10.218  21.365 0.0000000000
90775  45.978  -11.460  21.999 0.0000000000
90774  46.433  -11.589  21.913 0.0000000000
102571  48.909  1.411  30.291 0.0000000000
103340  48.176  1.511  29.433 0.0000000000
102596  48.044  0.908  28.759 0.0000000000
102595  49.261  0.183  28.434 0.0000000000
90730  48.048  -11.957  25.141 0.0000000000
91728  47.879  -11.248  24.039 0.0000000000
90741  48.646  -11.821  24.404 0.0000000000
88861  50.563  -14.016  24.060 0.0000000000
88862  50.074  -14.088  23.952 0.0000000000
89805  49.579  -13.616  23.467 0.0000000000
101099  38.829  -1.882  22.044 0.0000000000
101798  45.727  -0.072  29.761 0.0000000000
101811  46.258  -0.454  29.317 0.0000000000
101014  46.485  -1.282  28.195 0.0000000000
101015  45.515  -1.459  28.065 0.0000000000
98391  41.826  -4.028  31.302 0.0000000000
99245  42.031  -3.614  30.886 0.0000000000
98390  42.188  -4.499  31.027 0.0000000000
94727  44.477  -8.084  28.329 0.0000000000
95725  45.189  -7.302  27.423 0.0000000000
94734  44.776  -8.094  27.653 0.0000000000
93719  44.904  -9.110  27.428 0.0000000000
104822  43.473  3.500  22.029 0.0000000000
105481  43.339  4.070  22.294 0.0000000000
104131  43.060  2.964  21.920 0.0000000000
104132  42.456  2.993  21.770 0.0000000000
104126  42.797  2.381  22.123 0.0000000000
100309  42.100  -2.410  18.723 0.0000000000
101121  41.688  -1.980  19.498 0.0000000000
99385  41.861  -3.125  19.122 0.0000000000
100180  51.394  -1.693  30.725 0.0000000000
100981  51.864  -1.161  30.922 0.0000000000
100257  51.544  -2.272  24.912 0.0000000000
99331  50.974  -2.371  24.245 0.0000000000
101061  51.096  -1.942  24.231 0.0000000000
100271  50.392  -2.252  23.839 0.0000000000
94785  49.849  -8.160  21.659 0.0000000000
95773  49.447  -7.510  21.697 0.0000000000
95772  50.311  -7.359  21.143 0.0000000000
97617  48.710  -5.199  18.710 0.0000000000
98483  49.076  -4.575  19.181 0.0000000000
98491  48.954  -4.852  18.766 0.0000000000
98492  48.477  -4.452  18.698 0.0000000000
99392  47.826  -3.778  18.519 0.0000000000
98493  47.574  -4.543  18.702 0.0000000000
95755  45.658  -7.510  22.803 0.0000000000
95756  45.211  -7.815  23.552 0.0000000000
96670  45.144  -6.645  23.531 0.0000000000
103374  40.297  1.963  24.419 0.0000000000
102634  39.957  1.186  24.950 0.0000000000
101863  39.941  -0.269  24.040 0.0000000000
102534  46.620  0.128  35.027 0.0000000000
102545  44.637  0.225  33.490 0.0000000000
102563  45.431  0.475  31.603 0.0000000000
102564  44.447  0.320  31.236 0.0000000000
104111  46.405  2.469  25.069 0.0000000000
104801  46.776  3.189  24.445 0.0000000000
104112  46.050  2.199  24.610 0.0000000000
102653  45.184  0.638  23.661 0.0000000000
103379  45.266  1.662  23.944 0.0000000000
103380  44.693  1.659  23.419 0.0000000000
102654  44.457  1.095  23.242 0.0000000000
102660  44.204  0.519  22.679 0.0000000000
101093  45.002  -1.080  20.843 0.0000000000
101094  44.416  -1.022  20.861 0.0000000000
101107  44.190  -1.281  20.217 0.0000000000
101119  43.492  -1.565  19.317 0.0000000000
101118  44.435  -1.580  19.171 0.0000000000
99285  50.022  -2.969  28.171 0.0000000000
99284  50.816  -3.400  27.701 0.0000000000
98430  49.247  -3.687  25.064 0.0000000000
99312  50.479  -3.646  25.721 0.0000000000
98429  50.162  -3.547  25.205 0.0000000000
98440  50.064  -3.376  24.606 0.0000000000
93783  51.083  -9.860  20.635 0.0000000000
94793  51.131  -9.179  20.131 0.0000000000
93794  50.829  -9.259  19.782 0.0000000000
94794  48.905  -8.678  19.823 0.0000000000
93796  49.950  -8.630  19.556 0.0000000000
94805  49.381  -8.188  19.483 0.0000000000
95792  49.076  -7.312  19.293 0.0000000000
95793  48.469  -7.403  19.462 0.0000000000
95782  47.809  -7.277  19.688 0.0000000000
94796  47.519  -8.087  20.325 0.0000000000
93777  46.505  -9.448  21.437 0.0000000000
94787  46.196  -8.854  21.648 0.0000000000
94775  45.824  -8.585  22.253 0.0000000000
92768  45.444  -10.478  22.377 0.0000000000
90765  44.328  -12.462  22.817 0.0000000000
90753  44.074  -12.138  23.223 0.0000000000
100949  40.564  -1.558  35.229 0.0000000000
100955  40.401  -1.547  34.127 0.0000000000
100170  40.100  -2.745  32.596 0.0000000000
99232  40.069  -3.583  32.784 0.0000000000
98380  40.894  -4.000  32.179 0.0000000000
98371  40.491  -4.461  32.696 0.0000000000
102620  47.147  0.841  26.608 0.0000000000
102632  47.363  0.239  25.479 0.0000000000
102631  48.545  -0.283  25.561 0.0000000000
94750  46.976  -8.158  25.189 0.0000000000
94749  47.299  -7.794  24.696 0.0000000000
93742  47.315  -8.741  24.383 0.0000000000
92767  48.611  -9.868  22.911 0.0000000000
93763  49.078  -9.155  22.296 0.0000000000
92766  49.324  -10.123  22.738 0.0000000000
90740  49.488  -12.269  24.503 0.0000000000
90739  50.089  -12.598  24.274 0.0000000000
91736  50.449  -11.826  22.954 0.0000000000
91737  50.328  -11.739  23.330 0.0000000000
92750  50.559  -11.154  22.908 0.0000000000
92764  50.522  -10.896  22.624 0.0000000000
92763  50.617  -10.882  22.269 0.0000000000
92773  50.823  -10.669  21.437 0.0000000000
91746  50.394  -11.538  21.825 0.0000000000
89820  49.075  -13.105  22.834 0.0000000000
90760  49.444  -12.495  22.388 0.0000000000
90761  48.606  -12.456  22.275 0.0000000000
89821  48.127  -12.978  22.816 0.0000000000
89822  47.064  -12.970  22.718 0.0000000000
101766  50.366  0.177  33.489 0.0000000000
101765  50.823  0.121  33.583 0.0000000000
100960  50.795  -0.295  33.151 0.0000000000
100973  51.022  -1.121  31.998 0.0000000000
102551  47.597  0.427  33.066 0.0000000000
102550  48.349  0.375  33.410 0.0000000000
101778  48.002  0.149  32.154 0.0000000000
101809  48.051  -0.897  30.050 0.0000000000
100976  48.876  -1.135  30.941 0.0000000000
100984  48.639  -1.336  30.270 0.0000000000
100983  49.397  -1.680  30.518 0.0000000000
100996  48.947  -1.886  29.897 0.0000000000
100212  49.495  -2.614  28.864 0.0000000000
100213  48.648  -2.087  28.618 0.0000000000
100227  47.087  -2.111  27.055 0.0000000000
100226  48.088  -1.938  27.627 0.0000000000
99301  47.556  -3.332  25.970 0.0000000000
99302  46.711  -3.765  26.079 0.0000000000
101772  41.748  -0.692  32.788 0.0000000000
101781  41.746  -1.127  31.769 0.0000000000
101001  42.818  -2.276  30.030 0.0000000000
101801  42.641  -1.352  30.391 0.0000000000
100985  42.829  -1.528  30.093 0.0000000000
101814  43.530  -1.245  29.423 0.0000000000
101000  43.295  -2.014  29.558 0.0000000000
96605  43.318  -6.556  30.159 0.0000000000
98389  42.960  -4.863  30.313 0.0000000000
97526  43.618  -5.688  29.736 0.0000000000
98404  44.282  -4.764  28.668 0.0000000000
99272  44.422  -3.948  28.221 0.0000000000
100214  44.294  -3.157  28.563 0.0000000000
100230  44.643  -3.178  27.902 0.0000000000
99287  44.932  -4.071  27.530 0.0000000000
96631  45.583  -6.544  27.224 0.0000000000
97551  45.827  -5.759  26.957 0.0000000000
97550  46.461  -5.576  26.169 0.0000000000
96640  46.485  -6.336  26.073 0.0000000000
95731  46.271  -7.183  26.123 0.0000000000
92723  45.998  -10.463  26.216 0.0000000000
91701  46.576  -11.595  26.098 0.0000000000
91678  46.263  -11.890  28.225 0.0000000000
90684  47.816  -12.219  27.889 0.0000000000
90699  48.451  -12.384  27.474 0.0000000000
100151  39.643  -2.225  36.471 0.0000000000
100152  38.748  -2.550  36.011 0.0000000000
100158  38.630  -2.699  35.095 0.0000000000
106071  46.196  5.768  22.777 0.0000000000
106684  46.035  6.047  23.402 0.0000000000
106672  46.329  6.347  23.669 0.0000000000
106673  45.627  6.029  23.944 0.0000000000
106674  45.146  5.965  24.459 0.0000000000
106061  44.732  5.461  24.115 0.0000000000
105471  43.164  4.213  22.945 0.0000000000
104813  41.664  3.810  23.546 0.0000000000
104815  40.738  3.244  23.517 0.0000000000
104814  41.274  3.456  23.051 0.0000000000
103388  41.861  1.318  22.586 0.0000000000
103381  41.323  1.972  22.990 0.0000000000
101877  41.065  -0.319  23.002 0.0000000000
102668  42.794  -0.125  21.915 0.0000000000
101900  42.411  -0.897  21.443 0.0000000000
101111  40.448  -1.970  20.417 0.0000000000
101096  41.006  -1.681  20.970 0.0000000000
101097  40.130  -1.778  21.190 0.0000000000
101112  39.755  -2.051  20.900 0.0000000000
100282  39.404  -2.425  21.343 0.0000000000
99374  40.128  -2.910  20.683 0.0000000000
99350  41.303  -3.570  22.039 0.0000000000
102567  51.493  0.137  31.029 0.0000000000
101793  51.350  -0.322  30.208 0.0000000000
101794  50.802  0.047  30.014 0.0000000000
101807  51.103  -0.376  29.157 0.0000000000
99268  52.477  -3.021  28.073 0.0000000000
99267  52.874  -3.013  27.796 0.0000000000
101038  52.025  -1.965  26.388 0.0000000000
101026  51.766  -1.551  27.042 0.0000000000
101833  50.520  -0.739  27.076 0.0000000000
101834  49.886  -0.368  27.166 0.0000000000
101840  50.237  -1.037  25.933 0.0000000000
101871  49.760  -1.549  23.982 0.0000000000
102642  49.750  -1.168  24.967 0.0000000000
101858  49.655  -1.284  24.513 0.0000000000
101859  48.984  -1.098  24.293 0.0000000000
101872  49.216  -1.462  23.790 0.0000000000
96668  47.721  -6.510  23.800 0.0000000000
96658  47.872  -5.733  24.063 0.0000000000
96667  47.942  -5.849  23.323 0.0000000000
97594  48.623  -5.482  22.065 0.0000000000
97585  48.155  -5.123  22.956 0.0000000000
98460  48.326  -4.490  22.622 0.0000000000
96693  51.050  -6.840  19.949 0.0000000000
96694  50.764  -6.743  20.402 0.0000000000
97600  50.822  -6.411  19.894 0.0000000000
99367  48.688  -4.082  20.554 0.0000000000
99356  48.559  -3.545  21.581 0.0000000000
100280  48.897  -2.653  22.225 0.0000000000
101103  48.173  -2.494  20.118 0.0000000000
101077  48.207  -1.538  22.119 0.0000000000
101091  47.337  -1.815  20.897 0.0000000000
100304  46.415  -2.883  18.290 0.0000000000
101126  45.913  -2.478  18.238 0.0000000000
100305  45.428  -2.748  18.128 0.0000000000
100306  44.478  -2.522  18.056 0.0000000000
96696  47.141  -6.608  19.966 0.0000000000
97603  46.939  -5.560  19.522 0.0000000000
97595  46.391  -5.661  20.507 0.0000000000
98461  45.282  -4.550  21.678 0.0000000000
98471  45.478  -4.370  20.766 0.0000000000
99359  44.597  -3.792  20.611 0.0000000000
99369  44.641  -3.716  19.853 0.0000000000
98472  44.690  -4.019  21.396 0.0000000000
99360  43.741  -3.675  21.100 0.0000000000
98473  44.196  -3.924  21.765 0.0000000000
96660  44.408  -6.385  24.235 0.0000000000
98443  43.990  -4.686  23.800 0.0000000000
92758  43.962  -11.023  23.967 0.0000000000
103367  39.614  1.831  25.344 0.0000000000
102535  45.709  -0.102  34.589 0.0000000000
102546  43.650  0.293  32.914 0.0000000000
103373  45.772  1.604  24.481 0.0000000000
102652  45.862  0.188  24.055 0.0000000000
101876  45.236  0.006  23.248 0.0000000000
101897  45.521  -0.982  21.681 0.0000000000
101092  46.154  -1.464  21.054 0.0000000000
99300  48.541  -2.971  26.116 0.0000000000
99314  49.019  -3.401  25.607 0.0000000000
98442  48.587  -4.261  24.465 0.0000000000
92775  49.256  -10.597  20.789 0.0000000000
92785  49.782  -10.051  20.404 0.0000000000
92786  48.926  -9.923  20.450 0.0000000000
92787  48.217  -9.952  20.569 0.0000000000
93787  48.381  -9.188  20.269 0.0000000000
93788  47.903  -8.679  20.273 0.0000000000
92779  46.069  -10.319  21.791 0.0000000000
91759  45.718  -11.148  22.104 0.0000000000
89825  43.990  -13.332  22.893 0.0000000000
100162  39.211  -2.581  34.289 0.0000000000
100956  39.819  -2.083  33.786 0.0000000000
103352  45.916  1.951  27.501 0.0000000000
102597  46.800  1.084  28.385 0.0000000000
92742  47.050  -10.258  24.568 0.0000000000
93751  47.222  -9.671  24.325 0.0000000000
92741  47.442  -10.574  24.082 0.0000000000
91739  49.026  -11.201  23.524 0.0000000000
90738  50.496  -13.009  24.318 0.0000000000
89802  50.633  -13.457  24.132 0.0000000000
89817  50.426  -13.065  23.555 0.0000000000
89818  50.273  -13.073  23.244 0.0000000000
101775  49.904  -0.030  32.939 0.0000000000
101787  46.877  0.088  30.989 0.0000000000
101786  47.580  -0.103  31.458 0.0000000000
101796  47.435  -0.436  30.502 0.0000000000
100998  47.611  -1.274  28.991 0.0000000000
101012  47.951  -1.575  28.539 0.0000000000
101013  47.276  -1.301  28.479 0.0000000000
101028  47.157  -1.593  27.792 0.0000000000
100228  46.170  -2.549  26.958 0.0000000000
100978  41.345  -2.040  31.368 0.0000000000
101790  41.819  -1.462  31.267 0.0000000000
100184  41.704  -2.787  30.885 0.0000000000
100183  42.313  -2.993  30.513 0.0000000000
100200  42.875  -2.776  30.099 0.0000000000
95713  43.988  -7.385  29.328 0.0000000000
97525  43.985  -6.184  29.373 0.0000000000
96614  44.218  -6.644  29.122 0.0000000000
96623  44.619  -6.537  28.506 0.0000000000
97542  44.840  -5.617  28.154 0.0000000000
98411  45.339  -5.045  27.411 0.0000000000
96632  45.082  -6.532  27.830 0.0000000000
95732  45.710  -7.291  26.815 0.0000000000
94741  45.856  -8.174  26.461 0.0000000000
93727  45.476  -8.963  26.774 0.0000000000
91677  47.454  -12.036  28.524 0.0000000000
104820  45.329  3.706  22.699 0.0000000000
105478  46.085  4.467  22.552 0.0000000000
105479  44.989  4.222  22.389 0.0000000000
106081  44.639  4.545  22.483 0.0000000000
105470  44.017  4.360  22.722 0.0000000000
104824  42.045  3.587  22.221 0.0000000000
105473  41.857  3.782  22.705 0.0000000000
101095  41.882  -1.446  20.830 0.0000000000
101109  42.216  -1.628  20.103 0.0000000000
101122  40.992  -2.103  19.868 0.0000000000
100289  40.698  -2.541  20.067 0.0000000000
99373  41.128  -3.169  20.144 0.0000000000
99362  41.669  -3.569  21.000 0.0000000000
100972  51.469  -0.847  31.941 0.0000000000
101783  51.770  -0.262  31.877 0.0000000000
100995  52.123  -1.528  29.692 0.0000000000
99311  51.618  -3.164  25.520 0.0000000000
99295  53.011  -2.763  26.825 0.0000000000
100250  51.965  -2.386  25.851 0.0000000000
101046  51.616  -1.903  25.390 0.0000000000
101047  51.040  -1.582  25.127 0.0000000000
101040  50.778  -1.374  25.606 0.0000000000
101063  50.114  -1.714  23.964 0.0000000000
101884  49.766  -1.758  23.672 0.0000000000
95763  47.986  -7.604  22.839 0.0000000000
95762  48.698  -7.290  22.335 0.0000000000
96702  50.311  -6.613  19.076 0.0000000000
97608  50.474  -6.232  19.576 0.0000000000
97609  49.837  -5.567  19.341 0.0000000000
99378  48.830  -3.971  19.899 0.0000000000
100293  48.662  -3.360  19.853 0.0000000000
100294  48.444  -3.098  19.234 0.0000000000
100288  48.148  -2.640  19.579 0.0000000000
101115  47.226  -2.475  18.882 0.0000000000
100303  47.362  -3.134  18.442 0.0000000000
99393  46.811  -3.800  18.615 0.0000000000
96679  46.247  -6.432  21.438 0.0000000000
97586  46.272  -6.044  21.106 0.0000000000
97579  45.685  -6.010  22.328 0.0000000000
97580  45.248  -5.441  22.750 0.0000000000
102570  49.259  1.114  30.399 0.0000000000
101066  39.653  -1.356  22.801 0.0000000000
102552  46.538  0.482  32.948 0.0000000000
102544  45.674  0.270  33.688 0.0000000000
102562  46.513  0.400  31.858 0.0000000000
102572  46.160  0.350  30.999 0.0000000000
102585  45.241  -0.026  29.778 0.0000000000
97518  42.434  -5.623  30.966 0.0000000000
96606  42.788  -6.524  30.763 0.0000000000
95705  43.050  -7.315  30.508 0.0000000000
95714  43.507  -7.362  29.888 0.0000000000
94722  43.721  -8.165  29.598 0.0000000000
94721  44.178  -8.152  28.989 0.0000000000
93713  44.379  -8.897  28.607 0.0000000000
92717  44.552  -9.409  28.126 0.0000000000
92716  44.786  -10.271  27.891 0.0000000000
104809  47.188  3.730  23.866 0.0000000000
104810  46.408  3.471  23.561 0.0000000000
104118  45.751  2.504  23.971 0.0000000000
104811  45.562  3.208  23.272 0.0000000000
104812  44.940  3.088  22.984 0.0000000000
104124  44.456  2.485  22.943 0.0000000000
103386  43.370  1.575  22.502 0.0000000000
102667  43.627  -0.036  21.988 0.0000000000
101899  43.254  -0.644  21.390 0.0000000000
101890  44.418  -0.130  22.226 0.0000000000
101898  44.335  -0.584  21.494 0.0000000000
101906  43.633  -1.050  20.806 0.0000000000
101108  43.130  -1.395  20.069 0.0000000000
101130  42.975  -1.916  18.771 0.0000000000
100307  43.469  -2.292  18.346 0.0000000000
99257  51.118  -2.702  29.611 0.0000000000
99256  51.592  -2.775  29.412 0.0000000000
99283  51.739  -3.457  27.332 0.0000000000
99297  51.676  -3.498  26.208 0.0000000000
98428  50.963  -3.512  25.205 0.0000000000
98439  50.526  -3.132  24.444 0.0000000000
98451  50.082  -3.098  24.105 0.0000000000
94783  51.200  -8.765  21.296 0.0000000000
95771  51.102  -7.885  20.956 0.0000000000
95770  51.244  -8.338  20.574 0.0000000000
95780  51.156  -7.509  20.113 0.0000000000
95790  51.004  -7.809  19.143 0.0000000000
93795  50.380  -8.933  19.625 0.0000000000
94804  50.335  -8.268  19.368 0.0000000000
96703  49.420  -6.612  19.029 0.0000000000
96709  48.972  -5.886  18.762 0.0000000000
96710  48.330  -5.649  18.716 0.0000000000
97610  47.588  -5.475  18.901 0.0000000000
96695  47.667  -6.664  19.462 0.0000000000
95774  46.977  -7.421  20.610 0.0000000000
95764  46.473  -7.353  21.448 0.0000000000
94774  46.287  -8.199  21.725 0.0000000000
93753  44.982  -9.580  23.304 0.0000000000
91741  44.028  -11.668  23.557 0.0000000000
91750  44.468  -11.569  23.011 0.0000000000
101752  42.101  -0.793  34.792 0.0000000000
100963  39.852  -2.196  33.387 0.0000000000
100962  40.162  -1.939  33.087 0.0000000000
100970  40.603  -2.142  32.111 0.0000000000
99235  41.070  -3.542  31.828 0.0000000000
104794  46.863  3.132  25.277 0.0000000000
104105  46.491  2.525  25.896 0.0000000000
103359  46.556  1.759  26.614 0.0000000000
102621  46.681  1.347  26.180 0.0000000000
102644  46.917  0.071  24.910 0.0000000000
96649  47.360  -6.185  25.202 0.0000000000
97570  47.564  -5.732  25.021 0.0000000000
95746  47.500  -7.185  24.320 0.0000000000
95754  47.643  -7.404  23.528 0.0000000000
93750  47.453  -9.196  23.892 0.0000000000
94764  47.714  -8.310  23.246 0.0000000000
94773  48.406  -8.294  22.557 0.0000000000
93774  49.512  -8.600  21.943 0.0000000000
93773  49.986  -8.884  21.911 0.0000000000
90751  49.298  -11.740  23.866 0.0000000000
91738  49.799  -11.330  23.315 0.0000000000
91726  50.204  -12.468  23.846 0.0000000000
92752  49.413  -10.763  23.106 0.0000000000
92765  50.023  -10.632  22.704 0.0000000000
93761  50.625  -10.123  22.302 0.0000000000
93772  50.733  -9.233  21.982 0.0000000000
93771  51.059  -9.895  21.638 0.0000000000
91762  50.584  -10.777  20.837 0.0000000000
90769  50.039  -12.010  22.000 0.0000000000
90770  49.849  -11.836  21.930 0.0000000000
91754  49.686  -11.133  21.273 0.0000000000
90772  48.197  -11.855  21.683 0.0000000000
90763  46.625  -12.292  22.244 0.0000000000
101774  51.510  -0.018  32.837 0.0000000000
100174  51.391  -1.266  31.410 0.0000000000
100181  50.730  -1.838  30.672 0.0000000000
102541  48.697  0.409  34.086 0.0000000000
101768  49.054  0.264  33.208 0.0000000000
101776  49.668  -0.179  32.677 0.0000000000
101785  48.634  -0.492  31.612 0.0000000000
101784  49.342  -0.485  32.032 0.0000000000
100968  49.929  -0.758  32.064 0.0000000000
100982  50.050  -1.632  30.922 0.0000000000
100182  50.089  -2.021  30.350 0.0000000000
100196  50.567  -2.477  29.844 0.0000000000
100211  50.110  -2.745  29.293 0.0000000000
100239  48.726  -2.525  26.942 0.0000000000
101771  42.708  -0.116  33.223 0.0000000000
102547  43.079  0.017  32.416 0.0000000000
102555  43.539  0.110  31.850 0.0000000000
101789  42.371  -1.122  31.007 0.0000000000
101788  42.993  -0.323  31.229 0.0000000000
102565  43.673  -0.098  30.834 0.0000000000
102575  43.778  -0.301  30.310 0.0000000000
102586  44.679  -0.154  29.792 0.0000000000
101827  44.929  -0.984  28.541 0.0000000000
99243  43.149  -4.071  29.943 0.0000000000
99259  43.148  -3.443  29.938 0.0000000000
97534  43.929  -5.049  29.274 0.0000000000
98405  43.825  -4.396  29.174 0.0000000000
100215  43.877  -2.845  29.153 0.0000000000
101017  43.838  -2.294  29.061 0.0000000000
101016  44.332  -2.069  28.497 0.0000000000
101030  45.388  -2.242  27.578 0.0000000000
100242  46.133  -3.353  26.539 0.0000000000
99286  45.547  -4.207  26.954 0.0000000000
99303  46.035  -4.116  26.391 0.0000000000
98421  46.514  -4.645  26.067 0.0000000000
97549  46.837  -5.003  25.785 0.0000000000
96650  46.884  -6.501  25.637 0.0000000000
95739  46.743  -7.412  25.574 0.0000000000
93735  46.546  -8.993  25.449 0.0000000000
91714  46.924  -11.115  25.060 0.0000000000
91690  45.399  -11.203  27.484 0.0000000000
91689  46.143  -11.788  27.146 0.0000000000
90685  47.076  -12.176  27.742 0.0000000000
90701  46.803  -12.152  27.031 0.0000000000
90716  47.182  -12.156  26.618 0.0000000000
90715  47.852  -12.260  26.245 0.0000000000
100948  41.790  -1.281  35.576 0.0000000000
100156  40.302  -1.900  36.035 0.0000000000
99209  37.946  -2.772  36.447 0.0000000000
99213  37.949  -2.994  35.656 0.0000000000
99219  37.046  -3.415  35.376 0.0000000000
106664  44.217  5.863  25.616 0.0000000000
106062  43.717  4.753  24.288 0.0000000000
106050  43.771  5.318  25.255 0.0000000000
103382  40.852  1.437  23.703 0.0000000000
104120  41.130  2.703  22.785 0.0000000000
102656  40.693  0.263  23.630 0.0000000000
101878  40.251  -0.743  23.327 0.0000000000
102662  42.343  0.558  22.281 0.0000000000
101901  41.629  -1.245  21.593 0.0000000000
101892  41.414  -0.896  22.368 0.0000000000
101081  39.876  -1.637  21.993 0.0000000000
100283  38.924  -2.092  21.711 0.0000000000
102558  51.638  0.505  31.838 0.0000000000
102560  50.690  0.930  31.204 0.0000000000
102582  49.787  0.337  29.343 0.0000000000
99255  52.133  -2.743  28.979 0.0000000000
100210  52.447  -2.383  28.763 0.0000000000
101010  52.234  -1.866  28.401 0.0000000000
100224  52.763  -2.613  27.399 0.0000000000
101011  52.048  -1.527  27.844 0.0000000000
101820  52.055  -1.273  28.347 0.0000000000
102594  49.975  0.140  28.817 0.0000000000
101823  49.661  -0.158  27.768 0.0000000000
102606  49.117  -0.083  27.261 0.0000000000
102630  49.339  -0.674  25.416 0.0000000000
101847  48.761  -0.686  24.889 0.0000000000
101860  48.043  -0.853  24.268 0.0000000000
97569  47.863  -5.138  24.685 0.0000000000
98453  49.407  -3.512  24.052 0.0000000000
99334  49.354  -3.293  23.637 0.0000000000
99333  49.918  -3.118  23.937 0.0000000000
96685  50.029  -6.371  20.910 0.0000000000
97593  49.292  -5.613  21.229 0.0000000000
99357  48.392  -3.967  22.147 0.0000000000
99346  49.067  -3.060  22.955 0.0000000000
99345  49.833  -2.600  23.567 0.0000000000
100272  49.858  -2.279  23.495 0.0000000000
101075  49.538  -1.760  23.145 0.0000000000
100281  48.715  -2.603  21.287 0.0000000000
101076  48.941  -1.918  22.511 0.0000000000
101064  48.782  -1.672  23.029 0.0000000000
101886  48.204  -1.427  22.717 0.0000000000
101887  47.616  -1.331  22.648 0.0000000000
101116  46.457  -2.233  18.686 0.0000000000
101117  45.431  -1.740  18.912 0.0000000000
101128  44.478  -1.867  18.355 0.0000000000
99396  43.652  -2.972  18.523 0.0000000000
98485  47.166  -4.874  18.941 0.0000000000
98486  46.669  -4.733  19.249 0.0000000000
99381  46.032  -4.084  19.205 0.0000000000
98470  45.979  -4.936  20.358 0.0000000000
98479  45.839  -4.530  19.886 0.0000000000
99382  45.036  -3.654  19.127 0.0000000000
99383  43.966  -3.481  19.253 0.0000000000
99384  42.866  -3.330  19.151 0.0000000000
99371  43.188  -3.549  20.054 0.0000000000
99361  42.682  -3.607  20.936 0.0000000000
98464  43.107  -3.850  22.669 0.0000000000
98455  44.338  -4.597  23.031 0.0000000000
98456  43.544  -4.141  23.180 0.0000000000
89824  44.779  -13.223  22.837 0.0000000000
88849  49.880  -14.334  24.384 0.0000000000
88860  50.736  -13.838  24.105 0.0000000000
89803  50.506  -13.551  23.807 0.0000000000
89819  49.821  -13.131  22.983 0.0000000000
90742  48.001  -11.688  24.560 0.0000000000
90743  43.144  -12.284  24.346 0.0000000000
90749  50.382  -12.721  23.580 0.0000000000
90752  48.886  -11.575  23.886 0.0000000000
91713  47.551  -11.492  24.771 0.0000000000
91740  48.393  -10.961  23.569 0.0000000000
91747  50.734  -11.108  23.041 0.0000000000
91763  50.282  -10.830  20.921 0.0000000000
92751  50.684  -11.416  23.222 0.0000000000
92755  47.336  -10.003  24.025 0.0000000000
92774  49.937  -10.608  20.760 0.0000000000
92783  50.854  -10.575  20.728 0.0000000000
93775  47.873  -9.703  20.580 0.0000000000
93784  50.868  -9.931  20.181 0.0000000000
93785  50.377  -9.619  20.050 0.0000000000
93793  51.045  -9.460  20.012 0.0000000000
94757  47.253  -8.411  24.663 0.0000000000
94802  51.048  -8.933  19.704 0.0000000000
94803  50.863  -8.636  19.410 0.0000000000
94806  48.815  -7.770  19.474 0.0000000000
95779  51.165  -8.487  19.906 0.0000000000
96680  45.929  -6.707  22.072 0.0000000000
97588  45.355  -4.895  22.137 0.0000000000
97596  45.959  -5.083  20.831 0.0000000000
97611  47.084  -5.163  19.132 0.0000000000
97616  49.289  -5.307  18.827 0.0000000000
98418  51.114  -3.738  25.826 0.0000000000
98484  48.756  -4.083  18.921 0.0000000000
98487  46.175  -4.615  19.498 0.0000000000
99231  40.544  -3.527  32.302 0.0000000000
99258  43.538  -3.724  29.482 0.0000000000
99266  53.465  -3.086  27.415 0.0000000000
99270  50.782  -3.020  28.972 0.0000000000
99280  53.529  -3.020  27.150 0.0000000000
99281  52.992  -3.024  26.856 0.0000000000
99294  53.502  -2.820  27.079 0.0000000000
99296  52.232  -2.876  26.401 0.0000000000
99310  51.660  -2.708  25.291 0.0000000000
99321  51.230  -2.524  24.545 0.0000000000
99335  49.034  -3.601  23.666 0.0000000000
99344  50.196  -2.405  23.754 0.0000000000
99348  43.111  -3.666  21.581 0.0000000000
99358  45.026  -3.894  20.279 0.0000000000
99380  46.602  -4.264  18.940 0.0000000000
99391  48.464  -3.684  18.776 0.0000000000
99398  42.096  -2.683  18.646 0.0000000000
100146  36.715  -2.604  36.241 0.0000000000
100167  39.918  -2.395  32.958 0.0000000000
100175  51.034  -1.455  31.290 0.0000000000
100176  41.239  -2.938  31.417 0.0000000000
100179  51.616  -1.352  31.055 0.0000000000
100198  48.946  -2.192  29.353 0.0000000000
100208  53.481  -2.966  28.146 0.0000000000
100209  52.913  -2.817  28.177 0.0000000000
100222  53.444  -2.902  27.579 0.0000000000
100223  53.105  -2.744  27.903 0.0000000000
100236  53.868  -2.804  27.067 0.0000000000
100237  53.284  -2.824  27.072 0.0000000000
100243  45.751  -3.729  26.718 0.0000000000
100263  51.149  -2.226  24.368 0.0000000000
100264  50.807  -2.233  24.111 0.0000000000
100279  49.184  -2.149  22.902 0.0000000000
100295  47.762  -2.715  18.884 0.0000000000
100297  41.700  -2.499  19.039 0.0000000000
100298  41.257  -2.396  19.579 0.0000000000
100308  42.566  -2.376  18.608 0.0000000000
100959  51.152  -0.441  33.328 0.0000000000
100966  51.025  -0.649  32.722 0.0000000000
100977  41.897  -1.624  30.969 0.0000000000
100979  40.883  -2.295  31.771 0.0000000000
100987  41.719  -2.270  30.847 0.0000000000
101024  52.596  -2.383  27.821 0.0000000000
101025  52.328  -2.017  27.394 0.0000000000
101039  51.354  -1.531  25.993 0.0000000000
101055  50.610  -1.649  24.492 0.0000000000
101056  50.120  -1.449  24.510 0.0000000000
101062  50.555  -1.985  23.949 0.0000000000
101065  48.424  -1.519  22.803 0.0000000000
101079  46.441  -1.380  21.764 0.0000000000
101088  49.133  -2.214  22.698 0.0000000000
101131  42.210  -2.097  18.901 0.0000000000
101767  49.649  0.276  33.410 0.0000000000
101779  43.032  -0.170  31.786 0.0000000000
101799  43.993  -0.384  29.938 0.0000000000
101810  47.309  -0.784  29.501 0.0000000000
101812  45.248  -0.389  29.220 0.0000000000
101813  44.126  -0.839  29.211 0.0000000000
101825  46.764  -0.917  28.819 0.0000000000
101832  51.016  -1.260  26.684 0.0000000000
101841  50.044  -0.624  26.579 0.0000000000
101846  50.003  -1.223  25.061 0.0000000000
101849  47.258  -0.102  24.956 0.0000000000
102556  43.052  -0.106  32.027 0.0000000000
102574  44.305  -0.012  30.415 0.0000000000
102584  48.681  1.190  29.789 0.0000000000
102598  46.167  1.118  28.126 0.0000000000
102608  46.947  0.835  27.697 0.0000000000
102609  46.465  0.922  27.932 0.0000000000
102617  49.723  -0.774  25.702 0.0000000000
102629  49.760  -1.018  25.337 0.0000000000
103330  45.781  1.416  28.146 0.0000000000
103331  45.930  1.398  27.784 0.0000000000
103332  45.616  1.913  27.647 0.0000000000
103342  46.089  1.581  28.255 0.0000000000
103343  45.940  1.609  27.646 0.0000000000
103351  46.280  1.462  27.527 0.0000000000
103358  46.876  1.170  26.994 0.0000000000
103365  46.431  1.778  25.770 0.0000000000
103366  39.954  1.786  24.890 0.0000000000
104081  45.958  1.601  27.724 0.0000000000
104088  46.167  2.397  27.838 0.0000000000
104094  46.037  2.093  27.417 0.0000000000
104133  42.081  3.263  21.874 0.0000000000
104802  41.668  3.794  23.798 0.0000000000
104829  42.831  3.373  21.807 0.0000000000
104830  42.380  3.456  21.869 0.0000000000
104831  42.153  3.486  21.962 0.0000000000
105461  40.692  4.067  24.576 0.0000000000
105469  46.449  4.041  22.924 0.0000000000
105482  42.563  4.021  22.460 0.0000000000
105483  42.122  3.901  22.587 0.0000000000
106060  45.359  5.739  23.718 0.0000000000
106072  45.673  5.642  23.148 0.0000000000
106079  46.426  5.522  22.413 0.0000000000
106661  46.148  6.499  24.407 0.0000000000
106662  45.485  6.283  24.752 0.0000000000
106671  46.969  6.511  23.410 0.0000000000
131213  46.162  2.304  27.474 0.0000000000
