#!ascii label  , from subject 3429 vox2ras=TkReg
719
73072  17.991  -29.462  -4.112 0.2500000000
73085  18.211  -29.465  -4.453 0.2500000000
71850  18.190  -29.985  -4.685 0.7500000000
76383  16.472  -26.577  -3.768 0.2500000000
75285  16.865  -27.288  -3.805 0.1250000000
75305  16.880  -27.208  -4.655 0.3750000000
74236  17.259  -27.831  -4.283 0.2500000000
74235  17.863  -28.550  -4.286 0.2500000000
73100  18.391  -29.570  -4.829 0.7500000000
71849  18.531  -30.051  -5.062 0.8750000000
71868  19.563  -29.859  -5.564 0.8750000000
75304  17.564  -27.902  -4.680 0.3750000000
75313  18.379  -28.107  -5.489 0.8750000000
74249  18.224  -28.615  -4.895 0.7500000000
74266  20.135  -28.637  -6.181 1.0000000000
74267  19.166  -28.567  -5.684 1.0000000000
74248  18.630  -28.679  -5.299 0.8750000000
73099  18.741  -29.311  -5.210 0.8750000000
71867  20.359  -29.788  -5.841 1.0000000000
75286  16.409  -26.679  -4.228 0.2500000000
75314  17.511  -27.399  -5.389 0.8750000000
75329  20.384  -28.263  -6.657 1.0000000000
75331  18.333  -27.307  -6.281 1.0000000000
73134  21.070  -29.075  -6.882 1.0000000000
74265  20.585  -28.689  -6.585 1.0000000000
73116  20.720  -29.178  -6.422 1.0000000000
73117  19.911  -29.264  -5.765 1.0000000000
75306  16.309  -26.508  -4.859 0.6250000000
75332  17.448  -26.893  -5.970 1.0000000000
75315  16.572  -26.680  -5.281 0.8750000000
75347  21.426  -27.582  -7.570 1.0000000000
75348  20.353  -27.527  -7.129 1.0000000000
75330  19.652  -27.869  -6.408 1.0000000000
74284  21.918  -28.466  -7.397 1.0000000000
74283  22.742  -28.421  -7.647 1.0000000000
73133  21.534  -29.124  -7.106 1.0000000000
80929  14.945  -21.793  -3.021 0.2500000000
76384  16.067  -26.151  -3.876 0.2500000000
76385  15.951  -25.464  -4.341 0.3750000000
75307  15.935  -26.055  -4.981 0.5000000000
76431  15.628  -26.284  -5.948 1.0000000000
75334  14.831  -26.315  -5.849 0.6250000000
76430  16.574  -26.026  -5.778 1.0000000000
76428  18.249  -26.225  -6.788 1.0000000000
76429  17.383  -26.257  -6.214 1.0000000000
76446  19.008  -26.444  -7.000 1.0000000000
76443  21.457  -26.839  -7.880 1.0000000000
75346  22.306  -27.703  -7.785 1.0000000000
75364  22.520  -27.046  -8.194 1.0000000000
75345  23.029  -27.644  -8.049 1.0000000000
80958  14.824  -22.089  -4.722 0.5000000000
79724  14.830  -22.653  -3.721 0.3750000000
79740  15.306  -23.351  -4.365 0.3750000000
78569  15.765  -24.046  -4.724 0.5000000000
79761  15.471  -23.430  -4.795 0.5000000000
77479  16.436  -25.042  -5.331 0.8750000000
77491  17.068  -25.338  -5.990 1.0000000000
78605  16.643  -24.292  -5.842 1.0000000000
77501  18.958  -25.811  -7.210 1.0000000000
77490  17.709  -25.418  -6.450 1.0000000000
77513  20.336  -25.861  -8.014 1.0000000000
76456  22.662  -26.319  -8.488 1.0000000000
76457  21.848  -26.413  -8.260 1.0000000000
75363  23.189  -26.938  -8.378 0.8750000000
82060  14.506  -20.628  -3.759 0.5000000000
79780  15.188  -22.946  -4.709 0.5000000000
80972  15.340  -22.624  -5.234 0.6250000000
80971  15.741  -22.508  -5.832 0.6250000000
79792  16.179  -23.313  -6.073 1.0000000000
78588  16.314  -24.217  -5.514 0.7500000000
78604  17.399  -24.415  -6.338 1.0000000000
78628  21.282  -24.610  -9.077 1.0000000000
78629  19.978  -24.866  -8.312 1.0000000000
78615  19.439  -25.097  -7.841 1.0000000000
78602  18.445  -25.040  -6.906 1.0000000000
77512  21.106  -25.601  -8.398 1.0000000000
77500  19.549  -25.505  -7.742 1.0000000000
77511  22.050  -25.544  -8.647 0.8750000000
82084  15.237  -21.670  -5.270 0.5000000000
82083  15.636  -21.624  -5.813 0.8750000000
79817  18.312  -22.525  -7.792 1.0000000000
79805  17.253  -22.841  -6.903 1.0000000000
79814  20.466  -24.192  -8.977 1.0000000000
79816  18.856  -23.179  -8.092 1.0000000000
78617  18.100  -24.117  -6.868 1.0000000000
79829  20.835  -23.495  -9.501 1.0000000000
78627  22.389  -24.778  -9.032 1.0000000000
78643  22.052  -24.037  -9.410 1.0000000000
83074  14.542  -20.154  -4.521 0.5000000000
83085  15.402  -21.156  -5.611 0.8750000000
82097  16.107  -21.888  -6.317 1.0000000000
82121  18.080  -21.482  -8.094 1.0000000000
80999  17.651  -22.202  -7.468 1.0000000000
82096  16.552  -21.795  -6.699 1.0000000000
82136  20.307  -21.491  -9.771 1.0000000000
81021  19.921  -22.125  -9.200 1.0000000000
81019  21.439  -22.537  -9.890 1.0000000000
81020  20.630  -22.376  -9.682 1.0000000000
79830  20.191  -22.855  -9.139 1.0000000000
79828  21.772  -23.329  -9.659 1.0000000000
86178  17.609  -17.894  -8.094 1.0000000000
87211  17.629  -17.764  -7.141 0.3750000000
84077  18.482  -20.077  -8.859 1.0000000000
82137  19.278  -21.418  -9.241 1.0000000000
87232  17.966  -16.658  -8.882 0.8750000000
86186  18.379  -17.414  -9.568 1.0000000000
85069  17.902  -17.971  -8.939 1.0000000000
85068  18.545  -18.494  -9.544 1.0000000000
83137  19.985  -20.552  -10.043 1.0000000000
83136  20.687  -20.947  -10.336 1.0000000000
88222  18.391  -15.914  -8.815 0.7500000000
85081  18.859  -17.605  -10.198 1.0000000000
84095  20.681  -19.153  -10.891 1.0000000000
84096  19.891  -19.007  -10.573 1.0000000000
84087  19.534  -19.701  -10.066 1.0000000000
86198  18.769  -16.818  -10.243 1.0000000000
85067  19.264  -18.972  -10.057 1.0000000000
92063  20.931  -11.099  -7.646 0.1250000000
93094  21.279  -10.316  -7.260 0.1250000000
92085  20.777  -12.046  -8.715 0.2500000000
92072  21.179  -11.521  -8.289 0.1250000000
92084  21.382  -11.843  -9.084 0.3750000000
92071  21.903  -11.210  -8.462 0.2500000000
91109  21.327  -12.187  -9.681 0.5000000000
92095  21.697  -11.791  -9.749 0.2500000000
92094  22.122  -11.334  -10.232 0.3750000000
93104  22.491  -10.773  -8.680 0.2500000000
92083  22.109  -11.281  -9.273 0.2500000000
93118  22.744  -10.418  -9.510 0.2500000000
93135  22.566  -10.478  -10.639 0.2500000000
92109  22.474  -11.333  -11.084 0.3750000000
93149  22.709  -10.463  -11.601 0.2500000000
74205  17.386  -28.046  -3.452 0.1250000000
73132  22.331  -29.409  -7.255 1.0000000000
80985  16.705  -22.377  -6.655 0.8750000000
81008  19.497  -22.665  -8.743 1.0000000000
71808  18.308  -30.274  -3.431 0.1250000000
70597  18.269  -30.371  -4.590 0.6250000000
70595  19.536  -30.792  -5.111 0.7500000000
70594  20.508  -30.921  -5.447 1.0000000000
74221  17.884  -28.646  -3.830 0.1250000000
71866  21.146  -29.869  -6.411 1.0000000000
71880  22.057  -29.790  -7.082 1.0000000000
73131  23.251  -29.055  -7.545 1.0000000000
76363  15.882  -25.022  -3.942 0.3750000000
79722  15.619  -22.955  -3.282 0.2500000000
78517  15.818  -23.748  -3.829 0.2500000000
75344  23.839  -27.397  -8.245 0.8750000000
77510  22.893  -25.563  -8.764 0.8750000000
76455  23.362  -26.274  -8.555 0.8750000000
78626  23.198  -24.806  -9.045 0.8750000000
87196  17.840  -17.943  -6.639 0.1250000000
87197  17.213  -18.406  -5.998 0.1250000000
84035  14.647  -19.449  -4.978 0.3750000000
84052  15.677  -19.820  -6.049 0.6250000000
78642  22.812  -24.106  -9.331 0.8750000000
86187  17.914  -17.189  -8.893 0.8750000000
86166  17.303  -18.367  -6.459 0.3750000000
86144  16.951  -19.084  -6.241 0.8750000000
82135  21.149  -21.603  -10.231 1.0000000000
82152  21.261  -20.776  -10.498 1.0000000000
83146  21.765  -20.183  -10.736 1.0000000000
87231  18.426  -16.502  -9.451 1.0000000000
83148  20.167  -19.733  -10.514 1.0000000000
88235  18.747  -15.622  -9.648 0.8750000000
87240  19.288  -16.213  -10.754 1.0000000000
86196  19.942  -17.559  -11.049 1.0000000000
93080  21.079  -9.912  -6.747 0.1250000000
92074  20.048  -12.019  -7.626 0.1250000000
91111  19.741  -13.299  -9.028 0.6250000000
91124  21.643  -12.356  -10.391 0.5000000000
92062  21.551  -10.952  -7.861 0.2500000000
91123  22.204  -11.871  -10.761 0.5000000000
93103  22.992  -10.174  -8.450 0.2500000000
92121  22.912  -11.387  -11.788 0.3750000000
94158  22.566  -9.477  -12.357 0.2500000000
94130  22.831  -9.771  -10.233 0.1250000000
71830  18.003  -30.080  -4.353 0.3750000000
74222  17.256  -28.075  -4.265 0.1250000000
71848  19.156  -30.266  -5.303 0.7500000000
71869  18.978  -29.845  -5.402 0.8750000000
71847  19.938  -30.316  -5.510 1.0000000000
73118  19.264  -29.429  -5.481 1.0000000000
75316  15.779  -26.429  -5.498 0.8750000000
75350  18.678  -26.779  -6.794 1.0000000000
75349  19.305  -27.060  -6.863 1.0000000000
77422  15.864  -24.579  -4.132 0.3750000000
77466  16.145  -24.804  -4.900 0.5000000000
77493  15.644  -25.938  -5.613 0.8750000000
76444  20.800  -26.836  -7.665 1.0000000000
76445  19.840  -26.440  -7.486 1.0000000000
76458  21.046  -26.300  -7.996 1.0000000000
78589  15.965  -24.193  -5.197 0.6250000000
79778  15.882  -23.504  -5.621 0.6250000000
79791  16.796  -23.373  -6.396 1.0000000000
77489  18.366  -25.377  -6.857 1.0000000000
78603  18.157  -24.865  -6.668 1.0000000000
75362  23.631  -26.770  -8.437 0.8750000000
78618  17.476  -23.584  -6.698 1.0000000000
78616  18.828  -24.885  -7.411 1.0000000000
78630  19.196  -24.111  -8.028 1.0000000000
79804  18.041  -23.174  -7.260 1.0000000000
79815  19.862  -23.636  -8.700 1.0000000000
79803  18.605  -23.893  -7.493 1.0000000000
78644  21.483  -23.905  -9.495 1.0000000000
83102  15.271  -20.163  -5.845 0.6250000000
83101  15.708  -20.827  -6.101 0.7500000000
83100  16.423  -21.216  -6.751 1.0000000000
82110  17.496  -21.601  -7.616 1.0000000000
83117  17.390  -21.057  -7.713 1.0000000000
81010  18.190  -22.066  -7.932 1.0000000000
83126  17.904  -20.587  -8.292 1.0000000000
83125  18.525  -20.916  -8.835 1.0000000000
82120  18.619  -21.493  -8.698 1.0000000000
81009  18.707  -22.142  -8.504 1.0000000000
85058  17.655  -18.965  -8.279 1.0000000000
86165  17.376  -18.704  -6.940 0.7500000000
84069  17.026  -20.417  -7.114 1.0000000000
83138  19.102  -20.367  -9.455 1.0000000000
84068  17.343  -20.140  -7.554 1.0000000000
84078  17.881  -19.829  -8.428 1.0000000000
84088  18.882  -19.493  -9.492 1.0000000000
85057  18.274  -19.367  -8.943 1.0000000000
83147  20.849  -20.133  -10.684 1.0000000000
86197  19.376  -17.116  -10.825 1.0000000000
85080  19.445  -18.150  -10.516 1.0000000000
93095  20.762  -10.732  -7.177 0.1250000000
92073  20.478  -11.865  -8.057 0.1250000000
92064  20.470  -11.338  -7.209 0.1250000000
93093  22.321  -10.420  -7.876 0.2500000000
71818  17.974  -30.172  -3.902 0.2500000000
70572  18.492  -30.866  -4.368 0.6250000000
70596  18.788  -30.572  -4.847 0.7500000000
70613  20.674  -30.262  -5.802 1.0000000000
87212  17.246  -18.349  -6.254 0.5000000000
84053  14.985  -19.586  -5.664 0.6250000000
83118  16.948  -20.803  -7.183 0.8750000000
85030  16.399  -19.391  -6.083 0.7500000000
84051  16.645  -20.241  -6.695 0.8750000000
85029  17.058  -19.490  -6.643 1.0000000000
85049  17.330  -19.431  -7.288 1.0000000000
87241  18.851  -16.116  -10.122 1.0000000000
86212  19.660  -16.554  -11.060 1.0000000000
85092  20.508  -17.411  -11.259 1.0000000000
91094  19.788  -12.328  -7.565 0.3750000000
90159  19.915  -13.626  -9.516 0.7500000000
91110  20.590  -12.741  -9.444 0.7500000000
91125  20.971  -13.228  -10.643 0.7500000000
93165  23.038  -10.535  -12.515 0.2500000000
68261  22.362  -33.427  -4.571 0.7500000000
68259  24.428  -33.356  -4.882 0.7500000000
67187  21.852  -33.975  -4.031 0.7500000000
68262  21.503  -33.332  -4.185 0.7500000000
68281  23.529  -33.190  -5.134 0.7500000000
69409  22.291  -33.009  -4.808 0.7500000000
69410  21.849  -32.872  -4.684 0.7500000000
68280  24.075  -33.005  -5.342 0.7500000000
69434  23.724  -32.545  -5.480 0.7500000000
69435  22.657  -32.709  -5.182 0.7500000000
70570  19.999  -31.494  -4.770 0.7500000000
70571  19.138  -31.139  -4.559 0.6250000000
69436  21.630  -32.144  -5.098 0.7500000000
70593  21.471  -31.287  -5.592 0.8750000000
69437  20.858  -31.653  -5.005 0.8750000000
69433  24.517  -32.568  -5.382 0.7500000000
70591  23.306  -31.849  -5.769 0.7500000000
70612  21.332  -30.529  -6.036 0.8750000000
70609  23.742  -31.297  -6.173 0.7500000000
70610  23.047  -31.161  -6.296 0.8750000000
71863  23.833  -30.615  -6.710 0.7500000000
71864  22.790  -30.456  -6.779 0.8750000000
73114  22.556  -29.987  -7.081 0.8750000000
73112  24.031  -29.462  -7.321 0.8750000000
73113  23.140  -29.858  -7.188 0.8750000000
73130  23.733  -28.801  -7.654 0.8750000000
75328  25.083  -27.675  -7.244 0.3750000000
74280  24.697  -28.145  -7.334 0.6250000000
74281  24.157  -28.368  -7.726 0.7500000000
74282  23.467  -28.285  -7.844 0.7500000000
75327  25.735  -27.270  -6.761 0.5000000000
75343  24.608  -27.443  -7.817 0.7500000000
76427  26.285  -26.280  -6.683 0.1250000000
76440  25.687  -26.399  -7.436 0.3750000000
76441  24.936  -26.459  -8.135 0.6250000000
76442  24.386  -26.953  -8.253 0.6250000000
76454  24.093  -26.380  -8.470 0.6250000000
77487  27.037  -25.507  -6.099 0.1250000000
77488  26.623  -25.484  -6.630 0.1250000000
77499  25.566  -25.597  -7.861 0.1250000000
78614  26.061  -24.783  -7.518 0.1250000000
77508  24.338  -25.468  -8.615 0.6250000000
78625  24.000  -24.599  -8.992 0.6250000000
79802  26.024  -23.862  -7.676 0.1250000000
78624  24.794  -24.665  -8.600 0.1250000000
78641  23.431  -24.130  -9.262 0.7500000000
79790  26.971  -24.249  -6.658 0.1250000000
79812  24.577  -23.717  -8.796 0.5000000000
79813  23.881  -23.579  -9.183 0.5000000000
79826  23.233  -23.424  -9.430 0.7500000000
89206  18.772  -14.491  -9.214 0.5000000000
81007  23.660  -22.695  -9.244 0.6250000000
81018  22.265  -22.515  -9.761 0.6250000000
82119  24.004  -22.051  -8.894 0.5000000000
82132  23.651  -21.665  -9.395 0.6250000000
82133  22.839  -21.571  -9.860 0.6250000000
89221  19.148  -14.741  -9.808 0.7500000000
82134  21.987  -21.705  -10.012 0.8750000000
84094  21.562  -19.280  -10.947 0.8750000000
82150  22.427  -21.065  -10.160 0.7500000000
83145  22.560  -20.326  -10.491 0.8750000000
82131  24.277  -21.384  -8.966 0.3750000000
83134  23.594  -20.617  -9.824 0.5000000000
83135  22.928  -20.772  -10.147 0.6250000000
83124  24.800  -20.728  -8.683 0.2500000000
83133  24.278  -20.702  -9.271 0.3750000000
89220  19.739  -14.444  -10.271 0.7500000000
88234  19.168  -15.488  -10.337 0.8750000000
89238  19.559  -14.930  -10.477 0.7500000000
88253  19.716  -15.425  -10.885 0.8750000000
85079  20.394  -18.208  -11.043 0.8750000000
85091  21.140  -17.588  -11.316 0.7500000000
85078  21.316  -18.390  -11.122 0.8750000000
84092  23.129  -19.482  -10.390 0.7500000000
84085  24.373  -19.656  -9.405 0.5000000000
85076  23.193  -18.448  -10.524 0.7500000000
84076  24.786  -20.042  -8.939 0.2500000000
90160  19.189  -13.893  -9.230 0.6250000000
87255  19.963  -16.069  -11.170 0.8750000000
86211  20.142  -16.810  -11.234 0.8750000000
88252  20.418  -15.337  -11.289 0.7500000000
86195  22.500  -17.237  -11.253 0.7500000000
85064  24.897  -18.612  -9.025 0.2500000000
85065  24.284  -18.595  -9.720 0.5000000000
84086  23.676  -19.575  -9.940 0.5000000000
84084  24.944  -19.351  -8.804 0.2500000000
90178  20.216  -13.794  -10.276 0.6250000000
89237  20.098  -14.582  -10.924 0.7500000000
89236  20.925  -14.571  -11.374 0.7500000000
88251  21.226  -15.310  -11.553 0.7500000000
88250  22.041  -15.271  -11.744 0.7500000000
89235  21.734  -14.478  -11.681 0.7500000000
87252  22.292  -16.027  -11.622 0.7500000000
87239  22.560  -16.550  -11.480 0.7500000000
87251  22.863  -16.032  -11.544 0.7500000000
86193  23.841  -17.464  -10.415 0.5000000000
87237  23.839  -16.562  -10.771 0.3750000000
86194  23.168  -17.431  -10.898 0.6250000000
86185  24.408  -17.509  -9.851 0.3750000000
90197  20.688  -13.855  -11.117 0.7500000000
90196  21.382  -13.830  -11.441 0.7500000000
88249  22.874  -15.289  -11.655 0.7500000000
88233  23.283  -15.728  -11.439 0.6250000000
88232  23.858  -15.640  -11.129 0.3750000000
86184  24.951  -17.657  -9.250 0.1250000000
87229  25.107  -16.560  -9.421 0.1250000000
87230  24.401  -16.556  -10.127 0.2500000000
91144  21.145  -13.496  -11.164 0.6250000000
89234  22.596  -14.373  -11.839 0.7500000000
88221  24.357  -15.684  -10.536 0.2500000000
88219  25.938  -15.493  -9.292 0.1250000000
87228  25.854  -16.287  -8.963 0.1250000000
91143  21.607  -13.106  -11.199 0.6250000000
90195  22.253  -13.463  -11.675 0.3750000000
89218  24.558  -14.156  -10.887 0.2500000000
88248  23.541  -15.137  -11.448 0.3750000000
89233  23.436  -14.377  -11.629 0.3750000000
89203  25.639  -14.612  -9.749 0.1250000000
89204  24.759  -14.626  -10.465 0.3750000000
89205  24.331  -15.154  -10.874 0.3750000000
88218  26.955  -15.141  -8.977 0.1250000000
88220  24.963  -15.559  -9.846 0.1250000000
91142  22.456  -12.353  -11.270 0.3750000000
90207  23.297  -12.643  -11.662 0.3750000000
90208  22.900  -12.807  -11.609 0.3750000000
91140  24.372  -12.582  -11.685 0.3750000000
91141  23.841  -12.757  -11.733 0.3750000000
90194  23.239  -13.286  -11.715 0.3750000000
90192  24.590  -13.000  -11.288 0.3750000000
90177  24.431  -13.936  -11.089 0.3750000000
90174  26.966  -13.209  -10.279 0.1250000000
90158  25.514  -13.945  -10.230 0.1250000000
90176  24.929  -13.497  -10.838 0.2500000000
89202  26.621  -14.510  -9.416 0.1250000000
91157  23.193  -12.127  -11.709 0.2500000000
91155  24.061  -12.270  -12.032 0.2500000000
91156  23.607  -12.286  -11.982 0.3750000000
91139  25.093  -12.532  -11.372 0.1250000000
91121  26.538  -12.677  -10.943 0.1250000000
92107  24.729  -11.987  -11.925 0.1250000000
93163  24.746  -11.067  -12.613 0.1250000000
92106  25.443  -11.819  -11.779 0.1250000000
92118  25.016  -11.395  -12.245 0.1250000000
91120  27.527  -12.727  -10.957 0.1250000000
92116  26.378  -11.304  -12.126 0.1250000000
93175  24.568  -10.720  -13.226 0.1250000000
91154  26.840  -11.075  -12.476 0.1250000000
93162  25.287  -10.825  -12.673 0.1250000000
91153  27.749  -11.232  -13.084 0.1250000000
91136  28.293  -12.459  -11.725 0.1250000000
74264  24.570  -28.810  -7.171 0.6250000000
81006  24.248  -22.784  -8.777 0.6250000000
82151  21.856  -20.951  -10.360 0.8750000000
90179  19.674  -14.142  -9.791 0.6250000000
87254  20.682  -16.078  -11.478 0.8750000000
87253  21.507  -16.077  -11.621 0.7500000000
86209  21.837  -16.874  -11.468 0.7500000000
85075  23.885  -18.188  -10.151 0.5000000000
92108  24.331  -12.103  -12.051 0.2500000000
93161  26.117  -10.823  -12.644 0.1250000000
91137  26.977  -11.818  -11.704 0.1250000000
76453  24.583  -25.982  -8.440 0.5000000000
85077  22.288  -18.273  -10.955 0.7500000000
91122  25.693  -12.791  -10.925 0.1250000000
67171  23.727  -34.542  -3.738 0.7500000000
67172  22.881  -34.787  -3.667 0.7500000000
68246  21.263  -33.842  -3.702 0.7500000000
68263  21.020  -33.259  -3.879 0.7500000000
68244  24.173  -33.963  -4.116 0.7500000000
68260  23.348  -33.774  -4.504 0.7500000000
68243  25.329  -33.488  -3.952 0.7500000000
69412  19.465  -31.885  -4.129 0.6250000000
69411  20.683  -32.560  -4.229 0.7500000000
69408  25.003  -32.864  -5.091 0.6250000000
70589  24.861  -31.860  -5.514 0.7500000000
71862  24.425  -30.133  -6.706 0.6250000000
73111  24.792  -29.548  -6.663 0.5000000000
74247  25.885  -28.770  -6.014 0.3750000000
74263  25.222  -28.464  -6.647 0.5000000000
75312  26.330  -27.406  -5.971 0.1250000000
76412  26.279  -26.847  -6.332 0.1250000000
76426  26.687  -25.927  -6.340 0.1250000000
78598  27.447  -24.784  -5.827 0.1250000000
79789  27.527  -23.930  -6.069 0.1250000000
79801  26.561  -24.039  -7.076 0.1250000000
89222  18.666  -15.079  -9.252 0.3750000000
80997  26.820  -22.879  -7.043 0.1250000000
79811  25.314  -23.789  -8.280 0.1250000000
81005  25.046  -22.790  -8.331 0.1250000000
82118  24.720  -21.751  -8.465 0.2500000000
90146  18.932  -13.714  -8.482 0.5000000000
84075  25.422  -19.726  -8.289 0.1250000000
86157  25.825  -18.031  -7.995 0.1250000000
87220  25.502  -16.944  -8.881 0.1250000000
87219  26.307  -16.629  -8.424 0.1250000000
88208  27.189  -15.760  -8.538 0.1250000000
88217  27.960  -15.138  -8.950 0.1250000000
90173  28.098  -13.434  -10.289 0.1250000000
90190  29.226  -13.122  -11.486 0.1250000000
93164  23.462  -10.680  -13.177 0.2500000000
92130  23.782  -11.180  -13.052 0.1250000000
94183  23.751  -10.151  -14.177 0.1250000000
93174  25.592  -10.375  -13.652 0.1250000000
91135  29.024  -12.685  -12.054 0.1250000000
79827  22.535  -23.345  -9.571 0.7500000000
88223  17.789  -16.618  -8.608 0.3750000000
71865  21.984  -30.129  -6.830 0.8750000000
77509  23.644  -25.530  -8.727 0.6250000000
67186  22.544  -34.217  -4.061 0.7500000000
69395  20.310  -32.886  -3.689 0.7500000000
68282  22.962  -33.314  -4.893 0.7500000000
70592  22.388  -31.656  -5.686 0.8750000000
70590  24.204  -31.718  -5.769 0.7500000000
70611  22.175  -30.850  -6.205 0.8750000000
71846  24.211  -31.143  -6.202 0.7500000000
74262  25.886  -28.054  -6.146 0.2500000000
75342  25.241  -27.077  -7.553 0.5000000000
77498  26.149  -25.573  -7.223 0.2500000000
78613  26.566  -24.825  -6.940 0.1250000000
78599  27.036  -24.799  -6.394 0.1250000000
77507  24.977  -25.517  -8.388 0.5000000000
78623  25.458  -24.723  -8.094 0.1250000000
81017  23.039  -22.558  -9.603 0.6250000000
84093  22.437  -19.361  -10.748 0.7500000000
83144  23.198  -20.182  -10.222 0.5000000000
85090  21.820  -17.682  -11.215 0.7500000000
86210  20.963  -16.823  -11.464 0.7500000000
85066  23.616  -18.864  -10.131 0.5000000000
85056  25.397  -18.692  -8.403 0.1250000000
87238  23.202  -16.487  -11.295 0.6250000000
89219  24.185  -14.590  -11.201 0.3750000000
88209  26.447  -15.847  -8.821 0.1250000000
90157  26.313  -13.821  -9.861 0.1250000000
90193  24.114  -13.507  -11.420 0.3750000000
90156  27.264  -13.791  -9.690 0.1250000000
91119  28.168  -12.862  -10.946 0.1250000000
90175  25.991  -13.293  -10.467 0.1250000000
89201  27.635  -14.446  -9.401 0.1250000000
90155  27.839  -13.904  -9.723 0.1250000000
92120  23.421  -11.431  -12.460 0.2500000000
92119  24.212  -11.543  -12.478 0.2500000000
92129  24.096  -11.094  -13.139 0.1250000000
92105  26.113  -11.639  -11.770 0.1250000000
91138  25.979  -12.172  -11.351 0.1250000000
93184  24.290  -10.391  -14.010 0.1250000000
68245  23.609  -34.138  -4.078 0.7500000000
67173  21.693  -34.865  -3.422 0.7500000000
71845  24.990  -30.781  -5.895 0.6250000000
73098  25.537  -29.518  -6.068 0.5000000000
80998  25.914  -22.864  -7.834 0.1250000000
86175  25.521  -17.694  -8.542 0.1250000000
90191  28.616  -13.006  -10.972 0.1250000000
68247  20.560  -33.350  -3.493 0.5000000000
66106  24.429  -35.139  -2.809 0.6250000000
66119  24.097  -34.883  -3.399 0.6250000000
68231  25.520  -33.771  -3.222 0.3750000000
67169  25.195  -34.037  -3.246 0.6250000000
68242  26.335  -32.968  -3.531 0.2500000000
90161  18.731  -14.156  -8.933 0.3750000000
90145  19.359  -13.416  -8.742 0.2500000000
91099  20.378  -12.350  -8.626 0.2500000000
66120  23.530  -35.164  -3.300 0.6250000000
69407  25.590  -32.590  -4.794 0.5000000000
70569  25.407  -31.782  -5.300 0.5000000000
71829  25.641  -31.282  -5.323 0.3750000000
67156  26.399  -34.023  -2.320 0.5000000000
67157  25.616  -34.135  -2.751 0.6250000000
66090  24.161  -35.747  -2.044 0.6250000000
68248  20.128  -33.380  -3.080 0.3750000000
67174  20.926  -34.209  -3.203 0.3750000000
66107  23.296  -35.670  -2.513 0.6250000000
66122  22.035  -35.373  -2.964 0.6250000000
66088  26.175  -34.938  -1.745 0.3750000000
66105  25.362  -34.754  -2.398 0.5000000000
67155  27.090  -33.805  -2.105 0.3750000000
68241  26.860  -32.635  -3.405 0.2500000000
68229  27.172  -33.139  -2.726 0.2500000000
69406  26.164  -32.252  -4.447 0.2500000000
70568  26.099  -31.654  -4.850 0.3750000000
70567  26.419  -31.023  -4.780 0.2500000000
71844  26.063  -30.122  -5.544 0.2500000000
71843  26.564  -29.794  -5.373 0.2500000000
78516  16.143  -23.810  -3.496 0.1250000000
130988  14.809  -19.930  -3.000 0.2500000000
74246  26.501  -28.407  -5.581 0.2500000000
86145  16.572  -18.691  -5.771 0.3750000000
86129  14.900  -18.287  -4.129 0.2500000000
87223  17.837  -17.039  -8.244 0.2500000000
91100  19.747  -12.736  -8.297 0.2500000000
80928  15.640  -22.486  -2.784 0.1250000000
77421  16.046  -24.566  -3.728 0.2500000000
70556  18.391  -31.115  -3.805 0.2500000000
85031  15.461  -18.923  -5.560 0.3750000000
69432  25.111  -32.368  -5.262 0.5000000000
67170  24.567  -34.375  -3.458 0.6250000000
68258  25.138  -33.144  -4.748 0.5000000000
73097  26.258  -29.338  -5.628 0.2500000000
69396  19.738  -32.721  -3.307 0.3750000000
69413  18.809  -31.352  -4.089 0.2500000000
66121  22.628  -35.321  -3.143 0.6250000000
71828  26.030  -30.876  -5.247 0.2500000000
67158  25.014  -34.475  -2.911 0.5000000000
68230  26.015  -33.513  -3.019 0.2500000000
69394  26.034  -32.750  -4.166 0.3750000000
66104  25.892  -34.467  -2.297 0.5000000000
67146  26.879  -34.294  -1.817 0.3750000000
68232  20.389  -33.939  -2.869 0.3750000000
66089  25.072  -35.382  -1.945 0.5000000000
70555  26.417  -31.883  -4.359 0.2500000000
71827  26.832  -30.307  -4.939 0.2500000000
78515  16.634  -23.911  -3.442 0.1250000000
65036  22.941  -36.285  -1.808 0.5000000000
65033  25.652  -35.810  -1.399 0.2500000000
65034  24.730  -36.057  -1.471 0.3750000000
65047  22.694  -35.881  -2.251 0.5000000000
65037  21.952  -36.575  -1.551 0.3750000000
66092  21.010  -36.074  -2.100 0.5000000000
66108  22.378  -35.647  -2.610 0.5000000000
65048  22.159  -35.997  -2.110 0.5000000000
66109  21.488  -35.597  -2.594 0.3750000000
63937  20.387  -36.942  -0.116 0.1250000000
63952  21.409  -36.799  -1.011 0.3750000000
67160  20.656  -35.022  -2.578 0.2500000000
62783  21.987  -38.431  0.200 0.1250000000
62806  21.329  -37.517  -0.313 0.2500000000
63934  22.814  -37.623  -0.680 0.3750000000
65018  25.284  -36.505  -0.958 0.2500000000
65019  24.323  -36.665  -0.984 0.3750000000
65020  23.399  -36.858  -1.139 0.5000000000
62785  20.272  -38.054  0.549 0.1250000000
63935  21.798  -37.218  -0.968 0.3750000000
65023  20.595  -36.481  -0.725 0.1250000000
66094  20.160  -35.483  -1.176 0.1250000000
67159  21.248  -35.214  -2.919 0.3750000000
66091  23.562  -35.977  -1.970 0.5000000000
67161  20.097  -34.202  -2.299 0.2500000000
66073  26.266  -35.629  -1.298 0.2500000000
65021  22.585  -36.940  -1.254 0.5000000000
65049  21.533  -36.154  -1.953 0.5000000000
65035  23.853  -36.255  -1.555 0.3750000000
65038  21.097  -36.442  -1.315 0.2500000000
66093  20.531  -35.666  -1.688 0.1250000000
66110  20.865  -35.657  -2.312 0.1250000000
63912  20.708  -37.470  0.064 0.1250000000
63913  20.120  -37.433  0.412 0.1250000000
63936  21.063  -36.875  -0.603 0.2500000000
63938  20.055  -36.979  0.240 0.1250000000
65022  20.929  -36.565  -0.861 0.1250000000
67147  20.363  -35.193  -1.945 0.1250000000
62784  21.124  -38.130  0.257 0.1250000000
62805  21.917  -37.892  -0.333 0.3750000000
63932  24.825  -37.143  -0.459 0.2500000000
65039  20.581  -36.166  -1.187 0.1250000000
66074  20.258  -35.960  -0.913 0.1250000000
62804  22.504  -38.114  -0.189 0.2500000000
63909  24.333  -37.786  -0.002 0.2500000000
69397  18.854  -31.773  -3.507 0.2500000000
63933  23.854  -37.327  -0.546 0.2500000000
63910  23.432  -37.963  -0.164 0.1250000000
69384  18.723  -32.211  -2.667 0.1250000000
88210  18.560  -15.836  -8.274 0.1250000000
89207  18.613  -14.792  -8.717 0.1250000000
89194  18.928  -14.678  -8.177 0.1250000000
89187  19.601  -14.326  -7.802 0.1250000000
90138  19.203  -13.610  -7.787 0.1250000000
91095  19.524  -12.671  -7.358 0.1250000000
91091  19.778  -12.552  -6.574 0.1250000000
88211  17.995  -16.575  -8.059 0.1250000000
84021  14.654  -19.255  -4.012 0.1250000000
68233  19.906  -33.455  -2.605 0.1250000000
69371  18.832  -32.375  -1.876 0.1250000000
86127  16.518  -18.629  -4.852 0.1250000000
88203  18.167  -16.946  -7.637 0.1250000000
88202  19.040  -15.890  -7.872 0.1250000000
90133  19.920  -13.397  -6.665 0.1250000000
91082  20.128  -12.393  -5.941 0.1250000000
92066  19.869  -12.123  -6.647 0.1250000000
70573  18.086  -30.602  -4.148 0.1250000000
70557  18.193  -30.724  -3.617 0.1250000000
91101  19.274  -13.152  -8.026 0.1250000000
69383  19.421  -32.828  -2.263 0.1250000000
86128  15.557  -18.414  -4.774 0.1250000000
70534  18.017  -31.773  -1.957 0.1250000000
90134  19.584  -13.297  -7.071 0.1250000000
89174  19.838  -13.700  -7.132 0.1250000000
89186  20.325  -14.627  -7.777 0.1250000000
92035  20.248  -11.914  -5.027 0.1250000000
66087  27.223  -34.746  -1.437 0.1250000000
67145  27.559  -34.092  -1.744 0.1250000000
68218  27.467  -33.635  -2.149 0.1250000000
69382  27.900  -32.425  -2.916 0.1250000000
69393  26.559  -32.274  -3.922 0.1250000000
70554  26.832  -31.333  -4.190 0.1250000000
71816  28.393  -30.354  -3.429 0.1250000000
71817  27.596  -30.391  -4.093 0.1250000000
73071  28.029  -29.815  -3.939 0.1250000000
73083  28.252  -28.880  -4.337 0.1250000000
73084  27.751  -29.378  -4.560 0.1250000000
73096  26.929  -29.303  -5.235 0.1250000000
63931  25.788  -37.015  -0.477 0.1250000000
63930  26.722  -36.961  -0.464 0.1250000000
65017  26.288  -36.227  -0.898 0.1250000000
66072  26.881  -35.467  -1.124 0.1250000000
67144  28.404  -34.201  -1.475 0.1250000000
66086  27.815  -34.569  -1.420 0.1250000000
68217  28.002  -33.517  -2.067 0.1250000000
68227  28.852  -32.590  -2.360 0.1250000000
69381  28.605  -32.104  -2.759 0.1250000000
69391  28.029  -31.854  -3.164 0.1250000000
71805  28.814  -30.835  -3.017 0.1250000000
73070  28.539  -29.301  -3.875 0.1250000000
74245  27.347  -28.438  -5.032 0.1250000000
74234  28.000  -28.395  -4.547 0.1250000000
68228  28.285  -32.843  -2.468 0.1250000000
65016  27.331  -36.163  -0.680 0.1250000000
63908  25.336  -37.689  -0.022 0.1250000000
66071  28.009  -35.195  -1.031 0.1250000000
68216  29.054  -33.176  -1.858 0.1250000000
69392  27.349  -32.164  -3.464 0.1250000000
70553  27.757  -31.220  -3.537 0.1250000000
62803  26.182  -37.550  -0.153 0.1250000000
67143  29.407  -34.119  -1.302 0.1250000000
74233  28.535  -28.392  -4.174 0.1250000000
63911  22.911  -38.066  -0.236 0.2500000000
63951  21.567  -36.769  -1.224 0.3750000000
67185  23.211  -34.292  -4.001 0.7500000000
71881  21.703  -29.670  -6.991 1.0000000000
73115  21.221  -29.420  -6.812 1.0000000000
74285  20.969  -28.544  -7.068 1.0000000000
75287  16.042  -26.219  -4.454 0.5000000000
75317  15.233  -26.256  -5.361 0.6250000000
75333  15.056  -26.838  -5.963 0.6250000000
75365  21.945  -27.126  -7.962 1.0000000000
76362  16.029  -25.387  -3.656 0.3750000000
76405  15.997  -25.557  -5.044 0.6250000000
76413  16.930  -26.509  -5.690 0.8750000000
76414  16.075  -26.232  -5.591 0.8750000000
76415  15.608  -26.628  -5.898 0.8750000000
76416  15.281  -25.901  -5.656 0.6250000000
76432  14.988  -26.201  -6.255 0.6250000000
76459  20.525  -26.350  -7.808 1.0000000000
77443  15.966  -24.711  -4.573 0.3750000000
77480  16.163  -25.447  -5.211 0.8750000000
77492  16.382  -25.645  -5.541 1.0000000000
78541  15.636  -23.892  -4.258 0.2500000000
79723  15.181  -22.958  -3.725 0.3750000000
79741  14.875  -22.848  -4.048 0.3750000000
79762  15.128  -22.988  -4.459 0.5000000000
79779  15.462  -23.225  -5.095 0.6250000000
80930  14.837  -22.441  -3.496 0.3750000000
80944  14.455  -21.778  -3.968 0.5000000000
80945  14.672  -22.359  -3.715 0.3750000000
80959  14.786  -22.546  -4.355 0.5000000000
80973  15.114  -22.673  -4.810 0.5000000000
80986  16.239  -22.725  -6.284 0.8750000000
81000  17.121  -22.277  -7.034 1.0000000000
81022  19.335  -22.098  -8.951 1.0000000000
82072  14.653  -21.136  -4.590 0.5000000000
82111  17.004  -21.672  -7.149 1.0000000000
83086  15.000  -20.504  -5.340 0.6250000000
84050  17.129  -19.852  -7.031 1.0000000000
85012  15.277  -18.396  -5.173 0.3750000000
85013  14.799  -18.571  -4.893 0.2500000000
85032  14.797  -19.005  -5.387 0.6250000000
86146  15.655  -18.514  -5.311 0.3750000000
90123  19.840  -12.915  -6.441 0.1250000000
92034  20.250  -11.501  -4.813 0.1250000000
92049  20.175  -11.883  -5.423 0.1250000000
92117  25.734  -11.278  -12.174 0.1250000000
93176  23.887  -10.793  -13.620 0.1250000000
