#!ascii label  , from subject 3429 vox2ras=TkReg
2189
6630  36.763  -88.231  16.554 0.2000000030
6613  36.355  -87.876  17.423 0.2000000030
6654  36.760  -87.726  15.596 0.2000000030
5669  36.777  -88.532  17.535 0.2000000030
7658  37.667  -87.407  14.325 0.1000000015
6603  36.439  -87.903  18.429 0.3000000119
6653  37.272  -88.186  15.285 0.1000000015
6672  37.333  -87.682  14.871 0.1000000015
7659  36.784  -87.042  14.774 0.1000000015
7673  36.742  -86.207  14.009 0.1000000015
7672  37.756  -86.846  13.680 0.1000000015
8720  36.013  -85.406  12.197 0.1000000015
7697  37.809  -86.259  12.838 0.1000000015
8699  37.338  -85.969  12.404 0.1000000015
9689  36.128  -85.188  11.582 0.2000000030
8719  36.829  -85.669  11.829 0.1000000015
7648  35.173  -86.258  15.702 0.1000000015
8653  35.468  -86.100  15.176 0.1000000015
7626  36.171  -87.453  16.196 0.2000000030
7660  36.079  -86.246  14.729 0.1000000015
7647  35.815  -86.735  15.495 0.1000000015
8679  36.291  -85.822  13.847 0.1000000015
8701  35.292  -85.177  12.857 0.1000000015
11452  35.709  -82.826  11.959 0.2000000030
9690  35.522  -84.781  11.805 0.2000000030
11440  36.267  -82.091  12.376 0.1000000015
10578  35.937  -84.330  11.153 0.2000000030
12403  36.744  -81.414  12.601 0.2000000030
13434  37.149  -80.746  12.731 0.1000000015
13412  37.591  -79.964  12.774 0.1000000015
8665  35.507  -85.754  14.701 0.1000000015
8666  34.837  -85.328  14.607 0.1000000015
8700  36.589  -85.817  13.058 0.1000000015
12404  36.009  -81.597  12.838 0.2000000030
13413  36.638  -80.117  13.006 0.2000000030
15626  36.822  -78.250  13.410 0.2000000030
14570  37.203  -79.215  13.130 0.1000000015
15625  37.934  -78.391  13.133 0.2000000030
8680  35.632  -85.531  13.906 0.1000000015
9679  34.781  -84.238  12.438 0.2000000030
11433  34.347  -82.222  13.203 0.2000000030
11441  35.252  -82.212  12.754 0.3000000119
16765  37.583  -77.409  13.415 0.3000000119
16764  38.739  -77.625  13.232 0.2000000030
15624  39.101  -78.637  12.779 0.2000000030
12389  35.382  -81.304  13.207 0.3000000119
10561  34.945  -83.235  12.391 0.2000000030
16766  36.520  -77.225  13.685 0.3000000119
17819  37.154  -76.397  13.603 0.3000000119
20054  37.504  -74.519  13.272 0.3000000119
18862  37.828  -75.568  13.357 0.3000000119
20053  38.544  -74.812  12.942 0.2000000030
17817  39.480  -76.774  13.262 0.2000000030
18860  40.162  -75.926  13.114 0.2000000030
20040  35.926  -74.561  14.022 0.4000000060
15627  35.719  -78.022  13.803 0.3000000119
17820  36.182  -76.311  13.821 0.3000000119
13414  35.723  -80.392  13.363 0.2000000030
14571  36.012  -79.241  13.437 0.2000000030
21186  38.208  -73.913  12.900 0.3000000119
18861  39.017  -75.768  13.158 0.2000000030
21185  39.108  -74.060  12.715 0.2000000030
20052  39.750  -74.898  12.819 0.2000000030
21188  36.745  -73.410  13.602 0.3000000119
20055  36.661  -74.110  13.601 0.3000000119
21200  38.701  -73.331  12.682 0.2000000030
22373  40.063  -72.908  12.300 0.2000000030
22374  39.171  -72.671  12.389 0.2000000030
22389  40.773  -72.767  11.928 0.1000000015
20067  39.911  -74.016  12.633 0.2000000030
21211  41.035  -73.350  12.269 0.2000000030
21198  40.469  -73.433  12.417 0.2000000030
20066  40.641  -74.343  12.686 0.2000000030
23601  37.067  -71.679  13.240 0.3000000119
23626  37.825  -71.555  12.523 0.3000000119
21187  37.428  -73.408  13.201 0.3000000119
23653  38.009  -70.918  11.819 0.2000000030
23625  38.630  -72.056  12.299 0.3000000119
24949  38.342  -70.772  11.271 0.2000000030
21201  38.093  -73.326  12.864 0.3000000119
22391  39.234  -72.071  11.989 0.1000000015
23651  39.727  -71.872  11.537 0.1000000015
23670  41.398  -72.183  10.794 0.1000000015
23671  40.642  -71.961  11.023 0.1000000015
23690  39.622  -70.895  10.043 0.1000000015
22405  41.340  -72.448  11.257 0.1000000015
26240  36.830  -70.334  12.888 0.3000000119
24930  37.294  -70.533  12.244 0.2000000030
26253  37.504  -69.663  11.518 0.2000000030
28824  38.795  -67.887  11.116 0.2000000030
28823  39.589  -67.424  11.401 0.1000000015
26269  37.958  -69.490  10.830 0.1000000015
27572  38.937  -68.318  10.378 0.1000000015
24991  38.656  -69.840  10.136 0.1000000015
24971  39.052  -70.755  10.412 0.1000000015
23689  40.355  -71.407  10.034 0.1000000015
25010  41.421  -70.998  8.710 0.1000000015
26239  37.021  -69.550  12.606 0.2000000030
28839  40.481  -67.363  10.723 0.1000000015
28855  40.461  -67.866  9.839 0.1000000015
27588  39.202  -68.686  9.914 0.1000000015
27587  40.328  -68.746  9.244 0.1000000015
26285  39.629  -69.546  9.440 0.1000000015
27586  41.351  -68.133  9.298 0.1000000015
25011  40.754  -70.184  8.686 0.1000000015
26284  40.339  -69.679  8.891 0.1000000015
28838  41.397  -66.826  10.927 0.1000000015
27605  41.303  -68.880  8.682 0.1000000015
26326  41.890  -69.760  8.096 0.1000000015
30115  41.179  -66.340  11.633 0.1000000015
11439  37.125  -81.843  12.036 0.1000000015
13309  45.964  -80.038  21.395 0.5000000000
14392  46.619  -79.464  22.295 0.5000000000
13288  45.704  -79.985  21.842 0.5000000000
13310  45.050  -80.372  21.287 0.5000000000
13326  44.827  -80.658  20.333 0.5000000000
17616  47.592  -76.580  24.477 0.2000000030
17636  47.524  -76.947  24.208 0.2000000030
16584  47.068  -77.566  23.888 0.3000000119
15446  47.468  -78.165  23.288 0.3000000119
14362  46.157  -79.142  23.107 0.5000000000
14393  45.749  -79.808  22.267 0.5000000000
14363  45.095  -79.337  23.153 0.5000000000
14394  44.649  -79.934  22.177 0.5000000000
14414  43.938  -79.976  21.548 0.5000000000
13311  44.298  -80.368  21.010 0.5000000000
13342  44.510  -80.779  19.537 0.5000000000
13343  43.684  -80.223  19.403 0.5000000000
12314  45.000  -81.011  18.903 0.5000000000
12354  46.051  -81.769  16.800 0.5000000000
18690  46.771  -76.371  24.368 0.3000000119
16585  45.894  -77.290  24.017 0.3000000119
13312  43.686  -80.128  20.935 0.5000000000
13327  43.975  -80.503  20.291 0.5000000000
12315  44.368  -80.870  18.903 0.5000000000
12340  44.615  -81.064  17.464 0.5000000000
9621  45.394  -84.520  16.305 0.4000000060
9637  45.867  -83.989  15.646 0.5000000000
10532  46.365  -83.223  15.688 0.5000000000
11400  46.482  -82.285  16.352 0.5000000000
9603  44.917  -84.691  17.193 0.4000000060
18662  46.935  -75.969  24.590 0.3000000119
17617  45.564  -76.581  24.280 0.4000000060
16586  44.801  -77.523  23.935 0.4000000060
15449  44.468  -78.502  23.588 0.5000000000
15450  43.525  -78.502  23.427 0.5000000000
14364  44.049  -79.249  23.013 0.5000000000
14415  43.051  -79.560  21.347 0.5000000000
14396  42.863  -79.101  22.285 0.5000000000
15477  42.327  -78.809  21.890 0.5000000000
14426  42.986  -79.484  20.498 0.5000000000
13344  43.246  -79.765  20.041 0.5000000000
13350  43.779  -80.006  18.319 0.5000000000
12355  45.382  -81.345  16.469 0.6000000238
11410  46.763  -82.751  16.165 0.5000000000
11401  45.939  -82.028  16.114 0.5000000000
9586  43.420  -84.652  18.294 0.4000000060
9585  44.500  -84.544  18.239 0.4000000060
9638  44.987  -84.328  15.435 0.5000000000
19782  46.665  -74.615  28.714 0.1000000015
20904  46.260  -74.537  28.360 0.1000000015
20925  45.001  -74.437  27.582 0.1000000015
20924  46.517  -74.547  27.715 0.1000000015
20948  44.484  -74.425  26.675 0.1000000015
20947  45.785  -74.526  26.717 0.1000000015
19863  46.386  -75.537  24.939 0.2000000030
19843  45.832  -75.116  25.453 0.1000000015
18663  46.047  -75.942  24.503 0.3000000119
16587  43.913  -77.763  23.812 0.5000000000
18664  44.940  -75.893  24.648 0.4000000060
17618  44.439  -76.614  24.203 0.4000000060
16588  43.025  -77.740  23.659 0.4000000060
15451  42.709  -78.418  23.117 0.5000000000
15493  42.471  -78.650  20.852 0.5000000000
12341  44.150  -80.493  17.782 0.5000000000
11411  46.167  -82.392  15.446 0.5000000000
10533  45.854  -83.498  15.002 0.5000000000
9604  43.867  -84.642  17.414 0.4000000060
9556  42.705  -84.196  19.774 0.5000000000
19683  45.499  -74.825  32.864 0.1000000015
19711  46.383  -75.110  31.975 0.1000000015
19734  46.471  -74.857  30.596 0.1000000015
19758  45.787  -74.622  29.798 0.1000000015
19783  46.162  -74.611  29.208 0.1000000015
20905  45.575  -74.534  28.727 0.1000000015
20906  44.028  -74.355  28.455 0.1000000015
19735  45.519  -74.760  30.864 0.1000000015
20893  45.205  -74.521  29.500 0.1000000015
20926  43.557  -74.206  27.381 0.1000000015
19868  41.661  -74.654  24.896 0.2000000030
20982  41.185  -73.855  25.455 0.2000000030
20962  46.319  -74.862  25.949 0.1000000015
20963  45.205  -74.665  25.994 0.1000000015
20964  43.813  -74.453  25.857 0.1000000015
19867  42.587  -74.847  24.883 0.2000000030
19844  44.924  -74.928  25.464 0.2000000030
19865  44.324  -75.065  25.005 0.1000000015
19866  43.446  -74.976  24.831 0.2000000030
18667  42.024  -75.396  24.574 0.2000000030
19869  40.645  -74.532  24.605 0.2000000030
18665  43.919  -75.632  24.475 0.2000000030
17619  43.337  -76.227  24.172 0.3000000119
17641  42.631  -76.882  23.937 0.3000000119
16590  41.257  -77.068  23.117 0.4000000060
15469  41.950  -78.262  22.519 0.5000000000
13370  45.461  -80.686  15.908 0.5000000000
15478  41.786  -78.128  21.748 0.4000000060
13377  46.585  -80.762  14.549 0.5000000000
13378  45.971  -80.764  15.210 0.5000000000
14524  45.798  -80.275  15.622 0.5000000000
12373  46.568  -81.410  14.080 0.5000000000
12364  46.122  -81.545  14.924 0.5000000000
12365  45.674  -81.284  15.561 0.5000000000
14441  43.043  -79.272  19.843 0.5000000000
10540  46.040  -82.819  14.550 0.5000000000
11429  46.227  -82.185  14.007 0.5000000000
11418  46.141  -82.102  14.509 0.5000000000
13371  45.013  -80.557  16.587 0.5000000000
9639  44.273  -84.131  15.654 0.5000000000
9651  45.458  -83.899  14.981 0.5000000000
11412  45.877  -81.765  15.663 0.5000000000
12356  44.719  -80.941  16.843 0.6000000238
9587  42.560  -84.560  18.404 0.4000000060
19662  44.941  -74.693  33.721 0.1000000015
19712  45.026  -74.836  31.846 0.1000000015
19713  43.981  -74.499  31.751 0.1000000015
19686  42.311  -74.306  32.366 0.1000000015
19736  44.524  -74.562  30.916 0.1000000015
19760  44.123  -74.442  30.156 0.1000000015
20895  43.082  -74.274  29.621 0.1000000015
20907  42.526  -73.823  28.215 0.1000000015
20927  42.635  -73.806  27.392 0.1000000015
22100  41.780  -73.459  26.777 0.1000000015
22113  43.280  -74.259  26.334 0.1000000015
20966  41.848  -73.708  25.861 0.2000000030
20965  42.622  -74.162  25.861 0.1000000015
20981  42.167  -74.269  25.380 0.2000000030
17621  41.821  -75.924  24.315 0.3000000119
18692  41.391  -75.685  24.230 0.3000000119
19896  39.906  -74.744  24.088 0.2000000030
17642  41.544  -76.458  23.847 0.3000000119
18693  40.509  -75.571  23.771 0.2000000030
16602  41.390  -77.647  22.509 0.4000000060
16621  40.528  -76.568  21.811 0.3000000119
16620  41.194  -77.311  21.666 0.4000000060
14522  47.605  -79.718  14.867 0.5000000000
14501  46.323  -79.304  15.942 0.5000000000
14502  45.507  -79.727  16.396 0.5000000000
15494  41.903  -77.728  21.147 0.5000000000
15556  47.747  -78.599  16.070 0.5000000000
16699  47.208  -77.962  16.672 0.5000000000
15532  46.400  -78.101  16.982 0.5000000000
15558  45.974  -79.077  16.407 0.5000000000
14472  45.253  -79.286  17.012 0.6000000238
15511  42.813  -78.371  20.015 0.5000000000
16636  42.435  -77.520  20.433 0.5000000000
16675  46.653  -77.412  17.268 0.5000000000
16677  45.289  -77.935  17.712 0.5000000000
15533  45.605  -78.710  17.079 0.6000000238
14503  44.849  -80.018  16.882 0.5000000000
14440  43.454  -79.477  19.005 0.5000000000
14473  44.635  -79.361  17.489 0.5000000000
14474  44.041  -79.630  17.933 0.5000000000
11313  41.208  -82.631  21.844 0.4000000060
10456  41.328  -83.576  19.924 0.4000000060
9573  43.040  -84.557  19.073 0.4000000060
20835  39.924  -73.542  32.570 0.1000000015
19687  41.541  -74.171  32.331 0.1000000015
20856  40.722  -73.607  31.251 0.1000000015
19737  43.548  -74.377  30.797 0.1000000015
19714  42.942  -74.308  31.591 0.1000000015
20879  41.952  -73.933  30.279 0.1000000015
20880  41.034  -73.409  30.177 0.1000000015
20878  42.651  -74.243  30.755 0.1000000015
20896  41.709  -73.548  29.190 0.1000000015
20897  41.080  -73.325  29.440 0.1000000015
22061  41.553  -73.296  27.951 0.1000000015
22076  41.562  -73.299  27.304 0.1000000015
23341  40.710  -72.867  26.742 0.2000000030
22117  40.579  -72.986  26.326 0.2000000030
22133  40.406  -73.242  25.751 0.2000000030
20983  40.129  -73.682  25.025 0.2000000030
23446  46.664  -71.709  19.904 0.2000000030
18714  39.695  -75.607  22.993 0.2000000030
21058  46.727  -72.716  19.676 0.2000000030
21059  45.904  -72.937  19.760 0.2000000030
21060  44.818  -73.372  19.828 0.2000000030
19945  43.960  -74.116  19.736 0.2000000030
17663  40.194  -76.166  22.672 0.2000000030
19962  47.230  -73.881  19.195 0.2000000030
21079  46.592  -73.388  19.504 0.2000000030
21081  45.128  -74.094  19.464 0.2000000030
19944  44.598  -74.230  19.546 0.2000000030
19966  44.212  -74.900  19.541 0.2000000030
18760  42.984  -75.640  19.838 0.4000000060
18774  47.381  -75.133  18.346 0.2000000030
19981  46.877  -74.614  18.853 0.3000000119
18756  46.118  -74.912  18.973 0.3000000119
18757  45.415  -75.407  18.937 0.4000000060
18758  44.576  -75.581  19.222 0.3000000119
18759  43.741  -75.719  19.533 0.4000000060
17714  43.083  -76.651  19.797 0.5000000000
17699  42.182  -76.438  20.449 0.4000000060
16637  41.702  -76.958  20.998 0.5000000000
16674  47.551  -77.146  17.032 0.5000000000
17742  46.809  -76.592  17.682 0.4000000060
17727  46.988  -75.845  18.151 0.4000000060
17728  45.852  -76.168  18.469 0.4000000060
17729  44.987  -76.888  18.728 0.5000000000
17713  44.204  -76.551  19.162 0.5000000000
17743  46.105  -77.002  17.791 0.5000000000
16660  44.745  -77.716  18.251 0.5000000000
15534  44.886  -78.436  17.720 0.5000000000
14456  44.249  -79.003  17.976 0.5000000000
15523  43.863  -78.332  18.695 0.5000000000
15510  43.333  -78.563  19.230 0.5000000000
20837  38.618  -73.387  33.421 0.1000000015
20820  39.841  -73.766  33.428 0.1000000015
20858  39.484  -73.249  32.258 0.1000000015
22003  38.998  -72.931  31.890 0.1000000015
20881  40.211  -73.254  30.760 0.1000000015
22027  39.540  -72.793  30.659 0.1000000015
22026  40.278  -72.945  29.971 0.1000000015
22050  39.755  -72.476  29.569 0.1000000015
22062  40.840  -72.951  28.209 0.1000000015
23272  40.050  -72.279  28.338 0.1000000015
22077  40.803  -72.803  27.607 0.1000000015
23320  40.458  -72.513  27.206 0.2000000030
23321  39.773  -71.926  27.058 0.2000000030
23342  40.132  -72.418  26.661 0.2000000030
18694  39.456  -75.119  23.487 0.2000000030
23447  45.777  -71.595  20.241 0.1000000015
22209  45.317  -72.362  20.169 0.2000000030
17664  39.702  -75.635  22.362 0.2000000030
24760  45.315  -70.607  20.266 0.1000000015
23448  44.773  -71.530  20.407 0.1000000015
22210  44.256  -72.422  20.303 0.1000000015
21061  43.660  -73.278  20.099 0.1000000015
19946  43.074  -74.120  19.909 0.1000000015
19967  43.447  -74.924  19.762 0.2000000030
17685  40.012  -75.825  21.779 0.2000000030
19968  42.645  -74.987  19.897 0.1000000015
18761  42.490  -75.515  20.002 0.3000000119
17700  41.343  -76.144  20.799 0.2000000030
16646  43.686  -77.563  19.129 0.5000000000
16647  43.056  -77.740  19.738 0.5000000000
17730  44.355  -77.312  18.802 0.5000000000
16661  44.182  -77.884  18.619 0.5000000000
20822  38.138  -73.640  33.970 0.1000000015
21977  37.049  -73.447  33.968 0.1000000015
22004  37.853  -72.525  31.767 0.1000000015
21992  38.138  -73.096  32.989 0.1000000015
22029  37.696  -72.076  30.868 0.1000000015
22028  38.589  -72.317  30.770 0.1000000015
23247  38.593  -71.899  29.676 0.1000000015
23273  39.574  -72.104  28.709 0.1000000015
23295  39.274  -71.613  27.690 0.2000000030
22118  39.885  -72.579  26.090 0.2000000030
22119  39.131  -72.210  25.772 0.2000000030
22134  39.562  -72.921  25.356 0.2000000030
20985  38.670  -72.853  24.275 0.2000000030
20984  39.160  -73.366  24.416 0.2000000030
19897  39.177  -74.290  23.896 0.2000000030
18695  38.895  -74.713  23.235 0.2000000030
18715  39.145  -74.997  22.376 0.2000000030
24761  44.154  -70.629  20.460 0.1000000015
22211  43.188  -72.414  20.439 0.1000000015
21062  42.646  -73.304  20.287 0.1000000015
18748  40.218  -75.072  21.085 0.1000000015
18730  40.247  -75.477  21.230 0.2000000030
17686  39.580  -75.440  21.969 0.2000000030
19947  42.127  -74.239  20.076 0.1000000015
18746  41.862  -75.393  20.243 0.2000000030
18747  40.784  -75.279  20.815 0.2000000030
17701  40.593  -76.033  21.200 0.2000000030
21961  35.839  -73.191  35.018 0.1000000015
21993  36.897  -72.700  32.613 0.1000000015
21979  34.829  -71.968  33.502 0.1000000015
21994  35.922  -72.157  32.190 0.1000000015
23207  36.361  -71.596  30.737 0.1000000015
23222  37.706  -71.709  30.192 0.1000000015
23274  38.455  -71.350  28.498 0.1000000015
23296  38.476  -71.024  27.484 0.1000000015
23322  38.995  -71.286  26.803 0.1000000015
23323  38.192  -70.795  26.723 0.1000000015
23344  38.253  -71.289  25.726 0.1000000015
21007  38.824  -73.679  23.808 0.2000000030
21025  38.301  -73.401  22.708 0.2000000030
19912  38.670  -74.089  22.338 0.2000000030
19927  38.927  -73.912  21.816 0.1000000015
27392  43.048  -68.623  20.032 0.1000000015
26051  42.550  -69.725  20.565 0.1000000015
24762  43.121  -70.597  20.627 0.1000000015
23450  42.664  -71.503  20.638 0.1000000015
19926  39.308  -74.281  21.532 0.2000000030
24763  42.131  -70.575  20.688 0.1000000015
23451  41.648  -71.479  20.674 0.1000000015
22212  42.157  -72.425  20.601 0.1000000015
21063  41.634  -73.354  20.428 0.1000000015
19948  41.174  -74.352  20.490 0.1000000015
19949  40.174  -74.402  20.984 0.2000000030
23175  34.299  -71.231  33.058 0.1000000015
23208  35.400  -71.141  30.910 0.1000000015
23224  36.069  -71.206  30.006 0.1000000015
23275  37.520  -70.868  28.635 0.1000000015
23360  38.065  -71.858  25.011 0.2000000030
23361  37.471  -71.497  24.554 0.1000000015
22136  38.018  -72.196  24.550 0.1000000015
22160  37.793  -72.342  23.815 0.2000000030
21009  37.966  -72.686  23.324 0.2000000030
22181  37.628  -72.361  22.881 0.1000000015
21026  38.040  -72.901  22.988 0.2000000030
27364  40.053  -68.744  20.555 0.1000000015
26053  40.632  -69.611  20.683 0.1000000015
26054  39.692  -69.594  20.657 0.1000000015
24766  39.237  -70.416  20.661 0.1000000015
22194  38.416  -72.225  21.222 0.1000000015
21066  38.899  -72.735  21.223 0.1000000015
21042  38.003  -72.848  22.411 0.1000000015
27361  42.801  -69.183  20.386 0.1000000015
27362  42.133  -68.743  20.367 0.1000000015
24764  41.147  -70.531  20.714 0.1000000015
24765  40.175  -70.483  20.679 0.1000000015
23452  40.638  -71.431  20.599 0.1000000015
22214  40.075  -72.365  20.603 0.1000000015
21065  39.459  -73.294  21.091 0.1000000015
22213  41.122  -72.406  20.494 0.1000000015
21064  40.587  -73.377  20.618 0.1000000015
23209  34.962  -71.067  31.529 0.1000000015
24554  36.240  -70.566  28.835 0.1000000015
24578  37.273  -70.525  27.975 0.1000000015
24654  37.659  -70.553  26.246 0.1000000015
23345  37.407  -70.907  25.147 0.1000000015
28613  37.159  -68.123  21.681 0.1000000015
27346  37.132  -68.946  21.643 0.1000000015
26014  36.802  -69.757  22.322 0.1000000015
24723  36.951  -70.591  22.585 0.1000000015
24701  36.892  -70.833  23.708 0.1000000015
29950  38.934  -67.372  20.638 0.1000000015
28612  37.848  -67.951  21.065 0.1000000015
27366  38.309  -68.794  20.824 0.1000000015
26034  37.224  -69.751  21.696 0.1000000015
23431  37.443  -71.183  21.862 0.1000000015
23416  37.319  -71.604  22.487 0.1000000015
28637  39.425  -67.929  20.513 0.1000000015
27365  39.154  -68.764  20.609 0.1000000015
26033  38.006  -69.645  21.046 0.1000000015
24740  37.837  -70.582  21.317 0.1000000015
23430  37.956  -71.498  21.370 0.1000000015
22195  37.749  -72.203  21.901 0.1000000015
24604  36.610  -69.829  27.061 0.1000000015
25947  36.331  -69.225  25.473 0.1000000015
24655  37.063  -70.148  25.505 0.1000000015
25967  36.402  -69.218  24.657 0.1000000015
24656  36.637  -69.606  25.037 0.1000000015
24673  36.970  -70.584  24.582 0.1000000015
29924  37.579  -67.382  21.502 0.1000000015
28592  36.736  -68.067  22.416 0.1000000015
27307  36.417  -68.749  23.368 0.1000000015
25994  36.388  -69.380  23.918 0.1000000015
29923  38.360  -66.815  21.158 0.1000000015
27325  36.795  -69.008  22.168 0.1000000015
15447  46.574  -78.282  23.588 0.4000000060
15448  45.502  -78.379  23.658 0.4000000060
17640  43.584  -77.049  23.940 0.4000000060
19806  47.153  -74.635  28.144 0.1000000015
20949  43.500  -74.246  26.617 0.1000000015
19864  45.412  -75.415  25.016 0.2000000030
16589  42.010  -77.665  23.302 0.4000000060
19684  44.462  -74.579  32.735 0.1000000015
20894  44.500  -74.458  29.412 0.1000000015
20979  43.676  -74.716  25.219 0.2000000030
18666  42.985  -75.453  24.467 0.2000000030
17620  42.406  -76.060  24.285 0.3000000119
18668  41.242  -75.149  24.431 0.2000000030
16603  40.839  -76.910  22.513 0.3000000119
14523  46.493  -79.969  15.244 0.5000000000
19685  43.401  -74.396  32.594 0.1000000015
20854  42.023  -74.184  31.066 0.1000000015
22060  42.097  -73.519  27.548 0.1000000015
22074  42.894  -73.915  26.921 0.1000000015
22115  42.149  -73.711  26.292 0.1000000015
22116  41.329  -73.343  26.385 0.1000000015
22132  41.020  -73.363  25.993 0.2000000030
17643  40.804  -76.471  23.223 0.3000000119
15580  47.193  -79.245  15.615 0.5000000000
15557  46.619  -78.678  16.345 0.5000000000
15579  48.190  -79.112  15.329 0.5000000000
20834  40.582  -73.717  32.144 0.1000000015
20857  39.906  -73.331  31.657 0.1000000015
20855  41.392  -73.901  31.019 0.1000000015
20908  41.787  -73.459  28.452 0.1000000015
22047  41.341  -73.292  28.522 0.1000000015
22025  40.702  -73.134  29.530 0.1000000015
22101  41.106  -73.041  27.007 0.1000000015
22208  46.226  -72.254  19.940 0.2000000030
22207  46.886  -72.259  19.735 0.2000000030
21080  45.736  -73.721  19.514 0.2000000030
19963  46.363  -74.161  19.251 0.2000000030
19964  45.613  -74.501  19.244 0.3000000119
18745  42.534  -75.939  20.112 0.4000000060
18775  46.514  -75.350  18.619 0.4000000060
19980  47.768  -74.385  18.685 0.2000000030
17711  45.395  -75.880  18.753 0.4000000060
17712  45.032  -76.078  18.856 0.5000000000
17741  47.845  -76.122  17.488 0.5000000000
17726  47.509  -75.615  17.980 0.5000000000
21991  38.758  -73.037  32.607 0.1000000015
22002  39.530  -73.071  31.312 0.1000000015
22064  39.995  -72.440  28.979 0.1000000015
22051  39.181  -72.283  30.045 0.1000000015
23293  40.481  -72.522  27.529 0.1000000015
23294  40.170  -72.283  27.828 0.2000000030
23343  39.388  -71.886  26.388 0.2000000030
23449  43.701  -71.519  20.505 0.1000000015
21976  37.766  -73.409  33.628 0.1000000015
23221  38.156  -71.972  30.388 0.1000000015
22005  36.805  -72.122  31.444 0.1000000015
22135  38.636  -72.432  24.945 0.2000000030
26049  44.480  -69.859  20.235 0.1000000015
26050  43.458  -69.668  20.414 0.1000000015
21978  35.728  -72.621  33.444 0.1000000015
23161  34.334  -71.609  34.017 0.1000000015
23174  35.096  -71.813  32.658 0.1000000015
23192  35.338  -71.503  31.802 0.1000000015
22006  35.945  -71.734  31.403 0.1000000015
22030  37.096  -71.792  30.657 0.1000000015
23248  37.687  -71.314  29.408 0.1000000015
24577  37.918  -70.857  27.981 0.1000000015
21041  38.550  -73.193  21.742 0.1000000015
26080  43.974  -69.173  20.062 0.1000000015
26052  41.614  -69.644  20.630 0.1000000015
23193  34.708  -71.135  32.100 0.1000000015
23250  35.940  -70.783  29.392 0.1000000015
23249  36.756  -70.949  29.280 0.1000000015
23276  36.830  -70.589  28.555 0.1000000015
24602  37.793  -70.630  27.359 0.1000000015
24631  37.600  -70.474  26.797 0.1000000015
23391  37.227  -71.575  23.352 0.1000000015
28636  40.321  -67.853  20.280 0.1000000015
27363  41.043  -68.723  20.468 0.1000000015
24767  38.489  -70.284  20.879 0.1000000015
26055  38.811  -69.579  20.721 0.1000000015
23454  38.627  -71.234  20.874 0.1000000015
23453  39.643  -71.359  20.641 0.1000000015
22215  39.163  -72.218  20.873 0.1000000015
24537  35.387  -70.611  30.003 0.1000000015
24579  36.287  -70.086  28.045 0.1000000015
24603  37.125  -70.287  27.265 0.1000000015
29893  36.604  -67.599  22.898 0.1000000015
24724  36.656  -70.328  23.261 0.1000000015
24741  37.294  -70.526  21.816 0.1000000015
26015  36.548  -69.604  22.998 0.1000000015
28638  38.629  -67.925  20.709 0.1000000015
25899  36.225  -69.457  26.713 0.1000000015
25946  36.688  -69.663  25.775 0.1000000015
24702  36.567  -70.146  23.848 0.1000000015
27278  36.258  -68.549  24.154 0.1000000015
27259  36.172  -68.686  24.864 0.1000000015
29892  37.179  -66.843  22.311 0.1000000015
29891  38.034  -66.278  21.937 0.1000000015
28575  36.376  -67.966  23.495 0.1000000015
17659  50.790  -77.337  23.211 0.1000000015
16615  51.113  -77.958  22.355 0.1000000015
17683  50.304  -77.718  22.516 0.1000000015
16599  49.436  -77.801  22.701 0.1000000015
16600  48.951  -77.904  22.839 0.1000000015
18686  50.195  -76.737  23.736 0.1000000015
18687  49.545  -76.539  23.883 0.1000000015
17657  51.408  -77.501  23.659 0.2000000030
18660  48.400  -76.534  24.382 0.1000000015
16632  50.934  -78.295  21.813 0.2000000030
16634  50.418  -78.236  21.570 0.1000000015
15488  50.896  -78.921  21.320 0.2000000030
16635  49.910  -78.066  21.830 0.1000000015
16583  48.171  -77.718  23.380 0.1000000015
14409  50.546  -79.713  21.886 0.2000000030
15489  50.360  -78.685  21.161 0.2000000030
16619  49.227  -78.150  22.321 0.2000000030
15490  49.750  -78.591  21.230 0.2000000030
15475  49.020  -78.427  21.901 0.2000000030
15466  48.168  -78.334  22.499 0.3000000119
15467  47.133  -78.827  22.856 0.3000000119
15476  48.199  -79.011  21.296 0.3000000119
14391  47.449  -79.182  21.954 0.3000000119
15508  49.265  -79.004  20.120 0.2000000030
15491  48.831  -79.030  20.612 0.2000000030
12280  50.104  -80.636  21.439 0.2000000030
15492  48.381  -79.242  20.663 0.2000000030
13336  50.192  -80.070  20.617 0.2000000030
10372  46.741  -82.642  24.208 0.1000000015
13307  50.336  -80.289  21.977 0.2000000030
14435  50.093  -79.499  20.237 0.2000000030
13335  50.397  -79.780  20.976 0.2000000030
14410  47.513  -79.462  21.160 0.3000000119
14411  46.791  -79.695  21.480 0.4000000060
12243  48.391  -81.538  23.559 0.1000000015
12259  49.960  -80.684  22.153 0.1000000015
14437  48.554  -79.712  19.789 0.2000000030
14423  48.445  -79.347  20.344 0.2000000030
11266  47.799  -81.838  23.999 0.1000000015
13324  46.438  -80.077  20.484 0.4000000060
12282  49.047  -81.476  21.950 0.2000000030
14436  49.439  -79.608  19.970 0.2000000030
12299  49.044  -81.508  21.111 0.2000000030
10402  46.859  -82.784  22.934 0.1000000015
11267  47.380  -82.289  23.568 0.1000000015
11291  47.656  -82.433  22.646 0.1000000015
12298  49.701  -80.930  20.907 0.2000000030
13338  48.885  -80.478  19.455 0.2000000030
14454  47.778  -80.180  19.008 0.2000000030
14438  47.416  -79.976  19.657 0.4000000060
11311  48.361  -82.222  21.845 0.1000000015
13346  48.177  -80.659  18.548 0.4000000060
13325  45.716  -80.421  20.396 0.4000000060
12312  48.987  -81.157  20.029 0.3000000119
11336  48.425  -82.228  20.405 0.4000000060
13347  47.213  -80.677  18.491 0.4000000060
13341  45.490  -80.797  19.294 0.4000000060
12323  48.364  -81.575  18.660 0.3000000119
11379  47.731  -82.796  18.369 0.4000000060
11356  48.302  -82.203  19.188 0.3000000119
24789  47.338  -70.439  19.256 0.1000000015
24759  46.202  -71.050  20.171 0.1000000015
13348  46.195  -80.823  18.784 0.4000000060
12336  47.953  -81.570  17.626 0.4000000060
12325  46.592  -81.086  18.185 0.5000000000
11389  47.812  -82.624  17.761 0.4000000060
23471  46.828  -71.041  19.848 0.1000000015
24788  48.289  -71.158  19.083 0.1000000015
23470  47.603  -71.659  19.534 0.1000000015
12326  45.630  -81.131  18.476 0.4000000060
12338  46.273  -81.464  17.597 0.5000000000
12353  46.792  -81.856  17.001 0.5000000000
12339  45.400  -81.467  17.509 0.5000000000
22206  47.427  -72.345  19.614 0.1000000015
22228  49.277  -72.659  19.125 0.1000000015
22229  48.248  -72.472  19.401 0.1000000015
21077  48.708  -73.161  19.204 0.1000000015
18684  51.247  -76.844  24.339 0.1000000015
17660  50.279  -77.315  23.123 0.1000000015
17635  48.697  -77.109  23.658 0.1000000015
18713  49.584  -76.883  23.508 0.1000000015
18685  50.717  -76.823  24.000 0.1000000015
19893  49.707  -76.199  24.413 0.1000000015
19861  48.430  -76.074  24.820 0.1000000015
21078  47.551  -73.042  19.504 0.1000000015
16581  51.696  -77.926  24.011 0.1000000015
14425  47.073  -79.799  20.602 0.3000000119
13337  49.567  -80.182  20.129 0.2000000030
13340  46.547  -80.354  19.513 0.4000000060
13356  47.388  -80.929  17.990 0.4000000060
19858  50.617  -75.950  25.395 0.1000000015
13269  35.802  -81.203  23.795 0.1000000015
12245  34.776  -81.668  23.619 0.1000000015
10357  35.675  -83.635  24.134 0.1000000015
12246  33.806  -81.611  23.444 0.1000000015
11246  37.195  -82.914  24.394 0.1000000015
13270  35.354  -80.682  23.755 0.1000000015
13271  34.329  -80.728  23.555 0.1000000015
13273  32.287  -80.499  23.082 0.1000000015
3812  37.578  -90.068  29.924 0.1000000015
14293  31.509  -79.650  27.537 0.1000000015
14313  30.919  -79.623  26.422 0.1000000015
12221  36.843  -81.860  24.216 0.1000000015
14330  31.624  -79.137  25.692 0.1000000015
12222  35.926  -81.860  23.942 0.1000000015
14346  32.410  -79.075  24.770 0.1000000015
12220  37.862  -81.943  24.459 0.1000000015
14370  31.860  -79.589  23.800 0.1000000015
10356  36.511  -83.783  24.377 0.1000000015
3786  38.223  -89.811  31.085 0.1000000015
5481  37.565  -88.667  29.692 0.1000000015
6447  36.918  -87.709  29.823 0.1000000015
4499  38.873  -89.202  31.401 0.1000000015
3811  38.245  -89.912  29.893 0.1000000015
4560  38.069  -89.489  29.669 0.1000000015
8431  36.792  -85.624  29.779 0.1000000015
11195  33.802  -82.528  29.442 0.1000000015
13185  32.483  -80.603  28.746 0.1000000015
13257  36.372  -80.761  24.018 0.1000000015
13258  35.882  -80.127  23.981 0.1000000015
14367  34.683  -80.008  23.849 0.1000000015
13255  38.571  -80.830  24.828 0.1000000015
11245  38.207  -83.103  24.683 0.1000000015
10355  37.517  -84.011  24.644 0.1000000015
6446  37.920  -87.663  29.937 0.1000000015
4498  39.861  -89.055  31.790 0.1000000015
4522  39.501  -89.509  30.984 0.1000000015
4542  39.078  -89.734  30.463 0.1000000015
5480  38.801  -88.646  29.785 0.1000000015
7461  38.216  -86.559  30.214 0.1000000015
7462  37.294  -86.644  29.932 0.1000000015
9385  37.242  -84.601  29.790 0.1000000015
10273  36.049  -83.707  29.532 0.1000000015
10274  35.165  -83.597  29.519 0.1000000015
11193  35.962  -82.632  29.434 0.1000000015
11194  34.852  -82.568  29.436 0.1000000015
13162  34.895  -80.711  29.492 0.1000000015
13163  33.919  -80.658  29.278 0.1000000015
14251  33.645  -79.712  29.085 0.1000000015
15343  32.585  -79.052  28.091 0.1000000015
15405  33.626  -78.278  25.581 0.1000000015
13256  37.448  -80.886  24.403 0.1000000015
14328  36.807  -79.296  24.837 0.1000000015
14343  35.376  -79.594  24.181 0.1000000015
15425  34.060  -78.701  24.853 0.1000000015
14345  33.488  -79.188  24.370 0.1000000015
12219  38.785  -82.109  24.742 0.1000000015
8422  38.406  -85.510  30.395 0.1000000015
5372  39.762  -88.444  32.670 0.1000000015
4541  39.722  -89.367  30.380 0.1000000015
4558  39.583  -89.277  29.942 0.1000000015
6420  39.338  -87.198  30.478 0.1000000015
7439  38.754  -86.163  30.458 0.1000000015
9383  38.054  -84.561  30.190 0.1000000015
10266  37.632  -83.564  29.921 0.1000000015
11186  36.392  -82.123  29.567 0.1000000015
13150  36.010  -80.646  30.229 0.1000000015
4471  40.312  -88.859  32.417 0.1000000015
4497  40.629  -88.969  32.092 0.1000000015
4540  40.322  -89.085  30.527 0.1000000015
5456  39.955  -88.693  30.166 0.1000000015
6419  39.923  -87.668  30.615 0.1000000015
12122  35.543  -81.552  29.507 0.1000000015
12114  35.892  -81.064  29.836 0.1000000015
14250  34.604  -79.731  29.555 0.1000000015
15341  33.998  -78.429  29.085 0.1000000015
14270  32.922  -79.731  28.578 0.1000000015
16479  33.962  -77.921  28.420 0.1000000015
15342  33.408  -78.794  28.575 0.1000000015
16521  33.978  -77.676  26.955 0.1000000015
16506  33.611  -77.898  27.589 0.1000000015
16541  36.138  -77.839  25.906 0.1000000015
15389  34.203  -77.879  26.217 0.1000000015
15390  33.114  -78.096  26.661 0.1000000015
14327  37.421  -79.374  25.133 0.1000000015
15423  35.928  -78.915  24.737 0.1000000015
15403  35.603  -78.280  25.318 0.1000000015
13254  39.207  -81.431  24.891 0.1000000015
11244  39.185  -83.302  24.970 0.1000000015
11236  40.141  -83.154  25.243 0.1000000015
9381  39.606  -84.967  31.039 0.1000000015
9382  38.820  -84.670  30.605 0.1000000015
5349  40.185  -88.397  33.393 0.1000000015
5370  41.482  -88.444  32.527 0.1000000015
5431  41.167  -88.747  31.588 0.1000000015
5454  41.458  -88.322  31.328 0.1000000015
7436  40.290  -87.217  30.977 0.1000000015
7437  39.847  -86.741  30.830 0.1000000015
8420  39.612  -85.926  30.846 0.1000000015
10265  38.549  -83.533  30.474 0.1000000015
11184  37.897  -82.582  30.352 0.1000000015
13149  36.655  -80.702  30.698 0.1000000015
4470  40.564  -88.842  32.486 0.1000000015
5455  40.898  -88.659  30.815 0.1000000015
14238  36.154  -80.206  30.675 0.1000000015
14239  35.534  -79.698  30.346 0.1000000015
14240  34.946  -79.202  29.947 0.1000000015
15318  34.532  -78.711  29.654 0.1000000015
16423  34.897  -78.036  29.969 0.1000000015
16449  34.496  -77.881  29.252 0.1000000015
16504  35.282  -77.224  27.545 0.1000000015
16478  34.903  -77.324  28.485 0.1000000015
14326  38.338  -79.587  25.560 0.1000000015
15385  38.829  -79.090  26.949 0.1000000015
15386  38.171  -78.853  26.372 0.1000000015
15387  37.358  -78.319  26.239 0.1000000015
16519  35.759  -77.450  26.711 0.1000000015
14309  39.656  -79.587  26.678 0.1000000015
16540  36.645  -78.034  25.959 0.1000000015
14325  39.253  -79.872  25.826 0.1000000015
13223  39.788  -80.030  25.941 0.1000000015
13240  39.724  -80.806  25.352 0.1000000015
12200  39.640  -82.114  24.926 0.1000000015
10332  41.859  -84.150  26.071 0.1000000015
6327  40.489  -88.065  33.960 0.1000000015
6341  42.425  -87.507  32.794 0.1000000015
6391  41.875  -87.674  31.706 0.1000000015
10264  39.284  -83.991  30.817 0.1000000015
6343  41.167  -88.068  33.573 0.1000000015
6365  42.011  -88.098  32.277 0.1000000015
6392  41.283  -87.499  31.382 0.1000000015
8398  41.063  -85.858  31.858 0.1000000015
10260  39.826  -83.763  31.564 0.1000000015
10261  39.207  -83.229  30.978 0.1000000015
11177  38.570  -82.420  31.104 0.1000000015
12105  37.683  -81.130  31.364 0.1000000015
11176  39.292  -82.826  31.535 0.1000000015
12101  37.819  -80.785  31.871 0.1000000015
14228  36.491  -79.744  31.377 0.1000000015
14229  35.795  -79.263  31.096 0.1000000015
15305  35.443  -78.832  30.910 0.1000000015
15295  36.364  -79.098  31.807 0.1000000015
16422  35.501  -77.755  30.834 0.1000000015
17496  35.828  -76.978  30.134 0.1000000015
17524  35.845  -76.832  29.448 0.1000000015
16503  36.359  -77.118  27.664 0.1000000015
17565  36.085  -76.790  28.351 0.1000000015
15368  38.419  -78.278  27.399 0.1000000015
16502  37.557  -77.682  27.452 0.1000000015
14291  40.170  -79.377  27.475 0.1000000015
15367  39.401  -78.924  27.621 0.1000000015
14308  40.688  -79.782  26.992 0.1000000015
13239  40.935  -80.986  25.604 0.1000000015
12199  40.537  -81.990  25.213 0.1000000015
11235  41.145  -83.076  25.495 0.1000000015
9348  41.943  -84.615  33.094 0.1000000015
10256  41.069  -83.745  32.906 0.1000000015
6310  40.686  -87.313  35.206 0.1000000015
6326  41.604  -87.389  34.199 0.1000000015
6325  42.296  -87.372  33.498 0.1000000015
7369  42.734  -86.916  33.264 0.1000000015
7410  41.623  -86.796  31.912 0.1000000015
9371  40.912  -85.025  32.041 0.1000000015
10257  40.293  -83.480  32.362 0.1000000015
11151  40.064  -82.466  33.116 0.1000000015
6342  41.762  -88.034  33.142 0.1000000015
8397  41.581  -86.173  32.117 0.1000000015
9372  40.368  -84.970  31.643 0.1000000015
11168  39.655  -82.679  32.363 0.1000000015
13103  38.886  -81.185  33.298 0.1000000015
14202  37.658  -79.503  33.358 0.1000000015
11169  38.959  -82.271  31.894 0.1000000015
12100  38.383  -81.412  31.970 0.1000000015
16374  36.837  -78.008  32.609 0.1000000015
16421  36.236  -77.395  31.406 0.1000000015
17495  36.622  -77.026  30.737 0.1000000015
17523  36.442  -76.820  29.707 0.1000000015
16446  38.889  -77.427  29.411 0.1000000015
17547  36.808  -76.852  29.225 0.1000000015
15339  39.828  -78.448  28.300 0.1000000015
16475  38.335  -77.643  28.288 0.1000000015
15366  40.200  -79.010  27.994 0.1000000015
14290  41.000  -79.498  27.939 0.1000000015
13221  41.438  -80.368  26.419 0.1000000015
8344  43.689  -84.984  33.735 0.1000000015
7323  41.774  -86.489  34.982 0.1000000015
7348  43.304  -85.911  34.258 0.1000000015
8345  43.178  -84.910  33.437 0.1000000015
9347  42.432  -84.791  33.198 0.1000000015
10243  41.453  -83.403  33.559 0.1000000015
6283  40.152  -87.211  35.984 0.1000000015
7324  41.060  -86.771  35.522 0.1000000015
7349  42.585  -86.709  34.111 0.1000000015
7368  43.192  -86.013  33.522 0.1000000015
8368  42.601  -85.291  33.047 0.1000000015
8369  41.769  -85.619  32.420 0.1000000015
11150  40.808  -82.751  33.548 0.1000000015
12087  40.124  -82.118  33.613 0.1000000015
12088  39.450  -81.774  33.194 0.1000000015
15260  37.852  -79.066  33.870 0.1000000015
15286  37.141  -78.695  32.995 0.1000000015
16373  37.617  -77.881  33.181 0.1000000015
17474  37.476  -77.180  31.683 0.1000000015
17494  37.833  -77.004  30.629 0.1000000015
17522  37.293  -76.920  29.698 0.1000000015
16474  39.392  -77.831  28.711 0.1000000015
14268  41.839  -79.409  28.369 0.1000000015
14289  42.061  -80.052  27.834 0.1000000015
7321  43.282  -85.780  34.502 0.1000000015
9316  43.540  -84.317  33.709 0.1000000015
10242  42.235  -83.572  33.826 0.1000000015
7322  42.883  -85.979  34.591 0.1000000015
9317  42.686  -84.426  33.449 0.1000000015
12078  40.531  -81.929  34.351 0.1000000015
13090  39.892  -81.367  34.432 0.1000000015
14183  38.946  -80.133  34.784 0.1000000015
15259  38.229  -78.735  34.285 0.1000000015
15276  38.001  -78.322  33.929 0.1000000015
17453  38.451  -77.169  32.173 0.1000000015
17454  37.847  -77.386  32.516 0.1000000015
17472  39.525  -77.101  31.356 0.1000000015
16419  39.832  -77.350  29.887 0.1000000015
17493  38.924  -77.198  30.397 0.1000000015
17518  41.494  -76.946  29.309 0.1000000015
16445  39.952  -77.462  29.517 0.1000000015
17546  41.644  -77.457  28.786 0.1000000015
16472  41.186  -77.890  28.687 0.1000000015
16473  40.312  -77.910  28.756 0.1000000015
15336  42.478  -78.893  28.523 0.1000000015
14266  43.933  -80.042  28.314 0.1000000015
12139  45.297  -81.493  28.274 0.1000000015
8317  43.918  -85.290  34.192 0.1000000015
8343  44.256  -84.622  34.164 0.1000000015
10233  42.927  -83.224  34.249 0.1000000015
12077  41.355  -82.200  34.718 0.1000000015
12069  40.982  -81.728  35.090 0.1000000015
8287  43.544  -85.429  34.777 0.1000000015
11137  42.169  -82.711  34.506 0.1000000015
13075  40.189  -80.875  35.290 0.1000000015
16287  39.454  -78.002  35.047 0.1000000015
16311  38.866  -77.888  34.532 0.1000000015
16338  39.133  -77.434  33.688 0.1000000015
16371  39.437  -77.180  32.530 0.1000000015
17492  40.016  -77.205  30.235 0.1000000015
17519  40.577  -77.162  29.713 0.1000000015
16471  42.039  -78.028  28.587 0.1000000015
15335  43.498  -79.156  28.290 0.1000000015
15334  44.136  -79.551  28.266 0.1000000015
13179  46.465  -80.989  28.697 0.1000000015
11202  47.655  -82.477  28.615 0.1000000015
9274  44.864  -84.416  35.000 0.1000000015
8286  44.233  -85.186  34.946 0.1000000015
10230  45.020  -83.304  34.526 0.1000000015
11136  43.270  -82.775  34.613 0.1000000015
12053  42.554  -81.471  36.009 0.1000000015
13074  41.127  -81.380  35.556 0.1000000015
10231  44.428  -83.234  34.394 0.1000000015
11123  42.849  -82.332  34.975 0.1000000015
13059  40.566  -80.135  36.245 0.1000000015
14171  39.327  -79.752  35.342 0.1000000015
15244  39.850  -78.620  35.672 0.1000000015
16337  40.118  -77.374  33.502 0.1000000015
16398  41.011  -77.091  31.896 0.1000000015
17471  40.560  -76.979  31.174 0.1000000015
16463  49.818  -77.332  28.006 0.1000000015
16495  48.606  -77.589  27.774 0.1000000015
16496  47.719  -77.639  27.843 0.1000000015
16467  45.975  -77.158  28.451 0.1000000015
17543  44.083  -76.885  28.665 0.1000000015
17490  42.044  -76.572  30.255 0.1000000015
17491  41.014  -76.799  30.314 0.1000000015
15358  49.564  -77.777  27.404 0.1000000015
15360  48.284  -78.259  27.421 0.1000000015
16497  46.726  -77.710  27.849 0.1000000015
17517  42.595  -76.743  29.340 0.1000000015
15332  49.797  -78.015  27.099 0.1000000015
15331  50.208  -78.098  26.879 0.1000000015
14282  49.176  -78.689  27.219 0.1000000015
15362  46.411  -78.520  27.560 0.1000000015
16499  44.671  -77.973  27.721 0.1000000015
17545  42.330  -77.317  28.736 0.1000000015
15357  50.806  -78.081  26.715 0.1000000015
14280  50.100  -78.846  26.568 0.1000000015
14261  48.618  -79.733  27.785 0.1000000015
15364  44.414  -78.949  28.027 0.1000000015
13177  48.405  -80.650  28.351 0.1000000015
14287  45.307  -79.463  28.020 0.1000000015
13218  49.251  -80.596  26.623 0.1000000015
13178  47.510  -80.860  28.730 0.1000000015
12176  48.516  -81.345  26.910 0.1000000015
10213  45.754  -83.199  35.819 0.1000000015
9290  45.434  -83.874  34.916 0.1000000015
11133  45.457  -82.847  34.771 0.1000000015
11120  45.386  -82.297  34.992 0.1000000015
11121  44.602  -82.230  34.916 0.1000000015
11134  44.916  -82.742  34.611 0.1000000015
12052  43.473  -81.414  36.026 0.1000000015
13058  41.540  -80.802  36.327 0.1000000015
14160  41.069  -79.571  36.654 0.1000000015
15232  40.244  -79.002  36.139 0.1000000015
16286  40.195  -77.811  35.107 0.1000000015
16309  40.653  -77.522  34.331 0.1000000015
16369  41.533  -77.125  32.496 0.1000000015
17468  43.561  -76.846  30.869 0.1000000015
17470  41.588  -76.759  31.316 0.1000000015
16465  48.077  -77.127  28.457 0.1000000015
16441  46.366  -77.092  29.443 0.1000000015
17514  45.057  -76.784  29.394 0.1000000015
17489  43.037  -76.673  30.173 0.1000000015
16464  48.993  -77.235  28.393 0.1000000015
15398  51.806  -78.144  25.177 0.1000000015
15384  51.025  -78.508  26.174 0.1000000015
11107  46.175  -82.419  36.449 0.1000000015
12064  45.735  -81.908  35.583 0.1000000015
11119  45.824  -82.652  35.452 0.1000000015
13056  43.808  -80.922  36.662 0.1000000015
13040  43.257  -80.384  37.256 0.1000000015
12065  45.023  -81.760  35.436 0.1000000015
13057  42.812  -80.955  36.618 0.1000000015
13041  42.397  -80.334  37.049 0.1000000015
14147  41.876  -79.667  37.040 0.1000000015
15208  41.568  -78.888  36.817 0.1000000015
15231  40.859  -78.467  36.248 0.1000000015
16285  41.075  -77.709  35.266 0.1000000015
16335  42.086  -77.315  33.338 0.1000000015
16308  41.609  -77.458  34.290 0.1000000015
16395  44.227  -77.201  31.446 0.1000000015
16367  43.661  -77.363  32.395 0.1000000015
16368  42.545  -77.095  32.254 0.1000000015
16439  48.435  -77.057  29.324 0.1000000015
16414  47.958  -77.298  30.426 0.1000000015
16417  44.886  -77.077  30.700 0.1000000015
17450  42.161  -76.799  31.700 0.1000000015
16436  51.471  -77.173  29.253 0.1000000015
16438  49.506  -77.160  29.279 0.1000000015
17487  44.591  -76.862  30.039 0.1000000015
16461  51.897  -77.210  28.281 0.1000000015
16462  50.787  -77.360  27.774 0.1000000015
12038  46.035  -81.064  36.904 0.1000000015
12050  45.431  -81.323  36.260 0.1000000015
13055  44.653  -80.940  36.691 0.1000000015
14145  43.746  -79.636  37.717 0.1000000015
14146  42.769  -79.563  37.463 0.1000000015
15229  42.842  -78.026  36.745 0.1000000015
15230  41.940  -78.218  36.511 0.1000000015
16260  42.489  -77.764  35.923 0.1000000015
16284  42.083  -77.588  35.126 0.1000000015
16333  44.124  -77.519  33.363 0.1000000015
16334  43.093  -77.439  33.304 0.1000000015
16394  45.272  -77.374  31.500 0.1000000015
16366  44.693  -77.487  32.430 0.1000000015
16416  45.782  -77.234  30.466 0.1000000015
16437  50.499  -77.134  29.180 0.1000000015
16491  52.147  -77.454  27.311 0.1000000015
16564  51.952  -77.730  24.761 0.1000000015
13038  45.244  -80.686  37.277 0.1000000015
14144  44.762  -79.824  37.856 0.1000000015
13039  44.229  -80.458  37.317 0.1000000015
16213  44.841  -78.486  38.055 0.1000000015
15205  44.354  -78.882  37.961 0.1000000015
16232  43.690  -77.888  36.853 0.1000000015
15206  43.431  -78.596  37.444 0.1000000015
16259  43.384  -77.677  36.048 0.1000000015
16283  43.019  -77.556  35.146 0.1000000015
16306  43.566  -77.508  34.275 0.1000000015
16365  45.739  -77.642  32.466 0.1000000015
16415  46.880  -77.334  30.438 0.1000000015
16393  46.309  -77.553  31.465 0.1000000015
16413  49.028  -77.353  30.391 0.1000000015
16538  52.607  -77.224  25.541 0.1000000015
16580  51.834  -77.417  24.449 0.1000000015
16231  44.609  -77.977  37.437 0.1000000015
16258  44.323  -77.600  36.267 0.1000000015
16282  43.976  -77.532  35.247 0.1000000015
16332  45.163  -77.553  33.428 0.1000000015
17564  53.420  -76.305  27.478 0.1000000015
18647  53.133  -75.981  25.829 0.1000000015
16257  45.364  -77.493  36.480 0.1000000015
16280  46.056  -77.435  35.519 0.1000000015
16330  47.352  -77.744  33.555 0.1000000015
16303  46.718  -77.550  34.548 0.1000000015
16281  44.980  -77.425  35.391 0.1000000015
16363  47.947  -77.889  32.517 0.1000000015
16460  52.922  -76.841  28.411 0.1000000015
16435  52.366  -77.165  29.443 0.1000000015
16412  50.077  -77.360  30.355 0.1000000015
16392  47.402  -77.636  31.462 0.1000000015
19856  52.114  -75.512  24.950 0.1000000015
16411  51.053  -77.337  30.333 0.1000000015
16362  49.088  -77.907  32.519 0.1000000015
16331  46.232  -77.667  33.495 0.1000000015
16304  45.620  -77.498  34.455 0.1000000015
16364  46.822  -77.773  32.493 0.1000000015
16388  51.519  -77.583  31.290 0.1000000015
16390  49.601  -77.726  31.425 0.1000000015
16389  50.621  -77.687  31.358 0.1000000015
16391  48.510  -77.695  31.455 0.1000000015
12140  31.846  -81.354  28.760 0.1000000015
14271  32.075  -79.795  28.219 0.1000000015
15371  32.441  -78.728  27.314 0.1000000015
14311  31.967  -79.125  27.126 0.1000000015
15392  31.905  -78.999  26.171 0.1000000015
11248  35.413  -82.783  23.914 0.1000000015
14329  32.217  -78.928  25.500 0.1000000015
14344  34.416  -79.322  24.262 0.1000000015
14368  33.876  -79.877  23.792 0.1000000015
13272  33.362  -80.626  23.399 0.1000000015
14369  32.900  -79.690  23.752 0.1000000015
3801  37.099  -90.321  30.512 0.1000000015
14294  31.134  -79.641  27.016 0.1000000015
13186  31.612  -80.560  28.378 0.1000000015
14347  31.301  -79.371  24.685 0.1000000015
4559  38.970  -89.610  29.880 0.1000000015
8430  37.646  -85.576  30.079 0.1000000015
12123  34.426  -81.601  29.382 0.1000000015
12124  33.443  -81.609  29.324 0.1000000015
14341  37.056  -79.965  24.532 0.1000000015
15424  35.001  -78.772  24.731 0.1000000015
6445  38.735  -87.520  30.223 0.1000000015
5457  39.355  -88.008  30.276 0.1000000015
10272  36.815  -83.689  29.579 0.1000000015
9386  36.376  -84.638  29.623 0.1000000015
11185  36.942  -82.557  29.715 0.1000000015
14249  35.184  -80.167  29.736 0.1000000015
15319  33.966  -79.063  29.270 0.1000000015
16542  35.181  -77.823  26.038 0.1000000015
15406  32.680  -78.623  25.669 0.1000000015
14340  37.817  -80.069  24.803 0.1000000015
15402  36.710  -78.583  25.446 0.1000000015
12112  37.374  -81.612  30.589 0.1000000015
12113  36.426  -81.467  29.860 0.1000000015
6418  40.684  -87.850  30.867 0.1000000015
16505  34.388  -77.521  27.633 0.1000000015
16520  34.791  -77.551  26.830 0.1000000015
16518  36.772  -77.770  26.571 0.1000000015
5348  40.458  -88.369  33.435 0.1000000015
7411  40.743  -86.906  31.398 0.1000000015
8399  40.203  -86.015  31.256 0.1000000015
12111  37.955  -82.087  30.802 0.1000000015
13136  36.889  -80.443  31.187 0.1000000015
16448  35.249  -77.335  29.581 0.1000000015
16517  37.374  -77.967  26.765 0.1000000015
7386  42.409  -86.575  32.549 0.1000000015
12104  37.990  -81.734  31.169 0.1000000015
13104  38.247  -80.591  33.053 0.1000000015
14227  37.149  -79.960  31.866 0.1000000015
14217  37.078  -79.516  32.371 0.1000000015
16402  36.014  -77.886  31.753 0.1000000015
16476  37.156  -77.084  28.582 0.1000000015
14307  41.444  -79.985  27.291 0.1000000015
13238  41.870  -81.140  25.790 0.1000000015
9318  42.143  -84.145  33.481 0.1000000015
10259  40.610  -84.276  32.156 0.1000000015
7385  42.881  -85.855  33.107 0.1000000015
7387  41.868  -86.313  32.235 0.1000000015
12089  38.785  -81.395  32.795 0.1000000015
13091  39.133  -80.865  34.132 0.1000000015
14201  38.146  -79.948  33.730 0.1000000015
16401  36.650  -77.530  31.996 0.1000000015
16447  37.988  -77.161  29.147 0.1000000015
14269  41.261  -79.089  28.383 0.1000000015
13204  42.068  -80.295  27.060 0.1000000015
11138  41.259  -82.546  34.232 0.1000000015
12079  39.814  -81.636  33.933 0.1000000015
14184  38.458  -79.804  34.345 0.1000000015
16372  38.452  -77.422  33.022 0.1000000015
17521  38.187  -77.110  29.853 0.1000000015
17473  38.528  -77.063  31.357 0.1000000015
15337  41.573  -78.670  28.548 0.1000000015
14267  42.888  -79.915  28.267 0.1000000015
13183  43.162  -80.458  27.845 0.1000000015
10241  43.211  -83.729  33.887 0.1000000015
10239  44.537  -83.679  34.292 0.1000000015
14172  38.773  -79.528  34.893 0.1000000015
17452  38.984  -77.072  31.863 0.1000000015
16399  40.226  -77.133  31.915 0.1000000015
16444  40.801  -77.435  29.142 0.1000000015
14265  44.809  -80.007  28.319 0.1000000015
13181  44.660  -80.915  28.176 0.1000000015
13180  45.503  -80.938  28.444 0.1000000015
12138  45.993  -81.994  28.499 0.1000000015
9291  44.860  -84.016  34.475 0.1000000015
12068  41.939  -81.888  35.369 0.1000000015
16310  39.740  -77.601  34.390 0.1000000015
16370  40.579  -77.239  32.624 0.1000000015
16470  43.112  -78.070  28.286 0.1000000015
12137  47.123  -81.826  28.841 0.1000000015
14264  45.839  -80.167  28.333 0.1000000015
14263  46.835  -80.131  28.322 0.1000000015
12135  48.782  -81.239  28.231 0.1000000015
12067  43.111  -81.911  35.465 0.1000000015
15243  40.467  -78.054  35.642 0.1000000015
16336  41.106  -77.361  33.426 0.1000000015
16466  47.178  -77.177  28.606 0.1000000015
15361  47.397  -78.383  27.521 0.1000000015
16468  44.895  -77.120  28.141 0.1000000015
16469  43.977  -77.526  28.185 0.1000000015
17544  43.242  -77.127  28.665 0.1000000015
17516  43.517  -76.761  29.354 0.1000000015
17469  42.619  -76.747  31.186 0.1000000015
14284  48.047  -79.109  27.690 0.1000000015
16498  45.677  -77.774  27.736 0.1000000015
16492  51.470  -77.540  27.401 0.1000000015
13175  49.448  -79.581  27.167 0.1000000015
15363  45.416  -78.682  27.690 0.1000000015
14286  46.150  -79.428  27.848 0.1000000015
14262  47.810  -79.975  28.204 0.1000000015
15383  51.756  -78.072  26.316 0.1000000015
13176  49.139  -80.234  27.647 0.1000000015
12195  48.817  -80.808  26.211 0.1000000015
12155  48.988  -80.960  27.228 0.1000000015
16396  43.316  -77.088  31.622 0.1000000015
16440  47.476  -77.070  29.391 0.1000000015
17486  45.183  -76.999  30.054 0.1000000015
16539  52.325  -77.656  25.644 0.1000000015
16261  41.679  -77.859  35.854 0.1000000015
16307  42.584  -77.471  34.244 0.1000000015
16490  52.792  -76.965  27.064 0.1000000015
16515  52.724  -77.147  26.116 0.1000000015
16305  44.572  -77.480  34.359 0.1000000015
12352  47.412  -81.881  17.115 0.4000000060
10487  47.188  -83.246  18.565 0.3000000119
11390  47.710  -83.021  17.868 0.3000000119
10521  47.626  -83.055  17.155 0.3000000119
11398  47.554  -82.485  17.045 0.4000000060
11399  47.110  -82.359  16.659 0.4000000060
9618  47.369  -83.767  16.949 0.3000000119
6540  37.920  -87.331  22.125 0.1000000015
7562  38.124  -86.689  22.471 0.1000000015
9494  39.098  -85.073  23.252 0.2000000030
11294  40.244  -82.579  21.852 0.3000000119
11430  45.903  -82.270  13.713 0.4000000060
11357  47.516  -82.796  19.529 0.3000000119
9575  41.566  -84.116  18.980 0.4000000060
9605  42.831  -84.508  17.640 0.4000000060
10409  40.095  -83.050  22.685 0.2000000030
10432  40.761  -82.902  20.596 0.3000000119
9606  42.157  -84.485  17.995 0.4000000060
9623  43.353  -84.362  16.841 0.4000000060
10554  45.176  -83.038  13.933 0.4000000060
6557  38.141  -88.284  22.122 0.1000000015
10381  38.706  -84.065  22.941 0.3000000119
10510  42.719  -84.226  17.112 0.4000000060
10535  43.855  -83.523  15.443 0.4000000060
10543  44.049  -83.084  14.818 0.4000000060
6558  37.467  -87.723  21.350 0.1000000015
12385  46.223  -81.551  13.678 0.5000000000
9513  38.202  -84.811  22.809 0.2000000030
10410  39.070  -83.302  22.480 0.3000000119
10525  42.797  -83.766  16.456 0.4000000060
13409  46.924  -80.711  13.416 0.4000000060
14543  47.198  -80.247  14.499 0.4000000060
9576  41.320  -84.061  18.682 0.4000000060
10511  41.985  -84.100  17.483 0.4000000060
11413  43.562  -82.803  15.100 0.4000000060
11420  44.174  -82.557  14.396 0.4000000060
11419  44.765  -82.739  13.898 0.5000000000
7575  37.516  -86.975  21.878 0.2000000030
7563  37.397  -86.345  22.067 0.2000000030
8556  37.769  -85.696  22.508 0.2000000030
11338  40.052  -82.781  20.217 0.3000000119
10457  40.304  -83.130  19.789 0.3000000119
5632  37.039  -88.439  20.560 0.1000000015
10526  41.647  -83.407  16.844 0.4000000060
11295  39.515  -82.694  21.816 0.3000000119
10493  40.354  -83.633  18.233 0.4000000060
11402  42.238  -82.931  16.170 0.4000000060
12386  45.675  -81.775  13.508 0.5000000000
13410  46.007  -80.899  13.395 0.5000000000
13392  47.215  -80.653  13.985 0.4000000060
10512  40.865  -83.609  17.490 0.4000000060
12366  43.482  -81.933  14.888 0.4000000060
12374  44.717  -81.997  13.722 0.5000000000
13393  45.357  -80.654  13.592 0.5000000000
13408  47.361  -80.167  13.360 0.4000000060
9514  37.344  -84.703  22.411 0.2000000030
11296  38.696  -82.806  21.802 0.4000000060
10411  37.893  -83.491  22.244 0.2000000030
11316  39.053  -82.584  20.961 0.3000000119
11317  38.045  -82.578  21.232 0.4000000060
11339  39.528  -82.748  19.954 0.3000000119
13395  43.866  -81.247  14.590 0.5000000000
14567  46.559  -80.182  13.214 0.5000000000
14565  47.686  -79.685  13.517 0.4000000060
14542  47.816  -80.017  14.067 0.4000000060
11340  38.513  -82.452  20.135 0.4000000060
10513  39.956  -83.277  17.664 0.4000000060
13394  44.540  -80.937  14.000 0.5000000000
7576  36.641  -86.564  21.278 0.2000000030
6559  36.861  -87.345  20.685 0.2000000030
8557  36.961  -85.616  22.093 0.2000000030
14521  48.288  -79.339  14.452 0.4000000060
9515  36.611  -84.723  22.066 0.2000000030
10471  39.807  -83.255  18.936 0.3000000119
10527  40.842  -83.127  16.932 0.4000000060
11414  42.826  -82.426  15.546 0.4000000060
6577  36.991  -87.994  20.185 0.2000000030
10435  37.055  -83.234  21.647 0.3000000119
11318  37.203  -82.719  21.147 0.4000000060
11359  38.968  -82.711  19.075 0.3000000119
12367  42.781  -81.642  15.490 0.5000000000
14545  45.108  -80.120  13.939 0.5000000000
16698  48.201  -77.807  16.435 0.4000000060
6594  36.819  -87.946  19.562 0.2000000030
10514  39.356  -82.906  17.801 0.4000000060
11403  41.325  -82.645  16.561 0.4000000060
15599  46.172  -78.788  13.849 0.5000000000
15620  47.896  -79.092  13.567 0.4000000060
18788  47.897  -75.389  17.887 0.4000000060
6602  36.700  -88.049  18.834 0.2000000030
7590  36.333  -87.226  20.004 0.2000000030
8576  36.251  -85.392  21.701 0.2000000030
9534  36.063  -84.496  21.731 0.2000000030
11360  37.956  -82.117  19.399 0.4000000060
14527  42.935  -80.223  15.724 0.5000000000
14525  44.451  -79.818  14.606 0.5000000000
5660  36.701  -88.308  18.425 0.2000000030
11341  37.508  -82.311  20.380 0.4000000060
10472  39.321  -83.020  18.568 0.3000000119
13381  42.444  -80.915  15.865 0.5000000000
13379  43.962  -80.609  14.738 0.5000000000
15621  47.360  -79.211  13.381 0.5000000000
6612  36.570  -88.195  17.886 0.2000000030
17764  48.544  -76.947  16.771 0.4000000060
18787  48.630  -75.476  17.681 0.2000000030
15578  48.673  -78.530  14.851 0.4000000060
10436  36.184  -83.544  21.440 0.4000000060
15598  46.946  -78.669  13.570 0.4000000060
15596  48.348  -78.672  13.923 0.4000000060
6595  36.574  -87.740  19.297 0.2000000030
7577  35.790  -85.687  21.152 0.2000000030
8577  35.711  -84.986  21.426 0.2000000030
7602  36.239  -87.481  19.271 0.2000000030
16697  49.139  -77.464  16.156 0.4000000060
16743  48.614  -77.775  14.551 0.4000000060
11404  40.410  -82.442  16.954 0.3000000119
14526  43.653  -80.030  15.300 0.5000000000
15600  45.296  -79.278  14.173 0.5000000000
15597  47.627  -78.534  13.696 0.4000000060
11342  36.445  -82.632  20.682 0.4000000060
11380  38.989  -82.804  18.250 0.4000000060
11405  39.870  -82.042  17.199 0.3000000119
12358  41.031  -81.753  16.647 0.4000000060
14504  43.162  -79.363  15.901 0.5000000000
7591  35.389  -86.189  20.229 0.2000000030
16722  49.174  -77.565  15.351 0.4000000060
15581  45.506  -78.419  14.523 0.5000000000
12359  40.144  -81.544  17.138 0.4000000060
15582  44.718  -78.715  14.871 0.5000000000
14505  42.210  -79.845  16.369 0.5000000000
13373  40.863  -80.921  16.939 0.5000000000
10531  47.099  -83.128  16.296 0.4000000060
10534  44.553  -83.876  15.122 0.4000000060
15555  48.639  -78.285  15.720 0.4000000060
15583  44.004  -79.105  15.420 0.5000000000
10452  44.972  -83.781  20.697 0.3000000119
10489  45.323  -83.992  18.732 0.3000000119
9584  45.550  -84.372  17.859 0.2000000030
9601  46.715  -84.084  17.138 0.2000000030
10405  44.341  -83.367  22.785 0.2000000030
10453  44.117  -83.875  20.744 0.3000000119
9555  43.557  -84.264  19.866 0.3000000119
9572  43.898  -84.454  19.061 0.3000000119
10406  43.355  -83.199  22.880 0.2000000030
10430  42.812  -83.185  21.603 0.2000000030
10454  43.224  -83.820  20.686 0.2000000030
10380  39.550  -83.988  23.222 0.2000000030
4767  36.766  -89.124  17.231 0.1000000015
4783  37.088  -89.158  16.172 0.1000000015
9624  33.472  -84.828  17.085 0.1000000015
11312  47.440  -82.728  21.969 0.1000000015
10450  46.723  -83.237  20.201 0.2000000030
10465  46.760  -83.324  19.198 0.2000000030
10451  45.848  -83.560  20.546 0.2000000030
10373  46.113  -83.036  24.002 0.1000000015
10404  45.187  -83.459  22.747 0.1000000015
10427  45.585  -83.512  21.662 0.2000000030
10374  45.460  -83.411  23.880 0.1000000015
10375  44.760  -83.574  23.810 0.1000000015
5653  36.829  -88.253  19.368 0.1000000015
7609  34.817  -86.593  18.112 0.1000000015
7604  34.750  -86.187  19.146 0.1000000015
8608  34.150  -85.242  19.296 0.1000000015
9578  33.784  -84.339  19.349 0.1000000015
7608  35.442  -87.180  17.704 0.1000000015
8614  34.169  -85.832  18.358 0.1000000015
8615  33.739  -85.063  18.471 0.1000000015
11364  33.924  -83.144  19.630 0.1000000015
8623  33.813  -85.376  17.639 0.1000000015
10496  33.086  -83.346  18.634 0.1000000015
12332  34.413  -81.654  18.928 0.1000000015
12333  33.420  -81.686  18.411 0.1000000015
13352  33.972  -80.904  18.285 0.1000000015
10426  46.608  -83.190  21.567 0.2000000030
10403  46.008  -83.268  22.780 0.1000000015
10459  35.887  -83.094  20.935 0.1000000015
11393  38.782  -82.317  17.731 0.3000000119
6596  36.229  -87.626  18.833 0.1000000015
7603  35.633  -87.105  18.958 0.1000000015
10461  34.937  -83.661  20.479 0.1000000015
11362  35.811  -82.259  19.803 0.2000000030
12329  37.583  -81.716  18.342 0.3000000119
13359  39.793  -80.834  17.336 0.3000000119
14476  40.483  -79.971  17.244 0.3000000119
5687  36.944  -88.758  16.630 0.1000000015
6604  35.987  -87.648  18.095 0.1000000015
9577  34.242  -84.463  19.925 0.1000000015
11363  34.660  -82.893  19.974 0.1000000015
12330  36.777  -81.537  18.512 0.2000000030
13360  38.861  -80.654  17.502 0.3000000119
6614  35.957  -87.487  17.074 0.1000000015
11384  34.446  -82.262  19.398 0.1000000015
13362  36.829  -80.371  17.974 0.2000000030
14478  38.419  -79.571  17.749 0.3000000119
12347  35.496  -80.839  18.333 0.1000000015
13363  35.847  -80.232  18.127 0.2000000030
15537  39.078  -78.361  17.725 0.4000000060
12348  33.039  -81.331  17.881 0.1000000015
13364  34.818  -80.259  18.191 0.1000000015
14480  36.333  -79.386  18.095 0.3000000119
15445  51.426  -78.393  23.723 0.1000000015
14390  50.472  -79.820  22.740 0.1000000015
16727  44.266  -78.238  15.508 0.4000000060
15559  43.514  -78.363  15.943 0.4000000060
13374  40.413  -80.756  17.187 0.3000000119
14506  41.136  -80.019  16.907 0.4000000060
15560  42.564  -78.586  16.392 0.4000000060
15536  40.427  -78.717  17.284 0.4000000060
16704  41.012  -77.745  17.040 0.4000000060
15538  37.892  -78.539  18.037 0.3000000119
16679  39.015  -77.172  17.762 0.5000000000
13366  33.174  -80.594  17.636 0.2000000030
13365  33.929  -80.102  17.924 0.1000000015
16681  37.332  -77.734  18.253 0.4000000060
11415  32.326  -81.883  15.764 0.1000000015
13367  32.581  -80.606  16.848 0.1000000015
14482  34.372  -79.394  17.788 0.2000000030
14481  35.315  -79.344  18.003 0.2000000030
10545  32.705  -83.004  14.715 0.1000000015
11422  32.671  -81.978  14.912 0.1000000015
14483  33.503  -79.489  17.368 0.2000000030
10556  33.501  -83.316  13.633 0.1000000015
11421  33.020  -82.402  14.217 0.1000000015
16725  46.333  -77.767  14.568 0.4000000060
16745  47.146  -78.025  14.004 0.3000000119
16726  45.085  -77.669  15.345 0.4000000060
16702  43.047  -77.528  16.404 0.4000000060
16703  42.033  -77.646  16.752 0.4000000060
16701  44.107  -77.431  16.011 0.4000000060
17770  40.771  -76.772  17.202 0.4000000060
17769  41.608  -76.604  16.983 0.4000000060
16680  38.193  -77.480  18.060 0.4000000060
15541  34.760  -78.512  17.728 0.3000000119
15525  36.511  -77.864  18.286 0.4000000060
17748  37.251  -76.678  18.142 0.4000000060
14548  33.602  -79.613  14.704 0.2000000030
14528  33.158  -79.481  15.355 0.2000000030
16683  34.974  -77.553  17.692 0.2000000030
12377  33.476  -81.444  14.110 0.1000000015
12378  32.861  -81.128  14.826 0.2000000030
9703  36.542  -85.029  10.976 0.1000000015
17788  45.902  -76.785  15.499 0.4000000060
16724  47.319  -77.410  14.503 0.4000000060
17766  44.542  -76.523  16.193 0.4000000060
17768  42.550  -76.636  16.738 0.4000000060
17767  43.530  -76.549  16.500 0.4000000060
18817  42.194  -76.027  16.914 0.4000000060
17745  40.248  -76.173  17.370 0.4000000060
17744  41.012  -76.048  17.247 0.4000000060
17746  39.349  -76.301  17.575 0.3000000119
18794  37.690  -75.527  17.743 0.4000000060
18793  38.728  -75.413  17.602 0.4000000060
17751  34.511  -77.086  17.223 0.3000000119
16682  35.628  -77.226  18.017 0.3000000119
17731  36.674  -76.906  18.241 0.4000000060
14547  34.313  -79.418  14.330 0.2000000030
15603  33.723  -78.842  14.893 0.2000000030
16729  33.534  -78.061  16.220 0.2000000030
16685  33.798  -78.285  17.132 0.2000000030
12390  34.443  -81.433  13.506 0.2000000030
10590  38.375  -84.307  9.746 0.1000000015
9702  37.549  -84.882  10.275 0.1000000015
10577  36.711  -84.072  10.646 0.1000000015
17787  46.861  -76.869  15.167 0.4000000060
17786  47.771  -76.873  14.842 0.3000000119
17765  45.334  -76.325  16.005 0.4000000060
20012  44.497  -74.924  16.683 0.4000000060
18814  45.012  -75.697  16.403 0.4000000060
18816  42.884  -75.490  16.780 0.4000000060
18815  43.997  -75.675  16.541 0.4000000060
18790  41.747  -75.402  17.171 0.4000000060
18789  42.411  -74.935  17.072 0.4000000060
18792  39.701  -75.330  17.432 0.4000000060
18791  40.650  -75.289  17.303 0.3000000119
21114  35.645  -73.871  16.855 0.3000000119
19998  35.914  -74.732  17.387 0.3000000119
19997  37.032  -74.560  17.553 0.3000000119
19996  38.102  -74.494  17.532 0.3000000119
19995  39.123  -74.435  17.486 0.3000000119
16747  35.074  -77.539  14.354 0.2000000030
16748  34.422  -77.238  14.942 0.2000000030
17790  34.492  -76.532  15.496 0.3000000119
18819  35.004  -75.537  16.424 0.2000000030
18796  35.798  -75.754  17.645 0.3000000119
18795  36.636  -75.627  17.787 0.3000000119
15602  34.490  -78.282  14.536 0.2000000030
16728  33.862  -77.423  15.934 0.2000000030
14572  35.085  -79.812  13.808 0.2000000030
17784  49.592  -76.307  15.781 0.3000000119
17785  48.624  -76.878  15.093 0.3000000119
17802  48.208  -77.195  14.595 0.3000000119
20010  46.778  -74.710  16.315 0.3000000119
20032  47.170  -75.166  15.884 0.4000000060
19989  44.973  -74.238  17.113 0.4000000060
19988  45.955  -74.157  16.961 0.4000000060
20011  45.546  -74.909  16.582 0.4000000060
19990  43.974  -74.236  17.027 0.4000000060
21107  42.493  -73.538  17.505 0.3000000119
19992  42.043  -74.389  17.314 0.4000000060
19991  42.977  -74.472  17.022 0.4000000060
22269  37.912  -72.551  17.472 0.3000000119
22268  38.969  -72.551  17.526 0.2000000030
21109  40.537  -73.495  17.478 0.2000000030
19993  41.096  -74.408  17.306 0.3000000119
21131  35.866  -73.118  16.596 0.3000000119
21112  37.494  -73.539  17.410 0.3000000119
21111  38.527  -73.509  17.466 0.2000000030
21110  39.543  -73.493  17.471 0.2000000030
17821  35.596  -76.197  14.161 0.2000000030
18839  35.036  -75.157  15.174 0.3000000119
20034  34.975  -75.076  15.683 0.3000000119
20015  35.264  -74.680  16.498 0.3000000119
16696  49.610  -76.989  16.229 0.3000000119
17763  49.329  -76.708  16.512 0.3000000119
16721  49.708  -77.084  15.922 0.3000000119
22262  44.881  -72.586  17.582 0.3000000119
24828  41.995  -70.851  17.339 0.2000000030
24827  42.950  -70.886  17.316 0.2000000030
22264  42.965  -72.623  17.707 0.2000000030
22263  43.929  -72.603  17.658 0.2000000030
24830  39.992  -70.601  17.374 0.2000000030
23511  40.491  -71.608  17.672 0.2000000030
23510  41.499  -71.670  17.653 0.2000000030
22265  41.990  -72.615  17.722 0.2000000030
17740  48.951  -76.165  17.086 0.2000000030
10555  33.969  -83.093  13.234 0.1000000015
11434  33.591  -82.490  13.675 0.1000000015
18848  35.358  -75.346  14.512 0.3000000119
14546  35.127  -78.836  14.049 0.2000000030
9636  46.451  -83.725  16.148 0.3000000119
10455  42.299  -83.618  20.447 0.2000000030
15473  51.058  -78.617  22.131 0.1000000015
11337  47.530  -82.753  20.911 0.2000000030
10509  46.755  -83.975  17.647 0.2000000030
9535  35.563  -84.189  21.310 0.1000000015
11381  38.227  -82.217  18.459 0.3000000119
17739  49.538  -76.030  16.740 0.3000000119
8595  35.192  -85.007  20.873 0.1000000015
16744  47.934  -77.653  14.243 0.3000000119
11361  36.900  -82.022  19.707 0.3000000119
12343  39.421  -81.662  17.349 0.2000000030
11382  37.338  -81.794  18.885 0.2000000030
10428  44.701  -83.561  21.702 0.2000000030
10490  44.598  -84.148  19.088 0.3000000119
10429  43.805  -83.415  21.698 0.1000000015
9608  33.096  -84.225  17.732 0.1000000015
7592  34.701  -85.743  19.726 0.1000000015
10473  34.461  -83.803  20.203 0.1000000015
9590  33.370  -84.248  18.597 0.1000000015
11385  33.707  -82.574  19.176 0.1000000015
12331  35.639  -81.498  18.756 0.1000000015
11344  35.162  -83.246  20.460 0.2000000030
12344  38.345  -81.443  17.653 0.3000000119
12316  35.739  -81.924  19.227 0.2000000030
12345  37.356  -81.290  17.969 0.3000000119
14477  39.513  -79.698  17.504 0.4000000060
15561  41.403  -78.800  16.870 0.4000000060
12346  36.317  -81.010  18.228 0.3000000119
13361  37.838  -80.518  17.746 0.3000000119
14479  37.362  -79.508  17.962 0.3000000119
16700  44.691  -77.103  15.822 0.4000000060
12368  32.549  -81.200  15.510 0.2000000030
14508  33.107  -79.280  16.420 0.2000000030
17789  45.087  -76.852  15.745 0.4000000060
15584  33.863  -77.996  15.130 0.2000000030
18838  46.495  -76.289  15.586 0.4000000060
18818  35.331  -75.512  17.074 0.3000000119
16705  34.100  -77.330  16.769 0.2000000030
18837  47.084  -75.767  15.649 0.4000000060
18836  48.190  -75.828  15.440 0.4000000060
18812  46.653  -75.395  15.964 0.4000000060
21113  36.423  -73.539  17.203 0.3000000119
17803  35.097  -76.570  14.591 0.2000000030
18849  34.845  -76.093  15.014 0.2000000030
21106  43.461  -73.505  17.435 0.4000000060
21108  41.521  -73.513  17.523 0.2000000030
24832  37.994  -70.791  17.288 0.2000000030
23513  38.394  -71.592  17.491 0.2000000030
23512  39.451  -71.579  17.597 0.2000000030
22267  39.989  -72.563  17.657 0.2000000030
20031  47.648  -75.048  15.836 0.3000000119
18835  49.173  -75.654  15.673 0.2000000030
20030  48.742  -74.622  15.863 0.3000000119
17783  50.098  -75.599  15.878 0.2000000030
10407  42.162  -83.021  22.826 0.1000000015
10378  41.614  -83.953  23.747 0.1000000015
10408  41.117  -83.101  22.981 0.1000000015
11292  41.429  -82.754  22.285 0.1000000015
9493  40.058  -85.007  23.467 0.1000000015
10379  40.551  -83.945  23.466 0.1000000015
18772  49.164  -74.899  18.089 0.1000000015
18786  49.564  -75.422  17.378 0.1000000015
19986  50.747  -74.194  17.565 0.1000000015
18785  50.368  -74.820  17.229 0.1000000015
18811  49.971  -75.494  16.778 0.1000000015
17762  49.804  -76.203  16.285 0.1000000015
18810  50.585  -74.919  16.557 0.1000000015
17761  50.159  -75.655  16.109 0.1000000015
18834  50.033  -75.325  15.771 0.1000000015
20028  50.635  -74.429  15.709 0.2000000030
20009  47.932  -74.269  16.350 0.2000000030
20029  49.812  -74.581  15.702 0.2000000030
21150  50.486  -73.572  15.525 0.2000000030
21151  49.571  -73.538  15.890 0.2000000030
20008  48.522  -74.030  16.219 0.2000000030
21130  46.766  -73.951  16.873 0.2000000030
21103  46.471  -73.433  17.243 0.2000000030
21104  45.437  -73.437  17.415 0.2000000030
23506  45.229  -71.766  17.405 0.1000000015
21149  51.125  -73.739  15.439 0.2000000030
21128  48.380  -73.346  16.567 0.2000000030
21102  46.912  -73.125  17.248 0.2000000030
22260  46.873  -72.397  17.255 0.1000000015
23504  46.632  -71.537  16.951 0.1000000015
22261  45.851  -72.540  17.516 0.1000000015
19979  48.704  -74.322  18.561 0.1000000015
18771  50.008  -74.678  17.861 0.1000000015
19977  50.333  -74.006  18.055 0.1000000015
18784  51.265  -74.188  17.230 0.1000000015
21170  35.683  -73.342  14.658 0.2000000030
21132  35.395  -73.590  16.066 0.2000000030
21153  35.403  -73.551  15.193 0.2000000030
21169  36.140  -73.520  14.058 0.2000000030
22334  35.969  -72.571  14.597 0.2000000030
22288  35.926  -72.454  16.382 0.2000000030
22313  35.786  -72.212  15.167 0.2000000030
23535  35.718  -72.278  16.016 0.2000000030
23578  36.482  -71.683  14.026 0.2000000030
23515  36.578  -72.035  17.014 0.2000000030
24882  36.312  -70.639  15.309 0.1000000015
24903  36.375  -70.773  14.292 0.2000000030
24861  36.631  -70.456  16.174 0.2000000030
24860  37.327  -70.364  16.816 0.2000000030
26226  36.985  -69.178  13.770 0.1000000015
26200  36.954  -69.201  14.791 0.1000000015
26170  37.414  -69.239  15.500 0.1000000015
27547  37.458  -68.637  12.874 0.1000000015
27561  37.625  -68.785  11.772 0.1000000015
20027  51.514  -74.048  15.662 0.1000000015
24859  38.274  -70.053  17.001 0.1000000015
27469  37.865  -68.744  14.960 0.1000000015
26143  37.861  -69.601  16.317 0.1000000015
27522  37.604  -68.561  13.697 0.1000000015
27492  38.099  -68.368  14.204 0.1000000015
28804  38.750  -67.670  12.255 0.1000000015
27520  38.794  -67.813  13.336 0.1000000015
28802  40.137  -66.750  12.300 0.1000000015
21168  51.084  -73.182  15.204 0.1000000015
20039  51.979  -73.596  15.227 0.1000000015
21167  51.686  -73.221  14.924 0.1000000015
24829  41.023  -70.763  17.398 0.1000000015
24831  38.912  -70.615  17.346 0.1000000015
26169  38.326  -69.063  15.640 0.1000000015
26142  38.854  -69.504  16.499 0.1000000015
27491  38.891  -67.888  13.960 0.1000000015
28770  39.874  -66.846  12.899 0.1000000015
30072  40.190  -66.532  13.323 0.1000000015
26166  41.328  -69.117  15.545 0.1000000015
24856  41.505  -70.116  16.864 0.1000000015
27466  40.735  -68.244  15.211 0.1000000015
26167  40.312  -69.015  15.508 0.1000000015
26141  39.925  -69.547  16.405 0.1000000015
24857  40.585  -70.026  16.935 0.1000000015
28730  41.124  -67.447  15.367 0.1000000015
30043  40.743  -66.558  14.990 0.1000000015
28731  40.310  -67.324  14.786 0.1000000015
27467  39.649  -68.087  14.755 0.1000000015
32459  40.825  -64.729  14.746 0.1000000015
30059  40.304  -66.516  14.138 0.1000000015
27490  39.354  -67.649  14.133 0.1000000015
31358  40.670  -65.755  14.335 0.1000000015
22331  51.702  -72.647  14.338 0.1000000015
22310  50.743  -72.885  15.228 0.1000000015
24855  42.447  -70.264  16.744 0.1000000015
32444  41.719  -64.634  15.579 0.1000000015
30042  41.506  -66.623  15.676 0.1000000015
32445  41.280  -65.206  15.406 0.1000000015
24854  43.404  -70.412  16.583 0.1000000015
26227  36.668  -70.078  13.563 0.1000000015
28749  39.710  -67.198  13.911 0.1000000015
26165  42.343  -69.271  15.587 0.1000000015
13430  40.478  -80.014  11.973 0.1000000015
15647  40.768  -78.892  12.226 0.1000000015
14589  41.030  -79.743  11.821 0.1000000015
12417  41.619  -81.195  10.889 0.1000000015
12436  42.500  -81.224  10.027 0.1000000015
12449  42.628  -81.443  9.436 0.1000000015
12482  42.812  -81.699  7.664 0.1000000015
13431  39.864  -80.209  12.050 0.1000000015
14590  40.277  -79.524  12.262 0.1000000015
13449  41.947  -80.377  10.949 0.1000000015
12437  42.034  -81.396  10.466 0.1000000015
17816  40.575  -76.823  13.075 0.1000000015
16763  39.919  -77.876  12.892 0.1000000015
14568  38.757  -79.276  12.636 0.1000000015
12400  39.343  -80.837  11.844 0.1000000015
12418  40.954  -81.175  11.107 0.1000000015
16761  41.399  -77.232  12.561 0.1000000015
14592  38.455  -79.812  12.560 0.1000000015
16762  40.901  -77.451  12.696 0.1000000015
20065  41.544  -74.662  12.770 0.1000000015
18858  41.909  -76.108  13.111 0.1000000015
18859  41.178  -76.064  13.075 0.1000000015
21196  42.138  -74.078  12.546 0.1000000015
15649  39.475  -78.922  12.626 0.1000000015
12483  42.329  -81.217  7.392 0.1000000015
3800  38.220  -90.049  30.420 0.1000000015
4521  40.385  -89.222  31.130 0.1000000015
4523  38.814  -89.761  30.857 0.1000000015
5371  40.732  -88.544  32.923 0.1000000015
5399  41.550  -88.517  32.050 0.1000000015
5400  41.158  -88.737  32.242 0.1000000015
5430  41.700  -88.326  31.730 0.1000000015
5479  39.405  -89.125  29.764 0.1000000015
6309  41.376  -87.105  34.812 0.1000000015
6364  42.222  -87.447  32.262 0.1000000015
6390  42.160  -87.253  32.152 0.1000000015
6417  41.351  -88.024  31.094 0.1000000015
6578  36.860  -87.711  20.175 0.2000000030
6631  36.283  -87.628  16.455 0.2000000030
6632  36.071  -87.478  16.643 0.2000000030
7350  42.039  -86.917  34.448 0.1000000015
7409  42.024  -87.089  32.057 0.1000000015
7412  40.257  -86.736  31.127 0.1000000015
7438  39.259  -86.392  30.582 0.1000000015
7460  38.857  -86.775  30.399 0.1000000015
7627  35.912  -87.286  16.346 0.2000000030
7628  35.302  -86.719  16.282 0.1000000015
7646  36.259  -87.351  15.786 0.1000000015
7674  36.080  -85.882  14.265 0.1000000015
7698  37.267  -86.243  13.427 0.1000000015
8257  44.191  -84.796  35.214 0.1000000015
8316  44.442  -84.651  34.497 0.1000000015
8367  43.135  -85.438  33.378 0.1000000015
8370  41.244  -85.320  32.193 0.1000000015
8421  39.074  -85.589  30.649 0.1000000015
8596  34.662  -85.211  20.140 0.1000000015
8609  33.739  -84.734  18.941 0.1000000015
8681  34.601  -85.060  13.748 0.1000000015
8702  34.522  -84.593  13.091 0.2000000030
9315  44.178  -83.942  33.802 0.1000000015
9349  41.258  -84.759  32.458 0.1000000015
9557  41.942  -84.009  19.565 0.4000000060
9558  41.540  -83.920  19.405 0.4000000060
9559  35.135  -84.143  20.851 0.1000000015
9560  34.736  -84.382  20.446 0.1000000015
9574  42.250  -84.380  19.030 0.4000000060
9583  46.266  -84.178  17.592 0.2000000030
9588  41.851  -84.360  18.460 0.4000000060
9589  41.507  -84.196  18.574 0.4000000060
9591  33.022  -83.808  18.199 0.1000000015
9600  47.186  -83.895  17.060 0.3000000119
9602  45.860  -84.429  17.074 0.3000000119
9607  33.427  -84.795  17.914 0.1000000015
9619  46.919  -83.798  16.686 0.3000000119
9620  46.215  -84.131  16.472 0.4000000060
9622  44.339  -84.508  16.383 0.5000000000
9652  45.007  -83.897  14.773 0.4000000060
9654  33.075  -84.023  14.641 0.1000000015
9669  33.314  -83.689  13.948 0.1000000015
9680  34.342  -84.158  12.978 0.2000000030
9704  36.005  -84.836  11.354 0.2000000030
10223  45.689  -83.404  35.239 0.1000000015
10229  45.508  -83.354  34.816 0.1000000015
10232  43.692  -83.240  34.302 0.1000000015
10240  43.980  -83.712  34.056 0.1000000015
10255  41.732  -83.916  33.429 0.1000000015
10412  36.880  -83.932  22.039 0.3000000119
10413  36.412  -84.158  21.868 0.2000000030
10431  41.669  -82.884  21.327 0.4000000060
10433  40.302  -82.820  20.351 0.3000000119
10434  37.534  -82.944  21.600 0.4000000060
10437  35.711  -83.726  21.276 0.1000000015
10458  39.789  -83.019  19.470 0.3000000119
10460  35.487  -83.535  20.935 0.1000000015
10466  46.009  -83.588  19.438 0.2000000030
10467  45.150  -83.818  19.709 0.3000000119
10468  44.371  -84.094  19.850 0.3000000119
10469  41.325  -83.875  19.291 0.3000000119
10470  40.890  -83.785  19.000 0.4000000060
10474  34.021  -83.690  19.815 0.1000000015
10488  46.415  -83.800  18.309 0.2000000030
10491  41.782  -84.343  18.042 0.4000000060
10492  41.293  -84.076  18.239 0.4000000060
10494  39.590  -83.216  18.205 0.3000000119
10495  33.549  -83.549  19.278 0.1000000015
10507  47.702  -83.094  17.439 0.3000000119
10508  47.420  -83.495  17.555 0.3000000119
10522  47.410  -83.467  16.712 0.3000000119
10523  46.878  -83.470  16.300 0.3000000119
10524  43.728  -84.079  16.150 0.4000000060
10530  47.476  -82.997  16.687 0.4000000060
10536  43.019  -83.141  15.695 0.4000000060
10541  45.448  -83.418  14.417 0.5000000000
10542  44.593  -83.355  14.487 0.4000000060
10544  33.069  -83.177  14.050 0.1000000015
10552  46.025  -82.577  13.973 0.5000000000
10553  45.697  -82.809  13.947 0.5000000000
10562  34.362  -83.620  12.883 0.1000000015
10569  35.392  -83.785  11.721 0.2000000030
11122  43.709  -82.310  34.982 0.1000000015
11135  44.147  -82.741  34.604 0.1000000015
11149  41.546  -83.030  33.981 0.1000000015
11167  40.356  -83.017  32.862 0.1000000015
11192  36.462  -83.133  29.504 0.1000000015
11201  48.353  -82.074  28.294 0.1000000015
11242  47.702  -81.812  24.690 0.1000000015
11247  36.249  -82.803  24.180 0.1000000015
11290  48.098  -82.020  23.036 0.1000000015
11293  40.819  -82.661  22.243 0.3000000119
11314  40.804  -82.633  21.456 0.3000000119
11315  40.038  -82.607  20.886 0.3000000119
11319  36.710  -82.987  21.254 0.4000000060
11343  35.549  -82.894  20.496 0.2000000030
11358  39.511  -82.953  19.327 0.3000000119
11378  48.139  -82.336  18.448 0.4000000060
11383  36.364  -81.842  19.101 0.2000000030
11386  32.920  -82.519  18.309 0.1000000015
11391  40.301  -83.075  17.236 0.4000000060
11392  39.703  -82.572  17.402 0.4000000060
11394  38.057  -81.831  18.013 0.3000000119
11406  32.239  -82.164  16.555 0.1000000015
11409  47.254  -82.770  16.543 0.4000000060
11431  45.326  -82.424  13.607 0.4000000060
11432  34.859  -81.767  13.150 0.3000000119
11442  34.542  -82.856  12.858 0.2000000030
12051  44.444  -81.324  36.027 0.1000000015
12066  44.091  -81.816  35.430 0.1000000015
12099  39.019  -81.925  32.456 0.1000000015
12121  36.114  -81.916  29.508 0.1000000015
12134  49.021  -80.911  27.672 0.1000000015
12136  48.116  -81.591  28.817 0.1000000015
12156  48.696  -81.483  27.731 0.1000000015
12175  48.922  -80.913  26.824 0.1000000015
12198  41.492  -81.984  25.534 0.1000000015
12223  35.302  -82.060  23.770 0.1000000015
12244  35.445  -81.501  23.735 0.1000000015
12261  48.749  -81.551  22.730 0.1000000015
12281  49.602  -81.064  21.657 0.1000000015
12297  50.134  -80.485  20.877 0.2000000030
12310  50.089  -80.362  20.668 0.2000000030
12311  49.804  -80.512  20.545 0.2000000030
12313  45.353  -80.976  18.880 0.4000000060
12317  35.111  -82.031  19.386 0.2000000030
12324  47.009  -80.988  18.091 0.4000000060
12327  44.781  -81.212  18.282 0.5000000000
12328  44.185  -80.692  18.352 0.5000000000
12337  47.183  -81.265  17.736 0.4000000060
12342  39.773  -81.383  17.279 0.2000000030
12357  42.055  -81.912  16.147 0.5000000000
12360  39.791  -81.786  17.235 0.3000000119
12361  32.368  -81.290  16.347 0.1000000015
12375  44.143  -81.756  14.274 0.5000000000
12376  34.194  -80.815  13.877 0.2000000030
12387  45.244  -81.929  13.473 0.5000000000
12388  36.301  -80.977  13.028 0.2000000030
12391  33.941  -81.876  13.569 0.1000000015
12402  37.585  -81.213  12.309 0.1000000015
12464  42.767  -81.524  8.723 0.1000000015
13076  39.354  -80.459  34.934 0.1000000015
13092  38.475  -80.326  33.830 0.1000000015
13105  37.618  -79.993  32.779 0.1000000015
13122  38.043  -80.744  32.266 0.1000000015
13123  37.614  -80.281  32.247 0.1000000015
13135  37.266  -80.451  31.570 0.1000000015
13148  37.165  -80.876  31.088 0.1000000015
13161  35.534  -80.625  29.821 0.1000000015
13182  43.778  -80.583  27.989 0.1000000015
13184  33.219  -80.326  28.977 0.1000000015
13198  49.798  -79.263  26.684 0.1000000015
13203  42.819  -80.530  27.342 0.1000000015
13222  40.389  -80.176  26.120 0.1000000015
13236  49.369  -80.398  25.672 0.1000000015
13241  38.995  -80.226  25.340 0.1000000015
13267  50.140  -80.241  23.254 0.1000000015
13274  31.346  -80.155  23.219 0.1000000015
13289  45.421  -80.080  21.825 0.5000000000
13308  46.564  -79.913  20.993 0.4000000060
13322  50.450  -79.780  21.197 0.2000000030
13323  50.398  -80.103  21.257 0.2000000030
13328  43.388  -79.984  20.417 0.5000000000
13339  47.143  -80.268  19.130 0.4000000060
13349  45.752  -80.907  18.837 0.4000000060
13351  34.863  -81.046  18.490 0.1000000015
13353  33.393  -81.130  18.054 0.1000000015
13355  47.655  -80.942  17.946 0.4000000060
13357  44.482  -80.385  17.198 0.5000000000
13358  44.116  -79.994  17.694 0.5000000000
13372  41.602  -80.901  16.450 0.4000000060
13375  32.559  -80.559  16.049 0.2000000030
13380  43.240  -80.935  15.157 0.5000000000
13382  33.253  -80.080  14.808 0.2000000030
13383  32.834  -80.414  15.262 0.2000000030
13391  47.449  -80.261  13.609 0.4000000060
13396  34.440  -80.210  13.976 0.2000000030
13397  33.771  -80.321  14.331 0.2000000030
13398  33.199  -80.668  14.631 0.2000000030
13411  45.249  -81.382  13.498 0.5000000000
13415  34.894  -80.680  13.635 0.2000000030
13450  41.600  -80.652  11.143 0.1000000015
13451  40.656  -80.500  11.606 0.1000000015
13452  39.950  -80.692  11.717 0.1000000015
13464  42.252  -80.732  10.613 0.1000000015
13465  41.969  -81.030  10.870 0.1000000015
13532  42.201  -80.601  7.872 0.1000000015
14161  40.496  -79.366  36.339 0.1000000015
14170  39.992  -79.663  35.971 0.1000000015
14185  38.037  -79.416  33.953 0.1000000015
14218  36.619  -79.245  31.943 0.1000000015
14258  50.092  -78.607  26.691 0.1000000015
14259  49.706  -78.927  26.867 0.1000000015
14260  49.236  -79.150  27.203 0.1000000015
14272  31.563  -79.999  28.088 0.1000000015
14281  49.803  -79.099  26.714 0.1000000015
14283  48.774  -78.897  27.382 0.1000000015
14285  47.129  -79.306  27.756 0.1000000015
14288  42.688  -80.280  27.902 0.1000000015
14292  32.100  -79.260  27.669 0.1000000015
14305  50.453  -78.805  26.310 0.1000000015
14310  38.841  -79.393  26.295 0.1000000015
14312  31.607  -79.248  26.640 0.1000000015
14342  36.291  -79.639  24.391 0.1000000015
14365  43.216  -78.991  22.843 0.5000000000
14366  42.790  -78.804  22.717 0.5000000000
14389  50.902  -79.123  22.456 0.2000000030
14395  43.579  -79.555  22.245 0.5000000000
14408  50.700  -79.164  21.717 0.2000000030
14412  46.281  -79.775  21.875 0.4000000060
14413  44.472  -80.195  21.523 0.5000000000
14421  50.476  -79.406  21.234 0.2000000030
14422  50.507  -79.659  21.421 0.2000000030
14424  47.951  -79.498  20.473 0.2000000030
14434  50.339  -79.399  20.826 0.2000000030
14439  46.845  -79.990  20.034 0.4000000060
14455  47.393  -80.224  19.017 0.4000000060
14457  43.897  -79.117  18.327 0.5000000000
14475  40.847  -79.818  17.115 0.3000000119
14484  32.885  -79.938  17.017 0.1000000015
14507  40.738  -80.423  17.093 0.3000000119
14509  32.745  -80.047  16.457 0.1000000015
14529  32.774  -79.913  15.895 0.2000000030
14541  48.137  -79.398  13.807 0.4000000060
14544  45.860  -79.887  13.485 0.5000000000
14564  47.995  -79.331  13.606 0.4000000060
14566  47.162  -79.917  13.178 0.4000000060
14569  38.163  -79.219  12.830 0.1000000015
14591  39.356  -79.437  12.485 0.1000000015
14609  41.283  -80.201  11.481 0.1000000015
15207  42.351  -78.756  37.123 0.1000000015
15245  38.876  -78.716  34.990 0.1000000015
15246  38.533  -79.188  34.680 0.1000000015
15258  38.589  -78.345  34.585 0.1000000015
15277  37.725  -78.609  33.660 0.1000000015
15287  36.539  -78.689  32.211 0.1000000015
15288  36.171  -78.306  31.967 0.1000000015
15296  35.944  -78.698  31.566 0.1000000015
15306  35.073  -78.704  30.318 0.1000000015
15333  49.418  -78.380  27.151 0.1000000015
15338  40.742  -78.661  28.424 0.1000000015
15340  39.059  -78.231  28.079 0.1000000015
15356  51.566  -77.783  26.958 0.1000000015
15359  49.061  -78.140  27.303 0.1000000015
15365  43.717  -78.586  28.126 0.1000000015
15369  37.781  -78.201  26.841 0.1000000015
15370  33.026  -78.383  27.755 0.1000000015
15388  36.889  -78.147  26.038 0.1000000015
15391  32.251  -78.807  26.485 0.1000000015
15400  38.082  -79.100  25.895 0.1000000015
15401  37.696  -78.938  25.759 0.1000000015
15404  34.608  -78.243  25.427 0.1000000015
15407  32.138  -78.890  25.895 0.1000000015
15422  36.455  -79.067  24.814 0.1000000015
15426  33.247  -78.731  25.014 0.1000000015
15444  51.592  -78.106  23.458 0.1000000015
15452  42.245  -78.275  22.907 0.5000000000
15464  51.385  -78.481  22.933 0.1000000015
15465  48.713  -78.220  22.403 0.2000000030
15468  42.454  -78.636  22.583 0.5000000000
15474  49.515  -78.382  21.763 0.1000000015
15487  51.011  -78.349  22.028 0.2000000030
15506  50.240  -79.029  20.754 0.2000000030
15507  49.972  -78.925  20.328 0.2000000030
15509  48.911  -79.189  20.074 0.2000000030
15522  44.322  -78.540  18.148 0.5000000000
15524  36.883  -77.862  18.308 0.4000000060
15535  40.875  -79.461  17.113 0.3000000119
15539  36.880  -78.469  18.220 0.3000000119
15540  35.798  -78.223  18.132 0.4000000060
15542  34.003  -78.698  17.391 0.2000000030
15543  33.530  -78.679  16.945 0.2000000030
15562  40.953  -78.413  17.072 0.4000000060
15563  33.431  -78.484  16.423 0.2000000030
15585  33.424  -78.473  15.749 0.2000000030
15601  35.098  -78.172  14.194 0.2000000030
15619  48.136  -79.129  13.675 0.4000000060
15622  46.683  -79.419  13.297 0.5000000000
15623  39.663  -78.395  12.760 0.1000000015
15648  39.940  -78.690  12.624 0.1000000015
16312  38.458  -78.174  34.369 0.1000000015
16339  38.271  -77.902  33.909 0.1000000015
16340  37.881  -78.154  33.700 0.1000000015
16375  36.359  -78.041  32.196 0.1000000015
16397  41.505  -76.958  31.923 0.1000000015
16400  37.259  -77.526  32.438 0.1000000015
16418  44.230  -76.935  30.632 0.1000000015
16420  39.523  -77.370  29.902 0.1000000015
16442  45.606  -77.016  29.684 0.1000000015
16443  41.266  -77.380  28.931 0.1000000015
16477  36.493  -76.911  28.370 0.1000000015
16480  33.465  -78.213  28.099 0.1000000015
16493  49.635  -77.549  27.691 0.1000000015
16494  49.329  -77.572  27.723 0.1000000015
16500  43.944  -78.193  27.975 0.1000000015
16501  38.114  -77.836  27.700 0.1000000015
16516  52.407  -77.521  26.520 0.1000000015
16563  52.340  -77.254  25.043 0.1000000015
16565  45.573  -76.917  24.131 0.3000000119
16566  45.254  -76.972  24.152 0.4000000060
16582  48.655  -77.554  23.313 0.1000000015
16597  51.600  -77.660  23.896 0.1000000015
16601  48.443  -78.012  22.920 0.1000000015
16616  50.674  -78.002  22.054 0.1000000015
16617  50.277  -78.036  22.057 0.1000000015
16618  49.654  -78.104  22.221 0.1000000015
16633  50.774  -78.275  21.643 0.2000000030
16638  41.035  -76.638  21.257 0.3000000119
16659  45.457  -77.222  18.086 0.5000000000
16662  36.769  -77.352  18.290 0.4000000060
16663  36.219  -77.382  18.227 0.4000000060
16676  45.909  -77.726  17.499 0.5000000000
16678  40.002  -77.317  17.463 0.4000000060
16684  34.183  -77.881  17.313 0.2000000030
16706  33.699  -77.980  16.713 0.2000000030
16723  47.704  -77.308  14.487 0.3000000119
16746  46.671  -78.317  13.969 0.5000000000
16767  35.684  -76.975  14.059 0.3000000119
16790  40.512  -78.183  12.557 0.1000000015
16791  40.140  -78.248  12.695 0.1000000015
17451  41.865  -76.868  31.968 0.1000000015
17475  36.730  -77.254  31.468 0.1000000015
17488  43.874  -76.771  30.071 0.1000000015
17511  47.894  -76.947  28.961 0.1000000015
17512  47.680  -76.982  29.039 0.1000000015
17513  45.668  -76.901  29.118 0.1000000015
17515  44.303  -76.745  29.373 0.1000000015
17520  40.184  -77.268  29.818 0.1000000015
17539  47.659  -77.052  28.784 0.1000000015
17540  47.480  -77.042  28.933 0.1000000015
17541  45.270  -76.848  28.723 0.1000000015
17542  44.717  -76.760  28.802 0.1000000015
17548  36.350  -76.778  28.923 0.1000000015
17549  35.625  -76.890  28.820 0.1000000015
17566  35.613  -76.941  28.134 0.1000000015
17580  53.109  -76.533  26.437 0.1000000015
17598  52.742  -76.732  25.462 0.1000000015
17615  47.962  -76.776  24.392 0.1000000015
17630  51.558  -77.153  24.216 0.1000000015
17631  51.180  -77.203  23.825 0.1000000015
17632  50.604  -77.051  23.541 0.1000000015
17633  50.457  -77.149  23.371 0.1000000015
17634  49.308  -76.794  23.630 0.1000000015
17637  46.594  -76.846  24.173 0.3000000119
17638  46.074  -76.745  24.170 0.3000000119
17639  44.177  -77.217  23.965 0.4000000060
17658  51.186  -77.458  23.338 0.2000000030
17661  49.591  -77.444  23.053 0.1000000015
17662  49.106  -77.458  23.200 0.1000000015
17681  51.038  -77.594  22.807 0.1000000015
17682  50.754  -77.652  22.614 0.1000000015
17684  50.009  -77.789  22.432 0.1000000015
17732  36.461  -77.053  18.253 0.4000000060
17747  38.382  -76.421  17.839 0.4000000060
17749  36.197  -76.598  18.092 0.3000000119
17750  35.179  -76.481  17.469 0.3000000119
17771  34.996  -75.984  16.886 0.3000000119
17772  34.574  -76.458  16.500 0.2000000030
17801  48.372  -77.379  14.549 0.3000000119
17804  34.662  -76.586  14.982 0.2000000030
17815  41.579  -76.748  12.983 0.1000000015
17818  38.312  -76.590  13.399 0.2000000030
18661  47.701  -76.330  24.683 0.1000000015
18688  48.960  -76.410  24.164 0.1000000015
18689  47.293  -76.398  24.482 0.2000000030
18691  46.223  -76.446  24.280 0.3000000119
18710  50.948  -77.130  23.676 0.1000000015
18711  50.771  -77.119  23.534 0.1000000015
18712  49.837  -76.940  23.443 0.1000000015
18716  38.741  -74.506  22.797 0.2000000030
18731  39.752  -75.098  21.492 0.2000000030
18776  45.965  -75.452  18.769 0.4000000060
18813  46.103  -75.734  16.009 0.4000000060
18840  34.886  -75.533  15.591 0.3000000119
18847  35.848  -75.071  14.015 0.4000000060
18863  36.448  -75.294  13.741 0.3000000119
18864  35.821  -75.775  13.958 0.2000000030
19715  42.270  -74.274  31.591 0.1000000015
19757  46.602  -74.719  29.653 0.1000000015
19759  44.960  -74.468  30.107 0.1000000015
19835  52.761  -75.325  25.603 0.1000000015
19859  49.923  -75.671  25.002 0.1000000015
19870  39.805  -74.115  24.430 0.2000000030
19898  38.609  -74.011  23.239 0.2000000030
19911  38.958  -74.356  21.958 0.2000000030
19965  44.909  -74.772  19.290 0.3000000119
19978  49.554  -74.260  18.352 0.1000000015
19987  46.494  -74.076  16.863 0.2000000030
19994  40.105  -74.402  17.362 0.4000000060
20013  43.554  -74.915  16.685 0.4000000060
20014  43.107  -74.927  16.733 0.4000000060
20016  34.943  -75.062  15.956 0.3000000119
20033  35.092  -74.647  15.472 0.3000000119
20041  35.504  -74.136  14.597 0.2000000030
20050  41.743  -75.474  12.987 0.1000000015
20051  40.857  -75.234  12.914 0.1000000015
20832  41.734  -74.177  31.690 0.1000000015
20833  41.159  -73.929  31.821 0.1000000015
20836  39.120  -73.256  32.895 0.1000000015
20853  42.455  -74.260  31.246 0.1000000015
20882  39.772  -73.167  31.066 0.1000000015
20967  41.397  -73.510  25.929 0.2000000030
20980  43.060  -74.560  25.330 0.2000000030
21008  38.423  -73.082  23.633 0.2000000030
21040  39.061  -73.671  21.530 0.1000000015
21057  47.152  -72.573  19.630 0.2000000030
21105  44.439  -73.459  17.441 0.3000000119
21129  47.288  -73.507  16.953 0.2000000030
21152  48.882  -73.747  16.121 0.2000000030
21197  41.255  -73.857  12.512 0.2000000030
21199  39.572  -73.391  12.529 0.2000000030
22048  40.841  -73.136  28.907 0.1000000015
22049  40.290  -72.766  29.210 0.1000000015
22063  40.281  -72.534  28.499 0.1000000015
22075  42.216  -73.610  27.073 0.1000000015
22078  40.518  -72.603  28.015 0.1000000015
22098  42.977  -74.092  26.566 0.1000000015
22099  42.458  -73.799  26.643 0.1000000015
22114  42.848  -74.124  26.273 0.1000000015
22159  38.322  -72.601  24.239 0.2000000030
22266  40.999  -72.587  17.703 0.2000000030
22270  36.970  -72.613  17.240 0.2000000030
22271  36.299  -72.543  16.824 0.2000000030
22289  35.643  -72.810  16.133 0.2000000030
22314  35.605  -72.733  15.469 0.2000000030
22335  35.603  -73.018  14.959 0.2000000030
22355  37.440  -72.729  13.151 0.3000000119
22356  36.828  -72.645  13.610 0.3000000119
22372  40.446  -73.007  12.250 0.2000000030
22375  38.096  -72.657  12.782 0.3000000119
22390  39.881  -72.384  12.001 0.2000000030
23223  36.949  -71.409  30.059 0.1000000015
23246  39.295  -72.179  29.497 0.1000000015
23445  47.139  -72.013  19.716 0.2000000030
23509  42.475  -71.705  17.626 0.2000000030
23514  37.180  -71.513  17.233 0.2000000030
23533  36.728  -70.920  16.737 0.2000000030
23534  36.163  -71.576  16.314 0.2000000030
23555  35.990  -71.592  15.025 0.2000000030
23556  35.789  -72.042  15.606 0.2000000030
23600  37.481  -72.237  13.103 0.3000000119
23627  37.134  -71.076  12.823 0.2000000030
23650  40.259  -72.225  11.638 0.2000000030
23652  38.761  -71.432  11.649 0.1000000015
23672  39.543  -71.345  10.783 0.1000000015
23673  38.777  -70.938  10.914 0.2000000030
24515  34.988  -70.605  30.629 0.1000000015
24632  37.118  -70.081  26.475 0.1000000015
24633  36.671  -69.726  26.478 0.1000000015
24674  36.652  -69.854  24.595 0.1000000015
24858  40.003  -69.951  17.016 0.1000000015
24918  36.715  -70.897  13.360 0.3000000119
24931  36.959  -70.696  12.826 0.3000000119
24950  37.855  -70.344  11.396 0.2000000030
24972  38.382  -70.220  10.632 0.1000000015
24973  37.841  -69.941  11.034 0.1000000015
24988  40.851  -71.277  9.446 0.1000000015
24989  40.203  -70.569  9.311 0.1000000015
24990  39.137  -70.217  9.894 0.1000000015
25035  41.902  -70.294  8.103 0.1000000015
25924  36.838  -69.789  26.062 0.1000000015
25925  36.466  -69.480  26.117 0.1000000015
26121  39.434  -69.937  17.052 0.1000000015
26122  38.862  -69.948  17.074 0.1000000015
26139  41.901  -69.731  16.128 0.1000000015
26140  40.933  -69.610  16.195 0.1000000015
26144  37.106  -69.799  16.124 0.1000000015
26168  39.295  -68.954  15.603 0.1000000015
26171  36.692  -69.780  15.449 0.1000000015
26201  36.562  -69.900  14.528 0.2000000030
26268  38.414  -69.438  10.334 0.1000000015
26286  38.887  -69.449  9.892 0.1000000015
26306  41.987  -69.213  8.237 0.1000000015
26307  41.299  -69.789  8.360 0.1000000015
26308  40.784  -69.744  8.635 0.1000000015
27326  36.564  -68.738  22.766 0.1000000015
27345  37.562  -68.876  21.250 0.1000000015
27468  38.683  -68.498  14.863 0.1000000015
27470  37.376  -68.930  14.940 0.1000000015
27493  37.446  -68.788  14.404 0.1000000015
27521  38.270  -68.081  13.208 0.1000000015
27546  38.003  -68.214  12.325 0.1000000015
27560  38.236  -68.179  11.606 0.1000000015
27573  38.356  -68.652  10.721 0.2000000030
27574  37.742  -69.102  11.140 0.2000000030
27589  38.652  -69.025  10.147 0.1000000015
27604  42.222  -68.447  8.765 0.1000000015
27606  40.793  -69.344  8.719 0.1000000015
28593  36.515  -68.223  22.972 0.1000000015
28750  39.304  -67.572  13.796 0.1000000015
28771  39.232  -67.504  13.179 0.1000000015
28772  38.772  -67.781  12.992 0.1000000015
28821  40.984  -66.618  11.526 0.1000000015
28840  39.478  -67.915  10.418 0.1000000015
28841  38.857  -68.158  10.627 0.1000000015
28856  39.831  -68.244  9.786 0.1000000015
30095  40.632  -66.370  12.350 0.1000000015
30131  41.834  -66.341  10.915 0.1000000015
31345  41.062  -65.764  15.224 0.1000000015
