#!ascii label  , from subject 3851 vox2ras=TkReg
1723
97933  -37.316  16.030  38.052 0.0000000000
91452  -44.927  10.225  23.786 0.0000000000
101390  -44.370  21.041  37.614 0.0000000000
91337  -43.953  9.151  33.698 0.0000000000
95299  -42.982  13.895  45.568 0.0000000000
96349  -39.726  14.868  28.614 0.0000000000
100627  -48.932  20.022  25.243 0.0000000000
104110  -42.563  23.222  32.638 0.0000000000
91177  -36.726  9.550  48.200 0.0000000000
93459  -37.771  11.089  36.683 0.0000000000
92424  -39.777  10.782  31.210 0.0000000000
95438  -40.991  14.032  34.650 0.0000000000
101340  -48.508  21.287  40.308 0.0000000000
100569  -49.740  19.627  31.555 0.0000000000
102382  -51.953  20.885  32.933 0.0000000000
102420  -46.007  21.910  29.429 0.0000000000
104063  -47.844  23.596  35.545 0.0000000000
90425  -40.928  9.016  21.184 0.0000000000
102301  -34.322  20.580  38.844 0.0000000000
101428  -39.723  19.693  34.889 0.0000000000
94495  -48.866  13.028  35.102 0.0000000000
92329  -42.529  10.565  39.728 0.0000000000
94419  -36.118  12.931  42.674 0.0000000000
96994  -37.677  15.604  46.558 0.0000000000
92525  -41.557  10.313  24.973 0.0000000000
96385  -39.760  14.482  22.735 0.0000000000
99700  -44.512  17.795  32.533 0.0000000000
98917  -44.169  18.122  26.964 0.0000000000
99817  -42.110  18.296  21.587 0.0000000000
102497  -42.551  21.601  23.869 0.0000000000
104973  -39.920  24.524  26.066 0.0000000000
96254  -38.478  14.467  38.530 0.0000000000
94480  -39.294  12.770  35.636 0.0000000000
97093  -40.315  15.092  37.648 0.0000000000
103222  -50.474  22.223  40.769 0.0000000000
101397  -51.827  20.636  37.519 0.0000000000
103243  -52.256  21.798  37.204 0.0000000000
103261  -49.873  21.906  34.171 0.0000000000
90408  -43.124  8.862  23.039 0.0000000000
102251  -33.607  21.567  41.555 0.0000000000
102289  -36.317  21.638  39.573 0.0000000000
94422  -42.497  12.721  42.250 0.0000000000
92301  -39.195  10.543  41.726 0.0000000000
93378  -38.739  11.744  44.659 0.0000000000
94344  -36.491  12.459  48.387 0.0000000000
97048  -32.272  15.481  42.527 0.0000000000
97913  -30.865  16.442  40.223 0.0000000000
97055  -28.537  15.645  41.789 0.0000000000
92445  -44.727  10.035  30.144 0.0000000000
94550  -38.540  12.481  29.788 0.0000000000
92476  -40.569  10.787  28.188 0.0000000000
94574  -38.771  12.373  26.869 0.0000000000
94586  -39.317  12.368  23.870 0.0000000000
96363  -39.738  14.924  26.291 0.0000000000
102343  -41.728  21.288  35.778 0.0000000000
100529  -41.981  19.439  33.497 0.0000000000
102377  -44.631  20.900  33.746 0.0000000000
99750  -49.986  18.799  28.105 0.0000000000
99735  -47.390  18.581  29.476 0.0000000000
99773  -47.079  18.929  26.132 0.0000000000
98939  -43.470  18.077  23.825 0.0000000000
100661  -45.958  19.987  22.576 0.0000000000
100659  -42.772  19.818  22.060 0.0000000000
102500  -45.980  21.588  23.847 0.0000000000
103321  -44.142  22.366  30.587 0.0000000000
102452  -42.762  22.035  27.519 0.0000000000
103336  -41.410  22.506  29.353 0.0000000000
104161  -38.585  24.518  27.687 0.0000000000
104126  -39.321  22.704  31.682 0.0000000000
90270  -40.179  8.665  35.337 0.0000000000
91350  -41.365  9.291  32.481 0.0000000000
91332  -38.777  10.198  33.861 0.0000000000
94518  -38.422  12.398  32.690 0.0000000000
96324  -40.343  14.260  31.749 0.0000000000
101362  -46.543  20.487  39.441 0.0000000000
102349  -47.069  21.337  35.161 0.0000000000
101420  -49.648  20.319  35.788 0.0000000000
100552  -52.035  19.239  32.203 0.0000000000
102425  -51.274  20.793  29.447 0.0000000000
102473  -47.717  20.903  27.012 0.0000000000
103326  -49.417  22.135  31.042 0.0000000000
103284  -46.953  22.808  32.146 0.0000000000
104095  -45.689  23.587  33.408 0.0000000000
91478  -39.154  9.840  21.367 0.0000000000
99653  -35.033  18.370  37.593 0.0000000000
98834  -38.272  17.443  35.669 0.0000000000
101386  -37.416  20.332  36.907 0.0000000000
102319  -38.848  21.275  37.625 0.0000000000
102308  -41.401  21.132  39.083 0.0000000000
103203  -40.825  21.732  42.844 0.0000000000
101348  -43.467  20.434  40.961 0.0000000000
92386  -46.318  10.627  34.871 0.0000000000
93451  -45.842  11.183  37.702 0.0000000000
90236  -43.180  9.072  37.401 0.0000000000
91265  -40.031  9.035  38.736 0.0000000000
93429  -36.549  11.232  39.622 0.0000000000
94383  -44.415  12.978  46.630 0.0000000000
92261  -39.908  10.311  47.185 0.0000000000
94336  -40.656  12.869  49.347 0.0000000000
95269  -39.950  14.474  47.545 0.0000000000
97025  -38.150  15.659  44.636 0.0000000000
97081  -35.901  15.514  39.486 0.0000000000
94601  -46.379  12.224  23.998 0.0000000000
92460  -42.645  10.062  29.378 0.0000000000
92512  -43.523  10.618  26.285 0.0000000000
93627  -44.027  10.714  22.865 0.0000000000
92569  -41.620  10.152  21.861 0.0000000000
130328  -39.974  11.523  21.122 0.0000000000
96411  -39.341  13.889  19.792 0.0000000000
97968  -41.352  16.626  34.862 0.0000000000
97118  -43.107  15.648  33.816 0.0000000000
97146  -43.163  16.302  31.024 0.0000000000
100549  -46.784  19.635  31.640 0.0000000000
98892  -44.738  17.684  29.949 0.0000000000
98029  -41.842  16.423  27.528 0.0000000000
98060  -41.273  16.373  24.564 0.0000000000
98078  -41.002  16.271  21.887 0.0000000000
98087  -39.631  16.174  21.287 0.0000000000
101540  -44.227  20.914  25.565 0.0000000000
104210  -41.251  23.308  24.732 0.0000000000
102466  -38.759  21.945  26.727 0.0000000000
103370  -37.339  23.484  26.544 0.0000000000
105707  -35.863  25.747  26.813 0.0000000000
97091  -38.791  15.351  38.227 0.0000000000
96255  -39.427  14.749  38.135 0.0000000000
97095  -39.300  15.497  37.500 0.0000000000
102299  -52.210  21.984  39.043 0.0000000000
104060  -51.604  22.824  37.439 0.0000000000
91461  -43.736  9.616  23.268 0.0000000000
94403  -42.147  12.816  43.782 0.0000000000
94411  -40.901  12.160  43.440 0.0000000000
94394  -41.353  12.665  45.315 0.0000000000
97035  -31.142  15.488  43.598 0.0000000000
97057  -30.480  15.425  41.694 0.0000000000
91353  -44.763  9.754  32.630 0.0000000000
91352  -43.635  9.198  32.611 0.0000000000
95478  -38.945  13.938  29.889 0.0000000000
95485  -38.593  13.081  28.608 0.0000000000
95492  -39.132  14.208  27.704 0.0000000000
95498  -38.787  13.570  26.693 0.0000000000
96356  -39.855  14.929  27.435 0.0000000000
102332  -43.336  21.474  36.518 0.0000000000
102358  -43.019  21.210  34.942 0.0000000000
102346  -44.498  21.497  35.370 0.0000000000
99776  -49.876  19.337  26.228 0.0000000000
99762  -49.128  18.924  27.102 0.0000000000
100626  -48.384  19.605  24.908 0.0000000000
99794  -46.952  19.250  24.219 0.0000000000
100664  -48.130  20.125  22.971 0.0000000000
102526  -46.895  21.275  22.852 0.0000000000
101557  -47.290  21.047  24.248 0.0000000000
104129  -43.768  22.880  32.011 0.0000000000
103319  -42.472  22.595  30.551 0.0000000000
103299  -41.813  22.774  31.390 0.0000000000
103317  -40.681  22.590  30.128 0.0000000000
103280  -41.110  22.858  31.897 0.0000000000
90268  -38.569  9.183  36.137 0.0000000000
91304  -39.373  9.246  35.021 0.0000000000
92375  -38.312  10.521  35.305 0.0000000000
95407  -39.817  13.371  35.366 0.0000000000
94493  -39.129  12.969  34.829 0.0000000000
95436  -39.493  13.651  33.699 0.0000000000
95459  -39.356  13.784  32.053 0.0000000000
96304  -40.623  14.065  33.587 0.0000000000
101363  -47.524  20.793  39.279 0.0000000000
101393  -47.830  20.674  37.365 0.0000000000
101378  -49.021  21.326  38.182 0.0000000000
101423  -52.349  20.389  35.554 0.0000000000
100506  -52.349  19.844  35.037 0.0000000000
101470  -53.009  19.852  32.698 0.0000000000
100585  -52.382  19.972  30.724 0.0000000000
102398  -51.624  21.112  30.959 0.0000000000
102410  -50.405  21.569  30.441 0.0000000000
103308  -50.399  21.899  32.112 0.0000000000
103260  -48.649  22.492  34.480 0.0000000000
103271  -48.130  22.649  33.399 0.0000000000
104097  -47.368  23.139  33.847 0.0000000000
104114  -46.300  23.185  32.798 0.0000000000
104077  -46.807  23.642  34.386 0.0000000000
91469  -40.136  9.367  21.825 0.0000000000
100486  -34.701  19.349  37.866 0.0000000000
100490  -35.868  19.274  37.111 0.0000000000
101369  -35.385  20.255  37.952 0.0000000000
102274  -38.048  21.960  40.458 0.0000000000
102305  -38.145  21.586  38.561 0.0000000000
102291  -38.583  21.715  39.544 0.0000000000
102307  -40.251  21.456  38.799 0.0000000000
102276  -39.926  21.656  40.449 0.0000000000
103166  -40.547  22.558  43.993 0.0000000000
102259  -42.504  20.891  41.939 0.0000000000
101334  -42.974  20.991  42.450 0.0000000000
101336  -44.441  20.626  41.751 0.0000000000
102244  -43.910  21.772  42.577 0.0000000000
93493  -47.758  11.716  33.612 0.0000000000
93474  -47.198  11.492  35.390 0.0000000000
94464  -45.937  12.016  38.672 0.0000000000
93444  -44.826  11.120  38.852 0.0000000000
91279  -44.802  9.912  37.341 0.0000000000
91269  -43.230  9.771  38.696 0.0000000000
90226  -41.697  8.977  38.217 0.0000000000
91252  -41.418  9.682  39.568 0.0000000000
93397  -37.076  11.158  42.764 0.0000000000
92308  -36.862  10.711  40.816 0.0000000000
94438  -36.130  12.245  40.801 0.0000000000
91179  -38.606  9.905  47.574 0.0000000000
94333  -38.010  12.532  49.128 0.0000000000
96129  -38.749  14.597  48.399 0.0000000000
96131  -40.730  14.116  48.933 0.0000000000
96996  -39.161  15.098  47.266 0.0000000000
96185  -38.603  14.872  46.127 0.0000000000
97862  -38.319  16.464  45.719 0.0000000000
97925  -34.533  16.294  38.786 0.0000000000
97079  -33.762  15.723  39.747 0.0000000000
94588  -47.274  12.127  24.381 0.0000000000
91365  -40.505  9.958  31.753 0.0000000000
91382  -42.213  9.613  30.457 0.0000000000
92442  -41.001  10.098  30.403 0.0000000000
92493  -40.481  10.844  26.997 0.0000000000
92494  -41.530  10.543  27.194 0.0000000000
92526  -42.517  10.515  25.153 0.0000000000
93606  -43.851  11.284  23.945 0.0000000000
92558  -42.976  10.587  23.696 0.0000000000
93625  -42.980  10.384  22.759 0.0000000000
92542  -41.621  10.390  23.836 0.0000000000
94595  -39.321  13.106  23.744 0.0000000000
93605  -39.561  11.688  22.351 0.0000000000
130327  -39.644  12.478  21.246 0.0000000000
95541  -39.665  12.596  20.277 0.0000000000
96392  -39.616  14.131  21.555 0.0000000000
100501  -38.767  19.190  35.209 0.0000000000
98836  -39.776  16.995  35.192 0.0000000000
99674  -39.781  18.461  34.654 0.0000000000
99698  -43.155  18.582  33.002 0.0000000000
98857  -43.069  17.240  34.020 0.0000000000
97979  -44.040  16.433  32.938 0.0000000000
97134  -42.788  15.293  32.239 0.0000000000
97136  -43.753  16.511  31.742 0.0000000000
101455  -48.456  20.623  33.472 0.0000000000
101454  -47.481  20.842  33.313 0.0000000000
101480  -47.704  20.031  31.642 0.0000000000
99759  -45.678  18.814  27.535 0.0000000000
99734  -46.188  18.372  29.665 0.0000000000
99745  -44.548  18.143  28.588 0.0000000000
98899  -43.501  17.040  28.704 0.0000000000
98915  -42.724  17.155  26.825 0.0000000000
98051  -42.202  16.695  26.195 0.0000000000
98922  -42.774  17.239  25.902 0.0000000000
99809  -43.031  18.187  22.401 0.0000000000
98946  -42.600  17.445  22.703 0.0000000000
98089  -41.479  16.782  21.859 0.0000000000
98088  -40.544  16.305  21.513 0.0000000000
98952  -40.634  17.235  21.675 0.0000000000
98077  -39.541  16.681  22.031 0.0000000000
99807  -41.149  18.033  22.173 0.0000000000
101567  -42.768  20.829  23.177 0.0000000000
99790  -41.481  18.941  23.702 0.0000000000
102438  -46.555  21.373  28.459 0.0000000000
102472  -45.687  20.791  26.460 0.0000000000
102454  -44.637  21.203  27.470 0.0000000000
103363  -41.650  22.897  27.082 0.0000000000
104186  -41.879  22.995  26.119 0.0000000000
104184  -40.614  23.791  25.931 0.0000000000
103383  -39.820  23.045  25.554 0.0000000000
104196  -39.329  23.954  25.312 0.0000000000
104183  -38.072  23.451  25.939 0.0000000000
104983  -38.860  24.760  25.447 0.0000000000
104149  -37.712  24.495  28.560 0.0000000000
105698  -37.301  26.134  27.145 0.0000000000
105689  -36.563  26.349  27.787 0.0000000000
105688  -35.350  25.868  27.915 0.0000000000
94463  -38.068  12.761  37.801 0.0000000000
93460  -38.238  11.385  36.162 0.0000000000
95384  -39.459  13.622  37.150 0.0000000000
95394  -40.234  14.036  36.809 0.0000000000
96285  -41.115  14.412  36.159 0.0000000000
101379  -50.091  21.236  38.413 0.0000000000
102313  -51.389  21.526  38.796 0.0000000000
102326  -52.352  21.318  37.470 0.0000000000
102352  -51.718  21.364  35.179 0.0000000000
102365  -50.718  21.578  34.309 0.0000000000
102339  -51.254  21.589  36.191 0.0000000000
102337  -49.967  21.967  36.128 0.0000000000
90418  -42.010  8.933  21.662 0.0000000000
102287  -34.036  20.909  39.467 0.0000000000
102288  -35.054  21.595  39.399 0.0000000000
102271  -34.295  21.700  40.485 0.0000000000
93410  -42.364  11.687  41.318 0.0000000000
92312  -40.491  10.211  40.639 0.0000000000
93408  -40.633  11.318  41.818 0.0000000000
93389  -38.988  11.519  43.685 0.0000000000
93387  -36.789  12.111  43.863 0.0000000000
92237  -36.859  10.682  48.531 0.0000000000
96141  -34.804  14.002  46.822 0.0000000000
97059  -32.408  15.377  41.544 0.0000000000
97069  -32.578  15.552  40.542 0.0000000000
97058  -31.439  15.467  41.626 0.0000000000
97912  -29.861  16.360  40.402 0.0000000000
93517  -38.773  11.645  30.901 0.0000000000
93531  -40.165  11.009  29.721 0.0000000000
93542  -39.353  11.707  29.081 0.0000000000
93554  -39.555  11.418  27.946 0.0000000000
93579  -39.930  10.919  26.001 0.0000000000
92523  -39.853  10.874  24.010 0.0000000000
93577  -38.984  12.022  25.739 0.0000000000
95512  -39.019  13.658  24.654 0.0000000000
96378  -39.708  14.737  23.935 0.0000000000
101416  -40.289  20.741  35.757 0.0000000000
100514  -40.836  19.480  34.149 0.0000000000
101448  -41.740  20.106  33.851 0.0000000000
101450  -43.390  20.537  33.769 0.0000000000
100532  -44.265  19.731  32.646 0.0000000000
100582  -50.103  19.089  30.223 0.0000000000
100581  -49.025  19.122  30.409 0.0000000000
99749  -48.955  18.731  28.288 0.0000000000
99760  -46.826  19.041  27.389 0.0000000000
99772  -45.886  18.912  26.340 0.0000000000
99781  -43.975  18.479  25.493 0.0000000000
99783  -46.116  18.928  25.132 0.0000000000
99803  -44.639  19.058  22.630 0.0000000000
99819  -43.635  19.159  21.607 0.0000000000
100658  -42.418  19.070  21.709 0.0000000000
101579  -44.392  20.589  21.920 0.0000000000
102523  -44.206  21.462  22.348 0.0000000000
103411  -43.959  22.282  23.199 0.0000000000
103322  -45.169  22.202  30.386 0.0000000000
102436  -44.222  21.546  28.559 0.0000000000
102417  -43.243  22.194  29.301 0.0000000000
103353  -42.229  22.380  28.686 0.0000000000
104164  -40.777  22.963  28.014 0.0000000000
104173  -39.394  24.433  27.096 0.0000000000
104151  -39.457  23.172  28.985 0.0000000000
104140  -38.735  23.204  29.520 0.0000000000
103295  -38.308  22.817  30.467 0.0000000000
90288  -41.991  8.510  34.988 0.0000000000
91351  -42.505  9.049  32.537 0.0000000000
90301  -40.847  8.847  34.011 0.0000000000
91333  -39.392  9.874  33.400 0.0000000000
92411  -39.500  10.520  32.196 0.0000000000
93473  -38.339  11.432  35.135 0.0000000000
93492  -38.428  11.551  33.092 0.0000000000
93505  -38.791  11.404  31.980 0.0000000000
94530  -38.543  12.353  31.638 0.0000000000
96334  -38.852  13.994  30.749 0.0000000000
96336  -40.319  14.577  30.509 0.0000000000
101374  -44.801  20.686  38.451 0.0000000000
101404  -45.725  21.271  36.540 0.0000000000
101392  -46.695  20.708  37.363 0.0000000000
101419  -48.683  20.635  35.484 0.0000000000
101456  -49.385  20.285  33.841 0.0000000000
101409  -50.547  20.355  36.732 0.0000000000
100517  -51.068  19.785  34.898 0.0000000000
100551  -51.170  19.476  32.521 0.0000000000
99716  -51.373  18.739  30.574 0.0000000000
99752  -51.025  19.585  28.491 0.0000000000
102460  -50.374  20.928  27.088 0.0000000000
101530  -48.567  20.880  26.079 0.0000000000
102441  -49.790  21.418  28.204 0.0000000000
102440  -48.748  21.364  28.436 0.0000000000
103342  -47.692  21.975  29.863 0.0000000000
103287  -49.851  21.852  32.807 0.0000000000
103306  -48.667  22.431  31.666 0.0000000000
103323  -46.184  22.349  30.433 0.0000000000
103303  -45.632  22.657  31.205 0.0000000000
104131  -45.085  23.083  31.899 0.0000000000
104094  -44.834  23.703  33.275 0.0000000000
98821  -36.146  17.008  37.292 0.0000000000
97944  -37.844  16.471  36.499 0.0000000000
99657  -36.627  18.209  36.241 0.0000000000
100496  -37.554  19.134  35.832 0.0000000000
101401  -38.344  20.375  36.092 0.0000000000
102317  -36.775  20.838  37.844 0.0000000000
102318  -37.746  21.172  37.667 0.0000000000
101402  -39.248  20.698  36.363 0.0000000000
102329  -40.408  21.146  36.872 0.0000000000
102322  -42.071  21.456  37.912 0.0000000000
102310  -42.847  21.232  38.329 0.0000000000
103213  -39.990  21.721  41.871 0.0000000000
103214  -41.142  21.857  40.949 0.0000000000
101358  -41.931  20.745  40.071 0.0000000000
101360  -43.988  20.543  39.571 0.0000000000
101361  -45.368  20.356  39.532 0.0000000000
101350  -46.119  20.468  40.585 0.0000000000
101338  -46.948  20.782  41.323 0.0000000000
92399  -46.254  10.522  33.806 0.0000000000
91323  -45.194  9.624  34.845 0.0000000000
94466  -47.413  12.642  38.180 0.0000000000
93462  -47.485  11.853  36.234 0.0000000000
92363  -46.279  10.930  36.403 0.0000000000
91308  -44.742  9.425  35.815 0.0000000000
91306  -42.958  8.775  35.708 0.0000000000
90249  -41.512  8.375  36.471 0.0000000000
90232  -40.086  8.556  37.182 0.0000000000
91274  -37.889  9.639  38.132 0.0000000000
91235  -39.003  9.602  40.288 0.0000000000
91263  -37.844  9.502  39.064 0.0000000000
93443  -36.963  11.208  38.250 0.0000000000
95375  -37.304  13.260  39.099 0.0000000000
92274  -41.735  10.336  45.980 0.0000000000
92239  -38.549  10.771  48.457 0.0000000000
93345  -40.340  11.552  48.012 0.0000000000
93347  -42.121  12.026  47.654 0.0000000000
94350  -42.388  13.336  49.137 0.0000000000
95272  -42.779  14.222  47.843 0.0000000000
95288  -41.900  13.476  46.531 0.0000000000
94378  -39.721  13.228  46.664 0.0000000000
94399  -37.442  13.094  45.428 0.0000000000
95317  -36.983  14.224  43.872 0.0000000000
97932  -36.443  16.068  38.091 0.0000000000
97936  -35.291  16.855  37.748 0.0000000000
98817  -34.301  17.554  38.313 0.0000000000
100482  -33.604  19.350  38.754 0.0000000000
101355  -32.958  20.157  39.640 0.0000000000
92549  -48.040  11.013  24.662 0.0000000000
92562  -47.093  10.883  23.731 0.0000000000
92560  -45.585  10.881  23.013 0.0000000000
91368  -43.310  9.479  31.683 0.0000000000
92443  -43.115  10.017  30.006 0.0000000000
92477  -41.566  10.517  28.291 0.0000000000
92496  -43.515  10.695  27.327 0.0000000000
92513  -44.502  10.997  26.236 0.0000000000
93595  -44.613  11.386  24.985 0.0000000000
93618  -45.203  11.425  23.202 0.0000000000
92573  -45.051  10.634  22.654 0.0000000000
92571  -43.358  10.195  22.709 0.0000000000
91471  -42.378  9.649  22.161 0.0000000000
91481  -41.646  9.380  21.017 0.0000000000
92540  -40.380  10.741  22.512 0.0000000000
92568  -40.885  10.349  21.667 0.0000000000
91480  -40.678  9.667  21.082 0.0000000000
91491  -39.892  10.080  20.630 0.0000000000
94628  -38.994  12.139  19.965 0.0000000000
95547  -38.682  12.674  20.520 0.0000000000
97945  -38.809  16.544  36.265 0.0000000000
97947  -40.908  15.917  36.273 0.0000000000
97103  -42.039  15.110  35.791 0.0000000000
99676  -41.490  18.066  34.125 0.0000000000
97969  -42.304  16.222  34.928 0.0000000000
96296  -42.332  14.731  34.562 0.0000000000
96315  -42.223  14.826  32.509 0.0000000000
97144  -41.614  15.165  31.170 0.0000000000
97166  -41.094  15.394  29.719 0.0000000000
102361  -45.787  21.218  34.497 0.0000000000
101465  -45.891  20.253  32.509 0.0000000000
100565  -45.697  18.939  31.542 0.0000000000
99714  -47.430  18.916  30.742 0.0000000000
99722  -46.176  18.234  30.587 0.0000000000
98873  -45.142  17.314  31.673 0.0000000000
98012  -43.921  16.894  30.091 0.0000000000
97168  -42.461  16.200  29.210 0.0000000000
97178  -41.698  15.898  28.275 0.0000000000
97199  -41.183  15.936  26.720 0.0000000000
97216  -40.590  15.679  24.057 0.0000000000
98938  -42.772  17.523  23.755 0.0000000000
98069  -41.533  16.396  23.506 0.0000000000
96386  -40.139  14.831  21.986 0.0000000000
96403  -39.688  14.547  20.509 0.0000000000
97247  -38.975  14.557  20.072 0.0000000000
99800  -41.648  18.793  22.726 0.0000000000
101543  -46.885  20.718  25.108 0.0000000000
102489  -44.965  21.236  24.491 0.0000000000
103398  -43.750  22.169  24.008 0.0000000000
102469  -43.083  21.849  26.791 0.0000000000
104200  -42.710  22.946  25.194 0.0000000000
103396  -41.785  22.748  24.431 0.0000000000
102486  -40.549  22.048  25.482 0.0000000000
102468  -40.125  21.570  25.991 0.0000000000
101515  -39.071  20.779  27.534 0.0000000000
105710  -38.016  25.440  26.430 0.0000000000
104969  -36.556  24.870  26.779 0.0000000000
104908  -43.369  24.006  33.929 0.0000000000
104091  -41.949  23.638  33.527 0.0000000000
104090  -40.947  23.530  33.369 0.0000000000
104106  -38.647  22.992  32.446 0.0000000000
104104  -36.606  23.354  31.784 0.0000000000
97934  -38.088  15.931  37.960 0.0000000000
91451  -44.140  9.713  23.890 0.0000000000
95308  -43.653  14.178  44.801 0.0000000000
95319  -43.898  13.986  43.527 0.0000000000
95307  -42.895  13.282  44.135 0.0000000000
94402  -41.588  12.640  44.200 0.0000000000
95298  -42.069  13.337  44.965 0.0000000000
97020  -30.875  15.212  44.602 0.0000000000
96342  -39.568  14.484  29.673 0.0000000000
95486  -38.865  13.970  28.820 0.0000000000
97187  -40.165  15.313  28.198 0.0000000000
102324  -43.920  21.402  37.114 0.0000000000
102333  -44.188  21.502  36.310 0.0000000000
100628  -49.604  19.894  25.730 0.0000000000
100617  -48.920  19.591  25.635 0.0000000000
100638  -47.998  19.768  24.064 0.0000000000
100639  -48.219  20.081  24.210 0.0000000000
101569  -47.977  20.668  23.428 0.0000000000
101558  -48.014  20.499  24.473 0.0000000000
103282  -43.049  22.823  32.036 0.0000000000
103300  -42.772  22.856  31.314 0.0000000000
104128  -42.263  23.027  31.950 0.0000000000
104127  -41.809  23.055  31.914 0.0000000000
92360  -37.723  10.475  36.971 0.0000000000
91303  -38.535  9.613  35.618 0.0000000000
92361  -38.092  10.450  36.206 0.0000000000
95424  -40.464  13.684  34.974 0.0000000000
95423  -39.581  13.451  34.501 0.0000000000
95437  -40.421  13.759  34.075 0.0000000000
95449  -40.062  13.973  33.334 0.0000000000
96305  -41.349  14.240  33.889 0.0000000000
101352  -48.025  21.041  39.999 0.0000000000
101377  -48.094  20.764  38.293 0.0000000000
101364  -48.359  21.276  39.114 0.0000000000
102367  -52.433  20.305  34.410 0.0000000000
101458  -52.819  19.826  33.589 0.0000000000
101457  -52.683  20.300  33.287 0.0000000000
101469  -52.566  20.401  32.367 0.0000000000
102389  -51.793  20.977  31.966 0.0000000000
102397  -50.982  21.612  31.551 0.0000000000
102388  -51.138  21.580  32.499 0.0000000000
104079  -48.256  22.960  35.265 0.0000000000
103259  -47.853  22.739  34.111 0.0000000000
104078  -47.655  23.186  34.689 0.0000000000
90406  -41.431  8.522  22.588 0.0000000000
90405  -40.720  8.445  22.574 0.0000000000
90404  -40.224  8.788  22.464 0.0000000000
91470  -40.653  9.243  21.362 0.0000000000
101368  -34.547  20.171  38.431 0.0000000000
102275  -39.027  21.750  40.460 0.0000000000
102292  -39.585  21.630  39.600 0.0000000000
102243  -43.152  21.847  42.922 0.0000000000
101324  -43.443  21.189  42.570 0.0000000000
94509  -48.943  12.832  34.449 0.0000000000
93485  -48.156  12.321  34.580 0.0000000000
94494  -48.345  12.568  35.326 0.0000000000
92345  -43.606  10.285  39.016 0.0000000000
92344  -43.050  10.220  39.187 0.0000000000
91267  -41.871  9.416  38.961 0.0000000000
91253  -42.106  9.805  39.568 0.0000000000
93396  -36.185  11.965  42.735 0.0000000000
93405  -36.438  11.396  41.688 0.0000000000
94428  -36.035  12.558  41.759 0.0000000000
95351  -36.402  13.411  40.831 0.0000000000
95340  -36.351  13.549  41.861 0.0000000000
91178  -37.628  9.473  47.761 0.0000000000
95268  -37.634  14.142  47.899 0.0000000000
96144  -37.581  14.683  47.420 0.0000000000
96980  -38.829  15.085  47.614 0.0000000000
96979  -38.238  15.186  47.189 0.0000000000
96995  -38.491  15.498  46.508 0.0000000000
97861  -37.845  16.476  46.036 0.0000000000
97071  -34.679  15.308  40.469 0.0000000000
97070  -33.633  15.357  40.559 0.0000000000
93581  -45.641  11.414  26.025 0.0000000000
92425  -40.448  10.245  31.271 0.0000000000
92426  -41.025  9.956  30.906 0.0000000000
92441  -40.376  10.732  30.290 0.0000000000
92509  -40.595  10.644  25.787 0.0000000000
92510  -41.551  10.647  26.078 0.0000000000
92543  -42.425  10.512  24.176 0.0000000000
95520  -39.470  13.926  23.357 0.0000000000
95528  -39.495  13.288  22.265 0.0000000000
95536  -39.569  13.261  21.075 0.0000000000
99666  -39.149  18.451  34.934 0.0000000000
100513  -40.041  19.274  34.509 0.0000000000
99699  -43.817  18.364  32.705 0.0000000000
99689  -43.994  17.638  32.945 0.0000000000
98866  -44.263  17.115  32.692 0.0000000000
97127  -43.840  16.191  32.379 0.0000000000
97986  -44.430  16.709  32.177 0.0000000000
101468  -49.118  20.306  32.660 0.0000000000
101467  -48.072  20.487  32.462 0.0000000000
101481  -48.607  20.156  31.763 0.0000000000
99746  -45.457  18.494  28.612 0.0000000000
99758  -44.760  18.357  27.657 0.0000000000
98908  -43.972  17.898  27.719 0.0000000000
98916  -43.393  17.729  26.731 0.0000000000
99770  -43.896  18.187  26.273 0.0000000000
99818  -42.941  18.591  21.668 0.0000000000
98954  -42.249  17.626  21.895 0.0000000000
98953  -41.389  17.382  21.732 0.0000000000
99816  -41.411  17.908  21.729 0.0000000000
102507  -43.305  21.545  23.212 0.0000000000
101554  -42.493  20.638  23.609 0.0000000000
101553  -42.148  20.719  24.232 0.0000000000
102496  -41.879  21.780  24.627 0.0000000000
102455  -45.962  20.918  27.268 0.0000000000
102437  -45.391  21.430  28.467 0.0000000000
104175  -40.934  23.202  27.434 0.0000000000
104185  -41.326  23.358  26.303 0.0000000000
104197  -40.396  23.648  25.316 0.0000000000
104984  -39.546  24.537  25.526 0.0000000000
104138  -36.904  24.313  29.423 0.0000000000
104942  -37.173  25.294  28.556 0.0000000000
94471  -38.556  12.483  36.970 0.0000000000
95383  -38.609  13.507  37.779 0.0000000000
96256  -40.038  14.819  37.879 0.0000000000
95385  -40.031  14.165  37.306 0.0000000000
96265  -40.473  14.636  37.364 0.0000000000
96273  -40.884  14.441  36.681 0.0000000000
96266  -41.170  14.820  37.077 0.0000000000
102297  -50.688  21.700  39.661 0.0000000000
102283  -50.669  21.959  40.467 0.0000000000
103240  -52.386  21.955  37.969 0.0000000000
102314  -52.118  21.649  38.432 0.0000000000
102340  -52.281  21.315  36.334 0.0000000000
103248  -51.833  22.163  36.902 0.0000000000
104059  -51.135  23.040  37.079 0.0000000000
103247  -50.760  22.316  36.638 0.0000000000
103246  -49.730  22.382  36.193 0.0000000000
90396  -43.321  9.159  24.017 0.0000000000
90419  -42.578  9.202  22.469 0.0000000000
102270  -33.214  20.991  40.413 0.0000000000
95330  -43.128  12.971  41.969 0.0000000000
94429  -42.177  12.139  41.822 0.0000000000
93409  -41.527  11.515  41.559 0.0000000000
93401  -41.089  11.794  42.214 0.0000000000
93379  -39.734  11.746  44.547 0.0000000000
93390  -40.055  11.633  43.578 0.0000000000
93388  -37.891  11.456  43.879 0.0000000000
93377  -37.797  12.195  44.925 0.0000000000
97887  -33.005  16.170  43.860 0.0000000000
97037  -33.075  15.657  43.303 0.0000000000
97049  -33.231  15.431  42.449 0.0000000000
97066  -29.675  15.546  40.875 0.0000000000
97065  -28.886  15.516  41.047 0.0000000000
93529  -38.674  11.762  29.966 0.0000000000
93541  -38.729  12.018  29.438 0.0000000000
94568  -38.738  12.448  28.023 0.0000000000
94559  -39.072  11.924  28.330 0.0000000000
94569  -39.080  11.812  27.509 0.0000000000
93565  -39.665  11.340  26.823 0.0000000000
93564  -39.113  11.698  26.396 0.0000000000
93578  -39.570  11.363  25.559 0.0000000000
96362  -39.059  14.218  26.186 0.0000000000
95505  -38.795  13.595  25.574 0.0000000000
96368  -39.171  14.343  25.414 0.0000000000
96377  -39.323  14.353  24.646 0.0000000000
96369  -39.896  14.841  25.133 0.0000000000
101417  -41.084  20.992  35.558 0.0000000000
101430  -41.413  20.558  34.635 0.0000000000
102357  -42.267  21.173  35.040 0.0000000000
102359  -43.793  21.268  34.545 0.0000000000
101432  -43.200  20.940  34.426 0.0000000000
102376  -44.210  20.976  33.855 0.0000000000
100531  -43.761  19.671  33.037 0.0000000000
101451  -44.478  20.418  33.228 0.0000000000
99737  -49.940  18.709  29.369 0.0000000000
100594  -49.549  18.817  29.751 0.0000000000
99761  -48.017  18.929  27.210 0.0000000000
99782  -44.938  18.888  25.332 0.0000000000
100648  -46.431  19.564  23.054 0.0000000000
100635  -46.018  19.420  23.602 0.0000000000
100647  -45.508  19.504  22.974 0.0000000000
100660  -44.857  19.828  22.321 0.0000000000
100673  -44.210  19.822  21.700 0.0000000000
102509  -46.140  21.555  23.198 0.0000000000
102524  -44.964  21.476  22.439 0.0000000000
103428  -45.344  21.990  22.817 0.0000000000
103426  -43.931  22.037  22.727 0.0000000000
103412  -44.800  22.167  23.228 0.0000000000
102405  -44.418  22.007  30.060 0.0000000000
102404  -44.018  22.122  30.096 0.0000000000
103337  -42.275  22.465  29.682 0.0000000000
103352  -41.256  22.670  28.181 0.0000000000
103351  -40.668  22.835  28.326 0.0000000000
104163  -40.194  23.086  28.120 0.0000000000
103335  -40.449  22.692  29.002 0.0000000000
103297  -39.992  22.577  30.916 0.0000000000
103316  -39.725  22.834  29.862 0.0000000000
103296  -39.091  22.612  30.738 0.0000000000
103314  -38.420  23.010  29.925 0.0000000000
90271  -41.291  8.381  35.557 0.0000000000
90287  -41.213  8.567  34.569 0.0000000000
90286  -40.485  8.835  34.455 0.0000000000
91317  -38.816  9.846  34.500 0.0000000000
91318  -39.667  9.341  34.197 0.0000000000
91348  -39.587  10.105  32.725 0.0000000000
92396  -38.819  10.671  33.309 0.0000000000
94479  -38.772  12.134  35.909 0.0000000000
94506  -38.610  12.612  33.943 0.0000000000
95447  -38.775  13.146  32.305 0.0000000000
95460  -39.963  14.006  32.603 0.0000000000
96335  -39.383  14.278  30.623 0.0000000000
97143  -40.909  14.862  31.184 0.0000000000
101375  -45.982  20.527  38.405 0.0000000000
101407  -48.718  20.590  36.485 0.0000000000
101438  -49.510  20.300  34.884 0.0000000000
101396  -50.882  20.609  37.536 0.0000000000
101410  -51.552  20.304  36.634 0.0000000000
100535  -52.128  19.169  33.420 0.0000000000
100518  -51.988  19.445  34.546 0.0000000000
100534  -51.219  19.724  33.818 0.0000000000
100570  -51.061  18.797  31.082 0.0000000000
101502  -51.660  20.385  29.615 0.0000000000
100595  -51.639  19.920  29.262 0.0000000000
101511  -51.424  20.251  29.006 0.0000000000
101519  -50.538  20.364  27.662 0.0000000000
102442  -50.441  21.061  27.938 0.0000000000
102459  -49.871  21.350  27.266 0.0000000000
102409  -49.045  21.698  30.259 0.0000000000
102423  -49.517  21.444  29.330 0.0000000000
102422  -48.281  21.672  29.530 0.0000000000
102408  -48.434  21.914  30.161 0.0000000000
102364  -50.275  21.694  34.015 0.0000000000
103273  -49.762  21.865  33.498 0.0000000000
103285  -47.940  22.718  32.357 0.0000000000
103305  -47.645  22.497  31.430 0.0000000000
103304  -46.624  22.578  31.274 0.0000000000
104113  -45.411  23.356  32.639 0.0000000000
104112  -44.517  23.347  32.573 0.0000000000
91459  -39.428  9.537  22.218 0.0000000000
91489  -38.709  10.559  21.537 0.0000000000
98820  -35.593  17.496  37.348 0.0000000000
98824  -36.358  17.395  36.771 0.0000000000
98823  -35.778  17.888  36.894 0.0000000000
100491  -36.679  19.573  36.783 0.0000000000
100494  -36.354  18.925  36.528 0.0000000000
100492  -37.254  19.607  36.351 0.0000000000
101400  -37.761  19.859  36.025 0.0000000000
102303  -35.914  21.068  38.436 0.0000000000
101387  -38.424  20.848  36.906 0.0000000000
102328  -39.556  21.021  37.036 0.0000000000
101403  -39.888  20.865  36.523 0.0000000000
102320  -39.870  21.266  37.829 0.0000000000
102321  -40.904  21.423  37.902 0.0000000000
102309  -42.308  21.162  38.765 0.0000000000
103184  -40.940  21.931  43.527 0.0000000000
103202  -40.204  21.958  42.550 0.0000000000
102256  -40.124  21.709  41.271 0.0000000000
102240  -40.986  21.584  42.219 0.0000000000
102280  -42.796  20.799  41.237 0.0000000000
102279  -42.239  21.059  41.093 0.0000000000
101347  -42.557  20.716  40.658 0.0000000000
101359  -42.822  20.479  39.934 0.0000000000
101326  -44.973  20.956  42.262 0.0000000000
101337  -45.678  20.772  41.654 0.0000000000
102262  -46.557  21.396  41.776 0.0000000000
93507  -48.555  11.811  32.433 0.0000000000
92387  -46.860  11.090  34.569 0.0000000000
92400  -47.291  11.247  33.480 0.0000000000
91339  -45.565  9.963  34.141 0.0000000000
91324  -45.793  10.197  34.829 0.0000000000
93446  -46.082  11.599  38.132 0.0000000000
94465  -46.616  12.134  38.323 0.0000000000
94473  -47.098  12.021  37.621 0.0000000000
94474  -47.742  12.246  37.168 0.0000000000
93453  -47.112  11.807  36.938 0.0000000000
93461  -46.804  11.464  36.293 0.0000000000
92354  -45.991  10.834  37.123 0.0000000000
91287  -43.699  9.136  37.161 0.0000000000
91289  -45.172  9.822  36.642 0.0000000000
91288  -44.429  9.409  36.812 0.0000000000
91307  -43.670  8.952  36.033 0.0000000000
90272  -42.299  8.520  35.777 0.0000000000
90250  -42.357  8.532  36.743 0.0000000000
90225  -40.721  8.806  37.900 0.0000000000
90224  -39.674  8.846  37.919 0.0000000000
90231  -39.162  8.689  37.430 0.0000000000
91264  -38.860  9.011  38.434 0.0000000000
92302  -40.156  10.596  41.472 0.0000000000
92311  -39.538  10.117  40.881 0.0000000000
92310  -38.592  10.089  40.908 0.0000000000
92325  -36.864  10.641  40.127 0.0000000000
92326  -37.361  10.061  39.694 0.0000000000
92342  -36.817  10.593  39.406 0.0000000000
92343  -37.197  10.290  38.730 0.0000000000
94461  -36.589  11.755  38.942 0.0000000000
94462  -37.271  12.363  38.254 0.0000000000
94450  -36.845  12.554  39.198 0.0000000000
95290  -44.355  14.003  46.871 0.0000000000
91195  -40.312  9.779  46.018 0.0000000000
91206  -40.949  9.741  45.523 0.0000000000
91208  -42.371  9.809  45.152 0.0000000000
92273  -40.965  10.356  46.093 0.0000000000
93328  -36.085  11.665  48.217 0.0000000000
92238  -37.808  10.850  48.527 0.0000000000
93330  -37.818  11.762  48.882 0.0000000000
94335  -39.513  12.645  49.178 0.0000000000
93323  -39.154  11.898  49.152 0.0000000000
94348  -40.113  12.325  48.822 0.0000000000
93346  -41.307  11.798  47.847 0.0000000000
94364  -41.506  12.188  48.505 0.0000000000
94365  -42.298  12.575  48.340 0.0000000000
94337  -41.606  13.179  49.433 0.0000000000
96146  -40.040  14.686  47.865 0.0000000000
96148  -41.208  14.062  48.557 0.0000000000
95271  -41.550  13.990  48.013 0.0000000000
95287  -40.693  13.585  47.206 0.0000000000
94379  -40.607  12.793  46.447 0.0000000000
96184  -38.258  15.119  45.517 0.0000000000
95296  -37.920  14.121  45.742 0.0000000000
96197  -37.719  15.037  45.124 0.0000000000
95305  -37.304  14.131  44.824 0.0000000000
96206  -37.446  15.037  44.235 0.0000000000
97073  -36.474  15.790  40.101 0.0000000000
97917  -36.988  16.119  40.350 0.0000000000
97082  -36.784  15.732  39.582 0.0000000000
97089  -37.026  15.654  38.784 0.0000000000
97088  -36.162  15.683  38.761 0.0000000000
97931  -35.614  16.246  38.154 0.0000000000
97087  -35.268  15.895  38.759 0.0000000000
97924  -33.776  16.521  39.033 0.0000000000
97929  -34.181  16.891  38.572 0.0000000000
97914  -31.786  16.162  40.091 0.0000000000
97915  -32.408  16.060  39.863 0.0000000000
97921  -31.362  16.785  39.783 0.0000000000
100480  -31.913  19.123  39.477 0.0000000000
100481  -32.747  19.493  39.358 0.0000000000
100477  -32.045  19.816  39.745 0.0000000000
101344  -32.538  20.381  39.940 0.0000000000
92532  -48.621  10.866  25.250 0.0000000000
93611  -47.884  11.440  24.741 0.0000000000
94597  -47.076  12.145  24.041 0.0000000000
93610  -47.334  11.831  24.319 0.0000000000
93620  -46.941  11.607  23.831 0.0000000000
92561  -46.428  11.082  23.650 0.0000000000
91367  -42.279  9.401  31.539 0.0000000000
91397  -41.800  9.722  29.898 0.0000000000
93543  -40.004  11.086  29.152 0.0000000000
92458  -40.681  10.715  29.203 0.0000000000
92511  -42.562  10.618  26.203 0.0000000000
92495  -42.559  10.573  27.291 0.0000000000
93580  -45.089  11.383  25.549 0.0000000000
92528  -44.119  10.852  25.621 0.0000000000
93617  -44.325  11.328  23.096 0.0000000000
93607  -44.597  11.465  23.902 0.0000000000
93628  -44.822  11.013  22.656 0.0000000000
92572  -44.343  10.356  22.805 0.0000000000
92570  -42.549  10.160  22.379 0.0000000000
92582  -41.970  9.754  21.506 0.0000000000
91482  -42.037  9.308  21.256 0.0000000000
130326  -40.346  10.859  21.510 0.0000000000
92580  -40.655  10.309  21.082 0.0000000000
92588  -39.889  11.047  20.702 0.0000000000
94629  -39.351  11.932  19.948 0.0000000000
95548  -39.161  12.803  19.835 0.0000000000
96418  -38.929  13.329  19.773 0.0000000000
98826  -38.036  16.892  36.052 0.0000000000
97958  -40.468  16.534  35.423 0.0000000000
97959  -41.587  15.955  35.706 0.0000000000
97102  -41.650  15.267  36.240 0.0000000000
100528  -41.395  19.217  33.689 0.0000000000
99685  -41.159  18.718  33.840 0.0000000000
99686  -41.778  18.606  33.683 0.0000000000
97978  -43.547  16.351  33.671 0.0000000000
98847  -42.567  16.725  34.325 0.0000000000
97970  -42.840  16.271  34.162 0.0000000000
97117  -42.695  15.531  34.496 0.0000000000
96297  -42.862  15.044  34.015 0.0000000000
96306  -42.339  14.762  33.466 0.0000000000
96307  -42.968  15.204  33.461 0.0000000000
97145  -42.534  15.469  31.220 0.0000000000
96326  -42.148  15.073  31.807 0.0000000000
97156  -41.747  15.434  30.360 0.0000000000
102336  -46.643  21.347  35.838 0.0000000000
102348  -46.239  21.350  35.184 0.0000000000
102362  -46.560  21.266  34.332 0.0000000000
101466  -46.957  20.240  32.280 0.0000000000
101453  -46.362  20.914  33.357 0.0000000000
100548  -46.190  19.631  31.862 0.0000000000
100547  -45.430  19.515  32.099 0.0000000000
99724  -47.967  18.848  30.248 0.0000000000
99733  -45.072  18.221  29.489 0.0000000000
98893  -45.485  17.914  30.305 0.0000000000
98884  -45.607  17.748  31.027 0.0000000000
98883  -44.947  17.362  30.822 0.0000000000
130346  -44.495  17.285  30.882 0.0000000000
98031  -43.046  16.835  28.342 0.0000000000
98021  -43.212  16.710  28.913 0.0000000000
97179  -42.269  16.226  28.544 0.0000000000
97188  -40.693  15.478  27.572 0.0000000000
97189  -41.306  15.904  27.167 0.0000000000
98050  -41.501  16.442  25.678 0.0000000000
98059  -40.693  16.059  24.810 0.0000000000
97217  -41.126  16.081  23.801 0.0000000000
99791  -44.069  18.695  24.437 0.0000000000
98930  -43.506  17.856  24.644 0.0000000000
98090  -42.060  16.907  22.317 0.0000000000
98080  -42.270  16.715  23.079 0.0000000000
98079  -41.399  16.272  22.488 0.0000000000
97235  -40.902  15.757  22.588 0.0000000000
97234  -40.548  15.640  21.883 0.0000000000
96393  -40.054  14.708  21.132 0.0000000000
98097  -39.621  15.515  20.780 0.0000000000
98098  -39.929  15.560  20.746 0.0000000000
97241  -39.389  15.437  20.828 0.0000000000
96410  -38.618  14.044  20.115 0.0000000000
98086  -38.975  15.882  21.564 0.0000000000
99808  -41.787  18.597  21.894 0.0000000000
100645  -42.229  19.357  22.371 0.0000000000
99789  -40.849  18.315  24.033 0.0000000000
102474  -48.397  21.068  26.812 0.0000000000
101544  -47.843  20.709  25.245 0.0000000000
101529  -47.510  20.753  26.251 0.0000000000
101526  -44.575  20.715  25.906 0.0000000000
101527  -45.381  20.665  25.851 0.0000000000
101541  -44.828  20.911  25.254 0.0000000000
102498  -44.443  21.641  24.120 0.0000000000
102488  -44.063  21.383  24.950 0.0000000000
102435  -43.158  22.040  28.568 0.0000000000
102453  -43.538  21.531  27.553 0.0000000000
104199  -42.162  23.177  25.427 0.0000000000
103386  -42.563  22.760  25.547 0.0000000000
104211  -42.058  23.184  24.603 0.0000000000
104212  -42.837  22.943  24.643 0.0000000000
103385  -41.451  22.447  24.667 0.0000000000
103395  -41.192  23.135  24.570 0.0000000000
103373  -39.512  22.544  26.042 0.0000000000
102467  -39.485  21.841  26.454 0.0000000000
101516  -39.605  21.045  27.070 0.0000000000
102451  -39.033  21.434  27.031 0.0000000000
103362  -38.411  22.189  26.793 0.0000000000
103371  -37.736  23.164  26.421 0.0000000000
103361  -37.917  22.433  26.938 0.0000000000
103360  -36.979  22.870  27.263 0.0000000000
104172  -38.922  24.759  27.028 0.0000000000
104959  -38.410  25.219  26.892 0.0000000000
106449  -36.679  26.370  26.833 0.0000000000
105709  -37.209  25.499  26.546 0.0000000000
104968  -36.081  25.385  26.738 0.0000000000
104956  -35.895  24.933  27.119 0.0000000000
104075  -41.761  23.930  34.111 0.0000000000
104074  -41.274  23.876  34.124 0.0000000000
104088  -38.992  23.298  33.391 0.0000000000
104105  -37.634  23.051  32.193 0.0000000000
96263  -39.143  14.209  37.818 0.0000000000
97092  -39.731  15.173  37.888 0.0000000000
102284  -51.191  22.261  40.152 0.0000000000
103236  -51.946  22.518  39.124 0.0000000000
104055  -51.785  23.123  37.890 0.0000000000
104054  -51.383  23.612  37.485 0.0000000000
95318  -42.948  13.442  42.770 0.0000000000
94413  -42.308  12.846  43.075 0.0000000000
94420  -41.141  12.113  42.756 0.0000000000
94412  -41.634  12.481  43.254 0.0000000000
94401  -40.705  12.109  44.431 0.0000000000
94393  -40.412  12.138  45.541 0.0000000000
97036  -32.238  15.608  43.539 0.0000000000
97047  -31.313  15.468  42.616 0.0000000000
97046  -30.317  15.389  42.667 0.0000000000
92414  -45.822  10.242  32.562 0.0000000000
91354  -45.345  10.084  32.034 0.0000000000
91370  -45.094  9.899  31.522 0.0000000000
91369  -44.296  9.524  31.685 0.0000000000
95477  -38.639  13.217  29.412 0.0000000000
94558  -38.779  12.401  28.959 0.0000000000
95491  -38.664  13.305  27.786 0.0000000000
95499  -39.347  14.344  26.870 0.0000000000
102331  -42.409  21.415  36.737 0.0000000000
102344  -42.728  21.331  35.770 0.0000000000
102345  -43.589  21.431  35.574 0.0000000000
102360  -44.863  21.188  34.332 0.0000000000
99763  -50.038  19.191  26.980 0.0000000000
99774  -48.243  19.326  25.932 0.0000000000
99784  -47.245  19.250  24.920 0.0000000000
100625  -47.839  19.429  24.572 0.0000000000
100649  -47.207  19.706  23.265 0.0000000000
100662  -46.898  20.123  22.772 0.0000000000
101581  -46.434  20.708  22.638 0.0000000000
101582  -47.387  20.768  22.657 0.0000000000
102510  -47.314  21.549  23.105 0.0000000000
102501  -46.829  21.522  23.679 0.0000000000
103301  -43.687  22.734  31.487 0.0000000000
103320  -43.308  22.546  30.654 0.0000000000
103318  -41.595  22.545  30.382 0.0000000000
103298  -40.908  22.523  31.123 0.0000000000
103279  -40.249  22.705  31.833 0.0000000000
90269  -39.019  8.828  35.782 0.0000000000
92385  -38.418  10.637  34.339 0.0000000000
94507  -38.970  13.194  34.392 0.0000000000
95435  -38.791  13.257  33.268 0.0000000000
95448  -39.399  13.635  32.874 0.0000000000
96313  -40.580  14.330  33.024 0.0000000000
101376  -47.096  20.570  38.364 0.0000000000
101394  -48.859  20.700  37.401 0.0000000000
101408  -49.662  20.444  36.646 0.0000000000
100498  -52.201  20.164  35.830 0.0000000000
100497  -52.036  20.195  36.196 0.0000000000
100519  -52.526  19.570  34.018 0.0000000000
100536  -52.707  19.418  33.029 0.0000000000
100553  -52.546  19.576  32.042 0.0000000000
101483  -52.764  19.997  31.805 0.0000000000
101490  -52.129  20.419  30.530 0.0000000000
102411  -51.396  20.989  29.975 0.0000000000
102424  -50.704  21.152  29.088 0.0000000000
103327  -50.201  22.001  31.397 0.0000000000
103252  -49.719  22.160  35.175 0.0000000000
103272  -49.195  22.246  33.477 0.0000000000
104115  -47.201  22.979  33.018 0.0000000000
104096  -46.552  23.410  33.599 0.0000000000
104076  -45.956  23.848  34.168 0.0000000000
91468  -39.556  9.597  21.496 0.0000000000
99654  -35.543  18.408  37.149 0.0000000000
100487  -35.369  19.569  37.555 0.0000000000
101384  -35.746  19.810  37.579 0.0000000000
101385  -36.289  20.148  37.568 0.0000000000
102290  -37.504  21.700  39.606 0.0000000000
102306  -39.212  21.516  38.649 0.0000000000
102293  -40.510  21.409  39.771 0.0000000000
102225  -41.252  21.608  42.899 0.0000000000
102241  -41.803  21.459  42.429 0.0000000000
102260  -43.060  20.689  41.554 0.0000000000
101335  -43.427  20.706  42.016 0.0000000000
101325  -44.186  20.985  42.450 0.0000000000
92401  -47.948  11.630  33.100 0.0000000000
93494  -48.419  12.119  33.545 0.0000000000
93484  -47.594  11.740  34.355 0.0000000000
93433  -45.018  11.590  39.208 0.0000000000
93445  -45.420  11.383  38.456 0.0000000000
92353  -45.309  10.587  37.481 0.0000000000
92352  -44.668  10.346  37.874 0.0000000000
91270  -43.770  9.902  38.442 0.0000000000
91277  -43.362  9.412  37.928 0.0000000000
90235  -42.562  8.979  37.667 0.0000000000
90227  -42.310  9.292  38.442 0.0000000000
91266  -41.032  9.242  38.836 0.0000000000
92293  -37.695  10.744  42.232 0.0000000000
92300  -38.110  10.457  41.566 0.0000000000
92299  -37.131  10.721  41.553 0.0000000000
93417  -36.526  11.331  40.575 0.0000000000
94449  -36.440  12.165  39.869 0.0000000000
95365  -36.633  13.219  39.824 0.0000000000
95364  -36.343  12.777  40.305 0.0000000000
95248  -36.763  13.219  48.310 0.0000000000
94345  -37.430  12.634  48.621 0.0000000000
95249  -37.791  13.715  48.405 0.0000000000
95250  -38.623  13.689  48.987 0.0000000000
95240  -39.330  13.512  49.377 0.0000000000
96125  -40.461  13.798  49.248 0.0000000000
96130  -39.776  14.579  48.555 0.0000000000
96981  -39.417  14.952  47.887 0.0000000000
96169  -39.570  14.705  47.441 0.0000000000
96168  -39.181  14.820  46.817 0.0000000000
97010  -38.480  15.852  45.373 0.0000000000
97871  -38.212  16.820  45.072 0.0000000000
97906  -36.344  16.193  41.319 0.0000000000
97072  -35.814  15.573  40.417 0.0000000000
97080  -34.797  15.652  39.463 0.0000000000
93598  -47.486  12.074  24.920 0.0000000000
93597  -46.575  11.862  24.879 0.0000000000
93609  -46.230  11.781  24.238 0.0000000000
91366  -41.143  9.622  31.379 0.0000000000
91381  -41.417  9.749  30.501 0.0000000000
92475  -40.022  10.985  27.826 0.0000000000
92527  -43.596  10.893  25.096 0.0000000000
92544  -43.187  10.721  24.218 0.0000000000
93616  -43.490  10.767  23.306 0.0000000000
93626  -43.312  10.412  22.826 0.0000000000
92557  -42.656  10.437  23.189 0.0000000000
92556  -41.715  10.210  22.802 0.0000000000
130329  -39.975  11.839  20.920 0.0000000000
96402  -39.651  13.854  20.575 0.0000000000
99665  -38.548  18.341  35.324 0.0000000000
97956  -38.921  17.010  35.660 0.0000000000
98835  -39.203  17.533  35.230 0.0000000000
98844  -40.106  17.486  34.791 0.0000000000
97967  -40.716  16.956  34.822 0.0000000000
99687  -42.610  18.335  33.532 0.0000000000
99688  -43.450  17.875  33.304 0.0000000000
98858  -43.807  17.102  33.341 0.0000000000
97126  -43.487  15.614  32.959 0.0000000000
97135  -43.365  15.788  31.909 0.0000000000
101436  -47.928  20.980  34.077 0.0000000000
102379  -47.479  21.128  33.875 0.0000000000
101479  -47.175  19.798  31.696 0.0000000000
99747  -46.556  18.724  28.545 0.0000000000
99732  -44.410  17.806  29.263 0.0000000000
98891  -44.024  17.109  29.469 0.0000000000
98900  -43.911  17.577  28.599 0.0000000000
98907  -43.226  17.244  27.751 0.0000000000
98906  -42.685  16.986  27.346 0.0000000000
98041  -42.173  16.841  27.064 0.0000000000
98061  -42.125  16.795  25.207 0.0000000000
99802  -43.869  18.570  23.176 0.0000000000
99801  -43.028  18.052  23.178 0.0000000000
98951  -39.993  16.931  22.003 0.0000000000
100646  -42.581  20.141  22.757 0.0000000000
100633  -42.182  19.787  23.408 0.0000000000
100624  -41.706  19.797  24.393 0.0000000000
102456  -47.173  21.057  27.507 0.0000000000
101517  -46.869  20.874  26.801 0.0000000000
102471  -45.001  20.887  26.567 0.0000000000
103364  -42.097  22.382  27.657 0.0000000000
103375  -42.415  22.562  26.412 0.0000000000
103374  -41.808  22.974  26.476 0.0000000000
104198  -41.299  23.480  25.274 0.0000000000
104209  -40.956  23.309  24.744 0.0000000000
103372  -38.744  22.860  26.224 0.0000000000
103382  -39.056  23.486  25.501 0.0000000000
104195  -38.433  23.932  25.567 0.0000000000
104194  -37.957  24.325  25.706 0.0000000000
104160  -38.074  24.861  27.878 0.0000000000
104950  -37.726  25.366  27.695 0.0000000000
105690  -36.885  25.803  28.015 0.0000000000
106433  -36.266  26.428  27.490 0.0000000000
106432  -35.737  26.214  27.419 0.0000000000
106421  -35.931  26.635  28.424 0.0000000000
94470  -37.818  12.164  37.441 0.0000000000
93450  -37.973  11.678  36.948 0.0000000000
94472  -39.273  12.798  36.427 0.0000000000
95393  -39.835  13.378  36.247 0.0000000000
95408  -40.582  13.956  35.940 0.0000000000
95409  -41.048  14.304  35.808 0.0000000000
101365  -49.251  21.629  39.121 0.0000000000
102296  -49.856  21.520  39.549 0.0000000000
102312  -50.565  21.540  38.907 0.0000000000
102298  -51.576  21.955  39.540 0.0000000000
101381  -51.951  21.077  38.115 0.0000000000
101411  -52.238  20.617  36.657 0.0000000000
102353  -52.315  20.642  35.023 0.0000000000
102366  -51.882  20.645  34.069 0.0000000000
102381  -51.182  21.448  33.391 0.0000000000
103253  -50.215  21.829  34.676 0.0000000000
102338  -50.308  21.815  36.156 0.0000000000
103245  -49.018  22.838  36.160 0.0000000000
104064  -48.476  23.153  35.995 0.0000000000
90417  -41.236  8.820  21.733 0.0000000000
102302  -34.766  20.948  38.598 0.0000000000
102272  -35.543  21.889  40.623 0.0000000000
102252  -34.796  22.044  41.853 0.0000000000
93420  -43.375  11.634  40.558 0.0000000000
93419  -42.618  11.278  40.574 0.0000000000
92313  -41.447  10.644  40.767 0.0000000000
93418  -42.034  11.150  40.969 0.0000000000
92303  -40.881  10.807  41.309 0.0000000000
93407  -40.007  10.960  42.129 0.0000000000
93400  -40.455  11.606  42.641 0.0000000000
93399  -39.361  11.112  42.719 0.0000000000
92294  -38.524  10.711  42.261 0.0000000000
93398  -38.239  10.977  42.984 0.0000000000
93386  -36.275  12.479  43.222 0.0000000000
92249  -36.322  10.024  48.131 0.0000000000
92248  -35.867  10.594  47.888 0.0000000000
93343  -35.356  11.614  47.573 0.0000000000
94343  -35.766  12.492  48.076 0.0000000000
95265  -34.583  13.463  47.282 0.0000000000
95266  -35.832  13.479  47.892 0.0000000000
96142  -35.501  14.108  47.118 0.0000000000
97060  -33.430  15.341  41.501 0.0000000000
97068  -31.581  15.588  40.680 0.0000000000
97067  -30.631  15.630  40.782 0.0000000000
93518  -39.321  11.209  31.112 0.0000000000
92440  -39.733  11.005  30.700 0.0000000000
93530  -39.453  11.205  30.115 0.0000000000
93555  -39.869  11.150  28.467 0.0000000000
92492  -39.920  11.142  27.415 0.0000000000
93566  -40.160  10.928  26.440 0.0000000000
92524  -40.657  10.439  24.546 0.0000000000
92508  -40.009  10.733  25.204 0.0000000000
93593  -39.443  11.964  24.549 0.0000000000
94579  -38.731  12.763  25.800 0.0000000000
93592  -39.113  12.410  25.260 0.0000000000
94585  -39.055  12.868  24.748 0.0000000000
94594  -39.114  13.207  24.408 0.0000000000
95513  -39.312  13.970  24.079 0.0000000000
101429  -40.213  20.059  34.805 0.0000000000
100515  -41.444  19.813  33.905 0.0000000000
101431  -42.603  20.766  34.437 0.0000000000
101449  -42.300  20.244  33.793 0.0000000000
100530  -42.906  19.432  33.256 0.0000000000
100544  -43.286  19.093  32.554 0.0000000000
100545  -43.765  19.197  31.990 0.0000000000
100563  -44.404  18.841  31.812 0.0000000000
100593  -49.360  18.939  29.954 0.0000000000
99736  -48.758  18.586  29.528 0.0000000000
99748  -47.758  18.755  28.419 0.0000000000
99771  -44.692  18.668  26.531 0.0000000000
99793  -46.339  19.295  24.280 0.0000000000
99792  -45.030  19.548  24.028 0.0000000000
99810  -43.790  18.683  22.086 0.0000000000
100670  -42.641  18.862  21.588 0.0000000000
100671  -43.094  19.465  21.526 0.0000000000
101590  -43.668  20.178  21.632 0.0000000000
101589  -43.270  20.187  21.900 0.0000000000
101580  -45.376  20.659  22.519 0.0000000000
101578  -43.696  20.820  22.006 0.0000000000
102522  -43.670  21.402  22.616 0.0000000000
103425  -43.649  21.815  22.910 0.0000000000
103410  -43.646  22.078  23.186 0.0000000000
103340  -45.490  21.990  29.844 0.0000000000
102419  -44.934  21.792  29.501 0.0000000000
102418  -43.829  21.941  29.547 0.0000000000
103338  -43.083  22.293  29.886 0.0000000000
103354  -42.820  22.335  29.220 0.0000000000
102434  -42.543  22.169  28.116 0.0000000000
104174  -40.281  23.977  26.930 0.0000000000
104961  -39.747  24.508  26.630 0.0000000000
104162  -39.386  23.761  27.878 0.0000000000
103334  -39.883  22.876  29.199 0.0000000000
104150  -38.575  23.696  28.696 0.0000000000
104139  -37.756  23.397  29.702 0.0000000000
91320  -42.126  8.698  34.290 0.0000000000
91336  -42.800  9.000  33.591 0.0000000000
91335  -41.611  8.876  33.548 0.0000000000
91334  -40.477  9.261  33.532 0.0000000000
91319  -40.219  9.090  34.174 0.0000000000
91349  -40.239  9.810  32.411 0.0000000000
92412  -40.193  10.165  31.928 0.0000000000
94492  -38.604  12.306  34.965 0.0000000000
93483  -38.389  11.517  34.121 0.0000000000
92410  -38.882  11.045  32.658 0.0000000000
93506  -39.332  10.978  31.632 0.0000000000
94539  -38.536  12.432  30.666 0.0000000000
95458  -38.738  13.281  31.353 0.0000000000
95470  -38.699  13.382  30.398 0.0000000000
96343  -40.365  15.038  29.528 0.0000000000
102325  -44.624  21.328  36.940 0.0000000000
101391  -45.464  21.030  37.291 0.0000000000
101405  -46.343  21.148  36.561 0.0000000000
101406  -47.527  21.033  36.193 0.0000000000
101418  -47.886  20.978  34.974 0.0000000000
101437  -48.673  20.665  34.471 0.0000000000
100550  -50.154  19.817  33.148 0.0000000000
101395  -49.853  20.680  37.504 0.0000000000
101421  -50.299  20.196  36.066 0.0000000000
100505  -51.728  19.874  35.652 0.0000000000
100504  -50.764  20.017  35.600 0.0000000000
100516  -50.245  20.004  35.235 0.0000000000
100533  -50.255  19.898  34.342 0.0000000000
99715  -51.131  18.678  30.611 0.0000000000
99738  -50.782  18.843  29.095 0.0000000000
100571  -51.966  19.099  31.033 0.0000000000
99739  -51.296  19.423  29.098 0.0000000000
99751  -50.747  19.205  27.996 0.0000000000
99764  -50.388  19.381  27.312 0.0000000000
101533  -50.394  20.250  26.814 0.0000000000
101532  -50.030  20.521  26.278 0.0000000000
101545  -48.779  20.630  25.428 0.0000000000
101531  -49.395  20.867  26.080 0.0000000000
102475  -49.233  21.244  26.657 0.0000000000
102457  -48.131  21.137  27.613 0.0000000000
102439  -47.667  21.350  28.513 0.0000000000
102421  -47.141  21.707  29.491 0.0000000000
102387  -50.599  21.660  32.956 0.0000000000
103307  -49.610  22.250  31.919 0.0000000000
103286  -48.921  22.448  32.588 0.0000000000
103325  -48.367  22.173  30.722 0.0000000000
103324  -47.285  22.212  30.403 0.0000000000
102407  -46.554  22.050  29.954 0.0000000000
103302  -44.665  22.639  31.273 0.0000000000
104132  -46.014  23.005  31.971 0.0000000000
104130  -44.225  22.967  31.961 0.0000000000
104111  -43.571  23.168  32.475 0.0000000000
97938  -36.656  16.487  37.343 0.0000000000
97939  -37.554  16.138  37.243 0.0000000000
97943  -37.089  16.668  36.698 0.0000000000
98825  -37.286  17.299  35.992 0.0000000000
99656  -35.993  18.355  36.678 0.0000000000
99664  -37.884  18.363  35.584 0.0000000000
100500  -38.152  19.068  35.520 0.0000000000
101414  -38.337  19.742  35.607 0.0000000000
101415  -39.253  20.043  35.384 0.0000000000
102316  -36.261  20.639  38.006 0.0000000000
102304  -37.053  21.368  38.584 0.0000000000
102342  -40.914  21.353  36.100 0.0000000000
102330  -41.413  21.320  36.895 0.0000000000
102323  -43.159  21.371  37.523 0.0000000000
101389  -43.778  21.159  37.631 0.0000000000
102277  -40.846  21.614  40.657 0.0000000000
102294  -41.197  21.102  40.071 0.0000000000
102258  -41.661  21.500  41.471 0.0000000000
102278  -41.614  21.278  40.703 0.0000000000
101371  -42.265  20.812  39.382 0.0000000000
101372  -42.986  20.893  39.064 0.0000000000
101373  -43.687  20.927  38.296 0.0000000000
101349  -44.845  20.363  40.724 0.0000000000
101351  -47.206  20.658  40.339 0.0000000000
101339  -47.877  21.056  40.788 0.0000000000
92415  -46.954  10.759  32.527 0.0000000000
92398  -45.557  10.064  33.482 0.0000000000
91338  -45.002  9.543  33.796 0.0000000000
91322  -44.254  9.269  34.832 0.0000000000
92376  -46.067  10.466  35.642 0.0000000000
92362  -45.772  10.359  36.517 0.0000000000
91309  -45.517  9.895  35.719 0.0000000000
91321  -43.005  8.861  34.856 0.0000000000
90248  -40.561  8.321  36.326 0.0000000000
90234  -41.637  8.579  37.371 0.0000000000
90233  -40.897  8.494  37.053 0.0000000000
90247  -39.560  8.475  36.426 0.0000000000
90246  -38.704  8.844  36.618 0.0000000000
91285  -37.886  9.853  37.373 0.0000000000
92327  -41.123  10.084  40.129 0.0000000000
91236  -39.801  9.660  40.254 0.0000000000
91250  -39.445  9.250  39.538 0.0000000000
92309  -37.569  10.238  40.643 0.0000000000
91248  -37.884  9.646  39.751 0.0000000000
92351  -37.505  10.469  37.809 0.0000000000
93449  -37.532  11.374  37.454 0.0000000000
95376  -37.913  13.414  38.417 0.0000000000
97084  -38.200  15.190  39.185 0.0000000000
97090  -37.890  15.607  38.681 0.0000000000
95300  -43.816  14.553  45.936 0.0000000000
92286  -42.803  10.069  43.998 0.0000000000
92279  -42.760  10.097  44.862 0.0000000000
92276  -43.328  10.795  45.313 0.0000000000
91165  -37.727  10.096  48.353 0.0000000000
91166  -38.263  10.116  48.085 0.0000000000
92251  -39.482  10.780  47.701 0.0000000000
93331  -38.586  11.437  48.940 0.0000000000
92240  -39.215  10.948  48.330 0.0000000000
92252  -40.445  11.018  47.436 0.0000000000
92253  -41.136  11.127  47.200 0.0000000000
92264  -42.317  10.963  46.369 0.0000000000
93371  -42.952  11.397  46.358 0.0000000000
93359  -43.601  12.160  46.712 0.0000000000
94382  -43.476  12.924  47.616 0.0000000000
95243  -41.686  13.719  49.256 0.0000000000
94351  -42.879  13.751  48.825 0.0000000000
95273  -43.446  13.896  47.808 0.0000000000
95289  -43.314  14.098  46.838 0.0000000000
94380  -41.125  12.663  46.029 0.0000000000
94392  -39.526  12.349  46.122 0.0000000000
95285  -38.976  14.134  46.542 0.0000000000
94391  -38.470  13.151  46.087 0.0000000000
93368  -38.193  12.512  45.531 0.0000000000
93376  -37.148  12.591  44.670 0.0000000000
94410  -36.932  13.248  44.248 0.0000000000
95329  -37.010  14.133  43.273 0.0000000000
97869  -36.898  16.980  45.499 0.0000000000
98780  -37.552  17.384  45.130 0.0000000000
97881  -37.677  16.844  44.314 0.0000000000
97893  -37.564  16.666  43.903 0.0000000000
97040  -37.768  16.474  43.955 0.0000000000
97039  -37.877  15.852  43.693 0.0000000000
96217  -37.277  14.837  43.070 0.0000000000
96216  -36.901  14.583  42.426 0.0000000000
97937  -35.920  16.638  37.605 0.0000000000
97930  -34.790  16.679  38.222 0.0000000000
98819  -34.865  17.534  37.845 0.0000000000
100485  -34.196  19.009  38.376 0.0000000000
97078  -33.000  15.696  39.927 0.0000000000
97923  -32.845  16.462  39.453 0.0000000000
99648  -33.142  18.424  38.813 0.0000000000
101356  -33.431  20.170  39.431 0.0000000000
102286  -33.441  20.666  39.797 0.0000000000
102268  -31.620  20.714  40.736 0.0000000000
102269  -32.133  20.899  40.629 0.0000000000
102250  -32.510  21.377  41.388 0.0000000000
92531  -47.682  10.528  25.158 0.0000000000
92548  -47.416  11.109  24.240 0.0000000000
92530  -46.847  10.548  24.643 0.0000000000
92529  -46.402  10.483  24.253 0.0000000000
92546  -45.902  10.555  23.796 0.0000000000
92545  -45.426  10.468  23.225 0.0000000000
91384  -44.017  9.804  30.892 0.0000000000
91383  -43.142  9.681  30.761 0.0000000000
92444  -43.876  10.147  30.090 0.0000000000
92459  -41.474  10.210  29.443 0.0000000000
92478  -42.565  10.352  28.331 0.0000000000
92479  -43.564  10.434  28.325 0.0000000000
92497  -44.398  10.753  27.367 0.0000000000
93596  -45.631  11.503  24.926 0.0000000000
93608  -45.424  11.568  24.101 0.0000000000
93594  -44.141  11.385  24.466 0.0000000000
93619  -46.164  11.519  23.738 0.0000000000
92559  -45.126  10.277  22.836 0.0000000000
91462  -44.484  9.931  23.114 0.0000000000
91473  -44.011  9.992  23.009 0.0000000000
91472  -43.380  9.714  22.745 0.0000000000
90427  -41.950  9.063  20.923 0.0000000000
90426  -41.469  9.027  21.013 0.0000000000
92541  -40.792  10.373  23.349 0.0000000000
92555  -41.027  10.268  22.397 0.0000000000
92581  -41.244  9.848  21.305 0.0000000000
91479  -39.724  9.703  20.928 0.0000000000
91490  -39.323  10.320  20.712 0.0000000000
92587  -38.853  11.380  20.412 0.0000000000
97940  -38.519  15.887  37.202 0.0000000000
97941  -39.345  15.886  36.931 0.0000000000
97096  -40.060  15.498  37.247 0.0000000000
97957  -39.512  16.751  35.675 0.0000000000
97946  -40.009  16.198  36.465 0.0000000000
97100  -40.632  15.611  36.806 0.0000000000
97098  -41.416  15.093  36.892 0.0000000000
96275  -41.784  14.871  35.983 0.0000000000
96287  -42.072  14.728  35.469 0.0000000000
99675  -40.614  18.396  34.309 0.0000000000
98845  -41.070  17.453  34.543 0.0000000000
98856  -42.525  17.704  34.015 0.0000000000
98846  -42.089  17.238  34.349 0.0000000000
97111  -42.382  15.347  35.310 0.0000000000
96295  -41.630  14.317  34.977 0.0000000000
96314  -41.412  14.518  32.759 0.0000000000
96325  -41.450  14.790  31.882 0.0000000000
97155  -40.963  15.172  30.448 0.0000000000
102334  -45.132  21.429  36.261 0.0000000000
102347  -45.417  21.434  35.264 0.0000000000
101434  -45.573  20.952  33.844 0.0000000000
101452  -45.375  20.692  33.134 0.0000000000
101464  -45.074  20.078  32.633 0.0000000000
100564  -45.023  18.849  31.758 0.0000000000
99710  -44.871  18.262  32.137 0.0000000000
100568  -48.242  19.410  31.076 0.0000000000
100567  -47.209  19.358  31.246 0.0000000000
99723  -47.024  18.471  30.305 0.0000000000
99713  -46.723  18.666  30.905 0.0000000000
100566  -46.416  19.091  31.340 0.0000000000
99712  -45.950  18.340  31.201 0.0000000000
98874  -45.528  17.838  31.413 0.0000000000
97995  -44.809  16.900  31.831 0.0000000000
97147  -43.558  16.925  31.276 0.0000000000
97158  -42.991  16.457  30.032 0.0000000000
98890  -43.572  16.840  29.159 0.0000000000
97169  -42.946  16.479  29.500 0.0000000000
97157  -42.469  15.866  30.197 0.0000000000
97167  -41.736  15.644  29.408 0.0000000000
97177  -40.769  15.406  28.771 0.0000000000
97176  -40.177  15.260  28.621 0.0000000000
96357  -40.288  15.214  26.832 0.0000000000
97197  -40.171  15.342  26.270 0.0000000000
98040  -41.460  16.327  26.610 0.0000000000
96379  -40.099  15.252  24.033 0.0000000000
97225  -40.031  14.907  23.306 0.0000000000
98923  -43.395  17.786  25.641 0.0000000000
98929  -42.723  17.403  24.870 0.0000000000
98070  -42.012  16.998  24.136 0.0000000000
97227  -41.091  15.836  23.198 0.0000000000
97226  -40.491  15.228  22.903 0.0000000000
97242  -40.197  15.271  20.921 0.0000000000
96412  -39.563  14.558  20.264 0.0000000000
99799  -40.924  18.243  23.023 0.0000000000
101556  -46.501  21.301  24.350 0.0000000000
101528  -46.324  20.774  26.087 0.0000000000
101542  -45.819  20.789  24.846 0.0000000000
102490  -45.599  21.366  24.246 0.0000000000
103399  -44.476  21.894  23.662 0.0000000000
103397  -42.990  22.526  23.783 0.0000000000
102470  -43.797  21.251  26.264 0.0000000000
103376  -43.201  22.134  26.244 0.0000000000
103387  -43.188  22.386  25.386 0.0000000000
102487  -41.290  21.996  25.071 0.0000000000
101524  -40.750  20.852  25.798 0.0000000000
101523  -40.099  20.913  26.538 0.0000000000
102449  -37.344  21.867  27.518 0.0000000000
104960  -39.313  24.897  26.570 0.0000000000
105722  -38.462  25.291  25.839 0.0000000000
105720  -37.392  24.844  25.811 0.0000000000
105699  -37.909  25.748  27.047 0.0000000000
104181  -37.032  23.950  26.645 0.0000000000
104948  -35.290  25.076  28.459 0.0000000000
104879  -48.249  23.989  36.246 0.0000000000
104910  -45.162  24.175  33.897 0.0000000000
104093  -43.934  23.585  33.284 0.0000000000
104092  -42.981  23.551  33.339 0.0000000000
104894  -43.703  24.502  34.469 0.0000000000
104109  -41.592  23.177  32.479 0.0000000000
104108  -40.576  23.087  32.610 0.0000000000
104089  -39.984  23.341  33.428 0.0000000000
104107  -39.619  22.964  32.599 0.0000000000
104125  -38.390  22.763  31.446 0.0000000000
104124  -37.464  23.027  31.011 0.0000000000
90136  -40.296  9.213  45.553 0.0000000000
90223  -39.221  8.864  37.913 0.0000000000
90251  -43.102  8.764  36.890 0.0000000000
90273  -42.872  8.720  36.215 0.0000000000
90300  -40.504  8.996  34.039 0.0000000000
90415  -40.373  9.141  22.109 0.0000000000
90416  -40.676  9.074  21.911 0.0000000000
91164  -37.272  10.247  48.477 0.0000000000
91193  -38.704  9.419  46.808 0.0000000000
91207  -41.856  9.753  45.390 0.0000000000
91212  -42.383  9.730  44.897 0.0000000000
91233  -37.710  9.859  40.105 0.0000000000
91234  -38.182  9.725  40.248 0.0000000000
91249  -38.513  9.379  39.572 0.0000000000
91251  -40.481  9.551  39.688 0.0000000000
91268  -42.604  9.702  39.052 0.0000000000
91275  -38.419  9.218  37.435 0.0000000000
91276  -42.822  9.410  38.360 0.0000000000
91278  -44.209  9.713  37.789 0.0000000000
91286  -38.235  9.635  36.610 0.0000000000
91305  -40.002  9.069  34.658 0.0000000000
91396  -41.387  9.836  30.023 0.0000000000
92236  -36.394  11.140  48.375 0.0000000000
92250  -38.786  10.545  48.016 0.0000000000
92262  -40.581  10.410  46.776 0.0000000000
92263  -41.591  10.905  46.691 0.0000000000
92275  -42.675  10.481  45.739 0.0000000000
92278  -42.376  9.744  44.657 0.0000000000
92285  -42.376  9.787  44.341 0.0000000000
92292  -37.192  10.884  42.148 0.0000000000
92298  -36.693  11.011  41.157 0.0000000000
92314  -42.101  10.760  40.438 0.0000000000
92328  -41.817  10.212  40.076 0.0000000000
92346  -44.325  10.485  38.704 0.0000000000
92347  -44.897  10.801  38.258 0.0000000000
92377  -46.538  11.048  35.514 0.0000000000
92397  -39.340  10.315  32.928 0.0000000000
92413  -45.225  9.992  33.126 0.0000000000
92547  -46.748  10.733  23.921 0.0000000000
93321  -38.276  12.296  49.235 0.0000000000
93322  -38.663  12.099  49.268 0.0000000000
93329  -36.840  11.710  48.542 0.0000000000
93332  -39.414  11.533  48.768 0.0000000000
93333  -40.329  11.865  48.578 0.0000000000
93334  -41.007  11.912  48.510 0.0000000000
93344  -39.713  11.386  48.279 0.0000000000
93357  -41.768  11.492  47.318 0.0000000000
93358  -42.593  11.763  47.087 0.0000000000
93369  -38.659  12.185  45.504 0.0000000000
93370  -39.417  11.872  45.334 0.0000000000
93406  -36.911  10.978  42.051 0.0000000000
93411  -42.974  11.756  41.159 0.0000000000
93442  -36.622  10.973  38.924 0.0000000000
93452  -46.482  11.475  37.334 0.0000000000
93615  -43.154  10.471  22.978 0.0000000000
94334  -38.628  12.838  49.276 0.0000000000
94338  -42.045  13.496  49.334 0.0000000000
94346  -38.088  13.091  48.947 0.0000000000
94347  -39.524  12.120  48.913 0.0000000000
94349  -41.341  12.408  49.076 0.0000000000
94366  -43.061  13.475  48.514 0.0000000000
94377  -39.260  13.669  46.583 0.0000000000
94381  -42.606  12.403  47.651 0.0000000000
94390  -37.902  13.416  45.791 0.0000000000
94400  -37.924  12.684  45.534 0.0000000000
94409  -36.453  13.060  43.441 0.0000000000
94421  -41.757  12.252  42.401 0.0000000000
94452  -45.471  12.124  39.329 0.0000000000
94508  -48.565  12.649  34.740 0.0000000000
94575  -39.082  11.743  26.924 0.0000000000
94587  -47.049  12.212  24.415 0.0000000000
94596  -46.722  12.132  24.158 0.0000000000
94602  -46.731  11.984  23.880 0.0000000000
95241  -40.153  13.409  49.347 0.0000000000
95242  -40.972  13.562  49.254 0.0000000000
95244  -42.186  13.835  49.211 0.0000000000
95247  -36.178  12.952  48.240 0.0000000000
95251  -41.312  13.963  49.053 0.0000000000
95252  -41.727  14.135  48.880 0.0000000000
95253  -42.491  14.048  48.740 0.0000000000
95254  -43.118  14.033  48.501 0.0000000000
95270  -40.451  14.246  47.682 0.0000000000
95286  -39.758  14.152  47.069 0.0000000000
95297  -38.428  14.068  46.255 0.0000000000
95306  -42.175  13.032  44.262 0.0000000000
95316  -36.796  13.701  43.515 0.0000000000
95328  -36.683  13.897  42.769 0.0000000000
95341  -43.245  12.648  41.583 0.0000000000
95422  -38.932  13.394  34.014 0.0000000000
95425  -41.012  14.197  35.344 0.0000000000
95471  -38.893  13.981  30.400 0.0000000000
96123  -39.247  14.203  49.098 0.0000000000
96124  -39.957  14.054  49.304 0.0000000000
96128  -38.037  14.388  47.976 0.0000000000
96132  -41.271  14.073  48.829 0.0000000000
96145  -38.315  14.824  47.743 0.0000000000
96147  -40.646  14.300  48.239 0.0000000000
96207  -44.033  14.377  44.426 0.0000000000
96224  -36.647  14.393  41.850 0.0000000000
96264  -39.825  14.361  37.703 0.0000000000
96274  -41.463  14.761  36.493 0.0000000000
96286  -41.480  14.523  35.767 0.0000000000
96322  -38.755  13.725  30.976 0.0000000000
96323  -39.083  14.077  31.326 0.0000000000
96350  -40.209  15.219  28.897 0.0000000000
96364  -40.226  15.296  26.506 0.0000000000
96419  -39.156  13.303  19.703 0.0000000000
96973  -39.075  14.997  48.098 0.0000000000
96974  -39.260  14.854  48.271 0.0000000000
97009  -38.177  15.489  45.177 0.0000000000
97026  -38.226  16.288  44.469 0.0000000000
97097  -40.890  15.196  37.269 0.0000000000
97101  -41.195  15.436  36.684 0.0000000000
97110  -41.997  15.475  35.735 0.0000000000
97125  -42.818  15.090  32.943 0.0000000000
97198  -40.722  15.693  26.383 0.0000000000
97215  -40.174  15.174  23.652 0.0000000000
97248  -39.436  14.923  20.450 0.0000000000
97249  -39.790  14.954  20.536 0.0000000000
97870  -37.886  17.045  45.502 0.0000000000
97880  -37.344  17.151  44.047 0.0000000000
97948  -41.353  15.616  36.250 0.0000000000
97960  -42.140  15.764  35.485 0.0000000000
97987  -44.906  16.942  32.069 0.0000000000
97993  -43.766  17.166  31.093 0.0000000000
97994  -44.267  17.130  31.235 0.0000000000
98001  -43.842  17.145  30.705 0.0000000000
98002  -43.680  17.017  30.616 0.0000000000
98003  -43.944  17.043  30.351 0.0000000000
98010  -42.939  16.525  29.160 0.0000000000
98011  -43.443  16.691  29.606 0.0000000000
98019  -42.223  16.337  28.135 0.0000000000
98020  -42.679  16.501  28.580 0.0000000000
98030  -42.565  16.729  27.806 0.0000000000
98039  -41.093  16.217  26.044 0.0000000000
98049  -40.850  16.186  25.456 0.0000000000
98781  -37.981  17.264  45.175 0.0000000000
98787  -37.840  17.257  44.871 0.0000000000
98794  -37.154  17.466  43.918 0.0000000000
98833  -37.638  17.836  35.680 0.0000000000
98843  -39.527  17.964  34.846 0.0000000000
98867  -44.800  17.177  32.252 0.0000000000
98880  -44.073  17.240  31.051 0.0000000000
98881  -44.010  17.242  30.843 0.0000000000
98882  -44.232  17.218  30.506 0.0000000000
99658  -37.242  18.307  35.794 0.0000000000
99677  -42.139  18.004  33.989 0.0000000000
99701  -45.044  17.669  32.151 0.0000000000
99709  -44.289  18.500  32.249 0.0000000000
99711  -45.411  18.101  31.751 0.0000000000
99725  -50.318  18.837  29.895 0.0000000000
99726  -50.825  18.724  30.157 0.0000000000
99727  -51.481  18.944  29.992 0.0000000000
99775  -49.319  19.324  26.280 0.0000000000
99785  -47.975  19.318  25.051 0.0000000000
99811  -44.240  19.256  21.854 0.0000000000
99820  -43.952  19.472  21.606 0.0000000000
100483  -34.239  19.591  38.519 0.0000000000
100489  -35.258  19.018  37.412 0.0000000000
100495  -36.900  19.000  36.188 0.0000000000
100502  -39.397  19.236  34.843 0.0000000000
100503  -50.243  20.104  35.680 0.0000000000
100546  -44.633  19.444  32.199 0.0000000000
100572  -52.446  19.704  31.156 0.0000000000
100583  -50.696  18.786  30.492 0.0000000000
100584  -51.993  19.670  30.147 0.0000000000
100601  -50.765  19.842  28.160 0.0000000000
100602  -51.293  19.906  28.689 0.0000000000
100609  -50.324  19.517  26.910 0.0000000000
100610  -50.497  19.727  27.371 0.0000000000
100618  -49.548  19.612  25.833 0.0000000000
100619  -50.138  19.754  26.239 0.0000000000
100620  -50.371  19.779  26.800 0.0000000000
100634  -42.509  20.343  23.230 0.0000000000
100636  -46.740  19.397  23.731 0.0000000000
100637  -47.427  19.468  24.009 0.0000000000
100650  -47.847  19.839  23.371 0.0000000000
100651  -48.104  20.181  23.399 0.0000000000
100663  -47.700  20.140  22.831 0.0000000000
100672  -43.741  19.701  21.559 0.0000000000
101323  -43.025  21.285  42.709 0.0000000000
101345  -33.113  20.500  39.846 0.0000000000
101346  -42.059  20.881  40.644 0.0000000000
101353  -48.775  21.273  39.784 0.0000000000
101357  -34.022  20.131  38.924 0.0000000000
101366  -49.798  21.704  38.992 0.0000000000
101370  -35.993  20.501  38.049 0.0000000000
101380  -51.169  21.055  38.227 0.0000000000
101382  -52.237  21.203  37.903 0.0000000000
101388  -39.028  20.925  36.997 0.0000000000
101398  -52.251  20.910  37.577 0.0000000000
101413  -37.942  19.485  35.739 0.0000000000
101422  -50.989  20.183  36.096 0.0000000000
101433  -44.980  20.865  33.642 0.0000000000
101435  -46.070  21.042  34.025 0.0000000000
101439  -52.609  20.172  33.982 0.0000000000
101440  -52.573  20.037  34.511 0.0000000000
101463  -44.620  19.941  32.682 0.0000000000
101482  -52.349  20.492  31.450 0.0000000000
101491  -52.513  20.112  31.131 0.0000000000
101501  -51.239  20.628  29.120 0.0000000000
101510  -50.895  20.441  28.538 0.0000000000
101518  -47.316  20.882  26.888 0.0000000000
101538  -41.068  21.468  25.425 0.0000000000
101546  -49.542  20.285  25.790 0.0000000000
101555  -46.007  21.353  24.321 0.0000000000
101568  -47.631  20.918  23.632 0.0000000000
101577  -43.137  20.686  22.499 0.0000000000
101583  -48.117  20.706  22.807 0.0000000000
101591  -44.011  20.096  21.572 0.0000000000
102239  -40.418  21.659  41.866 0.0000000000
102255  -39.483  21.659  41.002 0.0000000000
102257  -40.935  21.725  41.347 0.0000000000
102295  -49.275  21.400  39.714 0.0000000000
102311  -50.094  21.651  38.949 0.0000000000
102335  -45.931  21.410  35.963 0.0000000000
102350  -49.986  21.872  35.871 0.0000000000
102351  -50.561  21.691  35.377 0.0000000000
102363  -47.354  21.231  34.370 0.0000000000
102378  -47.056  21.195  33.812 0.0000000000
102380  -50.304  21.673  33.580 0.0000000000
102406  -46.143  22.151  29.945 0.0000000000
102458  -49.049  21.384  27.455 0.0000000000
102476  -49.934  21.082  26.589 0.0000000000
102477  -50.244  20.734  26.642 0.0000000000
102499  -45.090  21.582  23.761 0.0000000000
102502  -47.446  21.339  23.455 0.0000000000
102508  -45.490  21.763  23.340 0.0000000000
102511  -48.073  21.456  23.124 0.0000000000
102512  -48.243  21.048  22.943 0.0000000000
102525  -45.846  21.307  22.801 0.0000000000
102527  -47.800  21.346  22.778 0.0000000000
102528  -48.224  21.285  22.850 0.0000000000
103215  -41.349  21.791  41.093 0.0000000000
103221  -50.060  22.195  40.966 0.0000000000
103227  -41.313  21.692  40.880 0.0000000000
103228  -41.528  21.648  40.998 0.0000000000
103232  -50.367  22.744  40.659 0.0000000000
103233  -50.992  22.605  40.536 0.0000000000
103237  -52.309  22.097  38.631 0.0000000000
103249  -52.184  21.730  36.839 0.0000000000
103251  -48.935  22.630  35.564 0.0000000000
103262  -50.254  21.769  34.381 0.0000000000
103281  -41.568  22.998  31.912 0.0000000000
103283  -43.521  22.848  32.024 0.0000000000
103288  -50.491  21.734  32.576 0.0000000000
103315  -38.914  22.854  30.025 0.0000000000
103339  -43.674  22.236  30.159 0.0000000000
103341  -45.809  22.146  30.002 0.0000000000
103343  -48.035  22.113  30.093 0.0000000000
103384  -40.847  22.871  24.741 0.0000000000
103413  -45.455  21.959  23.079 0.0000000000
103427  -44.556  22.120  22.690 0.0000000000
104141  -39.217  23.007  29.614 0.0000000000
104148  -37.122  24.868  28.980 0.0000000000
104152  -39.966  22.893  28.831 0.0000000000
104182  -37.559  23.903  25.912 0.0000000000
104897  -46.301  24.292  34.848 0.0000000000
104906  -42.007  23.952  34.086 0.0000000000
104951  -38.208  25.009  27.536 0.0000000000
104958  -37.779  25.572  27.123 0.0000000000
104970  -37.234  24.663  26.241 0.0000000000
104971  -38.518  25.387  26.289 0.0000000000
104972  -39.113  25.332  25.972 0.0000000000
104981  -37.678  24.677  25.830 0.0000000000
104982  -38.203  24.759  25.644 0.0000000000
105696  -35.631  25.701  27.253 0.0000000000
105697  -36.741  26.433  27.380 0.0000000000
105708  -36.343  25.805  26.625 0.0000000000
105711  -38.553  25.421  26.056 0.0000000000
105721  -37.840  25.218  25.955 0.0000000000
106434  -36.786  26.507  27.168 0.0000000000
106447  -35.770  26.060  27.009 0.0000000000
106448  -36.051  26.237  26.915 0.0000000000
130345  -44.252  17.254  30.871 0.0000000000
