#!ascii label  , from subject 3851 vox2ras=TkReg
1272
53097  9.489  -26.911  80.848 0.0000000000
44377  8.497  -34.557  61.909 0.0000000000
43072  4.845  -34.629  76.859 0.0000000000
52203  3.821  -27.270  73.945 0.0000000000
59296  6.805  -21.702  67.265 0.0000000000
47615  5.710  -30.877  80.315 0.0000000000
51064  4.376  -28.017  78.621 0.0000000000
52142  12.727  -27.308  81.044 0.0000000000
45258  8.467  -31.616  79.608 0.0000000000
40834  6.722  -36.122  76.969 0.0000000000
59211  4.064  -22.043  77.715 0.0000000000
56965  4.798  -24.444  71.444 0.0000000000
61384  4.080  -18.486  74.253 0.0000000000
39740  4.182  -38.521  72.284 0.0000000000
44262  4.694  -34.499  69.836 0.0000000000
47690  4.364  -31.900  75.005 0.0000000000
55614  3.581  -24.583  78.722 0.0000000000
48861  6.659  -30.458  68.552 0.0000000000
51260  4.741  -27.582  64.914 0.0000000000
54571  3.429  -25.597  62.370 0.0000000000
61505  3.140  -18.779  65.676 0.0000000000
51049  7.178  -28.794  81.229 0.0000000000
52155  6.169  -27.905  80.683 0.0000000000
53086  11.303  -26.678  81.209 0.0000000000
48704  10.476  -29.487  80.811 0.0000000000
49857  8.984  -29.073  81.461 0.0000000000
46439  6.983  -31.548  80.583 0.0000000000
60278  5.236  -20.490  75.532 0.0000000000
41981  4.622  -35.585  74.921 0.0000000000
43126  4.371  -34.560  73.828 0.0000000000
45295  3.833  -33.358  75.872 0.0000000000
55548  4.760  -24.621  79.953 0.0000000000
53112  4.074  -25.981  78.869 0.0000000000
40823  5.100  -35.114  77.061 0.0000000000
38518  6.045  -37.479  75.498 0.0000000000
39700  5.244  -36.724  75.365 0.0000000000
38565  4.100  -39.286  73.530 0.0000000000
47747  4.603  -31.631  71.440 0.0000000000
47776  5.296  -32.924  68.910 0.0000000000
49981  4.559  -29.314  71.522 0.0000000000
56991  7.039  -23.549  69.620 0.0000000000
54488  5.195  -25.867  68.282 0.0000000000
55777  5.372  -24.838  66.505 0.0000000000
54552  4.128  -26.234  63.062 0.0000000000
57055  5.921  -23.283  63.622 0.0000000000
45271  5.374  -32.931  77.806 0.0000000000
47630  4.841  -30.713  77.877 0.0000000000
49868  5.089  -29.246  79.263 0.0000000000
54292  5.077  -25.575  79.688 0.0000000000
52164  13.680  -26.576  79.768 0.0000000000
49886  12.385  -28.224  76.926 0.0000000000
49875  11.783  -28.763  78.949 0.0000000000
47636  9.516  -31.057  77.803 0.0000000000
43033  7.375  -33.698  78.456 0.0000000000
43021  6.012  -33.753  78.372 0.0000000000
55668  3.459  -24.060  75.813 0.0000000000
54418  4.421  -25.854  72.591 0.0000000000
55665  4.684  -23.565  74.649 0.0000000000
58135  6.386  -21.798  73.493 0.0000000000
60326  6.007  -19.975  71.985 0.0000000000
56868  11.816  -25.076  79.446 0.0000000000
54333  16.949  -24.319  78.072 0.0000000000
56848  18.884  -22.565  79.883 0.0000000000
55533  14.827  -24.341  80.662 0.0000000000
56828  13.612  -23.970  80.212 0.0000000000
37593  3.944  -40.473  70.403 0.0000000000
40927  4.568  -37.514  68.992 0.0000000000
42065  4.612  -36.330  70.909 0.0000000000
45371  4.386  -33.450  72.054 0.0000000000
49932  3.904  -29.208  74.429 0.0000000000
49880  4.200  -29.093  77.690 0.0000000000
51084  3.766  -27.975  76.673 0.0000000000
53160  4.217  -26.585  75.722 0.0000000000
58086  3.529  -22.908  78.258 0.0000000000
42139  5.035  -36.257  67.852 0.0000000000
45474  6.320  -33.941  66.347 0.0000000000
46672  8.252  -32.619  64.298 0.0000000000
52256  5.011  -27.286  70.137 0.0000000000
52286  6.724  -28.013  66.660 0.0000000000
47835  7.175  -30.542  62.798 0.0000000000
48942  4.870  -29.401  62.588 0.0000000000
50201  3.678  -29.048  61.538 0.0000000000
63723  3.377  -17.976  73.258 0.0000000000
61464  4.776  -19.189  70.395 0.0000000000
63785  3.699  -18.063  68.762 0.0000000000
59310  5.079  -20.408  66.292 0.0000000000
58231  3.983  -21.896  63.048 0.0000000000
53089  8.416  -27.717  80.814 0.0000000000
53099  8.012  -27.777  80.337 0.0000000000
54288  8.960  -27.127  79.649 0.0000000000
54269  10.545  -26.493  80.767 0.0000000000
51048  9.521  -28.143  81.530 0.0000000000
52139  8.590  -28.182  81.320 0.0000000000
49852  7.788  -28.991  81.536 0.0000000000
43292  7.167  -35.827  60.673 0.0000000000
45553  7.389  -33.685  61.258 0.0000000000
43083  4.427  -35.021  75.691 0.0000000000
43098  4.362  -34.760  75.266 0.0000000000
44170  4.620  -33.910  76.601 0.0000000000
51089  13.983  -26.747  75.726 0.0000000000
41954  4.964  -35.075  76.804 0.0000000000
39686  5.412  -35.944  76.222 0.0000000000
41960  4.855  -35.218  76.357 0.0000000000
40866  4.889  -36.101  75.062 0.0000000000
49948  3.738  -29.303  73.264 0.0000000000
48828  5.068  -30.591  71.097 0.0000000000
51134  3.425  -28.262  72.507 0.0000000000
57004  7.463  -23.266  68.807 0.0000000000
55761  6.088  -24.549  67.612 0.0000000000
57033  7.309  -23.370  66.491 0.0000000000
55804  5.562  -24.482  64.679 0.0000000000
58215  6.977  -22.788  65.086 0.0000000000
46446  5.261  -31.641  78.938 0.0000000000
47620  5.231  -31.024  78.806 0.0000000000
48707  5.462  -30.023  79.572 0.0000000000
53102  5.400  -26.966  79.929 0.0000000000
55575  5.731  -24.913  79.145 0.0000000000
52161  13.213  -26.942  80.277 0.0000000000
51063  12.715  -27.386  79.756 0.0000000000
51059  12.263  -28.207  80.530 0.0000000000
47619  9.344  -30.717  79.997 0.0000000000
47628  10.059  -30.582  78.872 0.0000000000
46450  9.065  -31.329  79.153 0.0000000000
44129  8.029  -32.850  79.202 0.0000000000
46440  6.215  -31.381  80.515 0.0000000000
44127  6.783  -32.716  79.805 0.0000000000
45262  5.775  -32.591  78.985 0.0000000000
44134  5.715  -33.264  78.270 0.0000000000
58105  3.644  -22.914  76.646 0.0000000000
58124  4.188  -23.579  75.405 0.0000000000
58104  4.515  -22.572  76.289 0.0000000000
61362  4.722  -19.194  74.951 0.0000000000
60277  5.571  -20.797  75.158 0.0000000000
60302  6.050  -20.349  73.840 0.0000000000
60312  6.334  -20.758  72.649 0.0000000000
61404  5.232  -18.908  73.300 0.0000000000
55541  15.377  -24.305  80.493 0.0000000000
39749  4.275  -38.549  71.353 0.0000000000
40918  4.447  -37.349  70.792 0.0000000000
40907  4.583  -37.587  71.827 0.0000000000
45328  4.264  -33.170  74.786 0.0000000000
44208  4.386  -34.143  73.560 0.0000000000
46537  4.370  -32.628  74.120 0.0000000000
47725  3.742  -31.598  73.172 0.0000000000
48772  4.034  -30.705  75.000 0.0000000000
48717  4.734  -29.948  78.188 0.0000000000
48723  4.642  -29.916  77.765 0.0000000000
49876  4.352  -28.779  78.147 0.0000000000
54320  3.771  -25.281  79.123 0.0000000000
52173  3.750  -27.145  78.191 0.0000000000
54339  3.537  -26.016  77.638 0.0000000000
52184  4.173  -27.111  76.277 0.0000000000
54356  3.716  -25.526  77.165 0.0000000000
55640  3.322  -24.277  76.741 0.0000000000
56891  3.459  -23.729  78.462 0.0000000000
48731  11.057  -29.065  76.990 0.0000000000
49912  11.764  -28.338  75.663 0.0000000000
40845  7.246  -35.873  76.377 0.0000000000
39697  7.117  -36.786  75.051 0.0000000000
39682  6.611  -36.350  75.788 0.0000000000
37523  5.082  -38.688  74.452 0.0000000000
37521  5.668  -38.906  74.139 0.0000000000
39732  4.254  -38.350  73.185 0.0000000000
38579  3.962  -39.487  72.699 0.0000000000
42101  4.857  -35.785  69.319 0.0000000000
40956  4.835  -36.807  68.407 0.0000000000
44293  4.870  -35.016  68.766 0.0000000000
47774  5.768  -31.838  68.701 0.0000000000
46662  5.855  -33.452  67.109 0.0000000000
46650  6.398  -32.607  66.828 0.0000000000
46674  6.974  -33.165  65.531 0.0000000000
48905  7.269  -31.362  66.253 0.0000000000
55704  4.288  -25.409  71.902 0.0000000000
53240  4.361  -26.525  71.305 0.0000000000
54459  4.045  -26.055  70.526 0.0000000000
53314  5.262  -26.290  66.277 0.0000000000
52289  5.591  -27.036  67.212 0.0000000000
51240  5.764  -27.724  65.650 0.0000000000
50103  6.965  -29.331  65.018 0.0000000000
50133  5.968  -29.013  64.240 0.0000000000
48940  5.909  -29.582  63.015 0.0000000000
50135  5.003  -28.368  63.998 0.0000000000
54572  3.328  -25.983  62.648 0.0000000000
52330  3.653  -27.481  62.925 0.0000000000
53390  3.071  -26.703  62.270 0.0000000000
63722  3.554  -17.533  72.907 0.0000000000
61442  3.924  -18.288  72.012 0.0000000000
62599  3.823  -18.131  71.554 0.0000000000
63814  3.482  -17.943  66.387 0.0000000000
62666  3.536  -18.637  67.153 0.0000000000
60378  4.123  -19.572  67.310 0.0000000000
60386  3.826  -19.482  65.945 0.0000000000
59340  4.529  -21.245  63.907 0.0000000000
60396  3.730  -20.151  64.268 0.0000000000
48702  6.490  -29.811  81.101 0.0000000000
49863  5.835  -29.205  80.536 0.0000000000
51050  6.715  -28.804  80.952 0.0000000000
53085  12.202  -26.550  81.053 0.0000000000
49853  11.722  -28.437  80.945 0.0000000000
49855  10.406  -28.674  81.334 0.0000000000
48697  9.796  -29.477  81.157 0.0000000000
47605  8.659  -29.972  80.900 0.0000000000
45252  8.083  -31.594  80.215 0.0000000000
47606  7.970  -30.488  81.140 0.0000000000
48701  7.086  -29.750  81.455 0.0000000000
61315  4.700  -19.795  78.134 0.0000000000
59210  4.485  -21.442  77.347 0.0000000000
61325  4.744  -19.516  77.117 0.0000000000
62526  4.563  -18.803  76.606 0.0000000000
62527  4.139  -18.221  76.017 0.0000000000
40884  4.664  -37.127  73.608 0.0000000000
42012  4.561  -36.283  73.188 0.0000000000
41996  4.447  -34.958  74.121 0.0000000000
44184  4.194  -33.838  75.136 0.0000000000
46496  4.222  -32.535  75.414 0.0000000000
53104  4.799  -26.171  79.537 0.0000000000
52166  4.223  -26.646  78.816 0.0000000000
54293  3.910  -25.298  79.569 0.0000000000
55558  3.625  -24.675  79.771 0.0000000000
58061  3.730  -23.618  79.836 0.0000000000
59188  3.775  -22.640  79.258 0.0000000000
39659  5.958  -36.117  77.321 0.0000000000
39683  6.173  -36.653  75.875 0.0000000000
39685  5.610  -36.532  75.767 0.0000000000
39699  5.191  -36.994  75.169 0.0000000000
38536  4.794  -38.124  74.771 0.0000000000
37537  4.766  -39.497  74.039 0.0000000000
38551  4.496  -38.803  74.191 0.0000000000
39722  4.566  -37.969  73.974 0.0000000000
46591  4.821  -32.672  70.915 0.0000000000
45421  4.765  -33.766  69.436 0.0000000000
47761  5.199  -31.890  70.706 0.0000000000
48845  5.593  -31.296  70.429 0.0000000000
48826  6.013  -30.194  69.860 0.0000000000
56979  5.272  -24.032  70.546 0.0000000000
55731  4.769  -25.254  69.682 0.0000000000
55730  5.554  -24.677  69.094 0.0000000000
55764  5.223  -25.389  67.265 0.0000000000
53333  4.926  -26.481  65.135 0.0000000000
52308  4.670  -26.931  64.211 0.0000000000
55795  4.923  -25.479  64.339 0.0000000000
55806  4.855  -25.151  63.721 0.0000000000
55820  4.489  -25.018  62.777 0.0000000000
62698  3.177  -18.295  65.226 0.0000000000
61517  3.476  -19.556  63.988 0.0000000000
61531  3.767  -18.775  63.443 0.0000000000
43060  4.603  -34.599  77.655 0.0000000000
45280  5.039  -32.874  77.329 0.0000000000
46459  5.291  -32.406  77.768 0.0000000000
48714  4.940  -30.248  78.539 0.0000000000
49869  4.930  -28.714  79.020 0.0000000000
51054  5.579  -28.375  80.449 0.0000000000
51055  5.029  -28.238  79.789 0.0000000000
52158  4.812  -27.200  79.747 0.0000000000
55557  5.050  -25.093  79.927 0.0000000000
51070  14.020  -26.582  78.831 0.0000000000
51076  13.350  -27.188  77.413 0.0000000000
51072  12.642  -27.443  78.032 0.0000000000
48708  11.322  -29.255  79.819 0.0000000000
48716  10.724  -29.952  78.720 0.0000000000
47645  10.034  -30.644  77.150 0.0000000000
41952  7.957  -34.959  76.984 0.0000000000
41943  7.044  -34.839  77.450 0.0000000000
44131  7.366  -33.119  79.628 0.0000000000
43034  6.849  -34.057  78.365 0.0000000000
41935  6.134  -35.080  77.507 0.0000000000
41936  5.659  -34.913  77.429 0.0000000000
43048  4.849  -34.380  77.502 0.0000000000
54390  3.970  -25.555  74.241 0.0000000000
53193  4.200  -26.356  73.409 0.0000000000
55678  4.346  -24.989  74.005 0.0000000000
56947  4.726  -24.659  73.468 0.0000000000
56953  5.071  -24.361  72.683 0.0000000000
58112  5.149  -22.484  75.494 0.0000000000
58123  5.493  -22.735  74.455 0.0000000000
58146  6.055  -23.507  72.686 0.0000000000
58164  6.592  -23.072  71.326 0.0000000000
58162  7.305  -22.449  70.300 0.0000000000
59280  6.463  -21.026  69.632 0.0000000000
55554  11.303  -25.723  79.690 0.0000000000
53122  15.727  -25.374  78.044 0.0000000000
56865  20.565  -22.453  79.569 0.0000000000
56824  20.072  -22.158  80.346 0.0000000000
55570  19.026  -22.781  79.346 0.0000000000
54296  17.566  -23.724  78.916 0.0000000000
54297  16.702  -24.246  79.208 0.0000000000
53115  15.126  -25.608  78.925 0.0000000000
52153  13.760  -26.087  80.174 0.0000000000
53083  13.876  -25.865  81.023 0.0000000000
55534  13.868  -24.709  80.943 0.0000000000
54266  12.975  -25.608  80.957 0.0000000000
55536  12.461  -25.452  80.472 0.0000000000
55544  11.841  -25.749  80.164 0.0000000000
42083  4.679  -36.194  69.974 0.0000000000
43178  4.748  -35.181  70.056 0.0000000000
43138  4.606  -35.439  72.672 0.0000000000
44234  4.710  -34.983  71.556 0.0000000000
45386  4.611  -33.456  71.151 0.0000000000
46575  4.396  -32.565  71.721 0.0000000000
48797  3.957  -30.428  72.845 0.0000000000
51105  3.951  -28.082  74.439 0.0000000000
46466  4.971  -31.987  77.133 0.0000000000
47647  4.640  -31.220  76.989 0.0000000000
48742  4.478  -30.371  76.763 0.0000000000
51069  3.873  -27.789  78.176 0.0000000000
51078  3.812  -28.751  77.107 0.0000000000
49898  4.006  -29.493  76.561 0.0000000000
51091  4.091  -28.360  75.298 0.0000000000
52190  4.370  -27.409  74.935 0.0000000000
53175  3.991  -26.434  74.549 0.0000000000
55653  3.652  -24.549  75.894 0.0000000000
56908  3.192  -23.387  76.845 0.0000000000
59212  3.742  -22.450  77.683 0.0000000000
59187  3.941  -21.838  79.119 0.0000000000
59194  3.891  -21.716  78.659 0.0000000000
60243  4.349  -20.834  78.476 0.0000000000
39709  7.119  -37.309  74.447 0.0000000000
38517  6.382  -37.346  75.422 0.0000000000
45454  5.313  -34.408  67.980 0.0000000000
44327  5.963  -34.677  66.657 0.0000000000
45519  8.488  -33.524  63.412 0.0000000000
52228  3.956  -27.306  71.908 0.0000000000
51178  4.909  -28.216  70.438 0.0000000000
50017  6.022  -28.684  69.854 0.0000000000
53275  5.019  -26.398  69.193 0.0000000000
52253  6.086  -27.575  68.716 0.0000000000
50057  7.154  -29.553  67.696 0.0000000000
50102  7.425  -29.916  65.565 0.0000000000
48937  7.741  -30.667  64.110 0.0000000000
46696  8.216  -32.310  62.155 0.0000000000
46698  6.540  -32.018  61.566 0.0000000000
52317  4.084  -27.560  63.358 0.0000000000
50181  4.194  -28.960  62.422 0.0000000000
63699  3.399  -17.614  75.373 0.0000000000
64919  3.509  -16.696  74.480 0.0000000000
62560  3.448  -18.138  73.916 0.0000000000
61425  4.395  -18.550  72.502 0.0000000000
60341  5.342  -19.713  70.675 0.0000000000
59289  5.870  -20.874  68.427 0.0000000000
61466  3.912  -19.091  69.654 0.0000000000
60366  4.863  -20.091  68.159 0.0000000000
59309  5.830  -20.987  66.329 0.0000000000
58217  5.538  -21.503  64.532 0.0000000000
58243  4.738  -22.748  63.107 0.0000000000
57073  3.851  -23.968  62.098 0.0000000000
58253  3.699  -22.779  62.082 0.0000000000
53098  8.967  -27.261  80.703 0.0000000000
54270  9.789  -26.762  80.859 0.0000000000
52146  9.357  -27.627  81.331 0.0000000000
53088  9.377  -27.071  81.043 0.0000000000
52147  8.585  -27.842  81.124 0.0000000000
43276  8.416  -35.624  61.697 0.0000000000
43277  7.716  -35.813  61.155 0.0000000000
44391  7.054  -34.993  60.539 0.0000000000
44378  7.775  -34.703  61.117 0.0000000000
41961  4.630  -34.966  76.206 0.0000000000
43084  4.461  -34.592  76.053 0.0000000000
52175  14.560  -26.074  77.263 0.0000000000
52178  14.588  -26.116  76.211 0.0000000000
51080  13.894  -26.706  76.786 0.0000000000
43071  4.893  -34.853  76.943 0.0000000000
41968  4.666  -35.391  75.657 0.0000000000
51120  3.502  -28.202  73.549 0.0000000000
49964  4.106  -29.309  72.382 0.0000000000
58179  7.198  -22.231  68.374 0.0000000000
57024  7.354  -23.398  67.164 0.0000000000
58204  7.412  -22.886  66.755 0.0000000000
57034  6.917  -23.693  65.853 0.0000000000
58205  7.207  -22.684  66.035 0.0000000000
46442  5.380  -31.143  79.464 0.0000000000
47616  5.535  -30.653  79.842 0.0000000000
52154  13.286  -26.731  80.500 0.0000000000
51058  12.721  -27.523  80.338 0.0000000000
51052  12.789  -27.673  80.948 0.0000000000
46443  8.875  -31.280  79.671 0.0000000000
47622  9.278  -30.971  79.601 0.0000000000
45277  8.428  -32.297  78.574 0.0000000000
45269  8.483  -31.818  79.276 0.0000000000
45278  8.121  -32.816  78.667 0.0000000000
45270  8.247  -32.548  79.061 0.0000000000
45256  5.962  -32.241  79.735 0.0000000000
46441  5.517  -31.505  79.716 0.0000000000
46445  5.321  -31.924  79.188 0.0000000000
59223  3.839  -22.500  77.339 0.0000000000
58114  3.738  -23.317  75.901 0.0000000000
59222  4.249  -22.312  77.048 0.0000000000
60290  5.299  -19.669  74.719 0.0000000000
61383  4.953  -18.914  74.129 0.0000000000
61382  5.602  -19.547  74.019 0.0000000000
46518  4.342  -32.526  74.921 0.0000000000
45339  4.391  -33.013  74.361 0.0000000000
47689  4.375  -32.233  74.608 0.0000000000
47709  4.146  -31.790  74.184 0.0000000000
55596  3.612  -24.844  79.275 0.0000000000
53124  3.628  -25.622  78.539 0.0000000000
54338  3.571  -25.369  78.169 0.0000000000
55627  3.460  -24.471  77.834 0.0000000000
40846  6.884  -36.060  76.435 0.0000000000
37536  5.229  -39.742  73.953 0.0000000000
38594  4.004  -39.550  71.787 0.0000000000
43179  4.778  -35.214  69.434 0.0000000000
42115  4.845  -35.845  69.222 0.0000000000
44276  4.727  -34.739  69.174 0.0000000000
48878  6.010  -31.656  68.240 0.0000000000
47788  6.099  -31.861  67.818 0.0000000000
48891  6.461  -31.549  67.397 0.0000000000
47802  6.695  -32.093  66.702 0.0000000000
48876  6.865  -30.509  67.741 0.0000000000
56966  4.357  -25.053  71.242 0.0000000000
55718  4.003  -25.539  70.965 0.0000000000
56981  4.241  -25.184  70.749 0.0000000000
52300  5.281  -26.881  65.874 0.0000000000
52299  5.614  -27.148  66.263 0.0000000000
51241  5.365  -27.495  65.615 0.0000000000
51258  5.672  -28.106  65.161 0.0000000000
50106  5.228  -28.294  64.655 0.0000000000
50134  5.452  -28.773  64.137 0.0000000000
50107  4.919  -28.076  64.729 0.0000000000
53408  3.021  -26.192  62.431 0.0000000000
54595  3.113  -25.906  62.297 0.0000000000
64930  4.351  -16.175  73.062 0.0000000000
64942  3.723  -16.990  72.340 0.0000000000
63733  3.659  -17.660  72.077 0.0000000000
64952  4.019  -17.224  71.470 0.0000000000
62682  2.252  -18.235  66.343 0.0000000000
62680  3.657  -18.328  66.951 0.0000000000
61494  2.844  -18.616  66.264 0.0000000000
61493  3.396  -19.088  66.607 0.0000000000
59321  3.885  -20.210  64.460 0.0000000000
60395  3.652  -19.663  64.768 0.0000000000
49859  6.816  -29.218  81.285 0.0000000000
49860  6.362  -29.248  80.881 0.0000000000
52149  7.179  -28.498  80.799 0.0000000000
54277  8.523  -27.454  80.092 0.0000000000
52144  11.253  -27.258  81.433 0.0000000000
49849  9.163  -28.674  81.519 0.0000000000
49856  9.604  -28.800  81.496 0.0000000000
48698  9.083  -29.429  81.228 0.0000000000
47604  9.162  -29.749  80.907 0.0000000000
47613  8.407  -30.731  80.775 0.0000000000
48699  8.407  -29.515  81.340 0.0000000000
51043  7.636  -28.728  81.362 0.0000000000
48695  7.556  -29.384  81.498 0.0000000000
47608  6.666  -30.435  81.257 0.0000000000
62507  4.504  -18.472  77.239 0.0000000000
62508  4.206  -17.822  76.640 0.0000000000
63685  4.064  -17.340  76.127 0.0000000000
41995  4.517  -35.755  74.050 0.0000000000
44174  4.211  -33.976  75.923 0.0000000000
45309  3.914  -33.111  75.507 0.0000000000
46482  4.131  -32.540  76.032 0.0000000000
54282  4.886  -25.242  80.063 0.0000000000
54283  4.207  -25.370  79.870 0.0000000000
55549  4.287  -24.628  80.147 0.0000000000
56836  4.033  -23.924  80.237 0.0000000000
56854  3.716  -24.003  80.062 0.0000000000
58042  4.204  -23.032  79.790 0.0000000000
59165  4.039  -22.819  79.680 0.0000000000
40836  5.438  -35.818  77.043 0.0000000000
39671  5.816  -36.257  76.827 0.0000000000
39672  5.495  -35.968  76.603 0.0000000000
38535  5.132  -37.704  75.103 0.0000000000
39711  4.819  -37.242  74.801 0.0000000000
40875  4.752  -36.658  74.410 0.0000000000
48827  5.714  -30.336  70.417 0.0000000000
56978  6.378  -23.506  70.905 0.0000000000
56993  5.311  -24.492  69.568 0.0000000000
56992  6.050  -23.964  69.394 0.0000000000
55776  5.907  -24.605  66.656 0.0000000000
55762  5.536  -24.824  67.612 0.0000000000
55778  5.091  -25.054  66.255 0.0000000000
54500  5.215  -25.788  66.724 0.0000000000
55779  5.097  -25.364  65.754 0.0000000000
54515  5.093  -25.939  64.990 0.0000000000
55794  4.995  -25.091  64.951 0.0000000000
57045  5.654  -24.143  63.926 0.0000000000
55805  5.215  -24.666  64.128 0.0000000000
55819  4.876  -24.476  63.109 0.0000000000
63837  3.509  -17.751  65.678 0.0000000000
63861  3.571  -17.838  64.825 0.0000000000
62713  3.455  -18.267  64.238 0.0000000000
63882  3.822  -17.929  63.781 0.0000000000
44154  5.269  -33.771  77.588 0.0000000000
45279  5.226  -32.972  77.562 0.0000000000
48710  5.200  -30.294  79.119 0.0000000000
47623  5.149  -30.982  78.459 0.0000000000
49872  4.987  -29.917  78.903 0.0000000000
51051  6.187  -28.684  80.749 0.0000000000
52151  6.021  -28.164  80.782 0.0000000000
52157  5.218  -27.481  80.111 0.0000000000
53103  5.022  -26.584  79.815 0.0000000000
54281  5.165  -25.874  80.066 0.0000000000
52168  13.818  -26.571  79.557 0.0000000000
51071  13.358  -26.966  78.448 0.0000000000
51066  13.467  -26.877  79.438 0.0000000000
49870  12.262  -28.081  79.333 0.0000000000
49874  12.152  -28.070  78.597 0.0000000000
49862  11.265  -28.849  80.806 0.0000000000
49867  11.271  -29.107  80.431 0.0000000000
48712  10.612  -29.855  79.355 0.0000000000
47635  10.099  -30.482  78.189 0.0000000000
48722  10.648  -29.872  78.028 0.0000000000
47646  9.453  -31.440  77.093 0.0000000000
45289  8.607  -32.642  76.951 0.0000000000
43032  7.584  -33.607  78.060 0.0000000000
43046  7.484  -34.281  77.542 0.0000000000
41953  7.708  -35.120  77.016 0.0000000000
46438  7.533  -31.486  80.566 0.0000000000
45260  7.603  -32.543  79.863 0.0000000000
45254  7.225  -32.192  80.043 0.0000000000
44133  6.294  -32.994  79.117 0.0000000000
44132  6.894  -33.238  79.468 0.0000000000
43020  6.598  -33.650  78.731 0.0000000000
41934  6.603  -34.581  77.692 0.0000000000
43035  6.329  -34.226  78.042 0.0000000000
43036  6.124  -34.150  77.941 0.0000000000
44146  5.448  -33.695  77.859 0.0000000000
43038  5.262  -33.992  77.657 0.0000000000
43049  4.843  -34.155  77.653 0.0000000000
55667  3.977  -24.613  75.165 0.0000000000
56934  4.498  -23.578  74.932 0.0000000000
56935  4.274  -24.121  74.883 0.0000000000
56946  4.838  -23.979  74.067 0.0000000000
60263  4.795  -20.481  76.723 0.0000000000
59221  4.895  -21.762  76.358 0.0000000000
59231  5.309  -21.562  75.698 0.0000000000
59238  6.107  -21.236  74.401 0.0000000000
58122  5.873  -22.056  74.841 0.0000000000
58136  6.241  -22.034  73.830 0.0000000000
58137  5.783  -23.052  73.580 0.0000000000
58145  6.337  -22.667  72.971 0.0000000000
58153  6.382  -23.204  71.932 0.0000000000
58144  6.445  -21.883  73.157 0.0000000000
60325  6.308  -20.683  72.260 0.0000000000
59263  6.587  -21.287  71.795 0.0000000000
60339  6.403  -20.509  71.432 0.0000000000
59269  7.222  -21.739  70.176 0.0000000000
60354  6.374  -20.457  70.600 0.0000000000
55572  10.982  -25.554  79.123 0.0000000000
56882  11.512  -24.923  79.002 0.0000000000
54332  17.587  -23.922  77.827 0.0000000000
53133  16.600  -24.545  76.817 0.0000000000
53121  16.626  -24.564  77.653 0.0000000000
53113  16.468  -24.735  78.282 0.0000000000
58034  19.056  -22.051  80.422 0.0000000000
56825  19.256  -22.188  80.297 0.0000000000
56847  19.472  -22.423  79.964 0.0000000000
55551  18.713  -22.583  79.837 0.0000000000
55571  17.965  -23.273  79.244 0.0000000000
54298  16.011  -24.494  79.631 0.0000000000
53109  15.650  -24.876  79.180 0.0000000000
53105  15.224  -24.957  79.745 0.0000000000
55542  14.751  -24.617  80.672 0.0000000000
53094  14.375  -25.490  80.211 0.0000000000
54264  14.476  -24.906  80.908 0.0000000000
53095  14.044  -25.770  80.478 0.0000000000
54265  13.951  -25.301  81.109 0.0000000000
58036  14.575  -23.192  80.160 0.0000000000
56822  13.718  -24.231  80.492 0.0000000000
55535  12.949  -24.989  80.835 0.0000000000
56823  12.962  -24.681  80.559 0.0000000000
56829  12.933  -24.402  80.182 0.0000000000
56867  12.128  -24.418  79.292 0.0000000000
56830  12.291  -25.042  79.949 0.0000000000
56851  11.935  -25.335  79.766 0.0000000000
55545  11.210  -25.969  80.090 0.0000000000
38619  4.405  -39.584  70.102 0.0000000000
43166  4.687  -35.539  70.766 0.0000000000
43125  4.414  -35.249  73.526 0.0000000000
43139  4.377  -34.742  73.314 0.0000000000
45355  4.468  -33.429  73.043 0.0000000000
44221  4.580  -34.422  72.515 0.0000000000
44235  4.566  -34.205  71.398 0.0000000000
46557  4.232  -32.536  72.618 0.0000000000
48785  3.545  -30.513  73.821 0.0000000000
45285  4.654  -33.024  76.963 0.0000000000
48733  4.689  -30.113  77.305 0.0000000000
47656  4.630  -31.444  76.326 0.0000000000
52170  3.969  -26.890  78.496 0.0000000000
52176  3.672  -27.341  77.575 0.0000000000
51074  3.737  -28.204  77.723 0.0000000000
51079  3.715  -28.042  77.060 0.0000000000
51083  3.829  -28.443  76.361 0.0000000000
49913  3.954  -29.440  75.645 0.0000000000
53161  4.179  -26.748  76.262 0.0000000000
52183  4.145  -27.638  75.978 0.0000000000
54380  3.928  -25.481  75.258 0.0000000000
54370  3.857  -25.424  76.198 0.0000000000
56899  3.374  -23.541  77.610 0.0000000000
58095  3.527  -22.873  77.540 0.0000000000
59202  3.656  -22.304  78.225 0.0000000000
51077  12.835  -27.805  77.158 0.0000000000
51081  13.259  -27.490  76.348 0.0000000000
51082  12.786  -27.920  76.620 0.0000000000
37582  3.850  -40.509  71.275 0.0000000000
40968  4.932  -36.913  67.986 0.0000000000
40955  5.027  -37.397  67.988 0.0000000000
40967  5.262  -36.915  67.589 0.0000000000
42125  5.590  -36.689  66.949 0.0000000000
46623  5.120  -32.938  69.316 0.0000000000
46654  5.092  -34.031  68.384 0.0000000000
46639  5.384  -33.397  68.467 0.0000000000
46661  6.244  -33.302  66.647 0.0000000000
45475  5.636  -34.026  66.841 0.0000000000
43235  6.309  -35.433  66.548 0.0000000000
44345  7.151  -34.522  65.551 0.0000000000
46673  7.573  -32.740  64.948 0.0000000000
45500  7.912  -33.586  64.256 0.0000000000
46686  8.494  -32.613  63.696 0.0000000000
53210  4.221  -26.369  72.470 0.0000000000
53225  4.052  -26.523  71.930 0.0000000000
53258  4.550  -26.528  70.343 0.0000000000
52239  4.577  -27.281  71.201 0.0000000000
51177  5.197  -27.964  70.072 0.0000000000
50018  5.386  -28.604  70.135 0.0000000000
51176  5.817  -27.888  69.796 0.0000000000
55749  5.248  -25.568  68.862 0.0000000000
54474  4.579  -25.983  69.527 0.0000000000
52288  5.943  -27.359  67.276 0.0000000000
52270  5.743  -27.426  68.149 0.0000000000
52269  6.168  -27.736  68.224 0.0000000000
51195  6.575  -28.373  68.491 0.0000000000
51217  7.088  -28.492  67.280 0.0000000000
50056  7.305  -29.566  66.862 0.0000000000
51237  7.417  -29.208  66.108 0.0000000000
50157  6.961  -29.823  64.012 0.0000000000
50131  7.254  -29.905  64.612 0.0000000000
48938  7.284  -30.256  63.706 0.0000000000
47845  8.395  -31.735  62.789 0.0000000000
47846  7.770  -31.372  62.329 0.0000000000
46697  7.378  -32.095  61.703 0.0000000000
47847  6.903  -31.167  61.971 0.0000000000
48941  5.357  -29.548  62.765 0.0000000000
47838  5.333  -30.128  62.118 0.0000000000
53353  4.487  -26.597  63.682 0.0000000000
52318  4.372  -27.135  63.656 0.0000000000
51307  3.559  -28.247  62.345 0.0000000000
48969  3.967  -29.577  61.185 0.0000000000
66140  3.865  -16.286  74.101 0.0000000000
64920  3.123  -17.283  74.177 0.0000000000
63711  3.115  -17.842  73.991 0.0000000000
61406  3.950  -18.285  73.369 0.0000000000
61407  3.975  -18.239  73.129 0.0000000000
61452  4.816  -19.089  70.888 0.0000000000
61440  4.763  -18.923  71.249 0.0000000000
60342  5.130  -19.423  70.641 0.0000000000
60356  5.393  -20.063  69.837 0.0000000000
59282  5.026  -20.273  69.383 0.0000000000
63784  3.886  -17.986  68.253 0.0000000000
64977  4.171  -17.390  69.669 0.0000000000
63757  3.778  -17.817  70.015 0.0000000000
63758  3.739  -18.245  70.197 0.0000000000
62629  3.716  -18.560  69.532 0.0000000000
59300  4.496  -19.932  67.068 0.0000000000
60377  4.693  -19.939  67.657 0.0000000000
59299  4.747  -20.267  67.071 0.0000000000
59298  5.286  -20.699  67.402 0.0000000000
58207  6.068  -21.377  65.351 0.0000000000
59318  5.293  -20.745  65.346 0.0000000000
59341  4.068  -21.229  63.623 0.0000000000
58244  4.337  -22.640  62.727 0.0000000000
57064  4.106  -23.496  62.284 0.0000000000
57065  3.850  -23.055  62.119 0.0000000000
60415  3.473  -20.666  63.098 0.0000000000
52141  7.554  -28.533  81.105 0.0000000000
52148  7.889  -28.221  80.915 0.0000000000
53087  10.347  -26.837  81.181 0.0000000000
52145  10.325  -27.395  81.389 0.0000000000
52138  8.998  -28.163  81.488 0.0000000000
48693  8.314  -29.149  81.482 0.0000000000
52140  7.975  -28.360  81.155 0.0000000000
44379  6.889  -34.007  60.863 0.0000000000
44367  6.597  -33.405  61.146 0.0000000000
41982  4.469  -35.136  74.553 0.0000000000
43097  4.501  -35.223  75.406 0.0000000000
41948  4.981  -34.686  77.090 0.0000000000
39673  5.299  -35.747  76.678 0.0000000000
40847  5.153  -35.670  76.186 0.0000000000
40856  4.988  -35.921  75.485 0.0000000000
48811  4.449  -30.456  71.999 0.0000000000
56990  7.594  -22.991  69.605 0.0000000000
57006  6.350  -24.050  68.784 0.0000000000
57015  7.098  -23.790  67.621 0.0000000000
55775  6.593  -24.340  66.747 0.0000000000
55791  6.324  -24.299  65.990 0.0000000000
55793  5.253  -24.831  65.358 0.0000000000
57035  6.374  -24.035  65.291 0.0000000000
57043  6.601  -23.445  64.805 0.0000000000
57054  6.399  -23.215  64.094 0.0000000000
45264  5.425  -32.564  78.136 0.0000000000
46451  5.219  -31.836  78.201 0.0000000000
47617  5.337  -30.808  79.301 0.0000000000
53101  6.114  -27.530  80.277 0.0000000000
54280  5.396  -26.531  79.645 0.0000000000
54291  5.527  -25.886  79.278 0.0000000000
51062  13.187  -26.963  80.011 0.0000000000
51057  13.080  -27.107  80.206 0.0000000000
49865  12.361  -28.063  79.862 0.0000000000
49871  11.825  -28.661  79.558 0.0000000000
47618  9.876  -30.123  80.314 0.0000000000
48709  10.526  -29.683  80.048 0.0000000000
47621  9.768  -30.503  79.539 0.0000000000
46449  9.568  -31.022  78.962 0.0000000000
46457  9.609  -30.988  78.687 0.0000000000
44153  7.882  -33.180  78.149 0.0000000000
44144  7.788  -33.185  78.962 0.0000000000
45255  6.617  -32.094  80.075 0.0000000000
44128  6.430  -32.518  79.703 0.0000000000
44135  5.550  -32.968  78.106 0.0000000000
56921  3.210  -23.626  76.025 0.0000000000
56936  3.675  -23.827  75.688 0.0000000000
58113  4.304  -23.119  75.748 0.0000000000
56920  4.696  -23.111  75.264 0.0000000000
60289  5.688  -20.489  74.711 0.0000000000
59246  6.316  -21.081  73.628 0.0000000000
59256  6.362  -21.036  73.184 0.0000000000
61403  5.854  -19.528  73.176 0.0000000000
61422  5.860  -19.582  72.449 0.0000000000
54313  17.944  -23.644  78.440 0.0000000000
56826  18.351  -22.489  80.193 0.0000000000
54272  15.411  -24.514  80.260 0.0000000000
55532  16.048  -23.793  80.673 0.0000000000
56820  15.715  -23.559  80.796 0.0000000000
56849  12.952  -24.141  79.831 0.0000000000
38607  3.988  -39.544  70.874 0.0000000000
42046  4.819  -36.775  71.467 0.0000000000
44196  4.208  -33.989  74.261 0.0000000000
45340  4.385  -33.349  73.954 0.0000000000
46538  4.286  -32.563  73.498 0.0000000000
47637  4.730  -30.981  77.526 0.0000000000
54305  3.794  -25.211  79.368 0.0000000000
53117  3.854  -26.066  78.717 0.0000000000
53116  3.746  -25.678  78.761 0.0000000000
53125  3.501  -26.281  78.176 0.0000000000
53136  3.729  -26.661  77.305 0.0000000000
52180  3.848  -27.467  76.748 0.0000000000
53135  3.877  -26.308  76.965 0.0000000000
49897  11.766  -28.499  76.545 0.0000000000
49896  12.538  -28.017  76.177 0.0000000000
41959  7.921  -35.476  76.389 0.0000000000
39681  7.015  -36.264  75.524 0.0000000000
39698  6.797  -37.089  75.236 0.0000000000
38533  5.948  -38.231  74.880 0.0000000000
37570  4.092  -40.521  72.147 0.0000000000
42100  4.737  -36.395  69.211 0.0000000000
40942  4.633  -36.940  68.888 0.0000000000
42114  4.852  -36.225  68.695 0.0000000000
43208  4.910  -35.881  68.461 0.0000000000
43224  5.029  -35.596  68.181 0.0000000000
47775  5.512  -32.217  69.081 0.0000000000
46638  5.737  -33.050  68.216 0.0000000000
47789  5.863  -32.142  68.153 0.0000000000
46651  6.149  -32.852  67.207 0.0000000000
45502  6.790  -33.835  65.730 0.0000000000
46660  6.814  -32.751  66.249 0.0000000000
46659  7.253  -32.539  65.658 0.0000000000
47812  7.575  -31.961  65.414 0.0000000000
54431  4.072  -25.927  71.828 0.0000000000
54445  4.032  -26.062  71.305 0.0000000000
53295  5.206  -26.277  67.772 0.0000000000
52290  5.354  -26.708  67.363 0.0000000000
52298  5.978  -27.444  66.364 0.0000000000
52297  6.312  -27.773  66.304 0.0000000000
51238  6.912  -28.388  66.172 0.0000000000
51257  6.312  -28.377  65.280 0.0000000000
50104  6.400  -28.858  64.781 0.0000000000
48920  6.170  -29.323  63.919 0.0000000000
47836  6.363  -30.371  62.515 0.0000000000
48921  5.827  -29.254  63.722 0.0000000000
48922  5.348  -29.118  63.505 0.0000000000
48923  4.991  -29.025  63.239 0.0000000000
53373  3.878  -26.801  63.152 0.0000000000
53391  3.401  -26.377  62.679 0.0000000000
52344  3.212  -27.447  62.241 0.0000000000
51328  3.229  -28.143  61.542 0.0000000000
64931  3.739  -16.754  73.440 0.0000000000
63735  3.653  -18.031  72.862 0.0000000000
63734  3.588  -17.935  72.587 0.0000000000
62600  4.004  -18.267  71.447 0.0000000000
61453  4.363  -18.876  70.492 0.0000000000
62665  3.785  -18.348  67.724 0.0000000000
62648  3.772  -18.307  68.148 0.0000000000
61476  3.761  -19.005  68.443 0.0000000000
61483  3.601  -19.044  67.641 0.0000000000
59311  4.488  -19.922  66.286 0.0000000000
60393  4.736  -20.485  65.071 0.0000000000
59320  4.176  -20.049  65.073 0.0000000000
59330  4.154  -20.617  64.253 0.0000000000
47610  5.774  -30.337  80.355 0.0000000000
48703  6.042  -29.820  80.633 0.0000000000
52150  6.518  -28.347  80.719 0.0000000000
53090  7.558  -28.117  80.555 0.0000000000
53100  6.967  -27.872  80.109 0.0000000000
52143  12.136  -27.215  81.290 0.0000000000
51045  12.116  -27.932  81.191 0.0000000000
51046  11.218  -27.952  81.370 0.0000000000
48696  10.442  -29.100  81.149 0.0000000000
51047  10.364  -28.022  81.486 0.0000000000
48705  9.863  -29.827  80.917 0.0000000000
47612  9.228  -30.272  80.592 0.0000000000
46435  8.957  -31.056  80.156 0.0000000000
46444  8.555  -31.427  79.888 0.0000000000
46436  8.499  -31.242  80.328 0.0000000000
47614  8.054  -30.930  80.890 0.0000000000
46432  7.409  -31.087  81.065 0.0000000000
48700  7.698  -29.820  81.394 0.0000000000
47607  7.271  -30.488  81.376 0.0000000000
47609  6.152  -30.496  80.769 0.0000000000
60251  4.252  -21.349  77.990 0.0000000000
60250  4.572  -20.540  77.773 0.0000000000
61341  4.690  -19.155  75.954 0.0000000000
61342  4.100  -18.529  75.469 0.0000000000
61363  4.172  -18.679  75.098 0.0000000000
40895  4.567  -37.465  72.755 0.0000000000
43111  4.447  -34.979  73.923 0.0000000000
43112  4.368  -34.571  74.400 0.0000000000
47668  4.451  -31.631  75.664 0.0000000000
52162  4.622  -27.078  79.394 0.0000000000
52165  4.386  -27.010  78.984 0.0000000000
53107  4.495  -26.021  79.285 0.0000000000
53111  4.126  -26.086  78.868 0.0000000000
55550  3.824  -24.679  80.121 0.0000000000
54294  3.670  -25.013  79.668 0.0000000000
55559  3.550  -24.878  79.747 0.0000000000
55576  3.576  -24.606  79.526 0.0000000000
56885  3.550  -24.062  79.228 0.0000000000
58070  3.666  -23.436  79.473 0.0000000000
40835  6.299  -36.255  77.153 0.0000000000
39670  6.188  -36.417  76.691 0.0000000000
39658  6.068  -36.301  77.183 0.0000000000
39684  5.925  -36.821  75.878 0.0000000000
38519  5.610  -37.270  75.461 0.0000000000
37524  4.875  -38.465  74.537 0.0000000000
45403  4.671  -33.555  70.292 0.0000000000
46607  4.898  -32.691  69.982 0.0000000000
46622  5.171  -32.455  69.619 0.0000000000
47760  5.230  -31.997  69.874 0.0000000000
48844  5.856  -31.259  69.604 0.0000000000
48862  6.022  -31.387  68.670 0.0000000000
48843  6.253  -30.572  69.301 0.0000000000
56980  4.642  -24.806  70.377 0.0000000000
56994  5.107  -24.965  69.488 0.0000000000
55748  5.392  -25.131  68.810 0.0000000000
55747  5.678  -24.700  68.538 0.0000000000
55763  5.279  -25.110  67.563 0.0000000000
52307  4.627  -26.939  64.887 0.0000000000
54516  4.894  -26.280  64.576 0.0000000000
54533  4.718  -26.206  63.988 0.0000000000
54532  4.602  -25.878  63.648 0.0000000000
54551  4.015  -25.872  62.743 0.0000000000
55821  3.953  -25.334  62.524 0.0000000000
65054  2.579  -17.370  65.946 0.0000000000
62690  2.372  -18.305  65.704 0.0000000000
61516  3.327  -19.033  64.562 0.0000000000
62726  4.104  -18.623  63.269 0.0000000000
44163  4.945  -33.907  77.139 0.0000000000
46460  5.125  -31.780  77.745 0.0000000000
46452  5.153  -31.363  78.167 0.0000000000
47624  5.016  -30.853  78.173 0.0000000000
49873  4.776  -29.112  78.666 0.0000000000
51061  4.780  -28.081  79.010 0.0000000000
48706  5.682  -29.878  80.152 0.0000000000
49864  5.400  -29.183  79.999 0.0000000000
52156  5.762  -27.714  80.424 0.0000000000
51060  4.926  -28.384  79.239 0.0000000000
51056  4.793  -27.770  79.413 0.0000000000
51075  14.001  -26.589  77.849 0.0000000000
51067  12.725  -27.418  78.989 0.0000000000
49878  12.160  -28.067  77.722 0.0000000000
49887  11.677  -28.571  77.401 0.0000000000
48732  10.575  -29.656  77.375 0.0000000000
51053  12.333  -28.148  80.838 0.0000000000
49866  11.932  -28.445  80.170 0.0000000000
48711  11.349  -29.387  79.175 0.0000000000
47655  9.407  -30.740  75.808 0.0000000000
46473  9.097  -32.091  76.632 0.0000000000
41958  8.214  -35.067  76.788 0.0000000000
40833  7.139  -35.551  77.117 0.0000000000
40819  6.765  -35.555  77.280 0.0000000000
45259  8.068  -31.996  79.652 0.0000000000
44130  7.746  -33.038  79.350 0.0000000000
43018  7.424  -33.339  79.141 0.0000000000
44126  7.139  -32.905  79.929 0.0000000000
43019  7.114  -33.539  79.005 0.0000000000
41933  7.013  -34.291  77.983 0.0000000000
41944  6.472  -35.268  77.432 0.0000000000
40805  6.191  -35.613  77.504 0.0000000000
41946  5.352  -35.118  77.259 0.0000000000
43022  5.583  -33.774  77.994 0.0000000000
43037  5.266  -34.198  77.531 0.0000000000
41947  4.855  -34.884  77.281 0.0000000000
43059  4.525  -34.808  77.369 0.0000000000
52215  3.927  -27.173  72.808 0.0000000000
54402  4.424  -25.638  73.399 0.0000000000
55691  4.696  -25.303  72.883 0.0000000000
56954  4.651  -24.885  72.195 0.0000000000
58103  4.859  -22.330  76.088 0.0000000000
56919  4.878  -22.959  75.199 0.0000000000
58111  5.666  -22.034  75.237 0.0000000000
56945  5.119  -23.422  74.140 0.0000000000
56952  5.498  -23.820  73.221 0.0000000000
56964  5.629  -23.807  71.872 0.0000000000
56963  6.124  -23.587  71.610 0.0000000000
58152  6.612  -22.106  72.333 0.0000000000
58163  6.837  -22.370  71.147 0.0000000000
56977  7.252  -23.031  70.346 0.0000000000
58171  7.486  -22.356  69.714 0.0000000000
59279  7.240  -21.812  69.238 0.0000000000
59288  6.727  -21.663  68.346 0.0000000000
55546  10.666  -26.261  79.960 0.0000000000
54276  9.895  -26.730  80.436 0.0000000000
55555  10.705  -26.089  79.583 0.0000000000
55592  10.865  -25.597  78.883 0.0000000000
52171  15.225  -25.652  78.013 0.0000000000
56846  20.361  -22.218  80.105 0.0000000000
54314  17.084  -24.140  78.491 0.0000000000
54284  17.357  -23.711  79.459 0.0000000000
53108  16.339  -24.600  78.747 0.0000000000
53123  15.350  -25.531  78.485 0.0000000000
52172  14.813  -25.933  78.288 0.0000000000
52167  14.269  -26.246  79.316 0.0000000000
53093  15.023  -25.011  80.022 0.0000000000
52159  14.131  -26.224  80.016 0.0000000000
52160  13.497  -26.590  80.108 0.0000000000
53096  13.491  -26.189  80.976 0.0000000000
53084  12.899  -26.355  81.032 0.0000000000
58024  15.540  -23.170  80.911 0.0000000000
56821  14.814  -24.177  80.776 0.0000000000
58025  14.678  -23.441  80.401 0.0000000000
54267  12.335  -26.161  80.701 0.0000000000
54268  11.490  -26.375  80.750 0.0000000000
55543  12.260  -25.350  80.171 0.0000000000
55537  11.729  -26.082  80.398 0.0000000000
55538  11.246  -26.186  80.387 0.0000000000
54275  10.729  -26.352  80.470 0.0000000000
39756  4.432  -38.560  70.438 0.0000000000
40928  4.473  -37.466  69.601 0.0000000000
42084  4.809  -35.593  69.613 0.0000000000
44261  4.670  -34.680  70.229 0.0000000000
42029  4.955  -36.609  72.311 0.0000000000
43152  4.886  -35.775  71.717 0.0000000000
44220  4.718  -35.076  72.174 0.0000000000
44248  4.650  -34.789  70.705 0.0000000000
44249  4.585  -34.198  70.559 0.0000000000
47737  4.095  -31.541  72.276 0.0000000000
45290  4.143  -33.200  76.463 0.0000000000
46474  4.706  -32.255  76.587 0.0000000000
51068  4.097  -27.834  78.369 0.0000000000
49877  4.008  -28.144  78.116 0.0000000000
49888  4.178  -29.447  77.201 0.0000000000
48754  4.192  -30.528  76.054 0.0000000000
55654  3.139  -23.899  76.140 0.0000000000
56909  3.184  -23.466  76.305 0.0000000000
58078  3.527  -23.137  78.822 0.0000000000
59195  3.594  -22.347  78.763 0.0000000000
59201  3.945  -21.817  78.214 0.0000000000
60242  4.549  -20.383  78.196 0.0000000000
54287  9.990  -26.593  79.755 0.0000000000
49910  13.122  -27.492  75.076 0.0000000000
39669  6.461  -36.265  76.349 0.0000000000
38532  6.510  -38.054  74.904 0.0000000000
38549  6.246  -38.533  74.084 0.0000000000
40941  4.748  -37.516  68.573 0.0000000000
45438  4.818  -34.332  68.804 0.0000000000
45455  5.052  -34.701  68.462 0.0000000000
44329  5.310  -34.972  67.813 0.0000000000
45453  5.562  -33.864  67.452 0.0000000000
45476  5.449  -34.421  67.462 0.0000000000
43236  5.630  -35.526  66.957 0.0000000000
42137  5.861  -36.338  66.719 0.0000000000
42150  6.616  -36.222  66.360 0.0000000000
45501  7.155  -33.693  64.995 0.0000000000
45535  8.476  -33.442  62.279 0.0000000000
51149  4.106  -28.261  71.759 0.0000000000
51161  4.691  -28.219  71.006 0.0000000000
50000  5.217  -29.113  70.745 0.0000000000
49999  5.727  -29.405  70.177 0.0000000000
49998  6.106  -29.487  69.796 0.0000000000
48842  6.535  -29.869  69.260 0.0000000000
55732  4.303  -25.601  69.966 0.0000000000
52255  5.467  -27.328  69.447 0.0000000000
52271  5.419  -27.180  68.332 0.0000000000
52272  5.167  -26.871  68.725 0.0000000000
51175  6.364  -27.963  69.214 0.0000000000
50037  6.846  -29.337  68.534 0.0000000000
48860  6.972  -30.140  68.138 0.0000000000
50080  7.108  -30.169  67.137 0.0000000000
48889  7.365  -30.542  66.146 0.0000000000
48904  7.439  -31.020  65.639 0.0000000000
51255  7.238  -29.278  65.514 0.0000000000
48918  7.570  -30.602  64.706 0.0000000000
47823  8.058  -31.570  64.516 0.0000000000
47833  8.461  -31.890  63.559 0.0000000000
45552  8.083  -33.853  61.542 0.0000000000
45536  7.764  -33.038  61.661 0.0000000000
45537  6.845  -32.949  61.375 0.0000000000
45538  6.238  -32.672  61.511 0.0000000000
51277  4.684  -27.294  64.205 0.0000000000
51276  4.552  -27.794  63.748 0.0000000000
50158  4.574  -28.624  63.210 0.0000000000
51291  3.991  -28.163  63.089 0.0000000000
47851  4.793  -30.010  61.763 0.0000000000
62546  3.467  -18.293  74.852 0.0000000000
64909  3.133  -17.183  74.869 0.0000000000
63700  2.969  -17.765  74.652 0.0000000000
61405  4.507  -18.586  73.348 0.0000000000
61424  4.911  -18.757  72.687 0.0000000000
60314  5.277  -19.054  72.059 0.0000000000
61426  4.049  -18.312  72.625 0.0000000000
60328  4.959  -19.086  71.428 0.0000000000
60340  5.901  -19.982  71.076 0.0000000000
60355  5.832  -20.229  70.148 0.0000000000
59281  5.499  -20.548  69.335 0.0000000000
63746  3.899  -18.162  70.784 0.0000000000
60343  4.122  -19.093  69.928 0.0000000000
60368  4.056  -19.246  68.608 0.0000000000
60367  4.606  -19.827  68.699 0.0000000000
59291  4.767  -20.237  69.059 0.0000000000
59290  4.992  -20.459  68.551 0.0000000000
59297  6.156  -21.207  67.390 0.0000000000
59308  6.462  -21.488  66.644 0.0000000000
58198  6.338  -21.549  66.007 0.0000000000
58216  6.381  -22.093  64.726 0.0000000000
58228  6.117  -22.444  63.966 0.0000000000
59339  4.920  -21.213  64.260 0.0000000000
58229  5.182  -22.163  63.623 0.0000000000
57056  5.176  -23.610  63.372 0.0000000000
57063  4.606  -23.543  62.798 0.0000000000
55832  3.972  -24.508  62.303 0.0000000000
55833  3.521  -24.904  62.129 0.0000000000
60407  3.602  -20.156  63.894 0.0000000000
59342  3.696  -21.134  63.324 0.0000000000
58245  3.941  -22.510  62.408 0.0000000000
57074  3.684  -23.526  61.895 0.0000000000
54594  3.314  -25.389  61.650 0.0000000000
38520  5.363  -37.077  75.335 0.0000000000
40806  6.112  -35.388  77.529 0.0000000000
40818  7.023  -35.360  77.258 0.0000000000
40820  6.234  -35.832  77.429 0.0000000000
40821  5.720  -35.655  77.351 0.0000000000
40822  5.257  -35.328  77.108 0.0000000000
40837  5.238  -35.594  76.927 0.0000000000
40838  5.118  -35.406  76.787 0.0000000000
40977  6.388  -36.917  66.436 0.0000000000
40978  5.174  -36.576  67.686 0.0000000000
40979  5.058  -36.676  67.875 0.0000000000
40988  6.823  -36.726  66.185 0.0000000000
41937  5.100  -34.584  77.235 0.0000000000
41945  6.230  -35.467  77.473 0.0000000000
41969  4.473  -34.997  75.946 0.0000000000
42126  5.452  -36.803  67.202 0.0000000000
42127  4.870  -36.227  68.269 0.0000000000
42138  5.385  -36.355  67.331 0.0000000000
43047  5.030  -34.478  77.688 0.0000000000
43137  4.811  -35.458  72.188 0.0000000000
43151  4.867  -35.471  71.929 0.0000000000
43192  4.839  -35.396  69.033 0.0000000000
43209  4.952  -35.570  68.649 0.0000000000
43225  5.061  -35.348  68.415 0.0000000000
43237  5.306  -35.590  67.601 0.0000000000
44143  7.874  -33.138  78.695 0.0000000000
44145  5.445  -33.929  77.854 0.0000000000
44155  5.143  -33.895  77.402 0.0000000000
44219  4.799  -35.270  72.052 0.0000000000
44233  4.787  -35.277  71.801 0.0000000000
44309  5.192  -34.966  68.191 0.0000000000
44310  5.039  -35.130  68.540 0.0000000000
44328  5.518  -34.845  67.224 0.0000000000
44368  6.269  -33.082  61.388 0.0000000000
44390  7.464  -35.324  60.817 0.0000000000
45253  7.707  -31.790  80.103 0.0000000000
45257  5.516  -32.146  79.302 0.0000000000
45261  7.362  -32.756  79.970 0.0000000000
45263  5.490  -32.404  78.646 0.0000000000
45327  4.356  -32.999  74.609 0.0000000000
45499  8.373  -33.084  63.944 0.0000000000
45554  7.027  -33.583  61.089 0.0000000000
46431  7.808  -31.083  80.897 0.0000000000
46433  6.803  -31.059  81.146 0.0000000000
46434  6.420  -30.875  81.021 0.0000000000
46437  8.038  -31.316  80.615 0.0000000000
46517  4.376  -32.710  74.541 0.0000000000
46606  5.082  -32.390  69.843 0.0000000000
46640  5.050  -33.516  68.841 0.0000000000
46652  5.951  -33.125  67.701 0.0000000000
46653  5.555  -33.694  68.037 0.0000000000
46675  6.695  -33.420  66.106 0.0000000000
46695  8.667  -32.537  62.933 0.0000000000
47611  9.865  -29.946  80.703 0.0000000000
47629  9.666  -30.892  78.411 0.0000000000
47708  4.365  -32.321  74.342 0.0000000000
47790  5.520  -32.806  68.590 0.0000000000
47791  5.321  -33.167  68.715 0.0000000000
47803  6.271  -32.011  67.382 0.0000000000
47804  6.093  -32.524  67.624 0.0000000000
47813  7.258  -31.886  66.180 0.0000000000
47822  8.404  -32.146  64.037 0.0000000000
47834  7.965  -31.034  63.364 0.0000000000
47839  5.098  -29.927  62.046 0.0000000000
48694  7.976  -29.283  81.497 0.0000000000
48713  5.106  -30.526  78.799 0.0000000000
48825  6.231  -29.967  69.608 0.0000000000
48863  5.770  -31.663  68.989 0.0000000000
48877  6.289  -31.422  67.876 0.0000000000
48890  7.007  -31.183  66.871 0.0000000000
48919  7.382  -30.290  64.252 0.0000000000
48939  6.542  -29.714  63.437 0.0000000000
48955  4.639  -29.570  62.152 0.0000000000
49850  8.731  -28.946  81.489 0.0000000000
49851  8.234  -28.899  81.500 0.0000000000
49854  11.086  -28.646  81.116 0.0000000000
49858  7.315  -29.121  81.489 0.0000000000
49861  11.782  -28.508  80.627 0.0000000000
49881  3.986  -28.353  77.925 0.0000000000
49997  6.294  -29.598  69.561 0.0000000000
50016  6.424  -29.037  69.335 0.0000000000
50019  5.088  -28.472  70.345 0.0000000000
50036  7.004  -29.904  68.323 0.0000000000
50058  7.028  -28.949  67.926 0.0000000000
50079  7.343  -30.085  66.466 0.0000000000
50105  5.791  -28.513  64.659 0.0000000000
50130  7.506  -30.319  65.118 0.0000000000
50132  6.589  -29.370  64.264 0.0000000000
50156  7.179  -30.072  64.145 0.0000000000
50200  3.646  -29.055  61.188 0.0000000000
50216  3.789  -29.330  61.201 0.0000000000
51040  9.082  -28.459  81.512 0.0000000000
51041  8.610  -28.531  81.436 0.0000000000
51042  8.128  -28.615  81.389 0.0000000000
51044  12.585  -27.687  81.129 0.0000000000
51065  13.904  -26.576  79.352 0.0000000000
51073  3.950  -28.871  77.486 0.0000000000
51216  7.375  -28.958  66.851 0.0000000000
51218  6.808  -28.567  67.957 0.0000000000
51239  6.229  -28.019  65.761 0.0000000000
51242  5.198  -27.270  65.631 0.0000000000
51256  6.919  -28.836  65.444 0.0000000000
51259  5.102  -27.958  65.181 0.0000000000
51261  4.629  -27.177  64.581 0.0000000000
52152  13.937  -25.926  79.931 0.0000000000
52169  4.203  -27.295  78.640 0.0000000000
52174  15.200  -25.599  77.620 0.0000000000
52179  3.856  -27.894  76.449 0.0000000000
52254  5.905  -27.443  69.039 0.0000000000
52287  6.527  -27.846  67.350 0.0000000000
52296  6.515  -28.033  66.216 0.0000000000
52331  3.970  -27.221  63.294 0.0000000000
53092  6.414  -27.979  80.616 0.0000000000
53114  15.786  -25.141  78.617 0.0000000000
53147  4.024  -26.264  76.473 0.0000000000
53148  4.003  -26.811  76.653 0.0000000000
53334  4.763  -26.559  64.376 0.0000000000
53372  3.438  -26.912  62.634 0.0000000000
54273  14.704  -25.033  80.638 0.0000000000
54274  14.263  -25.329  81.009 0.0000000000
54304  4.014  -25.547  79.149 0.0000000000
54319  3.697  -25.201  78.859 0.0000000000
54357  3.726  -26.145  77.275 0.0000000000
55577  3.609  -24.880  79.536 0.0000000000
55597  3.642  -25.074  79.378 0.0000000000
55641  3.091  -23.707  76.453 0.0000000000
55666  4.644  -23.769  74.534 0.0000000000
55676  4.845  -23.465  74.487 0.0000000000
55677  4.807  -23.671  74.368 0.0000000000
55717  4.311  -25.290  70.371 0.0000000000
55729  5.755  -24.453  69.023 0.0000000000
55745  6.574  -24.113  68.207 0.0000000000
55746  6.240  -24.266  68.467 0.0000000000
55760  6.693  -24.183  67.703 0.0000000000
55792  5.809  -24.511  65.546 0.0000000000
55807  4.557  -25.582  63.180 0.0000000000
55831  4.394  -24.255  62.588 0.0000000000
56831  12.031  -25.565  80.101 0.0000000000
56872  3.581  -24.094  79.691 0.0000000000
56933  4.870  -23.177  74.818 0.0000000000
56976  7.473  -22.728  70.009 0.0000000000
57005  6.797  -23.876  68.499 0.0000000000
57007  5.416  -24.890  69.146 0.0000000000
57008  5.303  -25.098  69.194 0.0000000000
57014  7.255  -23.334  67.947 0.0000000000
57025  7.148  -23.927  66.890 0.0000000000
57044  6.110  -23.962  64.481 0.0000000000
58026  13.969  -23.794  80.227 0.0000000000
58038  13.233  -23.968  79.866 0.0000000000
58043  3.923  -23.456  80.017 0.0000000000
58106  3.404  -23.345  76.067 0.0000000000
58115  3.503  -23.438  75.917 0.0000000000
58125  3.808  -23.617  75.707 0.0000000000
58126  3.587  -23.630  75.801 0.0000000000
58154  6.033  -23.649  72.150 0.0000000000
58178  7.557  -22.477  68.933 0.0000000000
58186  7.329  -22.741  68.198 0.0000000000
58187  7.048  -22.250  67.737 0.0000000000
58195  7.346  -22.792  67.429 0.0000000000
58196  7.196  -22.219  66.854 0.0000000000
58197  6.759  -21.964  66.274 0.0000000000
58206  6.628  -22.051  65.550 0.0000000000
58227  6.573  -22.796  64.431 0.0000000000
58230  4.434  -21.959  63.308 0.0000000000
59166  3.790  -22.926  80.000 0.0000000000
59179  3.946  -23.053  79.711 0.0000000000
59230  5.681  -21.411  75.194 0.0000000000
59245  6.392  -21.494  73.372 0.0000000000
59255  6.410  -21.198  72.729 0.0000000000
59270  6.838  -21.104  70.818 0.0000000000
59271  5.272  -19.775  69.937 0.0000000000
59272  5.108  -19.598  69.896 0.0000000000
59283  4.986  -20.007  69.455 0.0000000000
59287  7.272  -22.011  68.706 0.0000000000
59307  6.849  -21.794  66.730 0.0000000000
59319  4.670  -20.304  65.382 0.0000000000
59328  4.929  -20.792  64.760 0.0000000000
59329  4.500  -20.558  64.650 0.0000000000
59331  3.835  -20.580  63.967 0.0000000000
60313  6.273  -20.419  72.900 0.0000000000
60315  5.153  -18.948  72.039 0.0000000000
60316  4.813  -18.785  72.082 0.0000000000
60327  5.466  -19.338  71.733 0.0000000000
60329  4.612  -18.718  71.765 0.0000000000
60344  3.929  -19.092  69.863 0.0000000000
60357  4.825  -19.474  69.826 0.0000000000
60358  4.306  -19.266  69.611 0.0000000000
60359  3.996  -19.129  69.272 0.0000000000
60369  4.016  -19.165  68.933 0.0000000000
60376  4.964  -20.262  67.753 0.0000000000
60394  4.558  -20.339  65.112 0.0000000000
60404  4.634  -20.528  64.850 0.0000000000
60405  4.482  -20.371  64.938 0.0000000000
60406  3.516  -19.599  64.312 0.0000000000
61385  3.724  -18.280  74.059 0.0000000000
61423  5.409  -19.075  72.436 0.0000000000
61438  5.743  -19.520  72.062 0.0000000000
61439  5.605  -19.332  72.158 0.0000000000
61441  4.391  -18.563  71.637 0.0000000000
61454  3.969  -18.985  70.082 0.0000000000
61465  4.592  -19.204  70.101 0.0000000000
61477  3.849  -19.000  69.015 0.0000000000
61484  3.331  -18.802  66.740 0.0000000000
61506  2.152  -18.562  66.002 0.0000000000
61546  3.807  -19.047  63.246 0.0000000000
62547  3.127  -18.068  74.360 0.0000000000
62559  3.564  -18.278  74.265 0.0000000000
62571  3.679  -18.125  73.267 0.0000000000
62572  3.840  -18.147  72.963 0.0000000000
62584  3.726  -18.075  71.882 0.0000000000
62585  3.752  -18.099  72.260 0.0000000000
62586  3.844  -18.174  72.508 0.0000000000
62601  3.808  -18.161  71.998 0.0000000000
62614  3.936  -18.655  70.293 0.0000000000
62615  3.792  -19.003  69.895 0.0000000000
62630  3.773  -18.885  69.639 0.0000000000
62649  3.703  -18.554  68.474 0.0000000000
62650  3.728  -18.780  69.182 0.0000000000
62667  3.078  -18.557  66.388 0.0000000000
62681  3.121  -18.284  66.410 0.0000000000
62691  1.826  -18.032  65.946 0.0000000000
62712  3.699  -18.483  63.662 0.0000000000
63724  3.529  -18.000  73.109 0.0000000000
63769  3.856  -17.766  69.119 0.0000000000
63770  3.658  -18.020  69.230 0.0000000000
63815  2.509  -17.701  66.345 0.0000000000
63816  1.888  -17.543  66.245 0.0000000000
63838  2.536  -17.737  65.693 0.0000000000
63839  1.876  -17.427  65.900 0.0000000000
63883  3.817  -17.686  64.159 0.0000000000
64932  3.334  -17.531  73.579 0.0000000000
65024  2.678  -17.509  66.155 0.0000000000
65025  2.231  -17.125  66.231 0.0000000000
65026  1.870  -17.108  66.064 0.0000000000
65053  3.016  -17.597  66.017 0.0000000000
65055  2.120  -17.090  65.823 0.0000000000
65083  3.788  -17.611  64.320 0.0000000000
