#!ascii label  , from subject 3453 vox2ras=TkReg
1210
85938  -40.301  4.799  33.923 0.0000000000
85230  -50.925  3.430  23.393 0.0000000000
90659  -47.724  10.231  39.078 0.0000000000
84253  -48.030  2.123  29.774 0.0000000000
84165  -46.893  2.562  38.217 0.0000000000
89173  -44.676  7.846  25.845 0.0000000000
92395  -51.936  12.002  29.097 0.0000000000
92318  -44.487  13.197  34.343 0.0000000000
84117  -39.918  2.080  41.138 0.0000000000
83275  -43.370  1.959  30.704 0.0000000000
85967  -45.394  3.880  26.890 0.0000000000
86714  -42.590  6.031  30.502 0.0000000000
90619  -51.652  10.088  42.425 0.0000000000
89089  -51.102  8.577  34.381 0.0000000000
91470  -52.623  11.043  37.009 0.0000000000
91522  -48.486  11.902  31.537 0.0000000000
93044  -48.216  14.162  38.036 0.0000000000
85262  -48.756  4.155  19.419 0.0000000000
89032  -38.313  8.556  38.584 0.0000000000
89056  -43.155  8.909  35.941 0.0000000000
85126  -53.889  3.856  33.560 0.0000000000
84206  -47.805  2.929  33.901 0.0000000000
82241  -42.956  0.789  34.342 0.0000000000
82187  -40.929  0.365  38.787 0.0000000000
86785  -48.735  5.476  22.002 0.0000000000
89224  -47.424  8.553  19.127 0.0000000000
89106  -45.999  8.307  31.621 0.0000000000
89972  -48.897  9.396  26.486 0.0000000000
91621  -49.266  11.863  20.866 0.0000000000
90761  -46.930  10.931  24.805 0.0000000000
91554  -45.022  11.798  28.050 0.0000000000
84212  -40.747  3.173  32.081 0.0000000000
85144  -42.265  4.081  30.106 0.0000000000
86708  -41.236  5.505  31.974 0.0000000000
92270  -51.903  13.089  41.899 0.0000000000
90648  -52.821  10.079  39.888 0.0000000000
91454  -51.510  12.060  39.962 0.0000000000
91467  -49.772  12.096  37.438 0.0000000000
85256  -49.784  3.733  20.497 0.0000000000
89002  -37.430  9.154  40.967 0.0000000000
89818  -39.666  9.348  40.197 0.0000000000
84185  -47.001  2.903  35.891 0.0000000000
83236  -45.179  1.955  34.471 0.0000000000
83207  -44.677  1.328  36.119 0.0000000000
84145  -40.404  2.439  39.901 0.0000000000
83215  -35.339  1.347  36.055 0.0000000000
86684  -34.889  4.859  36.681 0.0000000000
85068  -33.093  3.427  37.229 0.0000000000
85183  -49.258  3.730  27.630 0.0000000000
87553  -44.189  6.030  25.374 0.0000000000
86013  -46.870  4.751  23.984 0.0000000000
86766  -45.775  5.841  22.953 0.0000000000
86807  -47.331  6.390  20.391 0.0000000000
89202  -46.242  8.285  22.922 0.0000000000
90668  -44.795  10.425  37.661 0.0000000000
89084  -44.829  8.510  34.021 0.0000000000
89060  -47.429  9.093  36.538 0.0000000000
89912  -52.379  10.018  31.502 0.0000000000
89894  -49.845  9.324  30.911 0.0000000000
89960  -50.732  10.339  27.959 0.0000000000
90007  -49.781  10.060  23.037 0.0000000000
91582  -49.699  11.091  24.816 0.0000000000
90802  -47.814  11.353  22.265 0.0000000000
92409  -49.413  12.131  26.754 0.0000000000
92329  -46.364  11.808  33.171 0.0000000000
92366  -46.246  12.545  30.016 0.0000000000
93093  -44.549  12.886  30.480 0.0000000000
91547  -43.404  12.118  29.152 0.0000000000
93081  -43.210  13.243  31.667 0.0000000000
83290  -45.946  1.744  30.149 0.0000000000
85163  -47.403  2.892  28.079 0.0000000000
84267  -43.792  3.042  28.803 0.0000000000
85954  -43.188  4.694  28.302 0.0000000000
87538  -43.939  7.381  28.407 0.0000000000
90632  -49.416  10.195  41.313 0.0000000000
89045  -49.607  8.829  37.754 0.0000000000
89028  -51.978  8.693  39.226 0.0000000000
89876  -53.056  10.001  35.397 0.0000000000
91498  -52.301  11.584  33.021 0.0000000000
92354  -50.419  12.251  30.807 0.0000000000
91496  -50.286  11.810  33.411 0.0000000000
92322  -48.188  12.040  35.128 0.0000000000
92312  -46.311  13.214  35.611 0.0000000000
86071  -47.625  5.393  18.373 0.0000000000
88332  -39.336  7.103  35.610 0.0000000000
87507  -41.141  6.778  35.075 0.0000000000
89853  -40.579  10.130  37.347 0.0000000000
90653  -42.287  11.145  38.873 0.0000000000
90627  -44.407  10.607  41.035 0.0000000000
91385  -43.320  10.961  44.360 0.0000000000
90596  -46.621  10.295  42.785 0.0000000000
84244  -51.454  3.136  31.203 0.0000000000
84209  -51.228  3.718  33.648 0.0000000000
84229  -48.553  2.203  31.871 0.0000000000
83257  -45.412  1.795  32.743 0.0000000000
83255  -43.337  1.580  32.329 0.0000000000
85041  -46.572  3.527  41.082 0.0000000000
85020  -42.171  3.697  41.704 0.0000000000
84147  -43.264  2.449  40.413 0.0000000000
83187  -44.687  1.058  38.486 0.0000000000
81174  -42.943  -0.233  36.818 0.0000000000
85095  -39.076  3.831  34.643 0.0000000000
86030  -52.437  5.405  23.335 0.0000000000
85983  -48.395  4.293  25.991 0.0000000000
86770  -49.914  5.437  23.476 0.0000000000
86800  -51.393  5.600  21.955 0.0000000000
86810  -50.081  5.735  20.077 0.0000000000
87617  -49.045  6.644  18.199 0.0000000000
89239  -47.604  8.437  17.704 0.0000000000
88345  -42.918  7.376  33.257 0.0000000000
88352  -44.512  7.642  31.642 0.0000000000
89127  -45.857  8.457  28.833 0.0000000000
89098  -48.425  8.583  33.352 0.0000000000
89124  -47.721  8.901  30.356 0.0000000000
89176  -47.027  8.664  26.177 0.0000000000
90014  -48.101  9.182  22.910 0.0000000000
90034  -48.819  10.135  20.022 0.0000000000
90845  -46.517  10.582  17.725 0.0000000000
92391  -47.967  12.309  28.163 0.0000000000
91562  -46.138  11.623  27.114 0.0000000000
90758  -44.152  10.221  25.505 0.0000000000
90745  -43.312  10.201  27.002 0.0000000000
89942  -42.437  10.403  28.505 0.0000000000
85941  -40.272  4.505  33.259 0.0000000000
85945  -40.746  4.604  31.855 0.0000000000
86699  -40.602  5.270  33.664 0.0000000000
92282  -52.101  12.176  40.953 0.0000000000
92288  -50.534  12.882  39.897 0.0000000000
85246  -50.455  3.730  21.438 0.0000000000
84173  -46.943  2.762  37.094 0.0000000000
84172  -46.342  2.462  36.402 0.0000000000
83209  -46.147  2.183  37.059 0.0000000000
82211  -35.059  0.673  36.750 0.0000000000
84170  -34.631  2.348  36.177 0.0000000000
85152  -49.989  2.822  29.573 0.0000000000
85165  -49.796  3.154  28.749 0.0000000000
88397  -43.911  6.853  25.671 0.0000000000
86752  -44.772  5.885  24.405 0.0000000000
88406  -44.602  6.988  24.211 0.0000000000
88420  -45.632  7.462  22.439 0.0000000000
89183  -45.541  8.126  24.595 0.0000000000
90657  -45.972  10.608  38.502 0.0000000000
89858  -46.113  9.811  37.281 0.0000000000
89859  -47.051  9.546  37.430 0.0000000000
91540  -52.431  11.194  30.300 0.0000000000
90711  -51.566  10.333  29.836 0.0000000000
90733  -51.791  11.268  28.729 0.0000000000
90750  -50.483  10.707  26.133 0.0000000000
91565  -50.562  11.634  26.776 0.0000000000
91574  -49.521  11.679  26.006 0.0000000000
92403  -50.783  12.081  27.759 0.0000000000
92328  -45.314  12.232  33.509 0.0000000000
92339  -45.566  12.105  32.241 0.0000000000
92338  -44.454  12.522  32.458 0.0000000000
93082  -44.047  12.834  31.436 0.0000000000
92337  -43.774  12.886  32.899 0.0000000000
83288  -44.617  1.808  30.121 0.0000000000
84250  -45.053  2.109  29.474 0.0000000000
84249  -43.903  2.284  29.725 0.0000000000
86716  -42.347  5.168  30.294 0.0000000000
85952  -42.827  4.767  29.240 0.0000000000
86719  -43.006  5.629  28.812 0.0000000000
86726  -43.285  5.600  27.692 0.0000000000
87532  -43.261  6.438  29.468 0.0000000000
90618  -50.702  10.062  42.412 0.0000000000
89834  -50.690  8.923  39.828 0.0000000000
89823  -52.086  9.356  40.821 0.0000000000
90670  -53.208  10.490  37.690 0.0000000000
89862  -53.377  9.454  37.681 0.0000000000
90675  -53.129  10.531  36.651 0.0000000000
90681  -53.034  10.551  34.623 0.0000000000
91482  -52.778  11.173  34.855 0.0000000000
91497  -51.415  11.871  33.227 0.0000000000
91480  -50.956  11.624  35.392 0.0000000000
92300  -48.405  13.230  37.744 0.0000000000
91472  -48.997  12.150  36.478 0.0000000000
92299  -47.851  13.416  37.258 0.0000000000
92313  -47.454  12.510  35.691 0.0000000000
93047  -47.175  14.175  36.952 0.0000000000
86072  -48.391  5.327  18.358 0.0000000000
89051  -38.601  8.472  36.700 0.0000000000
89052  -39.276  8.656  36.443 0.0000000000
89851  -38.929  9.298  37.562 0.0000000000
89804  -40.941  9.626  41.550 0.0000000000
90641  -41.333  10.439  39.929 0.0000000000
90624  -42.018  10.278  40.850 0.0000000000
91436  -43.538  11.020  40.290 0.0000000000
90592  -43.501  9.794  42.077 0.0000000000
92226  -42.959  12.041  43.740 0.0000000000
90554  -44.969  10.458  44.175 0.0000000000
91388  -46.133  11.284  44.349 0.0000000000
90571  -47.743  10.621  43.847 0.0000000000
92216  -47.135  12.136  44.031 0.0000000000
85145  -52.396  3.641  31.435 0.0000000000
85138  -52.523  3.864  32.372 0.0000000000
85122  -50.342  3.767  34.609 0.0000000000
84207  -49.260  3.359  34.133 0.0000000000
84219  -50.076  3.072  32.996 0.0000000000
84217  -47.393  2.194  32.756 0.0000000000
83259  -47.064  1.850  32.121 0.0000000000
84216  -46.207  2.103  33.155 0.0000000000
83219  -44.006  1.319  34.602 0.0000000000
83246  -44.420  1.718  33.394 0.0000000000
82249  -42.773  1.141  33.722 0.0000000000
85019  -41.393  3.242  41.321 0.0000000000
83155  -41.562  2.409  40.264 0.0000000000
83169  -42.374  1.622  39.997 0.0000000000
83170  -43.874  1.558  39.783 0.0000000000
83186  -43.333  0.893  39.039 0.0000000000
82189  -43.795  0.600  37.951 0.0000000000
81161  -41.891  -0.430  37.692 0.0000000000
85932  -37.895  4.421  35.196 0.0000000000
85931  -36.790  4.354  35.382 0.0000000000
86017  -52.983  5.053  24.638 0.0000000000
85180  -45.941  3.489  27.136 0.0000000000
85196  -47.716  3.800  26.650 0.0000000000
85982  -47.270  4.130  25.909 0.0000000000
86026  -47.310  4.905  23.326 0.0000000000
86028  -48.810  4.935  23.806 0.0000000000
86769  -48.877  5.182  22.947 0.0000000000
86787  -50.877  5.741  22.501 0.0000000000
86786  -49.826  5.625  22.226 0.0000000000
86055  -50.733  5.110  20.815 0.0000000000
86798  -49.578  5.762  21.141 0.0000000000
87605  -47.709  7.161  19.310 0.0000000000
87606  -48.375  6.927  19.006 0.0000000000
88442  -47.993  7.578  18.657 0.0000000000
88461  -48.596  7.140  17.747 0.0000000000
89231  -47.829  8.354  18.305 0.0000000000
89070  -42.477  8.231  35.491 0.0000000000
88339  -41.984  7.326  34.571 0.0000000000
89071  -43.446  8.401  35.239 0.0000000000
89096  -45.710  8.449  32.836 0.0000000000
89095  -44.831  8.276  33.195 0.0000000000
88348  -45.176  8.102  31.964 0.0000000000
88357  -45.227  7.912  30.251 0.0000000000
89115  -46.036  8.266  30.647 0.0000000000
89062  -50.151  8.665  36.491 0.0000000000
89076  -49.435  8.706  35.446 0.0000000000
89088  -50.041  8.603  34.427 0.0000000000
89944  -49.227  9.582  28.382 0.0000000000
89125  -48.566  9.191  30.495 0.0000000000
89943  -48.402  9.381  28.289 0.0000000000
89143  -47.462  9.093  28.301 0.0000000000
89971  -47.790  8.995  26.529 0.0000000000
89997  -47.967  8.819  24.964 0.0000000000
89998  -48.883  9.283  24.612 0.0000000000
90790  -50.117  10.760  22.593 0.0000000000
90016  -49.918  10.230  21.869 0.0000000000
90826  -49.690  11.213  19.692 0.0000000000
90835  -47.902  10.552  18.880 0.0000000000
91644  -48.109  11.417  19.269 0.0000000000
91642  -45.914  11.319  18.614 0.0000000000
91631  -47.558  11.667  19.911 0.0000000000
90776  -47.286  10.937  24.026 0.0000000000
90813  -46.351  11.235  21.349 0.0000000000
91537  -49.080  12.217  30.760 0.0000000000
92381  -49.456  12.414  29.198 0.0000000000
92352  -48.196  12.076  30.604 0.0000000000
92389  -45.719  12.123  28.181 0.0000000000
92399  -46.530  11.936  27.549 0.0000000000
91561  -45.430  11.609  27.486 0.0000000000
90747  -44.971  10.681  26.257 0.0000000000
90746  -44.199  10.534  26.709 0.0000000000
90757  -43.095  9.895  25.733 0.0000000000
90739  -43.970  10.823  27.489 0.0000000000
92375  -43.258  12.689  29.642 0.0000000000
91551  -43.124  11.597  28.948 0.0000000000
91546  -42.560  11.953  29.537 0.0000000000
90729  -41.972  10.674  29.383 0.0000000000
84226  -42.102  2.464  31.217 0.0000000000
84236  -42.165  3.308  30.441 0.0000000000
84235  -41.635  3.655  30.765 0.0000000000
86712  -41.451  5.167  31.214 0.0000000000
86709  -41.793  6.034  31.578 0.0000000000
89809  -52.471  10.100  41.477 0.0000000000
91432  -52.527  11.329  41.974 0.0000000000
91455  -52.446  11.066  39.385 0.0000000000
91464  -51.586  11.507  38.675 0.0000000000
91469  -51.693  11.465  37.407 0.0000000000
91463  -50.788  12.052  39.175 0.0000000000
92295  -49.318  13.112  38.878 0.0000000000
85263  -49.604  4.239  19.766 0.0000000000
89024  -38.130  8.197  39.633 0.0000000000
89018  -39.017  8.912  39.782 0.0000000000
89004  -38.660  8.916  40.570 0.0000000000
84195  -46.882  2.875  34.818 0.0000000000
84205  -46.632  2.519  33.833 0.0000000000
84184  -46.131  2.485  35.592 0.0000000000
83221  -45.313  1.961  35.389 0.0000000000
82229  -43.773  0.819  35.148 0.0000000000
84130  -40.254  2.733  40.610 0.0000000000
82185  -38.834  0.667  38.952 0.0000000000
84181  -36.518  2.023  35.273 0.0000000000
85930  -35.959  3.974  35.557 0.0000000000
84179  -35.080  2.736  35.828 0.0000000000
85921  -34.159  4.365  36.843 0.0000000000
86733  -45.002  4.884  25.949 0.0000000000
85981  -45.799  4.334  26.105 0.0000000000
86742  -45.192  5.030  25.280 0.0000000000
86754  -46.245  5.014  23.800 0.0000000000
86784  -47.576  5.417  21.931 0.0000000000
86796  -47.426  5.890  21.049 0.0000000000
87581  -46.195  6.506  21.426 0.0000000000
87589  -46.385  6.929  20.818 0.0000000000
89216  -46.646  8.483  20.861 0.0000000000
89856  -44.324  10.086  36.988 0.0000000000
89057  -44.121  9.103  35.823 0.0000000000
89058  -45.140  9.211  35.865 0.0000000000
89073  -45.625  9.005  35.076 0.0000000000
89085  -46.294  8.855  34.099 0.0000000000
89887  -52.146  9.090  32.671 0.0000000000
89110  -50.408  8.760  32.441 0.0000000000
89896  -51.331  9.409  31.469 0.0000000000
89928  -50.980  10.015  29.738 0.0000000000
89959  -50.012  9.903  27.638 0.0000000000
89987  -49.499  9.746  25.454 0.0000000000
90749  -50.032  10.248  25.780 0.0000000000
90777  -49.848  10.608  23.815 0.0000000000
91589  -49.688  11.054  23.261 0.0000000000
91606  -48.497  11.477  22.039 0.0000000000
91588  -49.083  11.334  23.723 0.0000000000
91581  -48.860  11.542  24.857 0.0000000000
91573  -48.445  11.750  25.837 0.0000000000
91521  -47.551  11.733  31.998 0.0000000000
92351  -47.191  11.930  30.971 0.0000000000
92350  -45.963  12.257  31.158 0.0000000000
92365  -45.365  12.611  30.560 0.0000000000
92377  -45.160  12.507  28.990 0.0000000000
92387  -44.344  12.022  28.657 0.0000000000
93098  -43.917  13.070  29.883 0.0000000000
93092  -43.593  13.109  30.740 0.0000000000
93091  -42.707  13.369  30.971 0.0000000000
84252  -47.008  1.997  29.598 0.0000000000
84271  -47.728  2.446  28.889 0.0000000000
84270  -46.702  2.418  28.778 0.0000000000
85161  -45.330  2.960  27.941 0.0000000000
85179  -45.024  3.562  27.386 0.0000000000
84248  -42.980  3.200  29.533 0.0000000000
85159  -43.646  3.777  28.179 0.0000000000
85965  -43.875  4.618  27.224 0.0000000000
86731  -43.716  5.561  26.695 0.0000000000
87546  -43.457  6.596  27.049 0.0000000000
88381  -43.952  7.485  26.979 0.0000000000
90646  -48.021  10.372  40.069 0.0000000000
89844  -48.265  9.670  38.510 0.0000000000
89833  -49.637  9.381  39.662 0.0000000000
89035  -50.838  8.705  38.747 0.0000000000
89063  -51.391  8.608  36.327 0.0000000000
89836  -52.884  9.097  39.685 0.0000000000
89048  -52.945  8.949  37.082 0.0000000000
89079  -52.566  9.156  35.244 0.0000000000
89882  -52.861  9.529  33.552 0.0000000000
91512  -52.738  10.940  31.873 0.0000000000
91539  -52.336  11.769  30.612 0.0000000000
92383  -51.527  12.250  29.515 0.0000000000
91510  -51.654  11.930  32.221 0.0000000000
91509  -50.592  12.011  32.368 0.0000000000
91508  -49.406  11.923  32.499 0.0000000000
91479  -49.778  11.766  35.682 0.0000000000
91488  -49.978  11.647  34.527 0.0000000000
91494  -47.958  11.746  33.700 0.0000000000
91485  -47.030  11.803  34.286 0.0000000000
92320  -46.589  12.085  34.552 0.0000000000
92311  -45.569  13.269  35.188 0.0000000000
86691  -40.097  5.877  35.074 0.0000000000
87510  -40.879  6.267  34.809 0.0000000000
88333  -40.177  7.127  35.556 0.0000000000
89068  -40.968  8.150  35.801 0.0000000000
89867  -41.830  9.556  36.554 0.0000000000
89841  -39.843  10.033  38.798 0.0000000000
90652  -41.225  10.662  38.778 0.0000000000
90666  -42.874  10.766  37.663 0.0000000000
91460  -43.873  11.211  38.909 0.0000000000
91451  -45.056  11.212  39.548 0.0000000000
90629  -46.032  10.902  40.701 0.0000000000
90566  -42.341  9.991  43.788 0.0000000000
89775  -44.131  9.648  42.867 0.0000000000
90595  -45.578  10.101  42.669 0.0000000000
90630  -47.244  10.776  40.901 0.0000000000
90616  -48.576  10.544  42.133 0.0000000000
90598  -48.728  10.454  43.052 0.0000000000
90573  -49.966  10.914  43.635 0.0000000000
84256  -50.990  2.964  30.423 0.0000000000
84255  -50.144  2.712  30.233 0.0000000000
85113  -52.188  4.104  35.014 0.0000000000
85131  -52.348  3.933  33.213 0.0000000000
84220  -51.317  3.517  33.007 0.0000000000
84230  -49.687  2.631  32.006 0.0000000000
84241  -48.327  2.071  30.787 0.0000000000
84240  -47.089  1.709  30.684 0.0000000000
83278  -45.918  1.584  30.816 0.0000000000
83267  -44.104  1.599  31.546 0.0000000000
84215  -45.616  2.028  33.353 0.0000000000
83256  -44.326  1.618  32.491 0.0000000000
83266  -43.101  1.811  31.312 0.0000000000
84213  -41.434  2.386  32.099 0.0000000000
85884  -43.475  4.108  42.005 0.0000000000
85036  -41.246  3.216  40.806 0.0000000000
85038  -43.345  3.802  41.309 0.0000000000
85039  -44.426  3.649  41.328 0.0000000000
84135  -44.911  3.001  40.860 0.0000000000
84149  -45.500  2.288  40.284 0.0000000000
83188  -45.761  1.615  38.635 0.0000000000
83198  -44.880  1.265  37.208 0.0000000000
82215  -44.005  0.684  36.128 0.0000000000
81200  -42.719  -0.052  35.268 0.0000000000
85934  -39.444  4.470  34.585 0.0000000000
87504  -38.898  6.304  35.366 0.0000000000
87503  -37.807  6.413  35.668 0.0000000000
88323  -37.546  7.701  37.395 0.0000000000
88319  -37.568  7.858  38.507 0.0000000000
85210  -52.879  3.853  25.076 0.0000000000
85221  -52.543  4.580  24.099 0.0000000000
85231  -52.083  4.492  23.142 0.0000000000
85182  -48.106  3.472  27.449 0.0000000000
85197  -48.763  4.107  26.821 0.0000000000
85998  -48.071  4.478  25.183 0.0000000000
86015  -48.823  4.785  24.529 0.0000000000
86743  -50.921  5.754  24.868 0.0000000000
86771  -51.158  5.846  23.497 0.0000000000
86788  -51.824  5.721  22.713 0.0000000000
85241  -51.820  4.811  22.151 0.0000000000
85247  -51.279  4.732  21.539 0.0000000000
86065  -50.214  4.913  19.835 0.0000000000
86818  -49.700  5.645  19.207 0.0000000000
86809  -49.190  6.035  20.199 0.0000000000
87598  -49.702  5.920  19.205 0.0000000000
86817  -49.370  5.589  18.642 0.0000000000
86831  -48.049  6.121  17.563 0.0000000000
87624  -47.909  6.905  17.406 0.0000000000
88450  -47.063  7.338  17.446 0.0000000000
87515  -41.461  6.480  33.726 0.0000000000
87516  -42.085  7.002  33.430 0.0000000000
87520  -42.999  6.891  32.021 0.0000000000
88341  -43.648  7.896  33.865 0.0000000000
88346  -43.706  7.657  32.948 0.0000000000
87525  -43.710  6.959  30.784 0.0000000000
88360  -44.501  7.529  29.766 0.0000000000
88363  -44.484  7.739  28.866 0.0000000000
89152  -45.027  8.198  27.064 0.0000000000
89044  -48.322  9.091  37.327 0.0000000000
89075  -48.157  8.779  35.432 0.0000000000
89097  -47.182  8.578  33.170 0.0000000000
89119  -49.784  8.930  31.936 0.0000000000
89117  -47.889  8.839  31.282 0.0000000000
89116  -46.913  8.554  31.008 0.0000000000
89128  -46.767  8.707  29.081 0.0000000000
89154  -46.388  8.673  27.399 0.0000000000
89165  -45.556  8.350  26.453 0.0000000000
89193  -46.315  8.411  24.039 0.0000000000
90024  -47.816  9.275  21.609 0.0000000000
90006  -49.046  9.432  23.497 0.0000000000
90025  -49.150  9.883  21.035 0.0000000000
90033  -48.027  9.618  20.386 0.0000000000
90050  -47.539  9.524  18.233 0.0000000000
90056  -47.162  9.564  17.593 0.0000000000
91619  -46.937  11.596  20.640 0.0000000000
92393  -50.228  12.380  28.386 0.0000000000
92401  -48.803  12.312  27.336 0.0000000000
91572  -47.485  11.624  26.175 0.0000000000
92379  -47.142  12.372  29.054 0.0000000000
91563  -46.862  11.703  26.884 0.0000000000
90760  -46.130  10.731  25.224 0.0000000000
90759  -45.098  10.408  25.313 0.0000000000
90773  -44.237  10.209  24.382 0.0000000000
90784  -42.306  10.631  23.528 0.0000000000
90738  -43.476  10.859  27.947 0.0000000000
90744  -42.896  10.267  27.612 0.0000000000
93719  -44.646  14.659  34.833 0.0000000000
93718  -43.960  14.310  34.432 0.0000000000
93059  -42.984  14.066  33.542 0.0000000000
93080  -42.207  13.979  32.065 0.0000000000
93090  -41.685  13.630  31.044 0.0000000000
85239  -50.356  3.383  22.489 0.0000000000
85059  -47.779  3.348  38.468 0.0000000000
84174  -47.744  3.443  37.228 0.0000000000
84166  -47.427  3.118  37.923 0.0000000000
83200  -46.308  2.122  37.864 0.0000000000
81166  -35.346  0.264  37.234 0.0000000000
84254  -49.214  2.496  29.848 0.0000000000
84272  -48.672  2.586  29.066 0.0000000000
88398  -44.381  7.381  25.268 0.0000000000
88407  -44.988  7.632  24.358 0.0000000000
88399  -44.995  7.877  24.926 0.0000000000
90658  -46.793  10.458  38.796 0.0000000000
89842  -46.495  10.071  38.002 0.0000000000
89843  -47.365  9.898  38.251 0.0000000000
91548  -52.036  11.497  29.306 0.0000000000
91555  -51.361  11.507  27.993 0.0000000000
92394  -51.280  12.142  28.622 0.0000000000
92327  -44.239  12.906  33.705 0.0000000000
83276  -43.910  1.770  30.632 0.0000000000
84238  -43.532  2.060  30.389 0.0000000000
86717  -42.720  5.598  29.947 0.0000000000
87529  -43.117  6.465  30.421 0.0000000000
89807  -51.441  9.669  41.656 0.0000000000
91476  -52.676  11.093  35.910 0.0000000000
91481  -52.031  11.555  35.121 0.0000000000
91475  -51.859  11.469  36.229 0.0000000000
92306  -47.408  13.280  36.672 0.0000000000
93043  -47.760  13.789  37.388 0.0000000000
85255  -48.809  3.541  20.097 0.0000000000
86063  -48.592  4.714  18.803 0.0000000000
89041  -38.278  8.570  37.500 0.0000000000
89042  -38.763  8.925  36.954 0.0000000000
89850  -38.465  8.943  37.999 0.0000000000
89789  -41.637  9.583  42.646 0.0000000000
89820  -41.253  9.935  40.910 0.0000000000
89805  -42.115  9.755  41.677 0.0000000000
90610  -42.973  10.020  41.648 0.0000000000
89790  -42.856  9.573  42.381 0.0000000000
92214  -45.315  11.809  44.279 0.0000000000
92215  -46.229  11.977  44.127 0.0000000000
85133  -53.913  3.781  32.592 0.0000000000
85139  -53.257  3.955  31.961 0.0000000000
85132  -53.256  4.077  32.918 0.0000000000
84218  -48.809  2.630  32.976 0.0000000000
82242  -43.613  1.093  34.524 0.0000000000
83234  -43.695  1.449  34.032 0.0000000000
82248  -42.329  1.040  33.673 0.0000000000
82240  -41.806  0.595  34.082 0.0000000000
84118  -40.460  2.561  41.240 0.0000000000
82173  -41.544  0.977  39.407 0.0000000000
82174  -42.252  0.873  39.312 0.0000000000
83185  -42.614  0.876  39.215 0.0000000000
82188  -42.436  0.173  38.358 0.0000000000
81160  -41.214  -0.329  37.987 0.0000000000
85093  -37.486  3.445  35.046 0.0000000000
86744  -51.440  5.784  25.363 0.0000000000
85195  -46.739  3.759  26.584 0.0000000000
86768  -47.848  5.104  22.781 0.0000000000
88441  -47.254  7.756  19.505 0.0000000000
88451  -48.239  7.739  18.219 0.0000000000
89055  -42.230  8.801  36.094 0.0000000000
89077  -50.653  8.645  35.372 0.0000000000
89958  -49.153  9.533  27.440 0.0000000000
89925  -48.613  9.432  28.874 0.0000000000
89957  -48.144  9.284  27.408 0.0000000000
89986  -48.517  9.122  25.624 0.0000000000
91608  -49.772  11.512  21.367 0.0000000000
90803  -50.283  11.037  21.434 0.0000000000
91633  -49.517  11.957  20.129 0.0000000000
91645  -49.062  11.694  19.568 0.0000000000
91632  -48.623  11.913  20.094 0.0000000000
90788  -46.630  10.667  23.111 0.0000000000
90775  -46.347  10.513  24.121 0.0000000000
92368  -48.721  12.328  29.969 0.0000000000
91569  -44.988  11.047  27.009 0.0000000000
91560  -44.609  11.283  27.602 0.0000000000
92364  -42.361  12.873  30.287 0.0000000000
84225  -41.341  3.273  31.279 0.0000000000
86707  -40.695  4.951  32.249 0.0000000000
85946  -41.181  4.687  31.354 0.0000000000
92252  -52.214  12.273  42.334 0.0000000000
91440  -51.934  12.132  40.660 0.0000000000
91453  -50.962  12.309  39.698 0.0000000000
93033  -49.761  13.679  39.654 0.0000000000
92287  -49.845  13.180  39.509 0.0000000000
93041  -49.193  14.173  39.181 0.0000000000
84338  -49.587  3.060  21.998 0.0000000000
84348  -49.513  3.240  21.233 0.0000000000
89016  -37.884  8.288  40.204 0.0000000000
89017  -38.610  8.516  40.013 0.0000000000
89003  -37.942  8.929  40.821 0.0000000000
85109  -48.446  3.720  36.060 0.0000000000
83208  -45.559  1.940  36.468 0.0000000000
83220  -44.527  1.451  35.074 0.0000000000
81194  -37.059  -0.274  36.095 0.0000000000
82223  -36.463  0.363  35.834 0.0000000000
83216  -36.099  1.290  35.615 0.0000000000
84180  -35.539  2.237  35.675 0.0000000000
85078  -34.311  3.291  36.347 0.0000000000
85077  -33.641  3.343  36.784 0.0000000000
86732  -44.402  5.407  25.913 0.0000000000
86741  -44.672  5.645  24.943 0.0000000000
87567  -45.255  6.108  23.462 0.0000000000
86753  -45.497  5.412  24.060 0.0000000000
86767  -46.638  5.183  23.059 0.0000000000
86783  -46.374  5.853  21.908 0.0000000000
86782  -45.765  6.173  22.418 0.0000000000
88428  -45.769  7.173  21.803 0.0000000000
88429  -46.094  7.697  21.414 0.0000000000
88421  -46.096  8.042  22.143 0.0000000000
89870  -44.721  9.590  36.461 0.0000000000
89857  -45.238  9.978  37.108 0.0000000000
89872  -46.491  9.431  36.793 0.0000000000
89059  -46.197  9.186  36.053 0.0000000000
89074  -46.883  8.996  35.265 0.0000000000
89897  -51.961  9.556  31.840 0.0000000000
89911  -51.984  9.913  31.064 0.0000000000
90723  -51.413  10.447  29.230 0.0000000000
89946  -50.856  10.194  28.900 0.0000000000
89973  -49.933  9.920  26.531 0.0000000000
89974  -50.545  10.346  27.067 0.0000000000
90763  -50.094  10.961  25.436 0.0000000000
91597  -49.175  11.354  22.619 0.0000000000
92340  -46.612  11.808  32.031 0.0000000000
92349  -44.951  12.486  31.334 0.0000000000
93100  -45.473  12.669  29.517 0.0000000000
93099  -44.749  12.832  29.631 0.0000000000
93070  -43.703  12.941  32.218 0.0000000000
93097  -43.166  13.113  30.251 0.0000000000
84239  -46.406  1.757  30.141 0.0000000000
84251  -46.034  2.019  29.560 0.0000000000
84268  -44.683  2.635  28.754 0.0000000000
84269  -45.690  2.487  28.733 0.0000000000
85160  -44.426  3.236  28.044 0.0000000000
84247  -42.533  3.652  29.925 0.0000000000
85151  -43.062  3.966  28.918 0.0000000000
85178  -44.323  3.830  27.516 0.0000000000
87537  -43.397  6.616  28.339 0.0000000000
88370  -43.755  7.255  27.726 0.0000000000
90647  -49.063  10.023  40.319 0.0000000000
89027  -51.350  8.719  39.490 0.0000000000
89036  -51.982  8.632  38.308 0.0000000000
89046  -51.032  8.593  37.491 0.0000000000
90634  -52.583  10.473  41.210 0.0000000000
89824  -52.539  9.804  40.805 0.0000000000
90649  -53.202  9.450  39.480 0.0000000000
89066  -53.152  9.549  36.682 0.0000000000
89038  -53.274  9.106  37.734 0.0000000000
89065  -53.002  9.393  36.146 0.0000000000
89064  -52.400  8.823  36.190 0.0000000000
89080  -52.869  9.598  35.135 0.0000000000
89092  -52.770  9.368  34.448 0.0000000000
89879  -52.997  9.907  34.453 0.0000000000
91491  -52.821  11.131  33.822 0.0000000000
91499  -52.804  11.017  32.818 0.0000000000
91526  -52.596  11.456  31.157 0.0000000000
91511  -52.409  11.519  32.034 0.0000000000
91525  -51.933  11.958  31.220 0.0000000000
91489  -51.182  11.712  34.282 0.0000000000
91468  -50.384  11.925  37.828 0.0000000000
91474  -50.724  11.708  36.552 0.0000000000
91473  -49.517  12.042  36.813 0.0000000000
91478  -48.937  12.045  35.992 0.0000000000
91487  -48.589  11.866  34.839 0.0000000000
91495  -49.074  11.732  33.604 0.0000000000
92321  -47.745  12.063  35.032 0.0000000000
92305  -46.777  13.390  36.221 0.0000000000
86062  -47.782  4.729  18.731 0.0000000000
86824  -47.440  6.070  17.969 0.0000000000
87505  -39.790  6.343  35.332 0.0000000000
89865  -39.662  9.393  36.787 0.0000000000
89053  -40.315  8.676  36.126 0.0000000000
89866  -40.732  9.714  36.762 0.0000000000
89054  -41.310  8.824  36.148 0.0000000000
90673  -40.892  10.154  37.238 0.0000000000
89829  -39.436  9.441  39.417 0.0000000000
89830  -40.333  9.950  39.747 0.0000000000
90665  -41.808  10.716  37.802 0.0000000000
90654  -43.425  11.088  38.319 0.0000000000
91459  -43.160  11.275  39.034 0.0000000000
91437  -44.292  10.982  40.342 0.0000000000
91450  -44.145  11.210  39.586 0.0000000000
91438  -44.972  10.944  40.459 0.0000000000
91452  -45.521  11.093  40.143 0.0000000000
91439  -45.418  10.901  40.581 0.0000000000
91402  -43.478  11.585  44.239 0.0000000000
91400  -41.901  10.893  44.004 0.0000000000
90552  -42.908  10.422  44.180 0.0000000000
89774  -43.542  9.538  43.124 0.0000000000
90553  -43.907  10.319  44.277 0.0000000000
90569  -45.784  10.103  43.582 0.0000000000
90614  -46.383  10.605  41.834 0.0000000000
90615  -47.473  10.629  41.974 0.0000000000
90597  -47.657  10.438  42.935 0.0000000000
91404  -48.059  11.083  44.226 0.0000000000
90572  -48.872  10.804  43.692 0.0000000000
90599  -49.823  10.414  43.105 0.0000000000
91405  -48.900  11.593  44.023 0.0000000000
85146  -53.169  3.780  30.914 0.0000000000
84243  -50.426  2.775  31.137 0.0000000000
85123  -51.358  3.911  34.270 0.0000000000
85124  -52.330  4.085  34.116 0.0000000000
85130  -51.712  3.857  33.633 0.0000000000
84242  -49.396  2.451  30.968 0.0000000000
84228  -47.555  1.877  31.651 0.0000000000
83269  -46.032  1.612  31.761 0.0000000000
83268  -45.108  1.564  31.701 0.0000000000
84204  -45.751  2.227  33.842 0.0000000000
83247  -45.128  1.928  33.669 0.0000000000
83245  -43.591  1.531  33.197 0.0000000000
84214  -42.046  2.150  31.774 0.0000000000
83254  -42.246  1.819  32.255 0.0000000000
84137  -46.819  3.037  40.407 0.0000000000
85007  -42.438  3.459  42.260 0.0000000000
85883  -42.785  3.922  42.071 0.0000000000
84144  -39.957  2.501  40.075 0.0000000000
85035  -40.725  3.034  40.630 0.0000000000
84131  -40.826  2.776  40.297 0.0000000000
84146  -42.433  2.607  40.452 0.0000000000
84132  -41.831  2.993  40.583 0.0000000000
84133  -42.785  3.236  40.742 0.0000000000
84134  -43.828  3.162  40.820 0.0000000000
83171  -45.095  1.604  39.640 0.0000000000
83172  -46.025  1.907  39.476 0.0000000000
82201  -42.856  -0.180  37.368 0.0000000000
82202  -43.426  0.158  37.022 0.0000000000
81188  -43.145  -0.079  36.464 0.0000000000
82214  -43.366  0.178  35.933 0.0000000000
81187  -42.751  -0.357  36.071 0.0000000000
85107  -39.046  3.139  34.483 0.0000000000
84192  -39.653  2.430  34.029 0.0000000000
85108  -39.534  3.594  34.144 0.0000000000
86690  -39.491  5.400  35.013 0.0000000000
85933  -38.813  4.495  34.966 0.0000000000
86688  -37.386  5.339  35.527 0.0000000000
85927  -35.302  4.308  36.024 0.0000000000
85928  -36.023  4.683  35.792 0.0000000000
86685  -35.715  5.277  36.440 0.0000000000
87494  -36.208  6.482  37.726 0.0000000000
88322  -36.985  7.295  37.961 0.0000000000
88318  -36.803  7.266  38.687 0.0000000000
88314  -37.438  7.861  39.375 0.0000000000
84305  -53.316  2.768  25.726 0.0000000000
86773  -52.668  5.670  24.201 0.0000000000
85232  -52.571  4.957  23.563 0.0000000000
85164  -48.492  3.040  28.295 0.0000000000
85996  -46.038  4.752  24.759 0.0000000000
85997  -46.970  4.420  25.030 0.0000000000
86029  -49.313  5.060  24.078 0.0000000000
86016  -49.667  5.182  24.513 0.0000000000
86755  -50.573  5.630  24.344 0.0000000000
86039  -52.136  5.195  22.574 0.0000000000
85248  -51.711  4.960  21.836 0.0000000000
86046  -51.207  5.237  21.576 0.0000000000
86808  -48.210  6.147  20.275 0.0000000000
87607  -48.979  6.651  18.690 0.0000000000
87608  -49.402  6.132  18.652 0.0000000000
87618  -49.063  6.541  17.989 0.0000000000
86826  -48.961  5.897  18.008 0.0000000000
88460  -48.082  7.463  17.504 0.0000000000
87625  -48.272  6.879  17.487 0.0000000000
87623  -47.386  7.076  17.435 0.0000000000
88459  -47.337  7.751  17.398 0.0000000000
86696  -40.899  6.086  34.534 0.0000000000
87511  -41.366  6.652  34.544 0.0000000000
88340  -42.610  7.482  34.132 0.0000000000
87519  -42.415  6.819  32.539 0.0000000000
89072  -44.519  8.730  35.136 0.0000000000
89083  -43.935  8.292  34.594 0.0000000000
88347  -44.544  7.970  32.563 0.0000000000
88342  -44.298  8.077  33.331 0.0000000000
88351  -43.745  7.301  32.065 0.0000000000
88355  -43.951  7.175  31.321 0.0000000000
87530  -43.795  7.007  30.076 0.0000000000
88356  -44.426  7.430  30.731 0.0000000000
88361  -45.170  8.064  29.357 0.0000000000
88364  -45.082  8.245  28.510 0.0000000000
88371  -44.491  7.941  27.803 0.0000000000
88372  -45.064  8.328  28.000 0.0000000000
89861  -48.648  9.230  38.023 0.0000000000
89061  -48.830  8.810  36.514 0.0000000000
89087  -48.863  8.632  34.407 0.0000000000
89086  -47.623  8.739  34.300 0.0000000000
89895  -50.383  9.228  31.378 0.0000000000
89130  -48.273  9.184  29.924 0.0000000000
89123  -46.895  8.585  30.032 0.0000000000
89167  -46.943  8.772  26.847 0.0000000000
89142  -46.544  8.758  28.190 0.0000000000
89166  -46.306  8.574  26.665 0.0000000000
89175  -46.243  8.504  25.866 0.0000000000
89184  -46.260  8.444  24.982 0.0000000000
89185  -47.079  8.608  25.371 0.0000000000
90005  -48.109  8.981  23.986 0.0000000000
89203  -47.193  8.751  23.489 0.0000000000
89210  -47.209  8.828  22.555 0.0000000000
89999  -49.601  9.945  24.232 0.0000000000
90816  -49.644  10.321  20.348 0.0000000000
90042  -47.759  9.691  19.279 0.0000000000
90043  -48.623  10.433  19.420 0.0000000000
90846  -47.225  10.401  17.888 0.0000000000
90854  -47.065  10.059  17.587 0.0000000000
90853  -46.809  10.065  17.563 0.0000000000
89237  -46.505  8.757  17.445 0.0000000000
90844  -45.832  10.436  17.934 0.0000000000
90815  -47.977  11.572  21.734 0.0000000000
90814  -47.381  11.409  21.526 0.0000000000
90812  -45.234  11.254  21.295 0.0000000000
92370  -50.925  12.369  30.165 0.0000000000
92382  -50.571  12.415  29.336 0.0000000000
92380  -48.313  12.390  29.083 0.0000000000
92392  -49.115  12.464  28.228 0.0000000000
92407  -48.103  11.877  26.444 0.0000000000
92400  -47.665  12.034  27.164 0.0000000000
92367  -47.608  12.359  29.951 0.0000000000
91571  -46.417  11.293  26.261 0.0000000000
90748  -45.657  10.856  25.994 0.0000000000
90772  -43.196  10.108  24.471 0.0000000000
89970  -42.826  9.817  26.408 0.0000000000
92376  -44.179  12.474  29.093 0.0000000000
91552  -43.807  11.679  28.587 0.0000000000
90730  -42.566  10.941  28.970 0.0000000000
90731  -43.175  11.170  28.527 0.0000000000
90737  -42.836  10.627  28.245 0.0000000000
89956  -42.397  9.996  27.992 0.0000000000
93725  -43.411  14.845  34.037 0.0000000000
93060  -43.501  13.760  33.867 0.0000000000
93733  -41.975  14.781  32.929 0.0000000000
85120  -40.289  3.696  32.685 0.0000000000
85129  -40.535  3.891  31.963 0.0000000000
85943  -40.453  4.467  32.455 0.0000000000
86703  -40.625  5.125  32.794 0.0000000000
86704  -41.043  5.805  33.193 0.0000000000
92281  -51.405  12.888  40.902 0.0000000000
93022  -50.789  13.685  40.647 0.0000000000
93034  -50.247  14.194  40.255 0.0000000000
93698  -50.413  15.367  40.063 0.0000000000
89801  -37.836  9.511  41.316 0.0000000000
84186  -47.720  3.375  36.351 0.0000000000
82222  -35.728  0.743  36.087 0.0000000000
84171  -35.056  1.844  36.072 0.0000000000
83206  -34.715  1.480  36.429 0.0000000000
85153  -50.727  3.086  29.598 0.0000000000
87560  -44.391  6.381  24.754 0.0000000000
87566  -44.838  6.283  23.995 0.0000000000
87573  -45.029  6.590  23.496 0.0000000000
87574  -45.376  6.549  22.858 0.0000000000
88414  -45.109  7.254  23.470 0.0000000000
89201  -45.584  7.785  23.135 0.0000000000
90669  -45.650  10.261  37.805 0.0000000000
90713  -52.504  10.504  30.905 0.0000000000
90712  -52.043  10.392  30.297 0.0000000000
90724  -51.941  10.814  29.388 0.0000000000
90732  -51.436  10.759  28.439 0.0000000000
90740  -51.093  10.845  27.285 0.0000000000
91575  -50.148  11.241  25.731 0.0000000000
91564  -49.928  12.016  26.671 0.0000000000
92402  -49.907  12.299  27.352 0.0000000000
83289  -45.407  1.746  30.134 0.0000000000
85951  -42.497  4.725  29.935 0.0000000000
85150  -42.637  4.045  29.573 0.0000000000
90633  -50.453  9.817  41.533 0.0000000000
89821  -50.077  9.548  40.590 0.0000000000
89822  -51.128  9.261  40.798 0.0000000000
89835  -51.758  8.859  40.045 0.0000000000
90660  -53.139  10.351  38.767 0.0000000000
90661  -53.339  9.618  39.069 0.0000000000
90676  -53.358  9.954  37.283 0.0000000000
89873  -53.204  9.934  36.402 0.0000000000
90678  -53.074  10.567  35.632 0.0000000000
91490  -52.176  11.588  34.051 0.0000000000
92301  -49.413  12.338  37.693 0.0000000000
92308  -49.162  12.253  37.041 0.0000000000
92307  -48.587  12.417  36.636 0.0000000000
92314  -48.248  12.187  35.535 0.0000000000
93046  -46.664  13.757  36.344 0.0000000000
88327  -38.789  7.831  36.154 0.0000000000
88328  -39.736  7.891  35.863 0.0000000000
89864  -39.116  9.155  36.875 0.0000000000
89852  -39.901  10.020  37.688 0.0000000000
89819  -40.445  9.656  40.679 0.0000000000
90642  -42.286  10.928  40.112 0.0000000000
91435  -42.943  11.102  40.135 0.0000000000
90625  -42.815  10.603  40.822 0.0000000000
90626  -43.640  10.570  40.986 0.0000000000
90611  -43.858  10.174  41.614 0.0000000000
91386  -44.269  11.176  44.456 0.0000000000
90555  -45.967  10.664  44.109 0.0000000000
90570  -46.783  10.398  43.627 0.0000000000
90556  -46.853  10.819  44.139 0.0000000000
91389  -47.152  11.343  44.314 0.0000000000
84232  -51.762  3.484  32.115 0.0000000000
84208  -50.579  3.560  33.758 0.0000000000
83258  -46.486  1.827  32.380 0.0000000000
83235  -44.473  1.674  34.213 0.0000000000
83233  -43.128  1.298  33.708 0.0000000000
83244  -42.680  1.454  33.183 0.0000000000
83168  -40.986  2.005  39.820 0.0000000000
83156  -42.021  2.443  40.387 0.0000000000
81173  -42.375  -0.531  37.132 0.0000000000
84191  -38.482  2.358  34.616 0.0000000000
85094  -38.405  3.514  34.833 0.0000000000
85181  -47.036  3.340  27.283 0.0000000000
86014  -47.906  4.662  24.343 0.0000000000
86027  -47.936  4.872  23.528 0.0000000000
86799  -50.620  5.539  21.436 0.0000000000
87594  -47.039  6.965  19.976 0.0000000000
87595  -47.885  6.591  19.655 0.0000000000
88443  -48.567  7.083  18.538 0.0000000000
88452  -48.687  7.217  18.112 0.0000000000
88462  -48.972  6.982  18.021 0.0000000000
89240  -48.241  7.718  17.793 0.0000000000
88335  -41.748  7.443  35.118 0.0000000000
88336  -42.606  7.755  34.903 0.0000000000
88337  -43.263  7.927  34.588 0.0000000000
88353  -45.206  7.980  31.150 0.0000000000
89122  -45.985  8.333  29.723 0.0000000000
89099  -49.594  8.536  33.434 0.0000000000
89927  -50.157  9.725  29.579 0.0000000000
89908  -49.510  9.396  30.388 0.0000000000
89926  -49.020  9.472  29.461 0.0000000000
89129  -47.864  9.141  29.312 0.0000000000
89155  -47.204  8.951  27.449 0.0000000000
89985  -47.710  8.781  25.738 0.0000000000
90817  -50.074  10.949  20.349 0.0000000000
90825  -49.453  10.612  19.717 0.0000000000
90836  -48.943  11.074  19.356 0.0000000000
91652  -47.457  11.090  18.515 0.0000000000
91651  -46.750  11.133  18.128 0.0000000000
91650  -46.214  10.966  17.992 0.0000000000
91643  -47.049  11.567  18.911 0.0000000000
90789  -47.576  11.104  23.088 0.0000000000
90801  -46.961  11.008  22.219 0.0000000000
90800  -45.865  10.805  22.156 0.0000000000
91538  -49.620  12.248  30.800 0.0000000000
92369  -49.819  12.366  30.237 0.0000000000
92378  -46.073  12.495  28.974 0.0000000000
92398  -45.952  11.862  27.602 0.0000000000
91570  -45.611  11.195  26.726 0.0000000000
90722  -42.110  11.220  29.549 0.0000000000
91545  -41.820  11.623  29.899 0.0000000000
84227  -42.639  2.138  31.142 0.0000000000
84237  -42.938  2.338  30.517 0.0000000000
85143  -41.798  4.085  30.517 0.0000000000
85136  -40.922  3.997  31.447 0.0000000000
85137  -41.351  4.060  30.971 0.0000000000
85949  -42.072  4.742  30.398 0.0000000000
86713  -41.993  5.638  30.846 0.0000000000
87528  -42.614  6.335  30.895 0.0000000000
89808  -52.197  9.840  41.614 0.0000000000
90620  -52.370  10.431  42.135 0.0000000000
92271  -52.223  12.217  41.479 0.0000000000
91441  -52.408  11.439  40.712 0.0000000000
91465  -52.595  11.052  38.168 0.0000000000
92296  -50.005  12.324  38.631 0.0000000000
92302  -49.937  12.189  38.046 0.0000000000
92294  -48.777  13.305  38.406 0.0000000000
93040  -48.716  13.726  38.526 0.0000000000
88315  -38.034  8.118  39.068 0.0000000000
89025  -38.501  8.489  39.404 0.0000000000
89005  -39.098  9.017  40.321 0.0000000000
89802  -38.681  9.377  41.256 0.0000000000
89803  -39.674  9.403  41.077 0.0000000000
84196  -48.120  3.382  35.183 0.0000000000
84194  -45.931  2.425  34.646 0.0000000000
84129  -39.747  2.270  40.850 0.0000000000
84143  -39.618  2.284  40.396 0.0000000000
83166  -39.056  1.808  39.924 0.0000000000
83167  -39.996  2.049  39.605 0.0000000000
83184  -39.403  1.353  39.307 0.0000000000
82172  -40.427  1.277  39.306 0.0000000000
85092  -36.426  3.102  35.285 0.0000000000
85091  -35.396  3.305  35.688 0.0000000000
85079  -34.854  3.638  36.052 0.0000000000
85926  -34.553  4.152  36.458 0.0000000000
85980  -44.641  4.725  26.432 0.0000000000
86797  -48.495  5.811  21.093 0.0000000000
86795  -46.695  6.304  20.981 0.0000000000
87580  -45.751  6.621  22.002 0.0000000000
86806  -46.823  6.621  20.524 0.0000000000
88435  -46.595  7.724  20.340 0.0000000000
89223  -46.925  8.530  19.945 0.0000000000
89869  -43.762  9.565  36.420 0.0000000000
89871  -45.661  9.547  36.596 0.0000000000
89101  -51.547  8.610  33.615 0.0000000000
89100  -50.670  8.541  33.525 0.0000000000
89111  -51.352  8.699  32.904 0.0000000000
89885  -50.878  9.079  31.861 0.0000000000
89909  -50.373  9.566  30.420 0.0000000000
89910  -51.290  9.785  30.564 0.0000000000
89945  -50.050  9.839  28.631 0.0000000000
90762  -49.897  10.517  25.098 0.0000000000
91598  -49.763  11.209  22.136 0.0000000000
91607  -49.160  11.520  21.664 0.0000000000
91596  -48.435  11.362  22.946 0.0000000000
91587  -48.208  11.319  23.936 0.0000000000
91580  -47.763  11.394  25.015 0.0000000000
92388  -44.835  12.109  28.585 0.0000000000
91553  -44.477  11.707  28.283 0.0000000000
85162  -46.345  2.873  27.954 0.0000000000
84266  -43.380  3.490  28.862 0.0000000000
85966  -44.820  4.138  26.909 0.0000000000
85979  -44.138  5.079  26.570 0.0000000000
87552  -43.823  6.285  26.004 0.0000000000
88389  -43.845  7.094  26.177 0.0000000000
88390  -44.344  7.637  26.255 0.0000000000
89832  -48.664  9.813  39.377 0.0000000000
89845  -49.255  9.230  38.720 0.0000000000
89034  -49.928  8.870  38.600 0.0000000000
89846  -50.058  8.949  39.129 0.0000000000
89078  -51.806  8.710  35.159 0.0000000000
89029  -52.663  8.768  38.871 0.0000000000
89848  -53.412  9.165  38.619 0.0000000000
89847  -53.088  8.898  38.860 0.0000000000
89037  -52.894  8.828  38.129 0.0000000000
89047  -52.167  8.662  37.260 0.0000000000
89090  -51.868  8.665  34.219 0.0000000000
89102  -52.323  8.882  33.569 0.0000000000
89881  -52.606  9.176  33.111 0.0000000000
89898  -52.465  9.805  32.173 0.0000000000
90683  -52.971  10.404  33.637 0.0000000000
90689  -52.793  10.235  32.630 0.0000000000
90699  -52.600  10.423  31.679 0.0000000000
91527  -52.704  10.900  31.073 0.0000000000
92384  -52.146  11.877  29.743 0.0000000000
92371  -51.838  12.105  30.304 0.0000000000
92355  -51.226  12.187  30.787 0.0000000000
91524  -50.942  12.099  31.462 0.0000000000
91523  -49.786  12.141  31.382 0.0000000000
91507  -48.280  11.748  32.693 0.0000000000
91506  -47.291  11.655  32.890 0.0000000000
91493  -47.090  11.682  33.845 0.0000000000
91486  -47.490  11.840  34.384 0.0000000000
92319  -45.196  13.002  34.689 0.0000000000
93055  -44.951  13.418  34.893 0.0000000000
86695  -40.384  5.524  34.548 0.0000000000
87506  -40.537  6.420  35.178 0.0000000000
88334  -40.991  7.364  35.486 0.0000000000
88329  -40.464  7.830  35.732 0.0000000000
89069  -41.636  8.124  35.665 0.0000000000
89868  -42.804  9.523  36.474 0.0000000000
89840  -39.117  9.478  38.546 0.0000000000
90663  -40.246  10.270  38.291 0.0000000000
90651  -40.522  10.343  38.825 0.0000000000
90664  -40.802  10.420  37.852 0.0000000000
90674  -41.411  10.209  37.119 0.0000000000
89854  -42.364  10.230  36.988 0.0000000000
89855  -43.362  10.155  36.961 0.0000000000
90667  -43.882  10.577  37.603 0.0000000000
90655  -44.329  10.894  38.242 0.0000000000
91461  -44.641  11.147  38.860 0.0000000000
90656  -45.171  10.769  38.364 0.0000000000
90643  -45.520  11.027  38.866 0.0000000000
90644  -46.055  11.048  39.419 0.0000000000
90645  -47.041  10.794  39.775 0.0000000000
89791  -43.713  9.636  42.541 0.0000000000
90594  -44.647  9.931  42.471 0.0000000000
90568  -44.540  9.752  43.501 0.0000000000
90613  -45.379  10.475  41.774 0.0000000000
90631  -48.341  10.547  41.095 0.0000000000
90617  -49.669  10.311  42.282 0.0000000000
90600  -50.877  10.425  43.136 0.0000000000
85154  -52.004  3.461  30.082 0.0000000000
84221  -51.996  3.711  32.665 0.0000000000
84231  -50.798  3.058  32.072 0.0000000000
83270  -46.788  1.699  31.641 0.0000000000
83279  -46.463  1.600  31.225 0.0000000000
83277  -44.844  1.579  30.813 0.0000000000
83265  -42.431  2.057  31.542 0.0000000000
85937  -39.928  4.498  34.163 0.0000000000
84159  -47.374  2.905  38.740 0.0000000000
85871  -44.360  4.218  43.078 0.0000000000
85885  -44.696  4.290  42.343 0.0000000000
85018  -40.744  3.097  40.907 0.0000000000
85037  -42.216  3.696  41.159 0.0000000000
85899  -42.862  3.955  41.533 0.0000000000
85021  -44.161  4.068  41.723 0.0000000000
85022  -45.078  4.086  41.792 0.0000000000
85040  -45.487  3.549  41.309 0.0000000000
84136  -45.966  2.927  40.733 0.0000000000
84148  -44.402  2.316  40.399 0.0000000000
84150  -46.468  2.439  39.914 0.0000000000
83173  -46.483  2.171  39.311 0.0000000000
83189  -46.432  2.080  38.747 0.0000000000
83199  -45.594  1.647  37.592 0.0000000000
82190  -44.418  0.906  37.662 0.0000000000
82203  -44.218  0.815  37.011 0.0000000000
82228  -43.130  0.309  35.176 0.0000000000
81207  -42.802  0.280  34.864 0.0000000000
81172  -41.421  -0.751  37.153 0.0000000000
81186  -41.797  -0.835  36.184 0.0000000000
81198  -41.038  -0.507  35.295 0.0000000000
81199  -42.097  -0.420  35.303 0.0000000000
81206  -42.357  0.138  34.719 0.0000000000
86694  -39.831  4.967  34.603 0.0000000000
86689  -38.386  5.405  35.251 0.0000000000
88331  -38.533  7.057  35.725 0.0000000000
88324  -38.168  8.055  36.760 0.0000000000
89040  -37.887  8.206  38.126 0.0000000000
86687  -36.505  5.318  35.886 0.0000000000
87495  -36.943  7.065  37.444 0.0000000000
89015  -36.963  8.615  40.600 0.0000000000
88303  -36.299  7.957  40.021 0.0000000000
85209  -52.304  3.263  24.957 0.0000000000
85220  -51.852  3.561  24.315 0.0000000000
85198  -49.812  4.407  26.923 0.0000000000
85999  -49.125  4.741  25.276 0.0000000000
86000  -50.296  5.317  25.348 0.0000000000
86756  -51.418  5.952  24.406 0.0000000000
86772  -52.059  5.946  23.752 0.0000000000
85240  -51.249  4.087  22.298 0.0000000000
85257  -50.554  4.411  20.625 0.0000000000
85264  -50.130  4.309  20.117 0.0000000000
86064  -49.431  4.905  19.065 0.0000000000
87596  -48.759  6.418  19.480 0.0000000000
87597  -49.473  6.174  19.331 0.0000000000
86073  -48.982  5.255  18.495 0.0000000000
86825  -48.153  5.879  17.921 0.0000000000
86830  -47.910  6.350  17.632 0.0000000000
87616  -47.547  6.628  17.567 0.0000000000
86700  -40.973  5.945  34.081 0.0000000000
87512  -41.827  7.058  34.098 0.0000000000
87518  -41.623  6.366  32.822 0.0000000000
87522  -41.842  6.285  32.083 0.0000000000
87523  -42.377  6.453  31.582 0.0000000000
88350  -43.149  7.224  32.567 0.0000000000
87524  -43.232  6.776  31.304 0.0000000000
87533  -43.861  7.142  29.178 0.0000000000
88382  -44.505  7.891  26.896 0.0000000000
89164  -44.870  8.050  26.345 0.0000000000
89860  -47.883  9.472  37.785 0.0000000000
89043  -47.662  9.297  37.272 0.0000000000
89109  -49.238  8.692  32.473 0.0000000000
89118  -49.149  9.070  31.416 0.0000000000
89108  -48.131  8.672  32.293 0.0000000000
89107  -46.961  8.568  32.045 0.0000000000
89141  -45.667  8.507  27.984 0.0000000000
89153  -45.684  8.439  27.209 0.0000000000
89174  -45.263  8.169  25.527 0.0000000000
89194  -47.168  8.657  24.475 0.0000000000
90023  -47.044  8.920  21.225 0.0000000000
90032  -47.246  9.085  20.622 0.0000000000
90015  -49.101  9.575  22.299 0.0000000000
90041  -47.393  9.186  19.819 0.0000000000
89238  -47.041  8.729  17.387 0.0000000000
91620  -48.186  11.769  21.064 0.0000000000
91618  -45.794  11.512  20.487 0.0000000000
92408  -48.690  12.031  26.568 0.0000000000
92390  -46.830  12.248  28.178 0.0000000000
91579  -46.956  11.230  25.507 0.0000000000
90774  -45.295  10.311  24.261 0.0000000000
90786  -44.375  10.423  23.294 0.0000000000
90785  -43.352  10.494  23.492 0.0000000000
90756  -42.157  9.713  25.331 0.0000000000
91559  -44.092  11.284  28.007 0.0000000000
89941  -41.866  10.026  28.855 0.0000000000
93709  -48.401  15.119  38.060 0.0000000000
93711  -46.649  14.613  36.399 0.0000000000
93051  -45.980  14.110  35.891 0.0000000000
93050  -45.247  13.649  35.220 0.0000000000
93049  -44.836  13.784  35.039 0.0000000000
93054  -44.485  13.705  34.678 0.0000000000
93061  -44.137  13.344  34.182 0.0000000000
92326  -43.627  13.178  33.325 0.0000000000
93069  -43.172  13.352  32.754 0.0000000000
93724  -42.824  14.491  33.541 0.0000000000
93068  -42.702  14.010  33.155 0.0000000000
82213  -43.015  -0.004  35.604 0.0000000000
82230  -44.264  1.061  35.607 0.0000000000
84158  -46.871  2.438  39.091 0.0000000000
84224  -40.860  3.560  31.673 0.0000000000
85090  -34.812  3.067  35.943 0.0000000000
85898  -42.665  3.941  41.663 0.0000000000
85920  -33.602  4.172  37.135 0.0000000000
85925  -34.041  3.874  36.692 0.0000000000
85940  -40.107  4.376  33.737 0.0000000000
85948  -41.586  4.746  30.823 0.0000000000
86012  -46.119  4.917  24.139 0.0000000000
86031  -52.684  5.206  23.939 0.0000000000
86047  -51.734  5.224  21.987 0.0000000000
86683  -34.451  4.592  36.797 0.0000000000
86832  -48.781  6.497  17.799 0.0000000000
87559  -44.055  6.584  25.381 0.0000000000
87588  -45.950  6.957  21.452 0.0000000000
87609  -49.689  5.975  18.960 0.0000000000
87626  -48.822  6.789  17.815 0.0000000000
88320  -37.989  8.141  38.741 0.0000000000
88413  -44.830  6.782  23.771 0.0000000000
88453  -49.139  6.757  18.053 0.0000000000
88458  -46.860  8.257  17.372 0.0000000000
89026  -38.830  8.955  39.119 0.0000000000
89031  -37.956  8.166  38.519 0.0000000000
89033  -38.713  9.009  38.682 0.0000000000
89049  -53.225  9.313  37.072 0.0000000000
89091  -52.391  8.938  34.423 0.0000000000
89103  -52.684  9.112  33.979 0.0000000000
89112  -51.875  8.738  33.168 0.0000000000
89140  -45.167  8.322  27.623 0.0000000000
89192  -45.576  7.974  23.746 0.0000000000
89232  -48.355  7.780  17.998 0.0000000000
89792  -44.147  9.738  42.528 0.0000000000
89806  -42.641  9.706  41.936 0.0000000000
89831  -40.813  9.972  40.381 0.0000000000
89837  -53.311  9.280  39.242 0.0000000000
89839  -38.666  9.091  38.302 0.0000000000
89874  -53.263  9.616  37.040 0.0000000000
89886  -51.361  9.055  32.181 0.0000000000
89888  -52.678  9.522  32.790 0.0000000000
90026  -50.024  10.398  20.958 0.0000000000
90055  -46.656  9.474  17.475 0.0000000000
90557  -47.329  10.868  44.216 0.0000000000
90567  -43.316  9.749  43.862 0.0000000000
90593  -44.079  9.885  42.160 0.0000000000
90602  -52.373  10.972  42.627 0.0000000000
90609  -42.472  10.115  41.287 0.0000000000
90612  -44.580  10.287  41.696 0.0000000000
90628  -45.127  10.706  41.056 0.0000000000
90640  -40.837  10.355  39.347 0.0000000000
90671  -53.470  9.811  38.208 0.0000000000
90837  -49.376  11.441  19.515 0.0000000000
90852  -46.367  10.046  17.625 0.0000000000
91403  -47.578  10.914  44.244 0.0000000000
91448  -42.796  11.207  39.562 0.0000000000
91449  -43.411  11.228  39.595 0.0000000000
91462  -45.125  11.099  38.848 0.0000000000
91541  -52.611  10.869  30.736 0.0000000000
91556  -51.761  11.701  28.717 0.0000000000
91583  -49.954  11.150  25.364 0.0000000000
91622  -50.032  11.645  20.709 0.0000000000
91634  -49.951  11.539  20.062 0.0000000000
91646  -49.599  11.639  19.732 0.0000000000
92289  -51.171  12.575  40.287 0.0000000000
92353  -49.883  12.261  30.811 0.0000000000
92372  -52.286  11.783  30.209 0.0000000000
93053  -43.935  13.897  34.373 0.0000000000
93094  -45.264  12.806  30.017 0.0000000000
93714  -44.845  14.060  35.125 0.0000000000
