#!ascii label  , from subject 3453 vox2ras=TkReg
974
52634  -34.855  -27.304  56.329 0.0000000000
51432  -19.083  -28.203  57.471 0.0000000000
49025  -26.369  -30.475  56.107 0.0000000000
69997  -49.089  -10.922  38.369 0.0000000000
77153  -52.958  -5.103  36.577 0.0000000000
50102  -13.667  -28.805  62.387 0.0000000000
71044  -43.623  -10.320  41.267 0.0000000000
56999  -35.804  -23.834  56.621 0.0000000000
49048  -30.873  -30.198  55.095 0.0000000000
51389  -15.727  -28.393  59.180 0.0000000000
46536  -15.875  -32.209  62.775 0.0000000000
53869  -31.168  -26.480  53.009 0.0000000000
57037  -31.709  -23.590  53.566 0.0000000000
52598  -22.908  -27.611  57.205 0.0000000000
52664  -28.248  -27.649  53.905 0.0000000000
63654  -36.932  -17.487  42.270 0.0000000000
65676  -41.021  -14.553  40.465 0.0000000000
66778  -46.052  -14.322  39.041 0.0000000000
44038  -9.100  -34.690  63.995 0.0000000000
40549  -6.453  -37.719  67.123 0.0000000000
59066  -30.633  -21.345  53.149 0.0000000000
59106  -31.735  -21.614  48.907 0.0000000000
61337  -33.761  -19.845  45.335 0.0000000000
45343  -12.043  -33.401  62.591 0.0000000000
50155  -19.500  -29.753  60.269 0.0000000000
52580  -20.900  -28.283  59.729 0.0000000000
50250  -33.227  -29.157  55.521 0.0000000000
54920  -17.735  -24.575  59.388 0.0000000000
51430  -17.546  -28.341  57.734 0.0000000000
47796  -17.718  -30.977  59.721 0.0000000000
53822  -31.616  -26.504  55.622 0.0000000000
52682  -29.438  -27.595  52.951 0.0000000000
66711  -36.176  -14.024  42.920 0.0000000000
64674  -38.427  -16.100  41.401 0.0000000000
68791  -38.343  -12.333  41.381 0.0000000000
69977  -44.916  -11.834  38.690 0.0000000000
70008  -47.070  -12.523  37.775 0.0000000000
65703  -49.105  -15.015  38.193 0.0000000000
67810  -50.022  -13.078  36.761 0.0000000000
68845  -52.062  -12.562  36.200 0.0000000000
57971  -30.146  -22.396  56.061 0.0000000000
59018  -30.944  -22.504  53.608 0.0000000000
59017  -29.199  -21.051  54.872 0.0000000000
62384  -29.553  -19.454  49.634 0.0000000000
62426  -30.913  -18.949  48.011 0.0000000000
59147  -32.456  -21.120  46.635 0.0000000000
62460  -32.610  -17.970  46.805 0.0000000000
64629  -33.432  -17.080  45.174 0.0000000000
50231  -24.571  -28.885  56.196 0.0000000000
47713  -10.567  -30.960  63.646 0.0000000000
47745  -11.796  -31.243  61.498 0.0000000000
38394  -7.136  -40.011  67.705 0.0000000000
36482  -5.753  -41.613  68.699 0.0000000000
68777  -40.702  -11.454  42.801 0.0000000000
58991  -35.967  -22.365  56.315 0.0000000000
49046  -28.338  -30.803  55.533 0.0000000000
50126  -14.838  -28.588  61.159 0.0000000000
47777  -13.605  -31.156  60.473 0.0000000000
47794  -15.933  -31.284  59.810 0.0000000000
79234  -52.652  -2.892  35.706 0.0000000000
52669  -33.740  -27.480  53.929 0.0000000000
54989  -34.457  -25.192  53.950 0.0000000000
55001  -31.741  -25.431  52.944 0.0000000000
55987  -19.616  -24.658  57.383 0.0000000000
53802  -20.903  -26.702  56.879 0.0000000000
54954  -21.561  -25.286  56.070 0.0000000000
53833  -23.345  -26.029  55.134 0.0000000000
51493  -25.050  -27.966  53.930 0.0000000000
52642  -26.493  -27.041  55.089 0.0000000000
50289  -26.913  -28.880  53.577 0.0000000000
50307  -28.985  -29.179  52.620 0.0000000000
50294  -31.188  -29.054  53.023 0.0000000000
61355  -37.772  -19.580  44.389 0.0000000000
69962  -41.259  -11.678  39.935 0.0000000000
66763  -43.468  -14.190  39.710 0.0000000000
71112  -52.994  -10.313  35.346 0.0000000000
41632  -7.542  -36.176  65.203 0.0000000000
39457  -8.339  -38.900  67.066 0.0000000000
57023  -33.483  -23.184  54.215 0.0000000000
59003  -33.589  -22.419  54.678 0.0000000000
59044  -34.055  -21.291  53.513 0.0000000000
61192  -29.076  -19.343  52.722 0.0000000000
60139  -31.105  -20.755  51.424 0.0000000000
59079  -34.045  -21.172  50.945 0.0000000000
58096  -34.805  -22.572  49.179 0.0000000000
59135  -36.117  -22.140  47.423 0.0000000000
60222  -36.667  -20.620  45.422 0.0000000000
62498  -35.134  -18.775  43.719 0.0000000000
65620  -35.098  -15.064  44.259 0.0000000000
51393  -22.724  -28.046  59.366 0.0000000000
47711  -9.499  -32.199  64.502 0.0000000000
44040  -10.581  -34.474  63.710 0.0000000000
45345  -13.801  -32.958  62.379 0.0000000000
36480  -3.848  -41.484  68.289 0.0000000000
50195  -19.240  -29.238  58.645 0.0000000000
51370  -19.930  -29.073  59.766 0.0000000000
51413  -20.109  -28.352  58.405 0.0000000000
51476  -33.820  -28.451  55.406 0.0000000000
52594  -18.088  -26.848  57.880 0.0000000000
53787  -17.225  -26.080  58.591 0.0000000000
51431  -18.380  -28.224  57.584 0.0000000000
50194  -18.454  -29.635  58.386 0.0000000000
67720  -37.453  -12.889  43.520 0.0000000000
67752  -37.485  -13.056  41.626 0.0000000000
68757  -38.095  -12.280  42.945 0.0000000000
69980  -47.484  -10.909  38.932 0.0000000000
69979  -46.656  -11.137  38.639 0.0000000000
70010  -48.144  -11.896  37.529 0.0000000000
68830  -48.973  -12.599  37.168 0.0000000000
70011  -48.968  -11.608  37.601 0.0000000000
68832  -50.252  -11.749  36.910 0.0000000000
59002  -29.668  -21.888  55.795 0.0000000000
62409  -30.983  -18.556  49.043 0.0000000000
62444  -31.921  -18.697  47.320 0.0000000000
62445  -32.906  -17.802  47.731 0.0000000000
63572  -33.682  -16.941  47.598 0.0000000000
49024  -25.681  -30.001  56.233 0.0000000000
49007  -25.581  -29.949  57.239 0.0000000000
47829  -26.534  -30.744  56.746 0.0000000000
48903  -12.136  -29.415  62.821 0.0000000000
48919  -12.359  -29.656  61.712 0.0000000000
75140  -52.882  -6.717  35.500 0.0000000000
37462  -6.458  -40.966  68.501 0.0000000000
55996  -36.364  -24.591  57.214 0.0000000000
57976  -35.888  -22.788  56.578 0.0000000000
49047  -29.578  -30.660  55.232 0.0000000000
49029  -30.280  -30.922  56.599 0.0000000000
52563  -15.738  -26.602  60.240 0.0000000000
51369  -15.491  -27.350  60.781 0.0000000000
51344  -15.235  -27.870  61.373 0.0000000000
51368  -15.422  -28.229  60.313 0.0000000000
48940  -14.702  -29.823  60.060 0.0000000000
50171  -15.545  -29.645  59.287 0.0000000000
48904  -18.819  -30.692  61.568 0.0000000000
47781  -17.528  -31.240  60.436 0.0000000000
52685  -32.855  -27.481  52.957 0.0000000000
53871  -33.277  -26.491  52.866 0.0000000000
55978  -20.747  -23.761  57.791 0.0000000000
56000  -20.651  -24.988  56.709 0.0000000000
55989  -21.396  -24.063  57.008 0.0000000000
56014  -23.320  -24.521  55.557 0.0000000000
54969  -24.506  -25.680  54.872 0.0000000000
52641  -24.291  -27.007  54.288 0.0000000000
53835  -25.123  -26.079  54.718 0.0000000000
51472  -28.084  -28.046  55.676 0.0000000000
52663  -27.356  -27.804  54.154 0.0000000000
51495  -26.783  -28.315  53.677 0.0000000000
51496  -27.604  -28.147  53.528 0.0000000000
50291  -28.422  -29.499  53.103 0.0000000000
51497  -28.197  -28.074  53.241 0.0000000000
53868  -30.624  -26.834  53.138 0.0000000000
51520  -30.962  -28.412  52.503 0.0000000000
52694  -31.476  -27.817  52.515 0.0000000000
51522  -32.793  -28.130  53.343 0.0000000000
62520  -37.605  -18.768  43.338 0.0000000000
62521  -38.715  -18.545  43.576 0.0000000000
63655  -37.981  -17.601  42.312 0.0000000000
65666  -39.745  -15.287  41.027 0.0000000000
64665  -40.186  -16.468  42.131 0.0000000000
69944  -42.318  -10.563  41.722 0.0000000000
71026  -40.690  -10.842  41.299 0.0000000000
71062  -42.665  -10.504  40.304 0.0000000000
67786  -45.378  -13.255  38.565 0.0000000000
68813  -44.275  -12.656  38.809 0.0000000000
67779  -44.981  -13.638  38.878 0.0000000000
66746  -45.220  -14.839  40.508 0.0000000000
70029  -52.874  -11.879  35.683 0.0000000000
71107  -52.001  -10.045  36.210 0.0000000000
73121  -52.450  -8.423  35.679 0.0000000000
46507  -8.371  -33.473  65.033 0.0000000000
45295  -7.600  -34.506  65.818 0.0000000000
44020  -8.025  -35.325  64.771 0.0000000000
40560  -9.178  -38.031  66.881 0.0000000000
38382  -8.527  -39.574  68.611 0.0000000000
57056  -32.508  -23.914  53.102 0.0000000000
56035  -34.191  -24.224  54.024 0.0000000000
57038  -32.769  -23.369  53.639 0.0000000000
59041  -30.631  -21.984  53.494 0.0000000000
59019  -31.522  -22.370  53.723 0.0000000000
59042  -31.828  -21.761  53.578 0.0000000000
59021  -33.985  -21.772  54.464 0.0000000000
60098  -31.881  -21.064  53.171 0.0000000000
62320  -29.608  -18.598  52.895 0.0000000000
60180  -29.694  -20.639  49.045 0.0000000000
60153  -29.332  -20.496  50.687 0.0000000000
59091  -31.035  -21.343  49.598 0.0000000000
60156  -32.631  -21.014  50.576 0.0000000000
59093  -33.124  -21.371  49.996 0.0000000000
59109  -34.278  -21.699  50.093 0.0000000000
59122  -33.519  -22.143  48.813 0.0000000000
60219  -33.542  -20.287  45.786 0.0000000000
59149  -34.420  -21.696  46.771 0.0000000000
60206  -34.985  -21.093  46.151 0.0000000000
59151  -36.539  -21.629  46.907 0.0000000000
60221  -35.505  -20.734  45.403 0.0000000000
60235  -35.913  -20.344  44.738 0.0000000000
61352  -34.231  -19.561  44.781 0.0000000000
64608  -34.288  -15.752  45.816 0.0000000000
64630  -33.912  -16.456  44.640 0.0000000000
64632  -35.462  -14.922  45.238 0.0000000000
53803  -21.556  -26.636  56.586 0.0000000000
52582  -22.118  -27.791  58.985 0.0000000000
51414  -22.705  -27.831  58.677 0.0000000000
46530  -10.779  -32.780  62.694 0.0000000000
46519  -10.041  -32.875  63.179 0.0000000000
44041  -11.429  -34.287  63.716 0.0000000000
46564  -14.841  -32.281  61.163 0.0000000000
46548  -13.527  -32.384  61.252 0.0000000000
46520  -14.734  -32.745  62.925 0.0000000000
48921  -19.310  -30.219  61.075 0.0000000000
50128  -20.136  -29.694  61.392 0.0000000000
51347  -20.771  -29.128  60.997 0.0000000000
51349  -22.221  -28.603  61.247 0.0000000000
49049  -31.959  -29.907  55.531 0.0000000000
49030  -31.548  -30.392  56.442 0.0000000000
53764  -17.014  -24.879  59.869 0.0000000000
52579  -16.321  -26.847  59.301 0.0000000000
51410  -16.405  -28.098  58.506 0.0000000000
48985  -16.594  -29.745  58.408 0.0000000000
48986  -17.328  -30.159  58.452 0.0000000000
48941  -18.680  -30.377  60.071 0.0000000000
53855  -30.976  -26.211  53.926 0.0000000000
54987  -31.442  -25.679  54.330 0.0000000000
52645  -28.905  -27.529  54.752 0.0000000000
52665  -29.203  -27.378  53.867 0.0000000000
52647  -30.645  -26.613  54.512 0.0000000000
65653  -36.197  -15.347  42.128 0.0000000000
64673  -37.620  -16.150  41.552 0.0000000000
65663  -36.734  -14.705  41.689 0.0000000000
66722  -38.064  -14.193  41.051 0.0000000000
67765  -39.802  -13.251  40.432 0.0000000000
71076  -44.252  -10.882  39.359 0.0000000000
71077  -45.256  -10.880  39.205 0.0000000000
69993  -45.761  -12.259  38.369 0.0000000000
67788  -46.993  -13.704  38.137 0.0000000000
66780  -47.638  -14.586  38.477 0.0000000000
66793  -48.544  -14.324  37.579 0.0000000000
66794  -49.357  -14.294  37.325 0.0000000000
66807  -51.036  -14.117  36.755 0.0000000000
68844  -50.959  -12.316  36.521 0.0000000000
70021  -51.478  -11.735  36.453 0.0000000000
42777  -10.051  -35.664  64.833 0.0000000000
42776  -9.315  -36.081  64.869 0.0000000000
42743  -10.596  -36.021  66.783 0.0000000000
57988  -30.716  -22.966  55.259 0.0000000000
58006  -30.795  -22.781  54.029 0.0000000000
57987  -30.058  -22.443  55.083 0.0000000000
58030  -29.810  -21.986  53.873 0.0000000000
59040  -29.702  -21.506  53.528 0.0000000000
62360  -30.020  -18.266  50.848 0.0000000000
62386  -31.075  -18.357  50.089 0.0000000000
62408  -30.076  -19.267  48.857 0.0000000000
60193  -30.297  -20.488  47.875 0.0000000000
59120  -31.391  -21.402  47.925 0.0000000000
60202  -31.758  -20.370  46.906 0.0000000000
61335  -32.619  -19.539  46.201 0.0000000000
62477  -32.842  -18.878  45.904 0.0000000000
62496  -33.608  -18.644  44.851 0.0000000000
63586  -33.001  -17.295  46.244 0.0000000000
51435  -24.064  -28.502  57.011 0.0000000000
51416  -24.121  -28.750  57.704 0.0000000000
50216  -24.613  -29.088  57.299 0.0000000000
48901  -11.164  -30.941  62.488 0.0000000000
46531  -11.565  -32.696  62.171 0.0000000000
38406  -6.930  -39.258  67.106 0.0000000000
40535  -6.200  -37.619  68.051 0.0000000000
38393  -6.284  -39.594  67.575 0.0000000000
38392  -5.652  -39.765  67.955 0.0000000000
38379  -4.531  -39.585  68.419 0.0000000000
59006  -35.987  -21.803  55.413 0.0000000000
49045  -27.332  -30.582  55.308 0.0000000000
47830  -27.051  -30.975  56.510 0.0000000000
51326  -14.779  -27.480  62.250 0.0000000000
50103  -14.337  -28.433  62.213 0.0000000000
50124  -13.284  -29.333  61.565 0.0000000000
50151  -14.422  -29.382  60.559 0.0000000000
47792  -14.749  -31.260  60.038 0.0000000000
47779  -15.404  -31.952  60.787 0.0000000000
47795  -16.963  -31.177  59.693 0.0000000000
47780  -16.600  -31.525  60.651 0.0000000000
47746  -16.717  -31.948  63.146 0.0000000000
78227  -53.027  -3.995  35.464 0.0000000000
52649  -34.398  -27.360  55.144 0.0000000000
52670  -34.367  -26.862  54.425 0.0000000000
53872  -33.807  -26.352  53.203 0.0000000000
55002  -32.778  -25.498  52.691 0.0000000000
56052  -31.597  -24.450  53.234 0.0000000000
54988  -31.504  -25.085  53.833 0.0000000000
56034  -31.484  -24.214  54.294 0.0000000000
57036  -31.199  -23.474  54.559 0.0000000000
57972  -31.036  -22.851  56.350 0.0000000000
53800  -19.312  -26.390  57.005 0.0000000000
52612  -20.547  -27.556  57.665 0.0000000000
53814  -19.968  -26.048  56.827 0.0000000000
53816  -21.203  -26.048  56.336 0.0000000000
53817  -22.034  -26.159  55.901 0.0000000000
56002  -22.124  -24.454  56.150 0.0000000000
53832  -22.652  -25.722  55.442 0.0000000000
52627  -23.189  -26.964  55.493 0.0000000000
51469  -23.699  -27.589  55.268 0.0000000000
51470  -24.386  -28.012  54.640 0.0000000000
50264  -25.611  -28.906  54.261 0.0000000000
53821  -25.862  -26.519  55.404 0.0000000000
53853  -25.788  -27.002  53.967 0.0000000000
51494  -25.818  -28.281  53.926 0.0000000000
50265  -26.426  -29.331  54.142 0.0000000000
49066  -27.832  -30.366  54.480 0.0000000000
49067  -28.782  -30.373  54.128 0.0000000000
49068  -30.005  -30.201  53.934 0.0000000000
51519  -29.733  -28.533  52.538 0.0000000000
50293  -30.375  -29.182  52.833 0.0000000000
50247  -31.145  -29.751  54.241 0.0000000000
50271  -32.333  -29.251  54.203 0.0000000000
51500  -33.674  -28.129  54.526 0.0000000000
54931  -18.535  -24.690  57.877 0.0000000000
63656  -39.016  -17.371  42.381 0.0000000000
69926  -39.209  -11.334  41.890 0.0000000000
69960  -39.771  -11.946  40.581 0.0000000000
67766  -40.701  -13.291  40.190 0.0000000000
69975  -42.799  -11.636  39.258 0.0000000000
67776  -42.072  -12.875  39.385 0.0000000000
66743  -42.134  -14.286  40.028 0.0000000000
65679  -43.297  -15.196  40.772 0.0000000000
72115  -53.238  -9.422  34.977 0.0000000000
74122  -52.686  -7.562  35.562 0.0000000000
75135  -52.583  -6.780  36.505 0.0000000000
43987  -7.386  -34.854  66.310 0.0000000000
41611  -6.872  -37.187  66.008 0.0000000000
41614  -9.138  -36.899  65.562 0.0000000000
40569  -7.748  -37.555  65.752 0.0000000000
40558  -7.294  -38.092  66.175 0.0000000000
38395  -8.050  -39.559  67.774 0.0000000000
53839  -34.814  -26.117  54.990 0.0000000000
56018  -34.791  -24.385  55.373 0.0000000000
57025  -34.696  -23.897  55.494 0.0000000000
58007  -32.098  -22.819  53.763 0.0000000000
57989  -33.608  -22.759  54.707 0.0000000000
57974  -34.508  -22.955  55.705 0.0000000000
59005  -34.962  -21.975  55.352 0.0000000000
59022  -35.060  -21.664  54.485 0.0000000000
59045  -35.300  -21.570  53.519 0.0000000000
60096  -29.101  -20.123  53.460 0.0000000000
60117  -29.691  -20.709  52.343 0.0000000000
61209  -28.888  -19.531  51.666 0.0000000000
60137  -29.059  -20.272  51.387 0.0000000000
60118  -30.779  -20.909  52.557 0.0000000000
60119  -31.969  -20.744  52.299 0.0000000000
60121  -33.766  -20.877  52.036 0.0000000000
59133  -33.740  -22.239  47.707 0.0000000000
58115  -34.852  -22.644  48.308 0.0000000000
61339  -37.323  -20.104  45.114 0.0000000000
61373  -36.989  -19.254  43.748 0.0000000000
62529  -36.013  -18.078  42.770 0.0000000000
63620  -34.202  -17.481  43.895 0.0000000000
63641  -34.885  -17.447  43.402 0.0000000000
64660  -35.597  -16.685  42.722 0.0000000000
65644  -35.545  -14.570  43.479 0.0000000000
66695  -36.372  -14.033  44.052 0.0000000000
52595  -20.786  -28.010  58.836 0.0000000000
52566  -22.026  -28.043  59.981 0.0000000000
50175  -24.007  -28.777  59.399 0.0000000000
45313  -9.126  -33.515  64.025 0.0000000000
47712  -9.989  -31.525  64.174 0.0000000000
46518  -9.437  -32.876  63.872 0.0000000000
44039  -9.774  -34.639  63.824 0.0000000000
44006  -11.098  -35.145  65.300 0.0000000000
48937  -12.655  -30.927  60.862 0.0000000000
46547  -12.415  -32.623  61.644 0.0000000000
45344  -12.857  -33.269  62.391 0.0000000000
35488  -5.145  -42.250  68.999 0.0000000000
36481  -4.823  -41.542  68.431 0.0000000000
37447  -3.964  -39.617  68.293 0.0000000000
51412  -19.320  -28.788  58.144 0.0000000000
51391  -19.733  -28.925  58.910 0.0000000000
51433  -19.748  -28.106  57.718 0.0000000000
51459  -34.319  -28.096  56.439 0.0000000000
52610  -18.663  -27.308  57.361 0.0000000000
51411  -18.718  -28.806  57.784 0.0000000000
67721  -38.564  -12.673  43.797 0.0000000000
69981  -48.388  -10.781  39.205 0.0000000000
69996  -48.241  -11.162  38.213 0.0000000000
70012  -49.762  -11.216  37.541 0.0000000000
49043  -25.939  -29.978  55.481 0.0000000000
50079  -13.238  -28.724  63.278 0.0000000000
50101  -12.898  -29.079  62.511 0.0000000000
76124  -52.896  -5.800  35.456 0.0000000000
57000  -36.415  -23.821  57.196 0.0000000000
57957  -35.804  -23.266  56.652 0.0000000000
51390  -15.823  -27.582  59.733 0.0000000000
50153  -15.456  -28.893  59.445 0.0000000000
53870  -32.216  -26.454  52.637 0.0000000000
55000  -31.269  -25.730  53.527 0.0000000000
54955  -24.467  -25.137  56.047 0.0000000000
54956  -24.678  -25.550  55.303 0.0000000000
52644  -28.009  -27.697  54.902 0.0000000000
51517  -27.883  -28.648  53.134 0.0000000000
53854  -30.682  -26.577  53.464 0.0000000000
52684  -31.650  -27.467  52.624 0.0000000000
62530  -36.763  -18.168  42.676 0.0000000000
62531  -37.490  -18.097  42.658 0.0000000000
66724  -39.904  -14.650  40.680 0.0000000000
64676  -40.512  -15.872  41.561 0.0000000000
65677  -41.597  -14.770  40.477 0.0000000000
69945  -43.138  -10.607  41.881 0.0000000000
71042  -42.119  -10.440  41.029 0.0000000000
71043  -42.921  -10.351  41.095 0.0000000000
67787  -45.935  -13.671  38.575 0.0000000000
67780  -45.604  -14.074  38.941 0.0000000000
66765  -45.563  -14.506  39.521 0.0000000000
72110  -52.224  -9.269  35.877 0.0000000000
45312  -8.528  -34.029  64.395 0.0000000000
44004  -8.055  -34.700  64.787 0.0000000000
44021  -8.651  -35.196  64.376 0.0000000000
57057  -33.092  -23.805  53.319 0.0000000000
60097  -31.129  -21.425  53.196 0.0000000000
59105  -30.743  -21.370  48.692 0.0000000000
60168  -30.063  -21.168  49.295 0.0000000000
59092  -32.126  -21.356  49.791 0.0000000000
59107  -32.800  -21.742  49.237 0.0000000000
60205  -33.950  -20.975  46.168 0.0000000000
60220  -34.409  -20.426  45.456 0.0000000000
60234  -35.041  -20.188  44.859 0.0000000000
52614  -22.247  -27.056  56.719 0.0000000000
52597  -22.374  -27.526  57.971 0.0000000000
45342  -11.357  -33.313  62.688 0.0000000000
45330  -11.723  -33.764  63.201 0.0000000000
44042  -12.093  -34.067  63.816 0.0000000000
46550  -15.093  -32.344  61.657 0.0000000000
46549  -14.408  -32.474  61.460 0.0000000000
46535  -15.197  -32.455  62.484 0.0000000000
41573  -6.734  -36.248  67.154 0.0000000000
41572  -6.435  -36.938  67.507 0.0000000000
54947  -36.345  -25.329  57.298 0.0000000000
51371  -20.601  -28.754  60.171 0.0000000000
51372  -21.050  -28.693  60.533 0.0000000000
51348  -21.454  -28.810  61.044 0.0000000000
52565  -21.382  -28.353  60.235 0.0000000000
50233  -32.878  -29.566  55.910 0.0000000000
49031  -32.399  -29.952  56.283 0.0000000000
53777  -17.232  -25.301  58.832 0.0000000000
52593  -17.257  -26.990  58.361 0.0000000000
50193  -17.121  -29.338  57.885 0.0000000000
50173  -18.876  -29.973  59.567 0.0000000000
48942  -19.004  -30.166  60.479 0.0000000000
53837  -31.444  -26.223  54.978 0.0000000000
51474  -29.444  -27.703  55.431 0.0000000000
52632  -31.117  -27.051  55.753 0.0000000000
66720  -36.500  -14.130  42.019 0.0000000000
68790  -37.869  -12.552  41.697 0.0000000000
67753  -38.339  -13.223  41.000 0.0000000000
66739  -38.772  -13.842  40.769 0.0000000000
67764  -39.015  -13.236  40.663 0.0000000000
71065  -45.739  -10.429  39.929 0.0000000000
71078  -46.039  -10.842  39.134 0.0000000000
69994  -46.623  -12.074  38.035 0.0000000000
68820  -46.275  -12.926  38.168 0.0000000000
68827  -46.892  -12.909  37.850 0.0000000000
67789  -47.555  -14.112  37.979 0.0000000000
67797  -47.760  -13.665  37.600 0.0000000000
68842  -49.691  -12.773  36.891 0.0000000000
67798  -48.713  -13.558  37.250 0.0000000000
67799  -49.725  -13.530  36.945 0.0000000000
67811  -50.527  -13.387  36.659 0.0000000000
67812  -51.506  -13.445  36.432 0.0000000000
70013  -50.834  -10.814  37.277 0.0000000000
59001  -29.312  -21.177  55.836 0.0000000000
57986  -29.508  -21.824  55.056 0.0000000000
58004  -29.485  -21.651  54.345 0.0000000000
58029  -29.514  -21.572  53.930 0.0000000000
59039  -29.222  -21.035  53.954 0.0000000000
62425  -30.272  -19.401  48.246 0.0000000000
61283  -29.865  -19.931  48.300 0.0000000000
61284  -30.445  -19.557  47.918 0.0000000000
60194  -31.032  -20.518  47.439 0.0000000000
61302  -31.001  -19.631  47.533 0.0000000000
62459  -32.448  -18.806  46.501 0.0000000000
61320  -31.986  -19.574  46.784 0.0000000000
63600  -32.987  -18.425  45.695 0.0000000000
63585  -32.739  -18.184  46.051 0.0000000000
63587  -33.537  -16.749  46.823 0.0000000000
51452  -23.958  -28.225  55.839 0.0000000000
48989  -25.979  -30.479  58.128 0.0000000000
48902  -11.528  -30.376  62.197 0.0000000000
47744  -11.378  -31.619  62.047 0.0000000000
46546  -11.766  -32.270  61.771 0.0000000000
38405  -6.497  -39.017  67.242 0.0000000000
37461  -5.535  -40.632  68.143 0.0000000000
37468  -5.930  -40.132  67.824 0.0000000000
38380  -5.051  -39.786  68.327 0.0000000000
58976  -36.437  -22.506  56.814 0.0000000000
58977  -36.902  -22.390  57.094 0.0000000000
58992  -36.838  -21.843  56.287 0.0000000000
47840  -27.574  -30.888  55.975 0.0000000000
49027  -28.541  -31.104  56.336 0.0000000000
50127  -15.134  -28.205  61.401 0.0000000000
50104  -14.837  -28.060  61.895 0.0000000000
50125  -14.094  -29.015  61.448 0.0000000000
48960  -15.161  -30.392  59.660 0.0000000000
48959  -14.692  -30.985  59.929 0.0000000000
47793  -15.060  -31.305  59.963 0.0000000000
48962  -17.447  -30.649  59.135 0.0000000000
48961  -16.360  -30.383  59.041 0.0000000000
47764  -17.377  -31.419  61.418 0.0000000000
47763  -16.325  -31.863  61.863 0.0000000000
53856  -33.776  -26.788  53.309 0.0000000000
56053  -32.273  -24.582  52.776 0.0000000000
54970  -31.650  -25.708  54.862 0.0000000000
54971  -31.764  -25.112  55.105 0.0000000000
57022  -31.817  -23.741  55.828 0.0000000000
56015  -31.486  -23.757  55.215 0.0000000000
56033  -31.408  -23.792  54.939 0.0000000000
57021  -31.409  -23.449  55.552 0.0000000000
54951  -19.674  -25.629  57.013 0.0000000000
56001  -21.151  -24.738  56.549 0.0000000000
54953  -20.892  -25.402  56.497 0.0000000000
54967  -22.955  -25.044  55.341 0.0000000000
53818  -22.757  -26.318  55.541 0.0000000000
52640  -23.769  -26.971  54.777 0.0000000000
52660  -24.789  -27.298  53.942 0.0000000000
51471  -25.148  -28.554  54.249 0.0000000000
50245  -25.276  -29.222  55.152 0.0000000000
52629  -27.023  -27.554  55.826 0.0000000000
51453  -27.135  -27.864  56.429 0.0000000000
52628  -26.383  -27.074  56.048 0.0000000000
53836  -25.859  -26.730  54.488 0.0000000000
49065  -27.075  -30.149  54.509 0.0000000000
50266  -27.503  -29.814  53.852 0.0000000000
49087  -29.272  -29.940  53.388 0.0000000000
49088  -29.701  -29.817  53.331 0.0000000000
52681  -28.712  -27.730  53.258 0.0000000000
50269  -30.732  -29.599  53.584 0.0000000000
50270  -31.667  -29.292  53.721 0.0000000000
51498  -32.309  -28.945  53.694 0.0000000000
52668  -33.146  -27.946  53.536 0.0000000000
51499  -33.064  -28.602  54.095 0.0000000000
52648  -33.954  -27.885  54.732 0.0000000000
55977  -19.363  -23.976  58.065 0.0000000000
55976  -18.435  -24.293  58.230 0.0000000000
54940  -19.061  -25.209  57.348 0.0000000000
53799  -18.485  -26.206  57.524 0.0000000000
61340  -38.405  -19.908  45.654 0.0000000000
62522  -39.648  -18.172  43.734 0.0000000000
62501  -39.487  -18.726  44.629 0.0000000000
64663  -38.231  -16.829  41.800 0.0000000000
64664  -39.222  -16.695  41.906 0.0000000000
68776  -39.634  -11.526  42.600 0.0000000000
71060  -41.072  -11.027  40.422 0.0000000000
69942  -40.305  -11.027  40.977 0.0000000000
69961  -40.413  -11.606  40.443 0.0000000000
68801  -40.118  -12.474  40.353 0.0000000000
68802  -40.960  -12.450  40.017 0.0000000000
71075  -43.224  -10.883  39.546 0.0000000000
69976  -43.770  -11.692  39.036 0.0000000000
67778  -43.841  -13.475  39.166 0.0000000000
68812  -43.274  -12.525  39.073 0.0000000000
67777  -42.691  -13.361  39.368 0.0000000000
67768  -42.292  -13.789  39.673 0.0000000000
66762  -42.717  -14.075  39.762 0.0000000000
66744  -43.026  -14.679  40.166 0.0000000000
66726  -44.893  -15.101  41.177 0.0000000000
66781  -48.557  -14.849  38.217 0.0000000000
68854  -52.709  -12.264  35.873 0.0000000000
70030  -53.295  -11.457  35.344 0.0000000000
71113  -53.982  -10.799  34.805 0.0000000000
71118  -53.601  -10.167  34.852 0.0000000000
44003  -7.594  -35.063  65.388 0.0000000000
42742  -7.195  -35.676  65.942 0.0000000000
41612  -7.228  -36.663  65.593 0.0000000000
41615  -9.745  -36.603  65.941 0.0000000000
41593  -9.569  -37.110  66.411 0.0000000000
39458  -8.920  -38.696  67.390 0.0000000000
40570  -8.594  -37.553  65.941 0.0000000000
40559  -8.129  -38.238  66.285 0.0000000000
39456  -7.488  -38.766  66.692 0.0000000000
38368  -8.185  -39.890  69.578 0.0000000000
53857  -34.237  -26.390  53.762 0.0000000000
56017  -34.522  -24.486  54.645 0.0000000000
57024  -34.262  -23.592  55.021 0.0000000000
59020  -32.932  -22.243  54.255 0.0000000000
57990  -34.038  -22.901  55.250 0.0000000000
59004  -34.089  -22.390  55.150 0.0000000000
58990  -34.888  -22.469  55.768 0.0000000000
61176  -29.383  -19.164  53.940 0.0000000000
59064  -29.461  -20.790  53.149 0.0000000000
60116  -29.062  -20.171  52.460 0.0000000000
62336  -29.327  -18.701  51.799 0.0000000000
62359  -29.211  -19.108  50.654 0.0000000000
60154  -30.297  -20.999  50.401 0.0000000000
60138  -29.977  -20.773  51.463 0.0000000000
60141  -33.339  -20.826  51.306 0.0000000000
60142  -34.102  -21.073  51.616 0.0000000000
59067  -34.577  -21.344  52.395 0.0000000000
59080  -34.652  -21.441  51.391 0.0000000000
58084  -34.657  -22.055  49.930 0.0000000000
59132  -32.489  -21.669  47.326 0.0000000000
59134  -35.073  -22.287  47.441 0.0000000000
58116  -35.845  -22.683  48.097 0.0000000000
60207  -36.106  -21.231  46.160 0.0000000000
59152  -37.145  -21.589  47.071 0.0000000000
60208  -37.381  -21.136  46.632 0.0000000000
60223  -37.772  -20.451  45.920 0.0000000000
61338  -36.765  -20.229  44.928 0.0000000000
61353  -35.274  -19.579  44.216 0.0000000000
61354  -36.568  -19.870  44.397 0.0000000000
61372  -35.968  -19.131  43.677 0.0000000000
62519  -36.455  -18.688  43.157 0.0000000000
62518  -35.474  -18.295  43.228 0.0000000000
63619  -33.648  -17.670  44.598 0.0000000000
65619  -34.554  -15.863  43.980 0.0000000000
64650  -34.484  -16.667  43.704 0.0000000000
65642  -34.817  -16.244  43.516 0.0000000000
64651  -35.056  -16.703  43.220 0.0000000000
65643  -35.186  -15.780  43.137 0.0000000000
66677  -36.339  -14.146  44.545 0.0000000000
52596  -21.457  -27.625  58.386 0.0000000000
51373  -22.584  -28.289  60.331 0.0000000000
51374  -23.091  -28.613  60.881 0.0000000000
50197  -24.342  -29.073  58.226 0.0000000000
50196  -24.143  -28.824  58.759 0.0000000000
50176  -24.538  -29.304  59.104 0.0000000000
47820  -27.425  -31.606  57.671 0.0000000000
46508  -8.842  -32.897  64.746 0.0000000000
47696  -10.566  -30.806  64.802 0.0000000000
47728  -10.332  -31.923  63.135 0.0000000000
45329  -10.785  -33.671  63.126 0.0000000000
45328  -9.785  -33.761  63.509 0.0000000000
44023  -10.452  -35.156  64.422 0.0000000000
48938  -13.076  -30.311  60.839 0.0000000000
47776  -13.015  -31.147  60.758 0.0000000000
45359  -13.654  -32.765  61.799 0.0000000000
45358  -13.258  -32.880  61.844 0.0000000000
45332  -13.530  -33.381  63.240 0.0000000000
35487  -4.231  -42.404  68.751 0.0000000000
37460  -4.420  -40.380  68.279 0.0000000000
37459  -3.616  -40.435  68.100 0.0000000000
50174  -19.341  -29.486  59.235 0.0000000000
51392  -20.366  -28.568  59.309 0.0000000000
53788  -17.818  -25.996  58.226 0.0000000000
52609  -18.014  -27.574  57.798 0.0000000000
50214  -17.857  -29.213  57.671 0.0000000000
50215  -18.237  -28.942  57.617 0.0000000000
52633  -31.764  -26.651  55.940 0.0000000000
67719  -36.710  -13.478  43.500 0.0000000000
67736  -36.846  -13.325  42.569 0.0000000000
67737  -37.445  -12.676  42.558 0.0000000000
68774  -37.872  -12.329  42.064 0.0000000000
69995  -47.396  -11.463  38.055 0.0000000000
70009  -47.419  -12.249  37.659 0.0000000000
68829  -48.029  -12.802  37.333 0.0000000000
68831  -49.614  -12.057  37.059 0.0000000000
68843  -50.174  -12.563  36.743 0.0000000000
58987  -29.485  -21.303  56.810 0.0000000000
60078  -29.280  -20.196  55.468 0.0000000000
62427  -31.954  -18.277  48.333 0.0000000000
62443  -31.351  -19.170  47.525 0.0000000000
63571  -33.049  -17.266  47.062 0.0000000000
50232  -25.149  -29.451  56.585 0.0000000000
49008  -26.110  -30.478  56.968 0.0000000000
47819  -26.590  -31.001  57.397 0.0000000000
48918  -12.155  -30.628  61.170 0.0000000000
74129  -53.408  -7.468  34.744 0.0000000000
75148  -53.416  -6.530  34.596 0.0000000000
37463  -7.132  -40.518  68.483 0.0000000000
37470  -6.756  -40.459  68.129 0.0000000000
36483  -6.281  -41.464  68.932 0.0000000000
57958  -36.373  -22.801  57.035 0.0000000000
49028  -29.144  -31.004  56.270 0.0000000000
49009  -30.489  -31.174  57.497 0.0000000000
53763  -16.228  -25.713  59.955 0.0000000000
52549  -15.504  -26.439  61.116 0.0000000000
51345  -15.225  -27.042  61.660 0.0000000000
51343  -15.220  -28.259  61.029 0.0000000000
51367  -15.152  -28.513  60.648 0.0000000000
50152  -15.055  -29.138  60.060 0.0000000000
47782  -18.215  -30.860  60.206 0.0000000000
47765  -18.144  -31.014  61.058 0.0000000000
47748  -18.217  -31.203  62.007 0.0000000000
52686  -33.475  -27.098  53.164 0.0000000000
54941  -19.791  -25.079  57.138 0.0000000000
55988  -20.360  -24.543  57.161 0.0000000000
56004  -23.829  -24.447  55.991 0.0000000000
54968  -23.943  -25.192  55.194 0.0000000000
53834  -24.206  -26.164  54.597 0.0000000000
53851  -24.711  -26.597  54.167 0.0000000000
52630  -27.583  -27.762  55.503 0.0000000000
52643  -27.157  -27.476  54.889 0.0000000000
52662  -26.408  -27.366  54.051 0.0000000000
51516  -27.291  -28.631  53.429 0.0000000000
50290  -27.356  -29.171  53.435 0.0000000000
50306  -28.747  -28.991  52.647 0.0000000000
52666  -30.136  -26.911  53.616 0.0000000000
52683  -30.581  -27.456  52.712 0.0000000000
52693  -31.221  -27.843  52.512 0.0000000000
51536  -31.481  -28.089  52.536 0.0000000000
51521  -32.021  -28.403  52.980 0.0000000000
51537  -31.684  -27.946  52.560 0.0000000000
62499  -37.842  -19.183  43.877 0.0000000000
62500  -38.385  -19.040  44.107 0.0000000000
63643  -38.128  -18.196  42.978 0.0000000000
63644  -38.865  -17.928  43.013 0.0000000000
65665  -38.681  -15.274  41.088 0.0000000000
64675  -39.472  -16.017  41.443 0.0000000000
69928  -41.422  -10.791  42.135 0.0000000000
71027  -40.905  -10.795  41.619 0.0000000000
69943  -41.785  -10.574  41.521 0.0000000000
71041  -41.292  -10.637  41.156 0.0000000000
71073  -41.650  -11.142  39.929 0.0000000000
68818  -45.051  -12.787  38.557 0.0000000000
66764  -44.503  -14.352  39.628 0.0000000000
70022  -52.090  -11.249  36.191 0.0000000000
70023  -52.600  -10.800  35.715 0.0000000000
45296  -7.927  -34.007  65.454 0.0000000000
42774  -7.734  -35.784  64.987 0.0000000000
39444  -8.746  -39.108  67.862 0.0000000000
56054  -33.412  -24.513  53.164 0.0000000000
57039  -33.597  -23.705  53.816 0.0000000000
59043  -32.908  -21.413  53.750 0.0000000000
60099  -32.909  -20.890  52.985 0.0000000000
61267  -29.507  -20.038  49.177 0.0000000000
61253  -29.067  -19.981  50.245 0.0000000000
60167  -29.535  -20.624  49.784 0.0000000000
60155  -31.549  -21.007  50.510 0.0000000000
60157  -33.415  -21.127  50.610 0.0000000000
59095  -34.619  -21.678  50.615 0.0000000000
59094  -33.910  -21.415  50.286 0.0000000000
59108  -33.852  -21.794  49.631 0.0000000000
58095  -34.201  -22.180  49.300 0.0000000000
60204  -33.069  -20.768  46.211 0.0000000000
59148  -33.314  -21.549  46.686 0.0000000000
59150  -35.533  -21.667  46.815 0.0000000000
60236  -36.481  -20.292  44.842 0.0000000000
64631  -34.670  -15.433  45.017 0.0000000000
52613  -21.516  -27.101  57.395 0.0000000000
47743  -10.965  -32.074  62.512 0.0000000000
44024  -11.253  -34.765  64.447 0.0000000000
46562  -13.844  -31.825  60.654 0.0000000000
46533  -13.993  -32.701  61.792 0.0000000000
45346  -14.324  -32.859  62.657 0.0000000000
55995  -35.828  -24.613  56.633 0.0000000000
48905  -19.534  -30.299  62.001 0.0000000000
50106  -20.736  -29.598  62.131 0.0000000000
51346  -20.200  -29.273  60.528 0.0000000000
53776  -16.741  -25.966  59.108 0.0000000000
51409  -15.979  -28.684  58.600 0.0000000000
50172  -15.888  -29.319  58.745 0.0000000000
50192  -16.283  -29.081  58.229 0.0000000000
48987  -17.916  -30.332  58.760 0.0000000000
48963  -18.253  -30.498  59.356 0.0000000000
48920  -18.698  -30.567  60.742 0.0000000000
51473  -28.751  -27.974  55.532 0.0000000000
52646  -29.907  -27.184  54.833 0.0000000000
52667  -30.585  -26.545  53.861 0.0000000000
64661  -36.226  -16.631  42.243 0.0000000000
64662  -37.124  -16.609  41.867 0.0000000000
65654  -37.028  -15.856  41.637 0.0000000000
65664  -37.410  -15.242  41.363 0.0000000000
66721  -37.095  -14.133  41.500 0.0000000000
66723  -39.089  -14.562  40.798 0.0000000000
66740  -39.484  -13.962  40.582 0.0000000000
66741  -40.418  -14.150  40.440 0.0000000000
71063  -43.680  -10.349  40.320 0.0000000000
71064  -44.764  -10.321  40.024 0.0000000000
69978  -45.864  -11.472  38.625 0.0000000000
68819  -45.608  -12.892  38.412 0.0000000000
66779  -46.729  -14.413  38.806 0.0000000000
66792  -47.962  -14.380  37.886 0.0000000000
66783  -49.780  -14.826  37.640 0.0000000000
70014  -51.389  -10.509  36.890 0.0000000000
44022  -9.568  -35.315  64.257 0.0000000000
42760  -10.216  -36.023  65.727 0.0000000000
58005  -29.925  -22.237  54.364 0.0000000000
58031  -30.228  -22.329  53.886 0.0000000000
59065  -30.115  -21.221  53.051 0.0000000000
62385  -30.078  -18.777  49.823 0.0000000000
62407  -29.685  -19.612  49.122 0.0000000000
61268  -29.742  -19.703  48.853 0.0000000000
60181  -30.003  -20.896  48.393 0.0000000000
59119  -30.638  -21.196  48.209 0.0000000000
59131  -31.774  -21.082  47.059 0.0000000000
59146  -32.066  -20.747  46.729 0.0000000000
61303  -31.538  -19.394  47.245 0.0000000000
60203  -32.371  -20.330  46.431 0.0000000000
60218  -32.939  -20.102  46.020 0.0000000000
61336  -33.193  -19.537  45.668 0.0000000000
61351  -33.584  -19.279  45.191 0.0000000000
62478  -33.211  -18.774  45.434 0.0000000000
63601  -33.151  -17.878  45.423 0.0000000000
64606  -33.256  -17.074  45.763 0.0000000000
64590  -33.403  -16.786  46.170 0.0000000000
64607  -33.618  -16.502  45.652 0.0000000000
64592  -34.808  -15.434  46.960 0.0000000000
51434  -23.462  -27.936  56.747 0.0000000000
50177  -24.850  -29.531  58.514 0.0000000000
50217  -25.123  -29.527  57.432 0.0000000000
48988  -25.296  -29.797  58.083 0.0000000000
48887  -11.596  -29.834  63.415 0.0000000000
48886  -11.072  -30.532  63.086 0.0000000000
47729  -10.869  -31.314  62.768 0.0000000000
46522  -16.082  -32.300  63.774 0.0000000000
39455  -6.740  -38.483  66.824 0.0000000000
39443  -6.146  -38.622  67.676 0.0000000000
39442  -5.877  -39.270  67.863 0.0000000000
39427  -5.464  -38.986  68.313 0.0000000000
38367  -4.837  -39.100  68.593 0.0000000000
68760  -41.008  -11.948  43.433 0.0000000000
69929  -42.505  -10.922  42.554 0.0000000000
69930  -43.424  -10.969  42.694 0.0000000000
69946  -43.981  -10.528  41.942 0.0000000000
59023  -36.133  -21.612  54.447 0.0000000000
49026  -26.884  -30.631  55.779 0.0000000000
47831  -27.984  -31.303  56.615 0.0000000000
50081  -14.249  -27.785  63.050 0.0000000000
50150  -13.761  -29.617  60.824 0.0000000000
48939  -14.216  -30.391  60.262 0.0000000000
47778  -14.476  -31.447  60.267 0.0000000000
47762  -15.618  -32.128  61.576 0.0000000000
78214  -53.019  -4.245  36.419 0.0000000000
51477  -34.375  -27.821  55.825 0.0000000000
53824  -34.905  -26.789  55.642 0.0000000000
55003  -33.737  -25.725  53.150 0.0000000000
57055  -31.944  -24.068  53.006 0.0000000000
57973  -31.273  -22.912  57.010 0.0000000000
52611  -19.589  -27.454  57.201 0.0000000000
53801  -20.133  -26.740  56.938 0.0000000000
54952  -20.261  -25.386  56.831 0.0000000000
53815  -20.540  -26.056  56.661 0.0000000000
52626  -22.605  -26.784  55.941 0.0000000000
55979  -21.771  -23.823  57.833 0.0000000000
56003  -23.019  -24.106  56.149 0.0000000000
56012  -22.532  -24.724  55.664 0.0000000000
54966  -22.266  -25.178  55.652 0.0000000000
52615  -22.965  -27.331  56.317 0.0000000000
51451  -23.434  -27.625  55.902 0.0000000000
50244  -24.480  -28.654  55.400 0.0000000000
50246  -26.017  -29.719  54.938 0.0000000000
53820  -25.244  -25.911  55.909 0.0000000000
53852  -25.302  -26.779  54.041 0.0000000000
52661  -25.509  -27.441  53.863 0.0000000000
49044  -26.534  -30.199  55.134 0.0000000000
50267  -28.104  -30.093  53.815 0.0000000000
51518  -28.728  -28.453  52.797 0.0000000000
51534  -29.083  -28.823  52.544 0.0000000000
50292  -29.483  -29.398  52.856 0.0000000000
50268  -30.057  -29.652  53.277 0.0000000000
49069  -30.693  -29.965  54.198 0.0000000000
50248  -31.786  -29.678  54.624 0.0000000000
50249  -32.655  -29.416  55.052 0.0000000000
51475  -33.234  -28.956  54.999 0.0000000000
55952  -18.236  -23.925  59.836 0.0000000000
55965  -18.298  -24.044  58.850 0.0000000000
54930  -17.958  -24.880  58.425 0.0000000000
54939  -18.299  -25.396  57.817 0.0000000000
63645  -39.736  -17.643  43.087 0.0000000000
68758  -39.091  -12.094  43.162 0.0000000000
68775  -38.637  -11.736  42.234 0.0000000000
69940  -38.857  -11.659  41.597 0.0000000000
69927  -40.237  -10.993  41.837 0.0000000000
69941  -39.515  -11.468  41.058 0.0000000000
68800  -39.216  -12.391  40.728 0.0000000000
66742  -41.257  -14.075  40.213 0.0000000000
71074  -42.325  -10.992  39.734 0.0000000000
69974  -41.980  -11.658  39.532 0.0000000000
68811  -42.386  -12.389  39.264 0.0000000000
68810  -41.672  -12.381  39.551 0.0000000000
67767  -41.683  -13.337  39.724 0.0000000000
66745  -44.119  -14.954  40.560 0.0000000000
72116  -54.225  -9.099  34.547 0.0000000000
73126  -53.321  -8.394  34.856 0.0000000000
76118  -52.833  -6.033  36.437 0.0000000000
77143  -53.079  -5.569  37.238 0.0000000000
42725  -7.080  -35.569  66.816 0.0000000000
41592  -6.919  -36.197  66.378 0.0000000000
41591  -6.680  -36.930  66.540 0.0000000000
41634  -8.585  -36.486  65.034 0.0000000000
41633  -7.910  -36.376  65.043 0.0000000000
40571  -9.125  -37.404  66.172 0.0000000000
41613  -8.189  -37.019  65.319 0.0000000000
40568  -7.150  -37.462  65.886 0.0000000000
40557  -6.771  -37.672  66.341 0.0000000000
38407  -7.588  -39.330  67.215 0.0000000000
38381  -7.794  -40.066  68.529 0.0000000000
54972  -34.745  -25.083  54.888 0.0000000000
57012  -35.045  -23.740  55.999 0.0000000000
58008  -32.993  -22.815  54.069 0.0000000000
57011  -34.588  -23.411  55.620 0.0000000000
57975  -35.337  -22.877  56.227 0.0000000000
61160  -29.435  -19.521  54.852 0.0000000000
60087  -29.175  -20.184  54.447 0.0000000000
61233  -28.829  -19.774  50.944 0.0000000000
60136  -28.848  -20.175  51.144 0.0000000000
60140  -32.254  -20.707  51.362 0.0000000000
60120  -32.995  -20.664  52.136 0.0000000000
60100  -33.672  -20.940  52.648 0.0000000000
59046  -36.358  -21.762  53.454 0.0000000000
58072  -35.377  -22.126  50.804 0.0000000000
59121  -32.573  -21.887  48.294 0.0000000000
58114  -34.185  -22.442  48.659 0.0000000000
63653  -36.137  -17.442  42.528 0.0000000000
62497  -34.332  -18.583  44.144 0.0000000000
62517  -34.785  -18.117  43.650 0.0000000000
63642  -35.501  -17.447  42.944 0.0000000000
65652  -35.770  -16.104  42.540 0.0000000000
66696  -37.118  -13.519  44.290 0.0000000000
66697  -38.063  -13.132  44.565 0.0000000000
52581  -21.430  -27.951  59.393 0.0000000000
52550  -21.847  -28.391  60.631 0.0000000000
51415  -23.502  -28.257  58.274 0.0000000000
51394  -23.292  -28.464  59.788 0.0000000000
50157  -24.447  -29.217  59.957 0.0000000000
50156  -23.795  -28.928  60.394 0.0000000000
50130  -23.574  -29.136  61.396 0.0000000000
47727  -9.810  -32.245  63.729 0.0000000000
45327  -9.235  -34.122  63.875 0.0000000000
47761  -13.286  -31.664  60.796 0.0000000000
47760  -12.525  -31.637  61.040 0.0000000000
47759  -11.887  -31.940  61.479 0.0000000000
46532  -12.195  -33.084  62.115 0.0000000000
45331  -12.627  -33.713  63.384 0.0000000000
46521  -15.357  -32.553  63.330 0.0000000000
46509  -14.789  -32.911  63.744 0.0000000000
45315  -13.375  -33.655  64.218 0.0000000000
77163  -52.923  -4.852  35.460 0.0000000000
35480  -5.515  -42.222  69.731 0.0000000000
35479  -4.657  -42.860  69.806 0.0000000000
37448  -4.273  -39.635  68.361 0.0000000000
36479  -3.109  -41.267  68.001 0.0000000000
38378  -3.535  -39.541  68.067 0.0000000000
35489  -5.642  -41.993  69.190 0.0000000000
37469  -6.351  -40.365  67.888 0.0000000000
41551  -6.542  -36.318  67.892 0.0000000000
42758  -7.420  -35.858  65.394 0.0000000000
42759  -9.624  -36.415  65.491 0.0000000000
42775  -8.356  -35.908  64.739 0.0000000000
46534  -14.511  -32.657  62.188 0.0000000000
46551  -15.615  -32.201  62.064 0.0000000000
46563  -14.419  -32.138  60.868 0.0000000000
47839  -27.204  -30.770  55.895 0.0000000000
49050  -32.479  -29.729  55.693 0.0000000000
50129  -20.746  -29.452  61.556 0.0000000000
50154  -18.978  -30.028  60.113 0.0000000000
50198  -24.843  -29.421  57.917 0.0000000000
51535  -29.319  -29.008  52.499 0.0000000000
52551  -22.156  -28.290  60.573 0.0000000000
52564  -20.984  -28.485  60.188 0.0000000000
53838  -31.762  -25.785  55.175 0.0000000000
56013  -22.786  -24.477  55.704 0.0000000000
56016  -31.638  -24.046  55.251 0.0000000000
58071  -34.893  -21.944  50.439 0.0000000000
58083  -34.249  -21.986  49.599 0.0000000000
58986  -29.342  -21.055  56.344 0.0000000000
58989  -34.534  -22.570  55.543 0.0000000000
60152  -28.959  -20.260  50.935 0.0000000000
60182  -30.611  -20.958  47.913 0.0000000000
61232  -28.842  -20.071  50.843 0.0000000000
61252  -28.983  -20.223  50.668 0.0000000000
61282  -29.710  -20.383  48.706 0.0000000000
61301  -30.454  -20.012  47.737 0.0000000000
61319  -31.444  -19.902  47.149 0.0000000000
61374  -37.554  -19.220  43.812 0.0000000000
64589  -33.212  -17.025  46.046 0.0000000000
65704  -49.595  -15.115  38.157 0.0000000000
66782  -49.135  -14.794  37.803 0.0000000000
66806  -50.548  -13.991  36.801 0.0000000000
67751  -36.904  -13.621  41.889 0.0000000000
67796  -47.243  -13.297  37.779 0.0000000000
67800  -50.283  -13.870  36.847 0.0000000000
68792  -38.916  -11.902  41.140 0.0000000000
68799  -38.686  -12.778  40.892 0.0000000000
68828  -47.376  -12.905  37.604 0.0000000000
69925  -38.853  -11.529  41.916 0.0000000000
69992  -45.330  -12.435  38.494 0.0000000000
71040  -40.772  -10.872  40.882 0.0000000000
71059  -40.622  -11.109  40.663 0.0000000000
71061  -41.823  -10.693  40.384 0.0000000000
