#!ascii label  , from subject 3453 vox2ras=TkReg
789
43871  -16.946  -33.985  72.713 0.0000000000
54863  -40.627  -25.645  65.675 0.0000000000
58937  -46.198  -21.519  60.526 0.0000000000
61205  -53.187  -19.710  53.295 0.0000000000
48854  -37.516  -30.205  65.846 0.0000000000
60061  -49.912  -20.495  57.088 0.0000000000
66629  -51.204  -14.333  47.797 0.0000000000
68727  -55.660  -12.884  45.887 0.0000000000
51291  -43.338  -27.676  64.727 0.0000000000
55929  -46.080  -24.917  61.965 0.0000000000
58881  -43.362  -22.366  63.557 0.0000000000
47548  -18.405  -32.006  74.622 0.0000000000
46407  -22.657  -32.375  72.518 0.0000000000
45219  -26.972  -33.619  70.890 0.0000000000
41531  -29.959  -36.647  69.307 0.0000000000
40530  -33.822  -37.138  68.298 0.0000000000
43952  -37.108  -33.692  67.829 0.0000000000
48840  -40.432  -30.654  67.504 0.0000000000
54927  -50.014  -25.366  59.144 0.0000000000
68754  -57.756  -12.642  44.246 0.0000000000
54838  -42.369  -25.770  66.669 0.0000000000
56875  -43.332  -24.354  64.772 0.0000000000
56882  -41.751  -24.103  65.180 0.0000000000
47592  -19.398  -31.716  72.428 0.0000000000
47565  -21.070  -32.561  73.474 0.0000000000
43964  -33.916  -35.244  67.208 0.0000000000
41567  -35.338  -35.999  67.914 0.0000000000
46461  -35.124  -33.042  67.776 0.0000000000
52497  -38.959  -28.055  66.033 0.0000000000
49995  -38.269  -29.861  68.094 0.0000000000
53673  -40.101  -27.225  67.830 0.0000000000
51263  -42.155  -28.565  66.937 0.0000000000
58899  -46.779  -22.560  62.458 0.0000000000
54906  -48.491  -25.264  60.238 0.0000000000
57897  -49.031  -22.599  60.905 0.0000000000
61154  -51.693  -20.113  55.867 0.0000000000
58984  -52.552  -22.196  56.776 0.0000000000
57999  -52.656  -22.346  54.495 0.0000000000
58068  -52.950  -21.778  51.861 0.0000000000
65587  -52.744  -15.399  46.072 0.0000000000
64570  -52.381  -16.330  48.665 0.0000000000
47705  -35.695  -31.871  65.493 0.0000000000
61201  -49.821  -19.252  52.841 0.0000000000
68708  -53.922  -12.838  46.762 0.0000000000
66665  -54.786  -14.827  45.438 0.0000000000
65649  -57.466  -15.837  43.333 0.0000000000
50118  -43.651  -28.643  62.770 0.0000000000
53723  -44.216  -26.298  63.701 0.0000000000
57871  -44.608  -23.446  63.501 0.0000000000
45170  -17.906  -33.507  74.134 0.0000000000
45215  -23.239  -33.100  71.339 0.0000000000
46417  -25.163  -32.615  71.300 0.0000000000
43930  -25.458  -34.313  70.572 0.0000000000
41528  -27.154  -35.850  70.175 0.0000000000
40527  -28.823  -37.436  69.296 0.0000000000
39436  -30.426  -38.447  68.830 0.0000000000
40528  -31.764  -37.549  68.615 0.0000000000
39451  -34.663  -38.356  67.353 0.0000000000
48822  -36.795  -30.984  68.187 0.0000000000
47659  -38.491  -31.836  68.177 0.0000000000
45292  -39.528  -32.841  66.038 0.0000000000
47690  -40.883  -30.890  65.727 0.0000000000
48882  -42.125  -29.620  64.192 0.0000000000
58955  -51.043  -22.051  59.501 0.0000000000
63553  -52.626  -17.420  49.600 0.0000000000
61261  -54.218  -19.250  51.052 0.0000000000
45168  -16.153  -33.454  73.937 0.0000000000
55837  -40.970  -25.399  66.723 0.0000000000
55858  -41.817  -24.554  65.871 0.0000000000
55878  -41.227  -24.686  65.224 0.0000000000
43999  -34.017  -34.425  66.419 0.0000000000
43965  -34.453  -34.671  67.540 0.0000000000
46489  -34.567  -33.155  66.194 0.0000000000
53710  -39.795  -26.740  66.097 0.0000000000
52484  -39.236  -27.447  67.235 0.0000000000
53699  -40.001  -26.425  67.095 0.0000000000
53688  -41.334  -26.711  67.489 0.0000000000
58912  -48.011  -22.179  61.661 0.0000000000
60017  -47.776  -21.603  61.266 0.0000000000
61188  -52.583  -19.906  54.281 0.0000000000
60085  -52.517  -21.150  55.339 0.0000000000
60094  -53.164  -21.065  53.958 0.0000000000
57061  -52.845  -22.255  53.203 0.0000000000
60126  -53.546  -20.755  52.873 0.0000000000
64617  -52.391  -16.321  45.527 0.0000000000
64600  -52.561  -16.281  46.693 0.0000000000
62488  -52.136  -18.433  45.552 0.0000000000
68724  -53.876  -12.397  46.287 0.0000000000
68710  -55.122  -12.981  46.236 0.0000000000
67684  -54.238  -13.675  46.354 0.0000000000
67686  -55.472  -13.512  45.880 0.0000000000
65608  -55.847  -15.646  44.996 0.0000000000
66648  -56.338  -14.240  45.393 0.0000000000
66707  -57.688  -14.741  43.824 0.0000000000
51322  -43.528  -27.893  63.701 0.0000000000
51323  -43.790  -27.590  63.377 0.0000000000
53713  -43.953  -26.359  64.464 0.0000000000
57862  -43.180  -23.538  64.117 0.0000000000
56883  -43.810  -24.242  64.288 0.0000000000
58871  -43.753  -23.013  63.743 0.0000000000
58897  -45.169  -22.240  63.145 0.0000000000
58895  -43.967  -21.819  63.310 0.0000000000
45171  -18.824  -33.330  74.065 0.0000000000
45156  -19.510  -33.073  74.248 0.0000000000
46406  -22.134  -32.382  72.963 0.0000000000
46435  -26.707  -32.686  70.691 0.0000000000
45218  -25.852  -33.296  70.996 0.0000000000
43896  -25.265  -33.212  71.082 0.0000000000
42659  -26.211  -34.628  70.731 0.0000000000
42678  -25.983  -35.053  70.224 0.0000000000
42660  -26.952  -35.017  70.842 0.0000000000
40504  -29.204  -36.767  69.334 0.0000000000
39404  -29.275  -37.610  69.262 0.0000000000
39406  -30.374  -37.652  69.260 0.0000000000
40542  -33.233  -37.027  68.193 0.0000000000
40541  -32.446  -37.222  68.206 0.0000000000
40529  -32.909  -37.563  68.335 0.0000000000
39422  -32.512  -38.122  68.568 0.0000000000
39438  -33.384  -38.158  68.249 0.0000000000
38403  -33.927  -38.558  67.887 0.0000000000
39439  -34.379  -37.816  68.132 0.0000000000
42702  -36.236  -34.722  67.550 0.0000000000
41568  -35.753  -35.987  67.407 0.0000000000
42723  -36.858  -34.991  67.256 0.0000000000
43967  -37.211  -34.143  67.549 0.0000000000
48838  -36.066  -31.264  67.400 0.0000000000
49993  -37.143  -30.276  67.515 0.0000000000
49997  -39.838  -29.520  68.275 0.0000000000
48810  -38.737  -30.478  68.157 0.0000000000
47661  -39.808  -31.214  67.629 0.0000000000
46478  -39.490  -32.097  67.209 0.0000000000
47674  -40.314  -31.188  66.897 0.0000000000
47675  -40.788  -30.813  66.406 0.0000000000
51277  -42.977  -28.046  65.720 0.0000000000
50053  -42.393  -29.045  65.236 0.0000000000
50054  -42.836  -28.426  64.952 0.0000000000
50074  -43.094  -28.569  63.987 0.0000000000
48763  -17.994  -31.348  73.495 0.0000000000
47561  -17.633  -31.227  74.527 0.0000000000
47534  -17.608  -32.020  75.477 0.0000000000
52546  -45.481  -26.904  61.532 0.0000000000
52559  -47.178  -26.841  60.418 0.0000000000
54918  -49.535  -25.453  59.458 0.0000000000
60048  -49.881  -20.734  58.255 0.0000000000
60036  -49.804  -20.912  59.399 0.0000000000
60049  -50.809  -20.873  58.459 0.0000000000
57017  -52.559  -23.913  56.431 0.0000000000
57006  -52.538  -23.611  57.236 0.0000000000
63566  -53.292  -17.607  48.636 0.0000000000
64556  -52.696  -17.075  49.082 0.0000000000
63554  -53.292  -17.550  49.421 0.0000000000
62400  -53.453  -17.978  50.996 0.0000000000
62421  -54.279  -18.430  49.975 0.0000000000
60175  -53.850  -20.210  50.576 0.0000000000
69904  -55.991  -12.036  45.446 0.0000000000
68744  -57.248  -12.809  45.006 0.0000000000
69913  -57.285  -11.963  44.414 0.0000000000
69914  -57.776  -12.036  43.785 0.0000000000
53700  -43.139  -26.419  66.182 0.0000000000
54853  -43.619  -25.660  65.480 0.0000000000
55860  -43.088  -25.052  65.603 0.0000000000
56873  -42.382  -24.189  65.325 0.0000000000
57861  -42.710  -23.485  64.219 0.0000000000
47577  -19.407  -31.778  73.252 0.0000000000
47550  -19.865  -32.792  74.028 0.0000000000
47595  -22.245  -31.673  72.390 0.0000000000
41565  -33.659  -36.401  67.961 0.0000000000
41547  -34.379  -36.410  68.182 0.0000000000
42720  -34.593  -35.148  67.974 0.0000000000
43949  -35.060  -34.367  68.029 0.0000000000
45244  -36.187  -33.325  67.963 0.0000000000
51287  -38.240  -29.217  66.156 0.0000000000
51260  -38.029  -29.227  67.641 0.0000000000
51261  -38.438  -28.592  67.300 0.0000000000
51247  -39.579  -28.711  68.187 0.0000000000
51248  -40.463  -28.656  68.215 0.0000000000
50015  -41.243  -29.517  67.573 0.0000000000
52475  -41.599  -28.099  67.811 0.0000000000
52487  -42.494  -26.945  66.934 0.0000000000
48778  -17.973  -31.471  72.489 0.0000000000
56911  -46.381  -23.360  62.591 0.0000000000
54904  -47.299  -25.378  61.041 0.0000000000
55932  -47.777  -23.702  61.390 0.0000000000
56947  -48.558  -23.356  60.945 0.0000000000
56961  -49.941  -23.514  60.084 0.0000000000
60072  -50.871  -20.081  56.270 0.0000000000
60063  -51.580  -20.907  57.447 0.0000000000
60074  -52.261  -21.053  56.340 0.0000000000
57983  -52.649  -22.528  55.485 0.0000000000
65562  -52.757  -14.614  47.719 0.0000000000
65561  -52.522  -15.165  48.159 0.0000000000
64585  -52.916  -16.259  47.877 0.0000000000
63581  -52.781  -17.449  47.394 0.0000000000
53722  -40.508  -26.349  64.912 0.0000000000
51304  -39.895  -28.140  64.449 0.0000000000
60026  -47.554  -21.173  60.244 0.0000000000
60070  -48.761  -20.514  55.678 0.0000000000
60083  -50.382  -19.797  55.259 0.0000000000
61186  -50.938  -19.349  54.257 0.0000000000
61203  -52.044  -18.914  53.294 0.0000000000
67667  -52.318  -13.292  47.396 0.0000000000
67683  -53.665  -13.755  46.748 0.0000000000
66664  -53.930  -14.736  45.511 0.0000000000
65633  -54.012  -15.954  44.508 0.0000000000
66690  -57.188  -14.745  44.626 0.0000000000
65635  -57.211  -15.730  44.119 0.0000000000
50120  -44.547  -27.960  61.605 0.0000000000
52545  -44.833  -26.926  62.316 0.0000000000
54882  -45.062  -25.400  62.679 0.0000000000
55880  -44.090  -24.801  64.407 0.0000000000
55881  -44.479  -24.690  63.789 0.0000000000
56909  -45.324  -23.964  62.948 0.0000000000
58885  -45.455  -22.907  62.952 0.0000000000
59994  -45.909  -21.913  62.758 0.0000000000
56907  -41.675  -24.109  63.803 0.0000000000
56908  -41.938  -23.384  63.484 0.0000000000
58907  -43.007  -21.886  62.428 0.0000000000
45189  -17.465  -33.789  73.694 0.0000000000
43873  -18.634  -34.344  73.062 0.0000000000
45240  -23.984  -33.620  69.975 0.0000000000
48784  -22.177  -30.918  71.271 0.0000000000
47596  -23.188  -31.672  72.045 0.0000000000
46409  -23.822  -32.231  71.637 0.0000000000
43911  -24.831  -33.615  70.905 0.0000000000
41561  -26.517  -36.541  68.439 0.0000000000
40540  -27.691  -37.511  68.335 0.0000000000
41544  -30.403  -36.662  69.102 0.0000000000
41545  -30.994  -37.000  68.895 0.0000000000
41532  -30.523  -37.019  69.223 0.0000000000
39421  -31.234  -37.983  69.108 0.0000000000
38387  -31.951  -39.070  68.135 0.0000000000
40545  -35.440  -36.873  67.813 0.0000000000
47686  -35.035  -32.401  66.851 0.0000000000
47657  -36.049  -31.887  68.309 0.0000000000
47642  -36.722  -32.114  69.005 0.0000000000
48823  -37.814  -30.540  68.184 0.0000000000
48808  -37.509  -31.150  68.585 0.0000000000
46463  -37.350  -32.632  68.441 0.0000000000
45260  -38.182  -33.185  67.639 0.0000000000
45291  -39.020  -33.542  66.144 0.0000000000
47724  -41.097  -30.893  64.154 0.0000000000
48842  -41.526  -29.854  66.346 0.0000000000
47708  -41.518  -30.288  64.566 0.0000000000
47725  -41.603  -30.197  63.803 0.0000000000
48898  -42.299  -29.587  63.318 0.0000000000
45153  -17.138  -33.128  74.836 0.0000000000
60027  -48.753  -21.170  60.259 0.0000000000
58940  -50.123  -22.001  60.389 0.0000000000
56978  -50.818  -23.669  59.246 0.0000000000
58971  -51.913  -22.111  58.072 0.0000000000
56993  -51.478  -23.676  58.568 0.0000000000
54937  -50.903  -25.215  58.218 0.0000000000
61219  -50.544  -19.074  52.170 0.0000000000
62331  -52.662  -18.793  52.780 0.0000000000
65560  -51.530  -15.542  48.356 0.0000000000
64569  -51.507  -16.762  48.852 0.0000000000
62398  -51.732  -18.389  50.444 0.0000000000
62374  -52.926  -18.353  51.661 0.0000000000
62351  -53.456  -19.233  52.508 0.0000000000
60147  -53.666  -20.486  51.871 0.0000000000
45201  -16.229  -33.815  72.784 0.0000000000
55857  -41.024  -24.949  66.187 0.0000000000
45289  -33.807  -34.536  65.494 0.0000000000
45273  -34.366  -33.943  66.902 0.0000000000
54862  -40.178  -26.130  66.175 0.0000000000
54850  -39.981  -26.351  66.620 0.0000000000
54851  -40.519  -25.869  66.674 0.0000000000
54836  -41.050  -25.855  67.077 0.0000000000
60016  -46.521  -21.405  61.319 0.0000000000
60007  -47.437  -21.831  61.935 0.0000000000
60025  -46.797  -21.312  60.586 0.0000000000
61189  -52.969  -20.497  54.167 0.0000000000
60106  -53.414  -20.878  53.504 0.0000000000
61206  -53.426  -20.366  53.397 0.0000000000
64638  -52.834  -16.538  44.614 0.0000000000
63610  -52.236  -17.395  45.008 0.0000000000
69891  -55.505  -12.323  45.851 0.0000000000
68726  -55.049  -12.594  46.185 0.0000000000
67671  -55.137  -13.271  46.141 0.0000000000
66647  -55.825  -14.191  45.588 0.0000000000
67687  -56.128  -13.560  45.623 0.0000000000
51292  -43.525  -27.427  64.260 0.0000000000
52514  -43.646  -27.060  64.677 0.0000000000
58870  -43.297  -22.931  63.752 0.0000000000
58882  -43.891  -22.365  63.624 0.0000000000
46384  -18.880  -32.688  74.351 0.0000000000
47580  -22.588  -31.996  72.717 0.0000000000
46397  -22.162  -32.674  72.958 0.0000000000
46428  -26.963  -33.028  70.872 0.0000000000
46427  -26.231  -32.816  70.908 0.0000000000
43913  -26.503  -34.139  70.903 0.0000000000
42682  -29.357  -36.127  69.360 0.0000000000
41519  -29.041  -36.360  69.566 0.0000000000
41520  -29.356  -36.484  69.317 0.0000000000
40516  -29.702  -37.245  69.276 0.0000000000
40505  -29.722  -36.891  69.297 0.0000000000
40543  -33.678  -36.838  68.229 0.0000000000
39423  -33.532  -37.753  68.304 0.0000000000
38390  -33.753  -38.279  68.125 0.0000000000
39424  -34.089  -37.460  68.267 0.0000000000
43951  -36.414  -34.091  67.731 0.0000000000
43966  -36.587  -34.533  67.567 0.0000000000
48839  -36.656  -30.704  67.127 0.0000000000
50013  -37.157  -30.182  66.783 0.0000000000
48826  -40.062  -30.391  68.110 0.0000000000
48825  -39.322  -30.237  68.198 0.0000000000
52512  -43.184  -27.631  65.711 0.0000000000
51290  -43.159  -27.807  65.296 0.0000000000
50055  -43.217  -27.961  64.437 0.0000000000
47562  -18.288  -31.594  74.057 0.0000000000
47535  -17.912  -32.192  75.016 0.0000000000
53745  -45.957  -26.156  61.519 0.0000000000
52558  -46.333  -26.895  60.957 0.0000000000
53757  -46.813  -26.022  61.071 0.0000000000
53773  -49.717  -26.191  59.139 0.0000000000
53783  -50.092  -26.023  58.762 0.0000000000
53795  -50.077  -26.376  58.340 0.0000000000
65574  -51.133  -14.851  47.959 0.0000000000
62438  -53.630  -18.419  48.758 0.0000000000
63567  -53.848  -17.746  49.096 0.0000000000
63555  -54.079  -17.786  49.716 0.0000000000
53690  -42.710  -26.429  66.649 0.0000000000
54839  -42.872  -25.756  66.236 0.0000000000
55840  -42.561  -25.261  66.167 0.0000000000
56872  -42.082  -24.028  65.335 0.0000000000
57852  -42.339  -23.855  64.914 0.0000000000
57860  -42.235  -23.718  64.662 0.0000000000
47610  -21.898  -31.357  71.880 0.0000000000
43981  -33.684  -35.350  66.669 0.0000000000
42738  -33.408  -35.933  67.133 0.0000000000
42719  -34.057  -35.524  67.714 0.0000000000
41566  -34.368  -35.791  68.052 0.0000000000
45257  -34.967  -33.642  67.819 0.0000000000
45242  -35.298  -33.840  67.894 0.0000000000
45243  -35.646  -33.599  67.871 0.0000000000
51275  -38.535  -28.617  66.498 0.0000000000
52483  -38.796  -27.954  66.880 0.0000000000
52472  -39.469  -27.844  67.811 0.0000000000
52473  -40.225  -27.853  68.094 0.0000000000
51249  -41.320  -28.717  67.989 0.0000000000
52474  -41.146  -27.780  68.022 0.0000000000
53689  -42.140  -26.497  67.110 0.0000000000
52500  -42.904  -27.348  66.339 0.0000000000
47591  -18.504  -31.621  72.288 0.0000000000
47576  -18.614  -31.554  73.098 0.0000000000
57879  -46.581  -22.924  62.581 0.0000000000
56927  -46.951  -23.479  62.229 0.0000000000
57884  -47.186  -22.800  62.249 0.0000000000
58913  -48.544  -22.199  61.233 0.0000000000
57886  -48.305  -22.605  61.317 0.0000000000
56948  -49.342  -23.410  60.514 0.0000000000
60073  -51.650  -20.461  56.583 0.0000000000
61155  -52.073  -20.493  55.840 0.0000000000
59030  -52.685  -21.569  54.807 0.0000000000
60075  -52.501  -21.479  55.820 0.0000000000
57043  -52.591  -22.679  53.805 0.0000000000
65575  -52.686  -15.016  47.121 0.0000000000
52521  -40.323  -27.223  64.596 0.0000000000
60082  -49.376  -20.044  55.085 0.0000000000
60105  -49.219  -19.525  53.342 0.0000000000
61185  -49.927  -19.363  53.734 0.0000000000
61202  -50.769  -18.971  53.144 0.0000000000
68707  -53.115  -12.743  46.898 0.0000000000
67682  -52.291  -12.722  46.671 0.0000000000
67668  -53.232  -13.494  47.148 0.0000000000
66645  -54.464  -14.172  45.913 0.0000000000
65606  -54.301  -15.366  44.951 0.0000000000
64640  -54.786  -16.640  44.497 0.0000000000
65607  -55.109  -15.753  44.972 0.0000000000
65609  -56.368  -15.572  44.860 0.0000000000
67702  -56.873  -13.816  45.211 0.0000000000
67716  -57.613  -13.674  44.443 0.0000000000
48915  -43.762  -28.720  62.229 0.0000000000
48931  -44.180  -28.834  61.379 0.0000000000
50119  -44.008  -28.348  62.141 0.0000000000
52534  -44.269  -26.971  63.134 0.0000000000
51340  -44.380  -27.460  62.436 0.0000000000
53733  -44.673  -26.252  62.925 0.0000000000
55861  -43.689  -24.894  64.992 0.0000000000
54864  -43.993  -25.600  64.892 0.0000000000
57864  -44.122  -23.606  63.766 0.0000000000
56884  -44.296  -24.094  63.835 0.0000000000
56894  -44.980  -24.049  63.288 0.0000000000
57872  -45.146  -23.275  63.134 0.0000000000
56895  -45.371  -23.527  62.977 0.0000000000
59992  -44.556  -21.717  63.064 0.0000000000
43855  -18.089  -34.026  73.598 0.0000000000
43857  -19.629  -33.808  73.696 0.0000000000
47564  -20.321  -32.528  73.720 0.0000000000
46395  -20.836  -32.818  73.682 0.0000000000
45214  -22.520  -33.401  71.411 0.0000000000
45228  -23.226  -33.304  70.647 0.0000000000
45239  -23.114  -33.376  69.732 0.0000000000
45229  -24.059  -33.380  70.748 0.0000000000
48785  -23.081  -30.707  70.955 0.0000000000
47611  -22.803  -31.182  71.712 0.0000000000
46416  -24.518  -32.450  71.468 0.0000000000
45204  -24.003  -32.630  71.414 0.0000000000
43912  -25.598  -33.694  70.958 0.0000000000
43929  -24.716  -34.035  70.296 0.0000000000
43945  -25.331  -34.711  69.880 0.0000000000
42679  -26.701  -35.400  70.331 0.0000000000
42696  -25.920  -35.487  69.462 0.0000000000
41541  -26.230  -35.915  69.332 0.0000000000
41560  -26.059  -36.004  68.875 0.0000000000
41542  -26.782  -36.156  69.561 0.0000000000
40514  -27.795  -37.036  69.784 0.0000000000
41529  -27.777  -36.188  69.978 0.0000000000
40526  -28.045  -37.202  69.363 0.0000000000
40525  -27.357  -36.781  69.428 0.0000000000
39417  -28.322  -37.909  68.584 0.0000000000
39419  -29.795  -38.104  69.121 0.0000000000
39435  -29.832  -38.573  68.433 0.0000000000
38385  -30.220  -39.023  67.737 0.0000000000
41563  -31.514  -36.828  68.030 0.0000000000
40518  -30.915  -37.439  69.133 0.0000000000
38375  -32.455  -38.488  68.450 0.0000000000
38374  -31.848  -38.586  68.601 0.0000000000
38400  -31.673  -39.270  67.467 0.0000000000
38415  -33.899  -38.898  67.172 0.0000000000
41548  -35.040  -36.168  68.138 0.0000000000
40532  -35.098  -36.707  68.090 0.0000000000
47687  -35.664  -31.757  66.566 0.0000000000
48821  -36.061  -31.502  67.949 0.0000000000
47658  -36.523  -31.755  68.695 0.0000000000
47641  -36.263  -32.393  68.565 0.0000000000
51245  -38.149  -29.466  67.958 0.0000000000
49994  -37.667  -29.969  67.929 0.0000000000
47645  -38.465  -30.945  68.196 0.0000000000
47644  -38.033  -31.502  68.399 0.0000000000
46450  -37.547  -32.158  68.623 0.0000000000
46464  -38.015  -32.413  68.264 0.0000000000
45261  -38.730  -32.794  67.481 0.0000000000
45276  -39.493  -32.520  66.633 0.0000000000
45275  -38.883  -33.179  66.987 0.0000000000
46491  -40.453  -31.473  65.876 0.0000000000
47707  -40.983  -30.980  64.901 0.0000000000
51262  -41.715  -28.955  67.453 0.0000000000
50016  -41.702  -29.420  66.893 0.0000000000
48869  -42.470  -29.031  64.957 0.0000000000
48868  -41.994  -29.553  65.053 0.0000000000
47741  -41.702  -30.084  63.033 0.0000000000
50096  -43.353  -28.728  63.323 0.0000000000
48914  -43.246  -29.065  62.612 0.0000000000
45154  -17.891  -33.018  74.562 0.0000000000
45143  -17.300  -32.729  75.261 0.0000000000
54905  -47.877  -25.314  60.729 0.0000000000
53758  -47.582  -26.104  60.591 0.0000000000
53759  -48.177  -26.091  60.141 0.0000000000
60034  -47.794  -21.068  59.465 0.0000000000
60037  -50.679  -21.358  59.440 0.0000000000
60029  -50.310  -21.546  60.048 0.0000000000
58941  -50.639  -22.253  59.999 0.0000000000
56962  -50.470  -23.350  59.805 0.0000000000
57917  -50.819  -22.820  59.692 0.0000000000
60064  -52.018  -21.446  57.372 0.0000000000
60051  -51.931  -21.725  57.777 0.0000000000
58983  -52.286  -22.063  57.378 0.0000000000
56994  -52.064  -23.608  57.929 0.0000000000
55984  -51.674  -24.520  57.911 0.0000000000
55974  -50.955  -24.498  58.637 0.0000000000
54948  -51.188  -25.215  57.571 0.0000000000
61220  -51.521  -18.795  52.338 0.0000000000
62349  -52.423  -18.660  52.351 0.0000000000
64555  -52.190  -16.974  49.194 0.0000000000
63552  -51.906  -17.524  49.489 0.0000000000
63565  -51.323  -17.634  48.995 0.0000000000
62420  -51.308  -18.301  49.455 0.0000000000
63541  -52.415  -17.749  50.161 0.0000000000
62401  -54.163  -18.434  50.835 0.0000000000
62375  -53.567  -18.608  51.666 0.0000000000
62376  -53.998  -19.043  51.655 0.0000000000
62352  -53.792  -19.412  52.066 0.0000000000
61246  -54.044  -19.845  51.183 0.0000000000
54837  -41.734  -25.804  66.991 0.0000000000
55839  -42.053  -25.173  66.405 0.0000000000
55838  -41.420  -25.246  66.589 0.0000000000
55879  -41.471  -24.571  65.650 0.0000000000
56881  -41.508  -24.311  65.081 0.0000000000
43982  -33.986  -34.745  66.824 0.0000000000
46475  -34.857  -33.029  67.282 0.0000000000
52498  -39.308  -27.409  66.458 0.0000000000
53698  -39.630  -26.846  66.870 0.0000000000
53686  -39.771  -26.997  67.455 0.0000000000
53687  -40.489  -26.579  67.405 0.0000000000
53674  -40.729  -27.171  67.882 0.0000000000
58910  -46.628  -22.099  62.503 0.0000000000
58911  -47.202  -22.205  62.217 0.0000000000
58924  -47.805  -21.888  61.769 0.0000000000
58925  -48.344  -21.890  61.307 0.0000000000
61171  -52.089  -20.023  55.151 0.0000000000
61156  -52.246  -20.775  55.764 0.0000000000
61172  -52.373  -20.568  55.131 0.0000000000
61173  -52.627  -20.814  54.800 0.0000000000
59031  -52.914  -21.650  54.206 0.0000000000
58017  -52.666  -22.394  53.927 0.0000000000
58018  -52.862  -22.083  53.770 0.0000000000
58040  -53.141  -21.876  53.071 0.0000000000
59075  -53.356  -21.393  52.433 0.0000000000
63595  -52.216  -17.369  46.140 0.0000000000
68725  -54.454  -12.541  46.312 0.0000000000
68709  -54.643  -13.028  46.494 0.0000000000
67669  -54.064  -13.283  46.671 0.0000000000
67670  -54.700  -13.259  46.356 0.0000000000
67685  -54.902  -13.650  46.102 0.0000000000
66646  -55.200  -14.190  45.766 0.0000000000
66666  -55.521  -14.897  45.358 0.0000000000
66667  -56.127  -14.895  45.261 0.0000000000
66668  -56.647  -14.822  45.059 0.0000000000
67717  -57.996  -13.195  43.854 0.0000000000
67733  -57.961  -13.847  43.729 0.0000000000
66708  -58.037  -14.247  43.222 0.0000000000
65661  -57.492  -15.882  42.400 0.0000000000
50097  -43.630  -28.217  63.282 0.0000000000
50098  -44.036  -27.890  62.577 0.0000000000
52523  -43.764  -27.042  63.918 0.0000000000
57854  -43.110  -23.975  64.542 0.0000000000
57863  -43.601  -23.711  64.056 0.0000000000
58872  -44.038  -22.972  63.710 0.0000000000
58884  -44.910  -22.871  63.287 0.0000000000
58883  -44.396  -22.554  63.506 0.0000000000
58896  -44.547  -22.001  63.391 0.0000000000
60003  -44.313  -21.601  62.925 0.0000000000
45155  -18.880  -32.957  74.296 0.0000000000
45172  -19.618  -33.242  73.993 0.0000000000
45205  -24.962  -33.063  71.390 0.0000000000
45217  -25.512  -33.232  71.034 0.0000000000
40515  -28.838  -37.016  69.453 0.0000000000
39405  -29.762  -37.623  69.277 0.0000000000
39420  -30.450  -38.076  69.197 0.0000000000
41564  -32.741  -36.854  67.831 0.0000000000
41585  -32.345  -36.637  67.224 0.0000000000
38389  -33.303  -38.527  68.110 0.0000000000
39440  -35.099  -37.394  67.990 0.0000000000
42701  -35.662  -35.201  67.740 0.0000000000
42721  -35.738  -35.608  67.550 0.0000000000
41569  -36.328  -35.489  67.208 0.0000000000
43983  -37.302  -34.607  67.183 0.0000000000
43984  -37.983  -34.262  67.017 0.0000000000
47688  -36.181  -31.400  65.987 0.0000000000
48852  -36.246  -31.128  66.631 0.0000000000
49996  -38.921  -29.743  68.194 0.0000000000
49978  -38.386  -30.149  68.110 0.0000000000
47660  -39.031  -31.175  68.097 0.0000000000
46465  -38.845  -32.266  67.827 0.0000000000
46466  -39.336  -31.717  67.746 0.0000000000
46490  -40.032  -31.942  66.244 0.0000000000
47689  -40.504  -31.273  66.225 0.0000000000
51276  -42.611  -28.288  66.242 0.0000000000
50033  -42.196  -29.108  65.914 0.0000000000
50034  -42.719  -28.514  65.720 0.0000000000
48883  -42.590  -29.056  64.510 0.0000000000
48899  -42.824  -29.095  63.699 0.0000000000
50075  -43.288  -28.105  64.068 0.0000000000
48762  -17.478  -31.135  74.021 0.0000000000
47547  -17.432  -31.402  75.116 0.0000000000
54917  -49.048  -25.398  59.759 0.0000000000
53760  -48.737  -26.141  59.749 0.0000000000
53772  -49.256  -26.201  59.447 0.0000000000
60035  -48.592  -20.928  59.117 0.0000000000
60038  -51.193  -21.669  59.040 0.0000000000
57007  -52.698  -23.269  56.573 0.0000000000
57967  -52.640  -22.755  57.034 0.0000000000
64571  -53.000  -16.934  48.680 0.0000000000
63542  -53.081  -17.661  50.246 0.0000000000
63543  -53.794  -17.762  50.273 0.0000000000
63544  -54.225  -17.989  50.230 0.0000000000
61277  -54.193  -19.348  50.372 0.0000000000
60176  -54.100  -19.727  50.767 0.0000000000
69892  -56.076  -12.448  45.616 0.0000000000
68728  -56.489  -12.914  45.526 0.0000000000
69905  -56.686  -12.217  45.275 0.0000000000
68755  -58.041  -12.544  43.471 0.0000000000
52513  -43.384  -27.175  65.449 0.0000000000
53712  -43.746  -26.404  65.163 0.0000000000
53701  -43.471  -26.392  65.733 0.0000000000
54852  -43.296  -25.815  65.924 0.0000000000
55859  -42.464  -24.707  65.798 0.0000000000
56874  -42.840  -24.336  65.138 0.0000000000
57853  -42.737  -23.909  64.706 0.0000000000
57870  -42.934  -22.908  63.716 0.0000000000
47563  -19.362  -32.125  73.886 0.0000000000
47549  -19.377  -32.596  74.123 0.0000000000
47578  -20.397  -31.951  73.254 0.0000000000
47579  -21.502  -32.142  73.146 0.0000000000
41586  -33.039  -36.469  67.464 0.0000000000
41546  -33.907  -36.711  68.256 0.0000000000
40531  -34.563  -37.013  68.215 0.0000000000
42700  -34.969  -35.352  68.157 0.0000000000
43950  -35.595  -34.322  67.815 0.0000000000
50032  -37.711  -29.772  66.396 0.0000000000
50014  -37.598  -29.726  67.250 0.0000000000
51274  -38.016  -29.122  66.910 0.0000000000
51246  -38.675  -28.886  67.943 0.0000000000
52471  -38.837  -28.057  67.534 0.0000000000
49998  -40.671  -29.502  68.125 0.0000000000
48827  -40.741  -30.093  67.717 0.0000000000
51250  -41.808  -28.385  67.572 0.0000000000
52485  -41.405  -27.293  67.729 0.0000000000
52486  -42.009  -27.547  67.367 0.0000000000
52499  -42.473  -27.959  66.758 0.0000000000
48772  -18.030  -31.403  72.896 0.0000000000
55914  -46.219  -24.089  62.408 0.0000000000
54903  -46.825  -25.211  61.339 0.0000000000
55930  -46.657  -24.456  61.858 0.0000000000
55931  -47.454  -23.956  61.608 0.0000000000
55947  -48.089  -24.255  60.962 0.0000000000
57885  -47.739  -22.630  61.807 0.0000000000
56946  -47.989  -23.471  61.260 0.0000000000
55948  -49.014  -24.360  60.224 0.0000000000
55962  -49.746  -24.496  59.672 0.0000000000
60062  -50.884  -20.533  57.406 0.0000000000
58998  -52.378  -21.702  56.841 0.0000000000
60084  -52.352  -20.890  55.654 0.0000000000
58999  -52.568  -21.906  56.166 0.0000000000
57018  -52.619  -23.308  55.772 0.0000000000
66622  -52.556  -14.324  48.026 0.0000000000
66621  -51.820  -14.460  48.127 0.0000000000
63582  -53.141  -17.527  48.061 0.0000000000
62457  -53.173  -18.062  48.088 0.0000000000
53711  -40.228  -26.320  65.664 0.0000000000
53732  -40.831  -26.264  64.059 0.0000000000
50051  -38.137  -29.769  65.368 0.0000000000
51288  -38.846  -28.879  65.512 0.0000000000
52510  -39.257  -28.276  65.559 0.0000000000
52511  -39.673  -27.661  65.486 0.0000000000
53721  -40.096  -26.848  65.359 0.0000000000
58951  -46.346  -21.746  59.653 0.0000000000
58938  -46.820  -21.341  60.105 0.0000000000
58952  -47.198  -21.377  59.424 0.0000000000
58953  -47.799  -21.184  58.962 0.0000000000
60047  -48.928  -20.804  57.774 0.0000000000
60060  -48.921  -20.674  56.652 0.0000000000
60071  -49.718  -20.232  56.025 0.0000000000
60092  -49.918  -19.625  54.521 0.0000000000
61170  -51.389  -19.765  55.225 0.0000000000
61187  -52.031  -19.472  54.349 0.0000000000
61204  -52.713  -19.328  53.587 0.0000000000
67661  -52.160  -13.882  48.002 0.0000000000
67662  -52.684  -13.806  47.727 0.0000000000
66631  -53.128  -14.198  47.033 0.0000000000
66630  -53.096  -14.531  46.723 0.0000000000
66644  -53.587  -14.276  46.306 0.0000000000
66663  -53.281  -14.895  45.851 0.0000000000
65605  -53.257  -15.536  45.065 0.0000000000
65632  -53.401  -16.147  44.540 0.0000000000
64639  -53.656  -16.723  44.231 0.0000000000
64619  -55.544  -16.417  44.721 0.0000000000
65610  -56.794  -15.607  44.611 0.0000000000
51341  -44.967  -27.466  61.559 0.0000000000
53744  -45.238  -26.210  62.151 0.0000000000
54891  -45.689  -25.422  62.029 0.0000000000
54865  -44.205  -25.526  64.169 0.0000000000
54873  -44.569  -25.459  63.446 0.0000000000
55897  -44.929  -24.591  63.133 0.0000000000
55913  -45.706  -24.515  62.456 0.0000000000
56910  -45.925  -23.712  62.705 0.0000000000
57878  -45.845  -23.117  62.801 0.0000000000
58898  -46.083  -22.462  62.724 0.0000000000
59995  -46.365  -22.021  62.624 0.0000000000
58923  -45.723  -21.495  61.178 0.0000000000
56892  -41.569  -24.243  64.708 0.0000000000
56893  -41.934  -23.710  64.372 0.0000000000
57869  -42.448  -23.219  63.871 0.0000000000
58880  -42.793  -22.548  63.410 0.0000000000
58894  -43.217  -21.960  63.120 0.0000000000
58950  -45.779  -21.900  60.063 0.0000000000
43872  -17.671  -34.133  73.023 0.0000000000
43890  -18.371  -34.602  72.339 0.0000000000
46385  -19.648  -32.909  74.161 0.0000000000
45157  -19.937  -33.010  74.161 0.0000000000
47581  -23.221  -32.017  72.182 0.0000000000
46408  -23.238  -32.178  71.956 0.0000000000
45216  -24.056  -33.039  71.217 0.0000000000
43895  -24.862  -33.142  71.170 0.0000000000
42680  -27.285  -35.564  70.445 0.0000000000
39418  -28.970  -38.005  69.029 0.0000000000
39434  -28.913  -38.364  68.132 0.0000000000
42699  -29.957  -35.982  69.171 0.0000000000
42718  -30.977  -36.376  67.501 0.0000000000
41562  -30.646  -36.536  68.696 0.0000000000
40517  -30.285  -37.249  69.277 0.0000000000
38373  -31.001  -38.440  68.869 0.0000000000
38386  -30.968  -38.991  68.285 0.0000000000
40544  -34.937  -37.181  68.101 0.0000000000
40554  -35.672  -37.047  67.532 0.0000000000
39452  -35.424  -37.561  67.472 0.0000000000
46476  -35.237  -32.699  67.662 0.0000000000
47673  -35.567  -32.085  67.575 0.0000000000
46462  -35.640  -32.890  67.998 0.0000000000
46447  -35.990  -32.846  68.264 0.0000000000
46448  -36.513  -32.706  68.576 0.0000000000
45245  -36.842  -33.097  68.229 0.0000000000
48809  -38.191  -30.678  68.217 0.0000000000
48807  -36.939  -31.493  68.867 0.0000000000
47643  -37.324  -31.803  68.847 0.0000000000
45259  -37.434  -33.188  68.046 0.0000000000
43968  -37.913  -33.802  67.413 0.0000000000
45274  -38.222  -33.597  67.270 0.0000000000
48841  -40.993  -30.245  66.952 0.0000000000
48855  -41.161  -30.388  66.231 0.0000000000
48856  -41.519  -30.035  65.743 0.0000000000
47691  -41.395  -30.379  65.204 0.0000000000
48913  -42.326  -29.573  62.403 0.0000000000
45169  -16.916  -33.475  74.168 0.0000000000
60018  -48.823  -21.623  60.771 0.0000000000
60019  -49.274  -21.667  60.634 0.0000000000
60028  -49.704  -21.418  60.261 0.0000000000
58939  -49.541  -21.797  60.611 0.0000000000
58927  -49.530  -22.183  60.723 0.0000000000
57898  -49.764  -22.739  60.529 0.0000000000
56977  -50.273  -23.918  59.608 0.0000000000
55973  -50.378  -24.550  59.172 0.0000000000
60050  -51.454  -21.480  58.304 0.0000000000
58970  -51.506  -22.100  58.780 0.0000000000
57951  -51.820  -22.835  58.399 0.0000000000
57936  -51.295  -22.841  59.080 0.0000000000
54928  -50.462  -25.270  58.722 0.0000000000
61218  -49.632  -19.360  51.956 0.0000000000
62332  -52.928  -18.979  53.004 0.0000000000
65559  -50.882  -16.190  48.243 0.0000000000
64568  -50.815  -16.739  48.348 0.0000000000
62397  -50.995  -18.875  49.974 0.0000000000
62399  -52.641  -18.030  50.871 0.0000000000
62373  -52.105  -18.517  51.524 0.0000000000
62350  -53.065  -18.708  52.372 0.0000000000
61221  -53.446  -19.567  52.794 0.0000000000
61222  -53.639  -19.855  52.569 0.0000000000
59087  -53.470  -21.134  51.484 0.0000000000
60162  -53.785  -20.485  51.140 0.0000000000
58067  -52.751  -21.909  51.612 0.0000000000
38388  -32.625  -38.793  68.226 0.0000000000
39407  -30.693  -37.625  69.222 0.0000000000
41530  -28.253  -36.576  69.686 0.0000000000
42664  -29.003  -36.193  69.415 0.0000000000
42697  -26.354  -35.532  69.930 0.0000000000
42722  -36.303  -35.085  67.457 0.0000000000
43888  -16.610  -34.055  72.159 0.0000000000
45258  -35.412  -33.523  67.870 0.0000000000
46375  -17.724  -32.441  75.098 0.0000000000
46449  -37.070  -32.462  68.789 0.0000000000
46477  -38.986  -32.590  67.399 0.0000000000
47582  -23.571  -31.904  71.813 0.0000000000
47672  -35.155  -32.536  67.374 0.0000000000
48824  -38.190  -30.317  68.139 0.0000000000
49979  -38.589  -30.276  68.115 0.0000000000
50031  -37.318  -30.229  66.273 0.0000000000
51305  -43.437  -27.733  64.058 0.0000000000
51306  -43.572  -27.479  63.900 0.0000000000
52501  -43.292  -26.846  65.955 0.0000000000
53675  -41.149  -27.214  67.837 0.0000000000
53784  -50.401  -25.762  58.420 0.0000000000
54892  -46.332  -25.366  61.611 0.0000000000
55945  -47.063  -24.898  61.323 0.0000000000
55946  -47.435  -24.695  61.252 0.0000000000
55949  -49.512  -23.924  60.114 0.0000000000
55961  -49.323  -24.920  59.735 0.0000000000
56926  -46.461  -23.791  62.420 0.0000000000
56928  -47.613  -23.258  61.751 0.0000000000
56929  -48.022  -23.012  61.405 0.0000000000
57044  -52.698  -22.387  53.657 0.0000000000
57851  -42.104  -23.851  65.091 0.0000000000
57916  -50.345  -22.778  60.156 0.0000000000
57968  -52.676  -22.661  56.324 0.0000000000
58000  -52.760  -22.044  54.275 0.0000000000
58873  -44.430  -23.222  63.552 0.0000000000
58926  -49.041  -21.945  60.935 0.0000000000
58954  -50.585  -21.776  59.913 0.0000000000
59014  -52.622  -21.858  55.273 0.0000000000
59015  -52.718  -21.929  54.617 0.0000000000
59053  -53.273  -21.443  53.408 0.0000000000
60093  -52.801  -21.133  54.551 0.0000000000
60148  -53.911  -20.087  51.290 0.0000000000
60163  -54.013  -20.001  50.989 0.0000000000
61190  -53.290  -20.691  53.776 0.0000000000
61245  -53.938  -19.676  51.556 0.0000000000
61262  -54.137  -19.653  51.043 0.0000000000
61278  -54.202  -19.482  50.814 0.0000000000
62333  -53.072  -19.306  53.093 0.0000000000
64554  -51.882  -17.043  49.209 0.0000000000
64586  -53.102  -17.112  48.141 0.0000000000
65576  -52.881  -14.464  47.421 0.0000000000
65634  -54.579  -15.922  44.741 0.0000000000
66623  -53.004  -14.152  47.646 0.0000000000
66643  -53.062  -14.792  46.415 0.0000000000
67660  -51.844  -14.015  48.059 0.0000000000
67666  -51.594  -13.840  47.705 0.0000000000
68711  -55.351  -13.117  46.025 0.0000000000
69888  -54.008  -12.199  45.982 0.0000000000
