#!ascii label  , from subject 3453 vox2ras=TkReg
825
97652  31.778  29.667  26.678 0.0000000000
101283  36.539  36.044  29.549 0.0000000000
96908  36.528  28.788  36.571 0.0000000000
96330  28.153  28.167  27.980 0.0000000000
94996  28.915  26.183  31.157 0.0000000000
99576  35.110  32.807  26.127 0.0000000000
101925  33.518  35.945  30.576 0.0000000000
103279  32.556  38.654  26.996 0.0000000000
96839  35.578  28.604  41.992 0.0000000000
94311  34.097  24.291  38.170 0.0000000000
98250  37.164  31.426  26.679 0.0000000000
96978  34.858  29.150  31.564 0.0000000000
98213  37.918  30.488  31.985 0.0000000000
98858  35.835  31.626  35.829 0.0000000000
105185  31.882  41.382  23.500 0.0000000000
103288  36.840  38.730  26.535 0.0000000000
95600  30.323  26.489  35.926 0.0000000000
97041  29.736  28.891  26.606 0.0000000000
95021  29.142  25.853  28.846 0.0000000000
96310  30.992  27.990  28.578 0.0000000000
99008  34.099  30.845  23.160 0.0000000000
97693  30.355  29.941  23.507 0.0000000000
101948  29.706  35.970  28.391 0.0000000000
96164  34.241  27.656  43.425 0.0000000000
94887  36.405  25.763  42.563 0.0000000000
93505  35.854  24.253  42.662 0.0000000000
104517  35.236  41.384  21.847 0.0000000000
100113  37.372  33.683  28.379 0.0000000000
98221  37.538  31.084  29.727 0.0000000000
99552  37.604  32.991  30.619 0.0000000000
100082  33.635  33.571  32.299 0.0000000000
98923  34.940  31.887  32.875 0.0000000000
98901  33.526  31.577  33.701 0.0000000000
98826  34.585  31.758  37.726 0.0000000000
102667  35.033  37.343  28.569 0.0000000000
103838  35.163  39.868  27.336 0.0000000000
101956  36.887  37.017  27.841 0.0000000000
100685  37.468  34.626  26.799 0.0000000000
96938  36.065  28.727  33.999 0.0000000000
96960  32.408  28.430  33.618 0.0000000000
96911  33.182  28.408  36.336 0.0000000000
94361  27.371  24.373  31.281 0.0000000000
93620  26.925  23.633  33.008 0.0000000000
102704  35.060  37.778  25.692 0.0000000000
101312  32.502  34.882  25.925 0.0000000000
101923  35.320  36.528  30.670 0.0000000000
101902  36.888  36.013  31.974 0.0000000000
103874  26.772  38.992  25.285 0.0000000000
103871  29.846  39.278  25.307 0.0000000000
101945  32.840  36.687  28.287 0.0000000000
96865  36.218  29.017  39.858 0.0000000000
96219  33.386  27.989  38.674 0.0000000000
95543  34.759  26.444  41.137 0.0000000000
94295  36.239  24.354  38.928 0.0000000000
98266  35.071  30.554  26.407 0.0000000000
97629  33.440  29.736  29.379 0.0000000000
98233  36.335  30.493  29.644 0.0000000000
96975  37.325  29.392  31.795 0.0000000000
96936  38.033  28.794  34.320 0.0000000000
100079  36.671  33.673  31.735 0.0000000000
98897  37.352  30.833  33.365 0.0000000000
98163  38.060  30.160  37.109 0.0000000000
98791  36.243  30.914  39.590 0.0000000000
98116  33.947  30.146  40.734 0.0000000000
104521  31.839  40.872  22.286 0.0000000000
105819  34.738  42.233  23.716 0.0000000000
104462  34.677  40.938  25.875 0.0000000000
104471  36.072  40.084  25.604 0.0000000000
101972  36.942  36.575  25.674 0.0000000000
99611  36.558  32.153  24.459 0.0000000000
96284  32.007  28.148  30.980 0.0000000000
96273  29.722  27.100  33.529 0.0000000000
92796  29.056  23.165  34.350 0.0000000000
94313  31.759  25.028  37.442 0.0000000000
97040  30.672  29.112  26.792 0.0000000000
97021  30.566  28.405  27.604 0.0000000000
97020  31.232  29.112  27.404 0.0000000000
97678  32.697  29.795  24.545 0.0000000000
97703  32.236  30.026  22.845 0.0000000000
97665  30.923  29.505  25.244 0.0000000000
97666  29.979  29.431  25.310 0.0000000000
95516  33.314  26.760  43.308 0.0000000000
94880  35.484  26.000  43.556 0.0000000000
94235  34.441  24.925  42.934 0.0000000000
91078  26.826  20.444  31.444 0.0000000000
100680  36.909  34.566  28.837 0.0000000000
100109  37.415  33.749  29.426 0.0000000000
100676  37.126  34.653  29.943 0.0000000000
99545  32.440  32.714  31.976 0.0000000000
99529  33.165  32.515  32.263 0.0000000000
101942  36.081  36.743  29.091 0.0000000000
102665  36.391  37.525  28.205 0.0000000000
101294  36.533  35.983  28.910 0.0000000000
100683  37.138  34.639  27.692 0.0000000000
96922  36.072  28.688  35.188 0.0000000000
96923  34.762  28.712  35.323 0.0000000000
96909  35.357  28.732  36.433 0.0000000000
96300  27.417  27.408  29.110 0.0000000000
95643  27.927  26.422  29.192 0.0000000000
95641  29.839  26.403  29.517 0.0000000000
94363  28.812  25.274  30.033 0.0000000000
95001  28.526  25.315  30.635 0.0000000000
94358  27.212  24.522  32.208 0.0000000000
94992  27.721  25.262  32.413 0.0000000000
101309  35.439  35.581  26.172 0.0000000000
101319  33.738  36.133  25.694 0.0000000000
100689  33.772  34.491  26.501 0.0000000000
97023  28.230  28.718  27.122 0.0000000000
97007  27.114  28.736  28.111 0.0000000000
101924  34.380  36.199  30.682 0.0000000000
101904  35.662  36.835  31.638 0.0000000000
101906  33.508  36.517  31.514 0.0000000000
101286  31.283  35.420  29.472 0.0000000000
101947  30.677  36.285  28.215 0.0000000000
101284  33.106  35.911  29.081 0.0000000000
101944  33.773  36.551  28.689 0.0000000000
96851  36.009  29.296  40.858 0.0000000000
96852  35.650  28.587  40.715 0.0000000000
96182  35.352  27.768  41.623 0.0000000000
94262  37.389  24.251  40.657 0.0000000000
94263  36.696  24.770  40.899 0.0000000000
94294  37.282  24.094  39.156 0.0000000000
98265  36.079  30.667  26.128 0.0000000000
98252  35.827  30.773  27.319 0.0000000000
98245  36.533  30.866  28.249 0.0000000000
98217  37.620  30.579  30.997 0.0000000000
98218  37.351  30.186  31.068 0.0000000000
97602  37.918  29.897  31.849 0.0000000000
96954  37.965  29.092  33.069 0.0000000000
98208  38.185  29.973  32.997 0.0000000000
101244  36.441  35.358  32.523 0.0000000000
100078  37.071  34.332  31.623 0.0000000000
100654  36.163  34.572  32.284 0.0000000000
98899  35.591  31.505  33.712 0.0000000000
98898  36.551  31.241  33.589 0.0000000000
98873  37.304  30.984  34.582 0.0000000000
98184  37.991  30.607  35.482 0.0000000000
98841  37.169  31.166  37.254 0.0000000000
98803  37.012  30.909  38.432 0.0000000000
98824  36.568  31.405  38.032 0.0000000000
98808  32.911  31.282  38.497 0.0000000000
98793  34.578  31.245  39.306 0.0000000000
105198  32.333  41.348  22.872 0.0000000000
105197  33.481  41.582  22.874 0.0000000000
105184  33.152  41.744  23.573 0.0000000000
103291  30.563  38.650  26.176 0.0000000000
104477  30.622  39.896  24.856 0.0000000000
103854  32.088  39.395  26.128 0.0000000000
103837  36.064  39.957  27.234 0.0000000000
104451  34.533  40.291  26.740 0.0000000000
104449  36.181  40.333  26.554 0.0000000000
104461  35.511  40.854  25.768 0.0000000000
103865  36.444  39.404  25.947 0.0000000000
102703  36.404  37.531  25.870 0.0000000000
103303  37.352  37.699  26.144 0.0000000000
99574  37.676  32.568  26.454 0.0000000000
100140  37.159  33.614  25.743 0.0000000000
98977  37.386  31.666  25.196 0.0000000000
98289  35.687  30.628  24.211 0.0000000000
96991  33.842  29.184  30.612 0.0000000000
96992  32.569  28.575  30.616 0.0000000000
96979  33.690  28.880  31.533 0.0000000000
96943  31.504  27.920  34.753 0.0000000000
96260  30.917  27.729  34.103 0.0000000000
95614  29.529  26.366  34.745 0.0000000000
94346  28.849  24.711  34.556 0.0000000000
94345  29.508  24.732  35.218 0.0000000000
94930  33.207  26.104  39.555 0.0000000000
95571  32.258  26.436  38.478 0.0000000000
94298  32.439  25.168  38.216 0.0000000000
96336  29.071  28.363  27.148 0.0000000000
95657  28.741  26.497  28.647 0.0000000000
96312  29.262  27.302  28.099 0.0000000000
95655  30.220  26.818  29.178 0.0000000000
95640  30.230  26.829  29.934 0.0000000000
98978  34.955  31.693  24.515 0.0000000000
97053  28.891  29.204  25.833 0.0000000000
96830  35.013  28.559  43.009 0.0000000000
96170  35.553  27.702  42.489 0.0000000000
95513  35.736  26.906  43.219 0.0000000000
94225  36.464  25.371  43.069 0.0000000000
99566  37.716  32.395  27.677 0.0000000000
98243  37.504  31.595  28.179 0.0000000000
99559  37.880  32.288  28.554 0.0000000000
99555  37.896  32.217  29.509 0.0000000000
99542  37.742  31.912  30.897 0.0000000000
100656  34.067  34.803  32.778 0.0000000000
99527  35.317  32.625  32.285 0.0000000000
99528  34.298  32.621  32.384 0.0000000000
98900  34.557  31.608  33.737 0.0000000000
98859  34.666  31.689  35.713 0.0000000000
98843  35.204  31.759  36.820 0.0000000000
98860  33.557  31.646  35.552 0.0000000000
98845  32.763  31.725  36.370 0.0000000000
98846  31.589  31.572  36.474 0.0000000000
105186  30.532  40.996  23.455 0.0000000000
103269  34.085  38.036  27.932 0.0000000000
103840  33.409  39.303  27.070 0.0000000000
103267  35.421  38.225  28.101 0.0000000000
103266  36.237  38.238  28.004 0.0000000000
102677  37.427  37.622  27.216 0.0000000000
101965  37.830  36.629  26.574 0.0000000000
101304  37.476  35.719  27.113 0.0000000000
100117  37.527  33.681  27.388 0.0000000000
96967  35.737  29.076  32.385 0.0000000000
96969  33.549  28.777  32.474 0.0000000000
96940  34.056  28.732  34.350 0.0000000000
96925  32.704  28.332  35.395 0.0000000000
96913  31.677  27.815  35.982 0.0000000000
93599  35.137  23.498  36.906 0.0000000000
93600  33.901  23.509  36.792 0.0000000000
93641  27.123  23.833  30.019 0.0000000000
95008  28.781  25.502  29.182 0.0000000000
94374  27.645  24.652  29.695 0.0000000000
93634  26.943  23.741  30.853 0.0000000000
93635  26.359  23.145  31.399 0.0000000000
92824  26.521  22.031  32.544 0.0000000000
91947  27.765  21.921  33.125 0.0000000000
102705  34.025  37.310  25.181 0.0000000000
101975  33.293  36.479  25.049 0.0000000000
101273  36.549  36.159  30.129 0.0000000000
101272  36.898  35.666  30.458 0.0000000000
101903  36.366  36.563  31.893 0.0000000000
102624  36.176  36.914  32.585 0.0000000000
101867  35.061  36.427  33.508 0.0000000000
101247  34.339  35.397  33.192 0.0000000000
100636  33.308  35.036  33.169 0.0000000000
103873  27.882  39.144  25.385 0.0000000000
103308  29.543  38.836  25.890 0.0000000000
103280  31.334  38.189  26.845 0.0000000000
102681  31.914  37.660  27.467 0.0000000000
102668  34.175  37.452  28.251 0.0000000000
102660  35.531  36.880  29.014 0.0000000000
96883  36.053  28.978  38.742 0.0000000000
96884  35.073  28.773  38.578 0.0000000000
96866  35.340  28.660  39.688 0.0000000000
95544  34.310  26.820  40.765 0.0000000000
94929  33.955  25.943  40.154 0.0000000000
94900  35.915  26.114  42.133 0.0000000000
94265  35.073  25.600  40.714 0.0000000000
94310  35.325  24.282  38.261 0.0000000000
97663  33.002  30.109  25.813 0.0000000000
97651  32.553  30.006  27.189 0.0000000000
98254  33.631  30.400  28.015 0.0000000000
98235  34.415  30.030  29.511 0.0000000000
97615  35.404  29.626  30.616 0.0000000000
98232  37.148  30.898  29.091 0.0000000000
97613  36.752  29.967  30.896 0.0000000000
96977  36.006  29.392  31.575 0.0000000000
96966  36.760  29.011  32.383 0.0000000000
96937  36.982  28.592  34.229 0.0000000000
96921  37.343  28.659  35.525 0.0000000000
100673  37.345  34.752  30.857 0.0000000000
100096  37.312  33.765  31.125 0.0000000000
99524  37.373  31.869  31.573 0.0000000000
99526  36.240  32.542  32.049 0.0000000000
98921  36.756  31.534  32.495 0.0000000000
98209  37.953  30.397  33.219 0.0000000000
98194  38.404  29.879  34.015 0.0000000000
97576  38.602  29.573  35.754 0.0000000000
96906  37.919  29.343  37.025 0.0000000000
97552  37.245  29.903  38.376 0.0000000000
98113  36.497  30.367  39.855 0.0000000000
97523  36.101  29.970  40.981 0.0000000000
98806  35.080  31.526  38.686 0.0000000000
98115  35.159  30.659  40.368 0.0000000000
98107  34.882  30.053  41.269 0.0000000000
97507  34.272  29.066  42.300 0.0000000000
104540  33.230  40.588  21.824 0.0000000000
105196  34.474  41.714  22.640 0.0000000000
105817  35.386  41.888  23.891 0.0000000000
103852  33.628  39.818  26.795 0.0000000000
105163  33.882  41.511  24.979 0.0000000000
105162  34.782  41.599  25.191 0.0000000000
105161  35.362  41.439  25.084 0.0000000000
103887  35.449  40.273  24.716 0.0000000000
103305  35.978  38.655  25.731 0.0000000000
101973  35.833  36.502  25.947 0.0000000000
101308  36.282  35.174  25.959 0.0000000000
101316  37.293  35.630  25.770 0.0000000000
100697  36.816  34.638  25.808 0.0000000000
99594  35.878  32.620  25.370 0.0000000000
98992  35.145  31.193  23.579 0.0000000000
98290  34.549  30.140  24.385 0.0000000000
97004  32.212  29.120  29.029 0.0000000000
96294  31.481  27.874  30.206 0.0000000000
96286  30.334  27.383  31.399 0.0000000000
96971  31.730  28.281  32.838 0.0000000000
96276  30.423  27.599  32.385 0.0000000000
95626  28.753  26.381  32.241 0.0000000000
94984  27.905  25.255  33.253 0.0000000000
93619  27.903  23.843  33.737 0.0000000000
96886  33.216  28.162  38.054 0.0000000000
96229  31.688  26.911  37.418 0.0000000000
94956  30.911  25.524  36.883 0.0000000000
93601  32.597  23.652  36.623 0.0000000000
94343  30.099  24.681  35.987 0.0000000000
93520  35.525  23.497  42.171 0.0000000000
92707  36.981  22.342  40.497 0.0000000000
97653  31.101  29.487  26.176 0.0000000000
97039  31.171  29.334  26.775 0.0000000000
97679  31.652  29.591  24.350 0.0000000000
97664  31.843  29.686  25.453 0.0000000000
94890  34.020  25.654  43.257 0.0000000000
101282  36.712  35.417  29.355 0.0000000000
101941  36.498  36.730  28.551 0.0000000000
96314  27.617  28.103  28.474 0.0000000000
95658  28.100  27.201  28.794 0.0000000000
95638  29.632  26.427  30.278 0.0000000000
95000  29.015  25.906  30.635 0.0000000000
94997  28.468  25.819  31.520 0.0000000000
100688  34.951  34.593  26.488 0.0000000000
100125  34.502  33.578  26.549 0.0000000000
97024  27.647  28.708  27.545 0.0000000000
101275  32.011  35.507  30.187 0.0000000000
101285  32.244  35.613  29.281 0.0000000000
101274  32.955  35.648  29.950 0.0000000000
101935  33.834  36.003  29.703 0.0000000000
96840  35.609  28.529  41.479 0.0000000000
96181  35.560  28.172  41.932 0.0000000000
94281  37.549  23.984  39.802 0.0000000000
98264  36.862  30.900  25.917 0.0000000000
98251  36.626  31.099  27.007 0.0000000000
98936  37.751  31.398  31.075 0.0000000000
97599  38.069  29.573  32.592 0.0000000000
101245  35.740  35.285  32.772 0.0000000000
98874  36.305  31.391  34.734 0.0000000000
98857  37.065  31.236  35.949 0.0000000000
98842  36.307  31.553  36.990 0.0000000000
105199  30.888  41.023  22.437 0.0000000000
103290  31.721  38.838  26.411 0.0000000000
103855  31.384  39.186  25.917 0.0000000000
103289  32.318  39.118  26.504 0.0000000000
103275  36.637  39.021  27.242 0.0000000000
103836  36.475  39.832  26.926 0.0000000000
103851  36.547  39.657  26.525 0.0000000000
103304  36.878  38.207  26.078 0.0000000000
103287  37.334  37.942  26.432 0.0000000000
98967  37.573  31.909  26.344 0.0000000000
99592  37.502  32.618  25.629 0.0000000000
98263  37.315  31.266  25.696 0.0000000000
98277  37.103  30.846  25.106 0.0000000000
96990  35.111  29.342  30.958 0.0000000000
96247  30.515  27.022  35.562 0.0000000000
96261  30.172  27.155  34.497 0.0000000000
95613  30.053  26.653  35.294 0.0000000000
94979  29.628  25.478  35.440 0.0000000000
94297  33.584  24.992  38.944 0.0000000000
94938  32.724  25.749  38.941 0.0000000000
94312  32.800  24.432  37.696 0.0000000000
96335  29.283  28.538  26.999 0.0000000000
96328  29.583  28.071  27.419 0.0000000000
97006  30.861  28.094  28.274 0.0000000000
96311  30.383  27.511  28.342 0.0000000000
96299  30.745  27.308  29.520 0.0000000000
98993  34.119  31.320  23.786 0.0000000000
98979  33.859  31.612  24.696 0.0000000000
99009  33.351  31.124  23.228 0.0000000000
97692  31.412  29.741  23.337 0.0000000000
98313  31.367  30.683  22.856 0.0000000000
97052  29.426  29.297  25.710 0.0000000000
97042  28.718  28.789  26.725 0.0000000000
96823  34.809  28.166  43.361 0.0000000000
96822  35.223  28.135  43.269 0.0000000000
96163  35.135  27.631  43.456 0.0000000000
94234  35.492  24.993  43.238 0.0000000000
94226  36.102  25.434  43.378 0.0000000000
93504  36.727  24.320  42.345 0.0000000000
93503  37.132  24.334  41.943 0.0000000000
93518  37.269  23.819  41.803 0.0000000000
104539  34.235  40.775  21.655 0.0000000000
103924  34.413  40.273  21.094 0.0000000000
100112  37.693  32.941  28.018 0.0000000000
100103  37.726  32.972  29.901 0.0000000000
99551  37.763  32.152  30.465 0.0000000000
100081  34.732  33.644  32.310 0.0000000000
98924  33.917  31.851  32.869 0.0000000000
98876  34.107  31.565  34.661 0.0000000000
98861  32.679  31.593  35.305 0.0000000000
98862  31.861  31.587  35.479 0.0000000000
98828  32.297  31.539  37.445 0.0000000000
103268  34.583  38.138  28.022 0.0000000000
102678  36.879  37.697  27.661 0.0000000000
101955  37.339  36.868  27.404 0.0000000000
100116  37.736  32.936  27.188 0.0000000000
96957  35.435  28.864  33.229 0.0000000000
96958  34.367  28.840  33.331 0.0000000000
96939  35.149  28.812  34.224 0.0000000000
96924  33.660  28.572  35.369 0.0000000000
96926  31.939  28.062  35.410 0.0000000000
96912  32.238  28.078  36.267 0.0000000000
93655  26.432  23.940  29.722 0.0000000000
93654  27.032  24.231  29.743 0.0000000000
95022  28.810  25.860  28.848 0.0000000000
94364  28.228  24.848  30.203 0.0000000000
94365  27.595  24.331  30.455 0.0000000000
93628  26.362  23.211  32.333 0.0000000000
92814  26.831  22.504  32.939 0.0000000000
91960  27.080  21.563  32.571 0.0000000000
103306  35.072  38.996  25.231 0.0000000000
101311  33.058  35.094  26.014 0.0000000000
101320  33.172  35.757  25.554 0.0000000000
101321  32.150  35.289  25.282 0.0000000000
101922  36.280  36.435  30.694 0.0000000000
102637  35.883  37.118  32.263 0.0000000000
101886  36.082  36.855  33.069 0.0000000000
101868  33.954  36.425  33.962 0.0000000000
101218  33.782  35.486  33.504 0.0000000000
103892  27.429  39.597  24.535 0.0000000000
103309  28.477  38.720  26.091 0.0000000000
103292  29.300  38.169  26.660 0.0000000000
101946  31.749  36.748  28.023 0.0000000000
102670  32.578  37.243  27.860 0.0000000000
102669  33.370  37.263  28.056 0.0000000000
101934  34.853  36.509  29.398 0.0000000000
101933  35.789  36.701  29.552 0.0000000000
96882  36.831  29.492  38.807 0.0000000000
96183  34.943  27.333  41.477 0.0000000000
96193  34.916  28.182  40.485 0.0000000000
94914  34.540  26.186  40.785 0.0000000000
95521  36.304  26.241  42.685 0.0000000000
95522  35.853  26.725  42.481 0.0000000000
94899  36.027  25.886  42.060 0.0000000000
94282  36.976  24.436  39.923 0.0000000000
94283  35.913  24.746  40.029 0.0000000000
94296  34.970  24.640  39.069 0.0000000000
94309  35.978  24.229  38.297 0.0000000000
93584  35.989  23.976  37.757 0.0000000000
98280  34.143  30.264  25.486 0.0000000000
98268  33.287  30.297  26.946 0.0000000000
98267  34.076  30.500  26.783 0.0000000000
98246  35.596  30.638  28.545 0.0000000000
98247  34.586  30.472  28.770 0.0000000000
98234  35.289  30.273  29.501 0.0000000000
97625  34.944  29.779  30.042 0.0000000000
97624  35.752  30.038  30.246 0.0000000000
98231  37.560  31.399  28.681 0.0000000000
97612  37.162  29.959  31.089 0.0000000000
98222  37.083  30.477  30.407 0.0000000000
97604  37.092  29.594  31.423 0.0000000000
97605  36.612  29.578  31.342 0.0000000000
96976  36.938  29.287  31.792 0.0000000000
96955  37.411  28.780  33.209 0.0000000000
101263  37.158  35.510  31.422 0.0000000000
100671  37.243  34.810  31.549 0.0000000000
100097  37.087  33.780  31.451 0.0000000000
99544  37.133  33.170  31.379 0.0000000000
99543  37.526  32.216  31.205 0.0000000000
99525  37.031  32.295  31.693 0.0000000000
100080  35.753  33.624  32.112 0.0000000000
98922  35.898  31.765  32.738 0.0000000000
98195  38.022  30.425  34.310 0.0000000000
98173  38.373  30.097  36.155 0.0000000000
97569  38.291  29.613  36.613 0.0000000000
96894  37.655  29.486  37.358 0.0000000000
96895  37.397  29.466  37.746 0.0000000000
97551  37.518  29.893  37.873 0.0000000000
98804  36.695  30.947  38.775 0.0000000000
98147  36.864  30.646  38.820 0.0000000000
98128  36.398  30.632  39.801 0.0000000000
97522  36.413  29.941  40.312 0.0000000000
98784  36.139  30.826  40.024 0.0000000000
98825  35.662  31.647  37.886 0.0000000000
98130  34.196  30.807  39.855 0.0000000000
98129  34.880  30.984  39.787 0.0000000000
97513  34.615  29.484  41.838 0.0000000000
104542  31.117  40.618  21.602 0.0000000000
104543  30.369  40.715  21.178 0.0000000000
104541  32.173  40.442  21.721 0.0000000000
105183  34.186  42.024  23.366 0.0000000000
105182  34.993  42.011  23.112 0.0000000000
105818  35.229  42.117  23.688 0.0000000000
103839  34.184  39.657  27.268 0.0000000000
104463  33.633  40.326  26.183 0.0000000000
104474  33.745  41.036  25.464 0.0000000000
104473  34.312  41.330  25.386 0.0000000000
104472  35.584  40.661  25.144 0.0000000000
103866  35.717  39.760  25.382 0.0000000000
101317  36.618  35.727  25.785 0.0000000000
101318  36.098  35.760  25.939 0.0000000000
101307  37.616  35.646  26.313 0.0000000000
101971  37.621  36.553  25.926 0.0000000000
100696  37.264  34.620  26.166 0.0000000000
99593  36.900  32.885  25.076 0.0000000000
100141  36.630  33.508  25.639 0.0000000000
99612  35.786  31.883  24.212 0.0000000000
98279  35.375  30.334  25.237 0.0000000000
98291  34.184  30.046  24.824 0.0000000000
97637  32.687  29.875  28.193 0.0000000000
97631  32.181  29.308  28.570 0.0000000000
97630  32.730  29.513  29.100 0.0000000000
96993  31.952  28.264  30.257 0.0000000000
96293  31.977  28.227  30.505 0.0000000000
96295  30.703  27.326  30.479 0.0000000000
96285  31.280  27.762  31.158 0.0000000000
96959  33.331  28.686  33.459 0.0000000000
96970  32.585  28.546  32.629 0.0000000000
96272  30.334  27.511  33.354 0.0000000000
96271  30.993  27.934  33.089 0.0000000000
96277  29.796  27.283  32.563 0.0000000000
95625  29.221  26.824  32.806 0.0000000000
94991  28.214  25.871  32.770 0.0000000000
95620  28.710  26.336  33.291 0.0000000000
94351  28.148  24.669  33.863 0.0000000000
92797  28.406  23.421  34.055 0.0000000000
92813  28.085  22.779  33.681 0.0000000000
91946  28.768  21.747  33.343 0.0000000000
96885  34.005  28.463  38.487 0.0000000000
94939  32.062  25.753  38.222 0.0000000000
96221  32.068  26.765  38.029 0.0000000000
95572  31.800  26.292  37.857 0.0000000000
95588  31.204  26.677  36.916 0.0000000000
94947  31.286  25.575  37.234 0.0000000000
92771  33.246  23.060  36.177 0.0000000000
93587  32.834  24.025  37.182 0.0000000000
92772  32.636  23.172  36.110 0.0000000000
97022  30.021  28.264  27.270 0.0000000000
98300  33.741  30.317  23.295 0.0000000000
98311  32.825  30.435  22.782 0.0000000000
97691  32.407  29.764  23.545 0.0000000000
97680  30.648  29.571  24.278 0.0000000000
97654  30.435  29.375  26.049 0.0000000000
96165  33.693  27.224  43.396 0.0000000000
95514  34.943  26.907  43.669 0.0000000000
94881  34.555  26.207  43.571 0.0000000000
94889  34.822  25.542  43.421 0.0000000000
100108  37.803  32.962  28.967 0.0000000000
100104  37.442  33.822  30.343 0.0000000000
100083  32.498  33.411  32.109 0.0000000000
102659  35.819  36.894  29.064 0.0000000000
102666  35.887  37.266  28.667 0.0000000000
101940  36.863  36.631  27.936 0.0000000000
101293  36.819  35.808  28.150 0.0000000000
96910  34.211  28.628  36.383 0.0000000000
95007  29.311  25.776  29.571 0.0000000000
94372  28.858  25.360  29.576 0.0000000000
94360  28.011  24.906  30.925 0.0000000000
94998  27.682  25.026  31.621 0.0000000000
101966  35.156  36.234  26.153 0.0000000000
101974  34.464  36.577  25.861 0.0000000000
101967  34.799  36.030  26.186 0.0000000000
101310  34.153  35.578  26.165 0.0000000000
100690  32.707  34.354  26.314 0.0000000000
97043  27.769  29.017  26.640 0.0000000000
97044  26.833  29.133  26.715 0.0000000000
97008  26.503  28.631  28.553 0.0000000000
96315  27.025  28.016  28.922 0.0000000000
101905  34.678  36.943  31.861 0.0000000000
101298  30.512  35.614  28.847 0.0000000000
101297  31.498  35.860  28.651 0.0000000000
101296  32.432  36.121  28.604 0.0000000000
101295  33.055  36.297  28.652 0.0000000000
96864  36.441  29.599  39.969 0.0000000000
95533  35.135  26.808  41.690 0.0000000000
94242  37.051  24.544  41.627 0.0000000000
94243  36.462  25.269  41.850 0.0000000000
98940  37.743  31.489  30.124 0.0000000000
97603  37.524  29.739  31.612 0.0000000000
96965  37.549  29.180  32.307 0.0000000000
96964  37.883  29.286  32.539 0.0000000000
97595  38.268  29.393  33.639 0.0000000000
101884  36.798  35.884  32.231 0.0000000000
101243  37.008  35.445  32.114 0.0000000000
100653  36.845  34.728  32.082 0.0000000000
98174  37.819  30.685  36.626 0.0000000000
98164  37.549  30.644  37.568 0.0000000000
98805  36.012  31.398  38.830 0.0000000000
98827  33.421  31.754  37.579 0.0000000000
98807  34.049  31.526  38.535 0.0000000000
98794  33.708  31.118  39.189 0.0000000000
104520  32.817  41.015  22.379 0.0000000000
105173  34.202  42.018  24.285 0.0000000000
103307  30.173  39.003  25.671 0.0000000000
103889  30.203  39.687  24.874 0.0000000000
103870  30.733  39.432  25.401 0.0000000000
103869  31.744  39.777  25.586 0.0000000000
104450  35.410  40.478  26.643 0.0000000000
105152  35.116  41.261  25.577 0.0000000000
104460  36.202  40.266  25.924 0.0000000000
102702  37.281  37.364  25.857 0.0000000000
100122  37.594  33.432  26.458 0.0000000000
99610  37.207  32.204  24.801 0.0000000000
98991  36.270  31.362  23.914 0.0000000000
98288  36.729  30.872  24.406 0.0000000000
98278  36.400  30.525  25.095 0.0000000000
97626  33.970  29.552  29.910 0.0000000000
96997  32.621  29.017  29.704 0.0000000000
96996  33.384  29.272  30.002 0.0000000000
96980  32.702  28.552  31.657 0.0000000000
96961  31.627  28.094  33.819 0.0000000000
96262  29.648  26.861  34.155 0.0000000000
95615  28.911  26.165  34.142 0.0000000000
94980  29.112  25.513  34.690 0.0000000000
93612  29.618  23.847  34.974 0.0000000000
96207  33.127  27.149  39.295 0.0000000000
95559  32.827  26.597  39.120 0.0000000000
94299  32.063  25.327  37.980 0.0000000000
96329  28.658  28.184  27.522 0.0000000000
96313  28.472  27.569  28.274 0.0000000000
95656  29.640  26.454  28.772 0.0000000000
96327  30.165  27.961  27.598 0.0000000000
99595  34.576  32.141  25.489 0.0000000000
99577  33.989  32.688  26.262 0.0000000000
98980  32.798  31.623  24.824 0.0000000000
99022  32.720  30.910  22.814 0.0000000000
97667  29.161  29.506  25.087 0.0000000000
97505  35.276  28.780  42.422 0.0000000000
96821  35.401  28.086  43.121 0.0000000000
95512  36.411  26.283  42.954 0.0000000000
94879  36.250  25.958  43.338 0.0000000000
94232  36.617  24.967  42.441 0.0000000000
94231  37.024  24.556  41.951 0.0000000000
93517  37.524  23.931  41.217 0.0000000000
98958  37.627  32.090  27.201 0.0000000000
98959  37.448  31.742  27.370 0.0000000000
98951  37.661  31.837  28.098 0.0000000000
98943  37.877  31.648  29.092 0.0000000000
100655  35.251  34.578  32.507 0.0000000000
98875  35.197  31.565  34.728 0.0000000000
98844  34.032  31.835  36.644 0.0000000000
98809  31.995  31.087  38.129 0.0000000000
105175  31.612  41.196  24.119 0.0000000000
103278  33.794  38.615  27.617 0.0000000000
103277  34.837  39.008  27.745 0.0000000000
103276  35.780  39.140  27.695 0.0000000000
103274  37.307  38.190  26.984 0.0000000000
102691  37.680  37.500  26.778 0.0000000000
100121  37.717  32.833  26.744 0.0000000000
99573  37.700  32.489  26.987 0.0000000000
96968  34.624  28.963  32.394 0.0000000000
96941  33.051  28.533  34.454 0.0000000000
96927  31.429  27.756  35.517 0.0000000000
96238  30.654  26.795  36.130 0.0000000000
93585  34.649  23.956  37.503 0.0000000000
93586  33.460  23.953  37.330 0.0000000000
95642  28.513  25.917  29.027 0.0000000000
95009  28.115  25.521  29.391 0.0000000000
94373  28.441  25.126  29.645 0.0000000000
93642  26.244  23.225  30.320 0.0000000000
92833  25.831  22.422  30.943 0.0000000000
93627  26.751  23.837  31.828 0.0000000000
92825  26.145  22.463  32.152 0.0000000000
91067  26.583  21.072  31.993 0.0000000000
100126  33.358  33.523  26.543 0.0000000000
101921  36.817  36.096  31.319 0.0000000000
101885  36.473  36.178  32.610 0.0000000000
101215  36.081  35.865  32.972 0.0000000000
101246  34.912  35.337  32.983 0.0000000000
100657  32.988  34.372  32.628 0.0000000000
103872  28.945  39.223  25.371 0.0000000000
102682  30.927  37.562  27.291 0.0000000000
102680  33.006  37.874  27.595 0.0000000000
102679  33.708  37.859  27.869 0.0000000000
101943  34.512  36.916  28.671 0.0000000000
101932  36.249  36.406  29.619 0.0000000000
96896  36.739  29.123  37.731 0.0000000000
96897  35.768  28.885  37.605 0.0000000000
96867  34.575  28.463  39.294 0.0000000000
96205  34.683  28.298  39.822 0.0000000000
96206  33.875  27.786  39.685 0.0000000000
95558  33.466  26.737  39.832 0.0000000000
94937  33.438  25.613  39.466 0.0000000000
94285  33.903  25.435  39.652 0.0000000000
96171  35.535  27.362  42.303 0.0000000000
95523  35.443  27.193  42.144 0.0000000000
94901  35.519  26.248  41.777 0.0000000000
94244  36.041  25.666  41.827 0.0000000000
94264  35.734  25.354  41.065 0.0000000000
94284  34.705  25.258  40.052 0.0000000000
98255  33.003  30.179  27.605 0.0000000000
97636  33.199  29.995  28.808 0.0000000000
98253  34.801  30.653  27.648 0.0000000000
98248  33.817  30.167  29.072 0.0000000000
97616  34.666  29.477  30.441 0.0000000000
98244  37.230  31.368  27.908 0.0000000000
98223  36.654  30.294  30.392 0.0000000000
97614  36.099  29.766  30.920 0.0000000000
96989  35.683  29.527  31.029 0.0000000000
96956  36.467  28.803  33.213 0.0000000000
98919  37.768  31.104  31.610 0.0000000000
98920  37.537  31.208  32.071 0.0000000000
98214  37.918  30.450  32.569 0.0000000000
97584  38.626  29.348  34.791 0.0000000000
98183  38.557  30.000  35.106 0.0000000000
96920  38.275  29.031  35.895 0.0000000000
96907  37.492  28.980  36.802 0.0000000000
96881  37.135  29.609  38.292 0.0000000000
98146  37.168  30.602  38.364 0.0000000000
97537  36.790  29.998  39.357 0.0000000000
96850  36.338  29.636  40.418 0.0000000000
98792  35.446  31.165  39.570 0.0000000000
98785  35.879  30.896  40.036 0.0000000000
98106  35.609  30.207  40.997 0.0000000000
97512  35.441  29.474  41.682 0.0000000000
97506  34.854  29.057  42.466 0.0000000000
96831  34.272  28.534  42.948 0.0000000000
96172  33.765  28.061  43.095 0.0000000000
104519  33.856  41.223  22.253 0.0000000000
104518  34.784  41.387  21.963 0.0000000000
105195  35.338  41.551  22.232 0.0000000000
105181  35.540  41.405  23.172 0.0000000000
104481  35.495  40.734  24.004 0.0000000000
103853  32.877  39.588  26.458 0.0000000000
105174  32.817  41.468  24.449 0.0000000000
105151  35.253  41.336  25.378 0.0000000000
105811  35.248  42.127  24.134 0.0000000000
105171  35.398  41.581  24.272 0.0000000000
103867  35.212  39.754  24.827 0.0000000000
100687  35.901  34.608  26.143 0.0000000000
102701  37.688  37.337  26.196 0.0000000000
100686  36.402  34.632  25.935 0.0000000000
100123  36.358  34.055  25.958 0.0000000000
99575  35.617  32.962  25.934 0.0000000000
98298  34.865  30.612  23.751 0.0000000000
98299  34.184  30.369  23.537 0.0000000000
97689  34.078  29.954  24.029 0.0000000000
97677  33.783  29.974  24.677 0.0000000000
97638  31.952  29.438  27.797 0.0000000000
97005  31.541  28.647  28.596 0.0000000000
96998  31.882  28.354  29.747 0.0000000000
96298  31.206  27.878  29.136 0.0000000000
95633  29.867  27.114  31.165 0.0000000000
96981  31.873  28.258  31.863 0.0000000000
96275  31.098  27.904  32.097 0.0000000000
96287  29.942  27.355  31.919 0.0000000000
95634  29.354  26.734  31.469 0.0000000000
94352  27.520  24.591  33.137 0.0000000000
94983  28.424  25.570  33.876 0.0000000000
96898  34.671  28.726  37.482 0.0000000000
96899  33.642  28.483  37.343 0.0000000000
96900  32.743  28.119  37.260 0.0000000000
96220  32.631  27.401  38.352 0.0000000000
96228  31.968  27.643  37.034 0.0000000000
95590  30.232  25.990  36.212 0.0000000000
94328  32.549  24.102  37.108 0.0000000000
94329  31.997  24.303  36.994 0.0000000000
93605  32.337  23.244  36.064 0.0000000000
93602  31.417  23.941  36.439 0.0000000000
94314  31.238  25.215  37.033 0.0000000000
94330  30.943  24.747  36.647 0.0000000000
94331  30.258  24.931  36.253 0.0000000000
94970  29.965  25.424  36.004 0.0000000000
93608  29.921  24.235  35.512 0.0000000000
93506  34.995  24.295  42.583 0.0000000000
92698  36.271  22.853  41.529 0.0000000000
92697  37.153  23.215  41.359 0.0000000000
92780  32.431  22.846  35.547 0.0000000000
92815  26.369  22.812  32.605 0.0000000000
93519  36.605  23.580  42.130 0.0000000000
93566  36.289  24.176  38.327 0.0000000000
93613  28.620  23.931  34.325 0.0000000000
93621  26.479  23.063  32.824 0.0000000000
94224  36.626  25.148  43.018 0.0000000000
94233  36.349  24.864  42.987 0.0000000000
94878  36.507  25.597  42.948 0.0000000000
94882  33.805  26.275  43.408 0.0000000000
94888  36.201  26.141  42.472 0.0000000000
94912  35.681  25.846  41.643 0.0000000000
94913  35.101  25.987  41.227 0.0000000000
94928  34.662  25.776  40.590 0.0000000000
94946  31.653  25.686  37.669 0.0000000000
94957  30.497  25.509  36.511 0.0000000000
95515  34.106  26.848  43.552 0.0000000000
95532  35.664  26.491  42.057 0.0000000000
95534  34.707  27.129  41.294 0.0000000000
95579  31.294  26.194  37.276 0.0000000000
95580  30.990  26.045  37.035 0.0000000000
95589  30.745  26.287  36.628 0.0000000000
95601  29.904  26.098  35.653 0.0000000000
95619  29.247  26.672  33.797 0.0000000000
95635  28.838  26.341  31.716 0.0000000000
95637  29.990  27.025  30.739 0.0000000000
96162  35.493  27.818  43.132 0.0000000000
96194  34.656  27.532  40.949 0.0000000000
96236  31.746  27.719  36.397 0.0000000000
96237  31.189  27.275  36.305 0.0000000000
96246  30.916  27.547  35.135 0.0000000000
96829  35.392  28.244  42.816 0.0000000000
96942  32.200  28.240  34.569 0.0000000000
97536  36.921  30.199  39.001 0.0000000000
97553  36.968  29.805  38.865 0.0000000000
97562  37.693  29.720  37.495 0.0000000000
97563  37.451  29.689  37.847 0.0000000000
97600  37.845  29.470  32.194 0.0000000000
97623  36.337  30.152  30.472 0.0000000000
97627  33.193  29.411  29.663 0.0000000000
97662  33.644  30.103  25.307 0.0000000000
97676  34.164  29.965  24.330 0.0000000000
97690  33.455  29.949  23.621 0.0000000000
97702  32.923  29.994  23.011 0.0000000000
97704  31.640  30.219  22.813 0.0000000000
97705  31.074  30.185  23.020 0.0000000000
98114  36.135  30.564  40.304 0.0000000000
98126  36.974  30.396  38.790 0.0000000000
98127  36.650  30.571  39.279 0.0000000000
98145  37.568  30.143  37.789 0.0000000000
98236  33.896  29.854  29.500 0.0000000000
98276  37.333  31.182  25.138 0.0000000000
98281  33.615  30.320  26.248 0.0000000000
98287  37.246  31.148  24.739 0.0000000000
98309  33.811  30.540  23.210 0.0000000000
98310  33.443  30.358  23.035 0.0000000000
98312  32.132  30.569  22.603 0.0000000000
98790  36.519  30.838  39.242 0.0000000000
98823  37.111  31.014  38.126 0.0000000000
98937  37.653  31.444  31.453 0.0000000000
98952  37.476  31.670  27.920 0.0000000000
98966  37.645  32.249  26.735 0.0000000000
98990  37.054  31.555  24.377 0.0000000000
99007  34.614  30.742  23.424 0.0000000000
99020  33.648  30.639  23.088 0.0000000000
99021  33.376  30.721  22.941 0.0000000000
99023  31.969  31.068  22.819 0.0000000000
100098  32.197  32.979  31.834 0.0000000000
100124  35.651  33.550  26.163 0.0000000000
100142  36.191  33.424  25.773 0.0000000000
100635  33.713  35.146  33.149 0.0000000000
100652  37.173  34.851  31.914 0.0000000000
101217  34.602  35.821  33.474 0.0000000000
101865  36.193  36.151  32.984 0.0000000000
101866  35.877  36.346  33.174 0.0000000000
104452  33.993  40.087  26.814 0.0000000000
105172  35.088  42.023  24.591 0.0000000000
105810  35.390  41.932  24.121 0.0000000000
105812  34.944  42.277  24.112 0.0000000000
