#!ascii label  , from subject 3453 vox2ras=TkReg
1120
53658  29.559  -17.040  51.341 0.0000000000
72815  34.076  1.684  36.432 0.0000000000
61180  28.498  -9.615  43.956 0.0000000000
43009  9.215  -26.551  62.459 0.0000000000
55828  21.938  -14.242  55.954 0.0000000000
65529  29.488  -5.488  43.424 0.0000000000
45052  15.733  -23.430  57.430 0.0000000000
43029  13.719  -26.836  60.712 0.0000000000
48100  19.680  -21.812  55.481 0.0000000000
73839  39.304  1.448  36.782 0.0000000000
59034  29.404  -11.560  51.834 0.0000000000
60128  26.854  -11.028  48.967 0.0000000000
56926  33.675  -13.473  52.175 0.0000000000
77068  35.837  6.233  35.590 0.0000000000
75996  39.935  4.531  33.374 0.0000000000
72784  30.794  1.861  39.999 0.0000000000
69673  35.636  -1.938  40.318 0.0000000000
68594  30.997  -2.590  41.305 0.0000000000
63357  33.992  -7.632  43.105 0.0000000000
51318  27.389  -18.562  56.139 0.0000000000
38713  9.169  -31.374  65.517 0.0000000000
37593  5.874  -31.729  68.307 0.0000000000
37536  4.767  -31.347  72.830 0.0000000000
54863  25.900  -16.239  52.821 0.0000000000
51323  22.909  -18.921  56.046 0.0000000000
63307  22.988  -7.681  48.039 0.0000000000
63286  29.759  -8.235  49.688 0.0000000000
79284  41.515  7.888  30.928 0.0000000000
72812  37.015  1.385  36.185 0.0000000000
71766  36.908  -0.059  37.783 0.0000000000
55897  30.552  -14.775  51.158 0.0000000000
55917  30.442  -13.730  49.439 0.0000000000
54857  31.908  -15.402  51.970 0.0000000000
74901  33.325  4.288  37.914 0.0000000000
75946  36.052  6.161  38.380 0.0000000000
74909  34.416  4.139  35.929 0.0000000000
74922  36.705  3.539  34.537 0.0000000000
32686  5.569  -36.890  71.750 0.0000000000
69678  30.502  -0.872  40.697 0.0000000000
69636  29.411  -1.506  42.367 0.0000000000
63375  28.738  -7.470  42.741 0.0000000000
63373  30.557  -7.281  42.235 0.0000000000
61200  31.283  -9.490  43.641 0.0000000000
61137  32.407  -9.563  46.418 0.0000000000
43031  11.461  -26.697  60.688 0.0000000000
41916  14.152  -27.574  63.190 0.0000000000
40860  11.094  -28.711  62.510 0.0000000000
39750  11.294  -29.948  65.386 0.0000000000
39768  8.859  -29.289  63.519 0.0000000000
39737  6.294  -29.536  67.571 0.0000000000
36520  5.264  -32.237  70.657 0.0000000000
54820  24.172  -14.920  54.332 0.0000000000
52486  23.801  -17.291  53.287 0.0000000000
52468  21.184  -16.980  54.174 0.0000000000
45026  19.968  -25.125  57.887 0.0000000000
47029  22.475  -23.469  58.021 0.0000000000
61076  31.152  -9.982  51.050 0.0000000000
63247  28.458  -8.633  50.670 0.0000000000
68563  30.124  -2.447  43.636 0.0000000000
64396  29.176  -6.098  44.762 0.0000000000
64398  26.967  -7.022  44.174 0.0000000000
44067  17.343  -25.312  58.366 0.0000000000
44005  16.617  -26.415  60.645 0.0000000000
44053  14.390  -25.185  58.963 0.0000000000
44987  11.897  -24.138  59.703 0.0000000000
44975  10.287  -24.262  61.806 0.0000000000
52452  18.990  -17.713  54.618 0.0000000000
50223  18.374  -19.209  56.440 0.0000000000
46073  17.848  -23.006  55.690 0.0000000000
61067  26.813  -10.340  53.303 0.0000000000
60107  25.050  -10.401  51.933 0.0000000000
59058  27.968  -12.188  49.400 0.0000000000
59055  31.540  -11.913  49.699 0.0000000000
78150  38.990  7.091  32.980 0.0000000000
77081  37.077  6.118  33.859 0.0000000000
73885  39.130  2.463  34.756 0.0000000000
72806  32.113  1.693  37.863 0.0000000000
70759  34.188  -0.587  38.011 0.0000000000
70745  32.713  -0.703  39.030 0.0000000000
69653  32.843  -1.918  41.007 0.0000000000
67571  34.373  -4.097  41.959 0.0000000000
66561  29.775  -3.874  41.691 0.0000000000
65538  32.020  -5.557  42.079 0.0000000000
52463  28.518  -18.177  53.735 0.0000000000
53607  31.155  -16.881  54.347 0.0000000000
73816  32.543  4.056  40.040 0.0000000000
42976  8.237  -26.740  64.856 0.0000000000
39752  7.098  -29.660  65.673 0.0000000000
36582  8.021  -32.314  66.738 0.0000000000
36548  8.644  -33.752  69.021 0.0000000000
34528  6.802  -34.677  69.432 0.0000000000
35499  5.204  -33.985  71.231 0.0000000000
34495  4.057  -34.512  72.638 0.0000000000
34486  3.337  -33.837  72.726 0.0000000000
53660  27.966  -16.776  51.605 0.0000000000
51377  26.268  -18.058  53.473 0.0000000000
51321  24.532  -18.428  55.974 0.0000000000
50221  21.521  -19.884  55.669 0.0000000000
62263  25.290  -8.378  45.355 0.0000000000
60139  23.874  -10.450  48.996 0.0000000000
62184  25.888  -8.924  48.031 0.0000000000
62212  29.193  -8.656  47.300 0.0000000000
54793  33.609  -15.742  55.473 0.0000000000
78162  43.202  6.740  30.565 0.0000000000
77097  40.540  6.373  32.277 0.0000000000
76003  43.148  4.656  32.344 0.0000000000
72814  35.016  1.506  36.185 0.0000000000
72801  36.831  0.740  36.899 0.0000000000
71776  36.243  0.236  37.237 0.0000000000
55896  31.362  -14.879  50.901 0.0000000000
53656  30.826  -16.343  51.561 0.0000000000
73855  33.425  2.454  36.625 0.0000000000
74910  33.506  3.709  36.662 0.0000000000
73854  34.372  2.641  35.922 0.0000000000
73870  35.566  2.699  35.434 0.0000000000
32687  4.898  -36.588  72.127 0.0000000000
71724  29.762  0.439  42.358 0.0000000000
70689  30.081  -0.734  43.286 0.0000000000
61203  28.224  -9.156  43.317 0.0000000000
62292  29.779  -8.830  42.773 0.0000000000
61201  30.210  -9.480  43.355 0.0000000000
61176  32.323  -9.660  44.746 0.0000000000
61157  30.608  -9.643  45.054 0.0000000000
43032  10.160  -26.611  61.398 0.0000000000
41931  11.868  -28.233  62.148 0.0000000000
40861  10.175  -28.520  62.413 0.0000000000
39766  10.715  -29.664  63.628 0.0000000000
40852  9.380  -28.697  62.891 0.0000000000
55854  22.695  -14.357  54.967 0.0000000000
54845  22.467  -15.233  53.414 0.0000000000
54803  21.044  -15.050  54.565 0.0000000000
44048  19.374  -26.013  59.298 0.0000000000
64295  24.489  -7.304  52.613 0.0000000000
62104  32.256  -8.970  52.687 0.0000000000
64381  27.344  -6.215  45.000 0.0000000000
64366  26.566  -5.706  45.803 0.0000000000
45030  16.378  -24.511  57.605 0.0000000000
44051  16.472  -25.700  58.948 0.0000000000
45031  15.476  -24.087  57.751 0.0000000000
45010  12.421  -23.800  59.071 0.0000000000
45983  11.924  -23.083  60.207 0.0000000000
44974  10.697  -24.265  60.987 0.0000000000
52420  18.712  -17.192  56.911 0.0000000000
48103  16.476  -21.858  56.811 0.0000000000
48102  16.995  -21.526  56.348 0.0000000000
46054  16.693  -22.962  56.432 0.0000000000
45049  18.083  -24.477  56.850 0.0000000000
60105  27.021  -10.844  52.605 0.0000000000
59045  28.159  -12.083  50.531 0.0000000000
56936  32.247  -13.738  50.536 0.0000000000
58008  31.250  -13.058  49.368 0.0000000000
57994  32.675  -12.858  50.669 0.0000000000
59042  33.648  -11.718  51.522 0.0000000000
56925  34.337  -13.050  52.400 0.0000000000
75970  35.657  6.570  36.848 0.0000000000
78146  37.039  7.183  34.450 0.0000000000
77082  36.768  5.436  34.123 0.0000000000
73868  37.504  2.470  35.125 0.0000000000
74921  37.883  2.990  34.600 0.0000000000
73867  38.585  2.339  35.020 0.0000000000
72794  31.070  1.772  39.275 0.0000000000
70761  32.250  -0.004  38.458 0.0000000000
70747  31.175  0.444  39.348 0.0000000000
69655  30.720  -1.708  41.040 0.0000000000
69677  31.405  -1.154  40.507 0.0000000000
68593  32.175  -2.809  41.465 0.0000000000
68592  33.409  -2.574  41.321 0.0000000000
68577  32.407  -3.356  41.777 0.0000000000
66544  29.965  -4.371  43.432 0.0000000000
67565  29.401  -3.336  42.438 0.0000000000
65539  29.355  -5.308  42.546 0.0000000000
63371  32.382  -7.430  42.600 0.0000000000
64425  31.109  -6.288  42.011 0.0000000000
64411  33.524  -6.810  42.575 0.0000000000
65536  33.810  -5.830  42.231 0.0000000000
51356  27.706  -18.331  54.176 0.0000000000
51337  29.008  -18.307  55.225 0.0000000000
72754  31.718  3.159  41.651 0.0000000000
73817  31.832  3.348  40.297 0.0000000000
73832  31.801  3.309  39.181 0.0000000000
43027  15.786  -26.667  61.242 0.0000000000
43005  15.014  -26.941  61.872 0.0000000000
38712  10.153  -30.874  65.239 0.0000000000
39735  11.522  -30.220  67.222 0.0000000000
38688  10.316  -31.370  67.310 0.0000000000
38689  9.809  -31.767  67.107 0.0000000000
41878  7.821  -26.777  66.228 0.0000000000
40830  7.628  -28.108  65.029 0.0000000000
40819  7.071  -28.891  66.149 0.0000000000
38678  6.046  -30.899  67.967 0.0000000000
37619  6.561  -31.336  66.812 0.0000000000
36572  6.777  -32.570  67.330 0.0000000000
36571  7.527  -32.655  67.183 0.0000000000
36560  6.990  -33.236  67.737 0.0000000000
35522  7.244  -34.314  68.981 0.0000000000
35523  6.196  -33.910  69.174 0.0000000000
36507  5.045  -32.130  71.517 0.0000000000
36521  5.229  -33.082  70.918 0.0000000000
36508  4.898  -32.931  71.804 0.0000000000
35491  4.749  -33.809  72.131 0.0000000000
36496  4.474  -32.468  72.618 0.0000000000
54840  27.269  -15.826  53.130 0.0000000000
54839  28.121  -15.655  52.769 0.0000000000
54862  26.854  -16.244  52.681 0.0000000000
52504  27.219  -17.112  52.086 0.0000000000
52505  26.162  -17.239  52.439 0.0000000000
52449  22.685  -17.818  54.777 0.0000000000
52447  24.441  -17.829  54.915 0.0000000000
51322  23.664  -18.705  56.172 0.0000000000
51345  19.150  -18.884  54.734 0.0000000000
51344  20.068  -18.711  54.563 0.0000000000
49160  20.470  -20.933  55.435 0.0000000000
48059  22.974  -22.697  57.757 0.0000000000
69696  35.367  -1.758  39.438 0.0000000000
70743  36.700  -1.356  38.736 0.0000000000
69695  36.499  -1.761  39.497 0.0000000000
64352  23.641  -6.212  47.205 0.0000000000
64384  24.479  -7.137  45.478 0.0000000000
62246  24.054  -8.239  46.365 0.0000000000
59048  25.181  -11.604  50.409 0.0000000000
60118  23.844  -10.532  50.359 0.0000000000
59070  25.324  -11.232  49.100 0.0000000000
63266  29.293  -8.000  50.516 0.0000000000
62156  27.114  -8.775  49.443 0.0000000000
63305  28.158  -8.362  49.068 0.0000000000
62213  27.863  -8.611  47.220 0.0000000000
62181  29.726  -8.562  48.528 0.0000000000
62180  30.863  -8.839  48.443 0.0000000000
53606  31.915  -16.411  54.468 0.0000000000
78163  42.288  6.999  30.755 0.0000000000
77088  39.356  5.798  32.984 0.0000000000
78149  39.880  6.523  32.637 0.0000000000
77087  40.578  5.506  32.810 0.0000000000
77085  42.533  4.614  32.645 0.0000000000
75992  43.795  3.689  32.806 0.0000000000
47045  15.727  -21.728  58.050 0.0000000000
46014  15.085  -23.102  57.879 0.0000000000
72811  37.637  1.495  36.142 0.0000000000
73829  39.301  1.210  37.326 0.0000000000
72800  38.000  1.138  36.801 0.0000000000
57995  30.120  -13.286  50.875 0.0000000000
56938  29.553  -13.395  49.803 0.0000000000
55908  30.461  -13.995  49.979 0.0000000000
55906  31.679  -14.285  50.412 0.0000000000
55882  32.606  -14.838  52.343 0.0000000000
74890  35.191  5.628  38.506 0.0000000000
74900  34.169  4.851  37.373 0.0000000000
75961  34.673  5.143  36.592 0.0000000000
75971  35.202  5.344  35.728 0.0000000000
75982  35.971  4.723  34.805 0.0000000000
74923  35.421  3.823  35.162 0.0000000000
73869  36.430  2.676  35.186 0.0000000000
32697  6.258  -36.754  71.426 0.0000000000
72770  30.501  1.679  41.000 0.0000000000
71746  30.519  0.782  40.045 0.0000000000
71748  29.951  0.369  41.021 0.0000000000
70716  29.651  -0.300  41.334 0.0000000000
68595  30.099  -2.448  41.289 0.0000000000
64428  28.795  -6.755  42.794 0.0000000000
64427  29.416  -6.361  42.390 0.0000000000
63374  29.682  -7.330  42.327 0.0000000000
62303  30.828  -7.884  42.439 0.0000000000
62290  32.421  -8.925  43.447 0.0000000000
62276  33.372  -9.227  44.432 0.0000000000
62259  33.626  -9.385  45.602 0.0000000000
51299  26.709  -18.813  56.978 0.0000000000
43030  12.697  -26.944  60.664 0.0000000000
41929  13.963  -27.390  62.319 0.0000000000
41944  12.238  -27.588  61.167 0.0000000000
41917  12.819  -28.406  63.288 0.0000000000
40839  12.722  -28.796  64.666 0.0000000000
39757  10.220  -30.247  64.141 0.0000000000
38724  9.603  -30.721  64.614 0.0000000000
40807  6.802  -28.530  67.003 0.0000000000
39723  5.900  -29.813  69.456 0.0000000000
38667  5.751  -30.764  68.875 0.0000000000
36535  5.383  -32.369  69.748 0.0000000000
37575  5.335  -31.412  70.317 0.0000000000
37564  5.267  -31.314  71.290 0.0000000000
38615  5.267  -30.197  73.084 0.0000000000
54842  25.407  -15.684  53.350 0.0000000000
53644  24.728  -16.706  52.601 0.0000000000
53624  23.035  -15.752  52.928 0.0000000000
52488  22.262  -16.554  53.506 0.0000000000
52450  21.721  -17.947  54.782 0.0000000000
47059  20.039  -23.119  56.289 0.0000000000
47058  20.903  -22.567  56.445 0.0000000000
45995  21.378  -24.381  57.779 0.0000000000
69650  35.930  -2.273  41.019 0.0000000000
63270  23.090  -7.806  49.681 0.0000000000
61087  29.468  -10.506  49.635 0.0000000000
61089  27.864  -9.944  49.766 0.0000000000
61066  30.434  -9.094  51.607 0.0000000000
63228  30.499  -8.238  51.997 0.0000000000
79279  40.475  8.243  31.845 0.0000000000
32676  3.092  -36.220  72.634 0.0000000000
67556  30.851  -3.441  44.176 0.0000000000
65528  30.160  -5.083  43.895 0.0000000000
65518  29.092  -6.075  44.069 0.0000000000
64414  28.283  -6.939  43.318 0.0000000000
63361  27.342  -7.631  43.566 0.0000000000
62296  26.846  -8.520  43.770 0.0000000000
44049  18.378  -25.903  59.317 0.0000000000
44003  18.102  -26.498  61.139 0.0000000000
44027  17.492  -26.186  60.027 0.0000000000
44029  15.651  -26.005  59.553 0.0000000000
43048  14.195  -26.354  60.052 0.0000000000
45033  13.859  -23.700  58.522 0.0000000000
44054  13.427  -24.930  58.994 0.0000000000
43049  13.166  -26.289  60.014 0.0000000000
43051  11.425  -25.927  60.370 0.0000000000
44008  10.773  -25.644  60.779 0.0000000000
43993  9.482  -25.419  62.495 0.0000000000
54782  19.626  -15.498  55.260 0.0000000000
53586  19.129  -15.677  56.006 0.0000000000
52434  18.581  -18.180  55.266 0.0000000000
49173  18.712  -20.633  55.219 0.0000000000
49161  18.121  -20.033  56.661 0.0000000000
49174  17.973  -20.811  55.661 0.0000000000
48101  19.206  -22.220  55.475 0.0000000000
46031  18.920  -23.839  56.422 0.0000000000
45027  19.033  -25.134  57.829 0.0000000000
62107  25.749  -9.108  53.792 0.0000000000
62120  24.734  -8.886  52.384 0.0000000000
61068  26.118  -9.995  53.196 0.0000000000
59047  26.107  -11.787  50.593 0.0000000000
59059  26.878  -12.080  49.379 0.0000000000
58011  29.127  -13.361  48.836 0.0000000000
60134  29.545  -11.951  48.606 0.0000000000
60125  30.168  -11.028  49.364 0.0000000000
60114  31.261  -10.618  50.445 0.0000000000
60101  33.655  -10.702  51.905 0.0000000000
79275  38.124  8.230  34.124 0.0000000000
77089  38.052  6.336  33.327 0.0000000000
75997  38.714  5.093  33.302 0.0000000000
74936  36.900  4.115  34.188 0.0000000000
75988  37.941  4.571  33.615 0.0000000000
72805  32.880  1.809  37.250 0.0000000000
71778  34.269  0.409  37.265 0.0000000000
71779  33.277  0.579  37.436 0.0000000000
70744  33.706  -0.924  38.678 0.0000000000
69698  33.381  -1.182  39.370 0.0000000000
70730  31.071  -0.317  39.970 0.0000000000
70728  32.773  -1.170  39.740 0.0000000000
69652  33.860  -2.058  40.870 0.0000000000
68591  34.127  -2.475  41.202 0.0000000000
68560  35.719  -3.256  41.993 0.0000000000
68564  29.468  -2.430  42.816 0.0000000000
67574  29.456  -3.244  41.886 0.0000000000
67583  30.300  -3.299  41.437 0.0000000000
64436  30.317  -5.802  41.791 0.0000000000
65545  30.597  -5.109  41.681 0.0000000000
66558  32.005  -4.287  41.957 0.0000000000
66550  33.623  -4.866  42.098 0.0000000000
53640  29.566  -17.427  51.951 0.0000000000
53639  30.210  -17.192  52.295 0.0000000000
52461  30.120  -17.699  54.172 0.0000000000
52444  30.167  -17.860  55.219 0.0000000000
73830  33.305  4.673  39.012 0.0000000000
73841  32.849  3.225  37.436 0.0000000000
43985  9.094  -25.488  63.459 0.0000000000
42975  8.538  -25.891  65.114 0.0000000000
42990  8.522  -26.489  63.912 0.0000000000
40841  8.009  -28.455  64.153 0.0000000000
39759  8.158  -29.607  64.139 0.0000000000
38714  8.105  -30.999  65.160 0.0000000000
39745  6.709  -29.566  66.486 0.0000000000
37632  7.537  -31.102  65.683 0.0000000000
37630  8.669  -31.671  66.020 0.0000000000
36569  9.194  -32.502  67.535 0.0000000000
36547  9.303  -33.278  69.212 0.0000000000
33559  7.018  -35.742  70.482 0.0000000000
35524  5.654  -33.573  69.682 0.0000000000
35510  5.583  -34.053  70.124 0.0000000000
33560  6.236  -35.652  70.621 0.0000000000
33552  5.683  -36.012  71.154 0.0000000000
33544  5.028  -35.884  71.884 0.0000000000
34506  4.051  -35.096  72.521 0.0000000000
35473  4.005  -32.594  73.084 0.0000000000
35484  3.726  -33.699  72.855 0.0000000000
33536  3.335  -35.351  72.497 0.0000000000
55898  29.667  -15.627  51.211 0.0000000000
54838  28.884  -15.418  52.251 0.0000000000
53659  28.718  -16.830  51.237 0.0000000000
52503  27.848  -17.497  52.104 0.0000000000
51376  27.101  -18.180  53.451 0.0000000000
51357  26.673  -18.284  54.274 0.0000000000
52485  24.802  -17.560  53.350 0.0000000000
51359  25.217  -17.832  54.240 0.0000000000
51319  26.416  -18.614  56.088 0.0000000000
53597  20.244  -16.410  54.301 0.0000000000
51343  21.167  -18.793  54.909 0.0000000000
51324  22.050  -18.991  55.865 0.0000000000
48071  22.273  -22.219  57.151 0.0000000000
49132  22.801  -21.241  56.907 0.0000000000
50209  23.179  -20.133  56.755 0.0000000000
71767  35.870  -0.288  37.640 0.0000000000
64367  25.294  -5.943  45.429 0.0000000000
63348  25.609  -7.844  44.586 0.0000000000
61161  27.281  -9.266  44.585 0.0000000000
62121  24.193  -8.783  51.524 0.0000000000
61092  23.277  -9.498  49.930 0.0000000000
62187  23.311  -8.862  48.306 0.0000000000
61091  25.990  -9.885  49.121 0.0000000000
61097  24.792  -9.739  48.344 0.0000000000
62216  24.438  -8.841  47.059 0.0000000000
62215  25.377  -8.883  47.088 0.0000000000
62243  27.135  -9.003  46.128 0.0000000000
61141  29.256  -9.479  45.275 0.0000000000
62240  30.992  -9.291  46.806 0.0000000000
54837  31.578  -16.180  53.149 0.0000000000
54836  32.259  -15.614  53.365 0.0000000000
55866  33.609  -14.497  53.482 0.0000000000
55836  34.390  -15.054  55.107 0.0000000000
55865  34.408  -14.234  53.947 0.0000000000
79289  43.362  7.527  29.830 0.0000000000
78157  40.135  7.220  32.215 0.0000000000
78156  40.801  6.908  31.721 0.0000000000
77086  41.709  5.010  32.718 0.0000000000
77096  41.262  5.878  32.058 0.0000000000
78155  41.706  6.587  31.307 0.0000000000
78154  42.830  6.110  31.233 0.0000000000
77101  44.392  5.407  31.197 0.0000000000
72802  35.685  0.757  36.695 0.0000000000
72803  34.675  0.913  36.767 0.0000000000
54879  30.096  -16.063  51.114 0.0000000000
53657  30.476  -16.562  51.505 0.0000000000
32674  4.343  -36.906  72.230 0.0000000000
61202  29.144  -9.407  43.282 0.0000000000
61179  29.466  -9.759  44.046 0.0000000000
61178  30.453  -9.766  44.213 0.0000000000
61158  29.738  -9.656  44.827 0.0000000000
43008  9.764  -27.245  61.903 0.0000000000
41933  9.553  -27.788  62.327 0.0000000000
41919  8.765  -27.603  63.035 0.0000000000
55840  22.520  -14.267  55.723 0.0000000000
55855  22.155  -14.569  54.487 0.0000000000
55842  21.485  -14.628  54.972 0.0000000000
44025  19.709  -26.412  60.001 0.0000000000
44024  20.739  -26.406  59.835 0.0000000000
45051  16.268  -23.849  57.163 0.0000000000
47061  16.008  -22.311  57.298 0.0000000000
47075  16.443  -22.532  56.716 0.0000000000
46034  16.193  -23.101  56.956 0.0000000000
46033  16.820  -23.536  56.585 0.0000000000
59035  28.546  -11.620  51.552 0.0000000000
56935  32.892  -13.594  51.292 0.0000000000
58001  31.953  -13.112  49.926 0.0000000000
57993  33.396  -12.665  51.388 0.0000000000
75969  36.432  7.013  37.641 0.0000000000
77067  36.187  7.353  36.727 0.0000000000
77076  36.414  6.920  35.220 0.0000000000
77077  36.347  5.458  34.591 0.0000000000
73850  38.291  1.674  35.987 0.0000000000
73849  39.429  1.799  36.006 0.0000000000
33550  7.647  -36.010  71.464 0.0000000000
71771  31.283  1.091  38.877 0.0000000000
71759  30.920  1.180  39.462 0.0000000000
69654  31.750  -1.851  41.055 0.0000000000
67581  31.904  -3.690  41.765 0.0000000000
66545  29.555  -4.359  42.793 0.0000000000
63358  32.976  -7.766  42.993 0.0000000000
64412  32.839  -7.156  42.609 0.0000000000
51338  28.023  -18.420  55.245 0.0000000000
51317  28.390  -18.408  56.189 0.0000000000
72769  31.315  2.757  40.814 0.0000000000
73801  31.832  3.337  40.851 0.0000000000
72783  31.244  2.612  39.666 0.0000000000
43028  14.795  -26.710  60.837 0.0000000000
38700  10.239  -31.164  66.164 0.0000000000
38701  9.675  -31.649  66.567 0.0000000000
40818  7.353  -27.801  66.192 0.0000000000
37606  6.404  -31.770  67.294 0.0000000000
36561  6.304  -32.599  67.905 0.0000000000
35536  6.421  -33.315  68.345 0.0000000000
36495  4.791  -32.011  72.202 0.0000000000
54841  26.349  -15.851  53.303 0.0000000000
54817  26.821  -15.619  54.055 0.0000000000
53642  26.518  -16.715  52.447 0.0000000000
53643  25.535  -16.715  52.576 0.0000000000
52431  23.184  -18.250  55.519 0.0000000000
51303  23.479  -19.593  56.712 0.0000000000
49172  19.477  -20.694  55.115 0.0000000000
50234  19.949  -19.811  54.927 0.0000000000
64317  23.250  -6.189  48.601 0.0000000000
64332  23.316  -6.147  48.145 0.0000000000
64333  23.178  -6.832  47.719 0.0000000000
63330  23.607  -7.526  46.634 0.0000000000
62247  23.584  -8.153  46.857 0.0000000000
59060  25.821  -11.728  49.404 0.0000000000
63287  28.703  -8.250  49.717 0.0000000000
63304  28.962  -8.283  49.081 0.0000000000
62182  28.516  -8.446  48.312 0.0000000000
62155  30.499  -8.564  49.188 0.0000000000
47046  14.881  -22.037  58.473 0.0000000000
47031  15.694  -21.217  59.323 0.0000000000
48074  16.434  -21.196  58.298 0.0000000000
72792  37.069  0.370  37.372 0.0000000000
72791  37.673  0.490  37.512 0.0000000000
56937  29.982  -13.706  50.264 0.0000000000
54877  31.658  -15.223  51.309 0.0000000000
55895  32.224  -14.586  51.249 0.0000000000
74891  33.906  5.059  38.792 0.0000000000
75972  34.730  4.814  35.899 0.0000000000
74908  34.939  4.519  35.637 0.0000000000
73852  36.281  1.999  35.713 0.0000000000
73851  37.198  1.938  35.713 0.0000000000
72756  30.420  1.472  41.992 0.0000000000
72771  30.235  1.237  41.467 0.0000000000
72757  30.226  1.252  41.725 0.0000000000
70707  29.434  -0.482  42.108 0.0000000000
69656  29.725  -1.421  41.399 0.0000000000
62304  30.190  -8.063  42.429 0.0000000000
62291  31.050  -8.585  42.857 0.0000000000
63359  32.073  -8.058  42.851 0.0000000000
62277  32.566  -9.416  44.128 0.0000000000
61155  32.302  -9.661  45.673 0.0000000000
61175  32.952  -9.608  45.286 0.0000000000
61154  32.960  -9.587  46.033 0.0000000000
61136  32.895  -9.521  46.536 0.0000000000
72755  31.059  2.283  41.871 0.0000000000
41943  12.869  -27.368  61.261 0.0000000000
40859  11.688  -28.671  62.771 0.0000000000
40849  12.579  -28.744  63.904 0.0000000000
40850  11.730  -29.020  63.589 0.0000000000
40840  11.882  -29.379  64.948 0.0000000000
39767  9.793  -29.622  63.400 0.0000000000
38723  10.186  -30.619  64.683 0.0000000000
39758  9.189  -30.114  63.950 0.0000000000
38656  5.543  -30.576  69.911 0.0000000000
37552  5.089  -31.224  72.169 0.0000000000
54800  24.691  -15.148  55.151 0.0000000000
54819  25.017  -15.341  54.173 0.0000000000
54843  24.452  -15.373  53.436 0.0000000000
54865  23.899  -15.624  52.909 0.0000000000
54844  23.360  -14.941  53.571 0.0000000000
53626  21.738  -15.738  53.678 0.0000000000
53625  22.139  -16.004  53.323 0.0000000000
53609  21.964  -16.460  53.641 0.0000000000
52467  22.126  -17.063  53.954 0.0000000000
46013  20.429  -24.244  57.219 0.0000000000
47044  20.758  -23.605  56.904 0.0000000000
45996  20.660  -24.788  57.755 0.0000000000
64306  23.180  -6.858  49.915 0.0000000000
63269  23.400  -7.701  50.534 0.0000000000
61077  29.969  -9.753  50.715 0.0000000000
61065  31.029  -9.278  51.648 0.0000000000
62105  31.636  -8.703  52.379 0.0000000000
62106  30.814  -8.613  52.000 0.0000000000
66537  30.582  -4.323  44.018 0.0000000000
65530  28.858  -6.344  43.626 0.0000000000
64397  28.206  -6.483  44.241 0.0000000000
64415  27.678  -7.036  43.803 0.0000000000
63346  26.907  -7.466  43.889 0.0000000000
62295  27.224  -8.424  43.494 0.0000000000
63347  26.498  -7.701  43.996 0.0000000000
44050  17.419  -25.777  59.168 0.0000000000
44052  15.459  -25.404  58.772 0.0000000000
44030  14.728  -25.877  59.448 0.0000000000
46015  14.130  -22.898  58.434 0.0000000000
45032  14.545  -23.850  58.200 0.0000000000
46016  13.457  -23.219  58.719 0.0000000000
44055  12.636  -24.523  59.068 0.0000000000
44031  13.733  -25.748  59.414 0.0000000000
44032  12.567  -25.370  59.470 0.0000000000
43050  12.095  -26.133  60.100 0.0000000000
44033  11.482  -25.125  60.143 0.0000000000
44009  9.932  -25.119  61.762 0.0000000000
54761  19.792  -15.090  56.266 0.0000000000
53579  19.243  -15.608  56.888 0.0000000000
51325  18.475  -17.963  56.561 0.0000000000
52433  18.469  -17.427  55.804 0.0000000000
51326  18.410  -18.558  55.930 0.0000000000
51346  18.669  -18.899  55.228 0.0000000000
50236  18.364  -19.682  55.665 0.0000000000
48114  17.285  -21.915  55.822 0.0000000000
49175  17.444  -21.347  55.865 0.0000000000
48113  17.875  -21.875  55.474 0.0000000000
48112  18.707  -21.709  55.296 0.0000000000
47083  18.398  -22.263  55.436 0.0000000000
47072  18.872  -22.771  55.720 0.0000000000
46052  18.194  -23.455  55.956 0.0000000000
45029  17.267  -24.775  57.614 0.0000000000
45028  18.163  -24.974  57.718 0.0000000000
44066  18.260  -25.470  58.489 0.0000000000
61057  26.245  -9.614  53.847 0.0000000000
59036  27.625  -11.624  51.517 0.0000000000
59037  26.720  -11.595  51.462 0.0000000000
59046  27.209  -12.016  50.443 0.0000000000
56945  29.557  -13.522  49.514 0.0000000000
58003  29.156  -13.251  49.375 0.0000000000
58002  29.395  -13.537  49.098 0.0000000000
59066  31.026  -12.432  49.204 0.0000000000
59067  30.126  -12.323  48.774 0.0000000000
59056  30.880  -11.762  49.300 0.0000000000
60135  29.032  -11.713  48.553 0.0000000000
60124  31.363  -11.287  49.967 0.0000000000
59031  34.134  -11.501  51.940 0.0000000000
60112  33.186  -11.294  51.317 0.0000000000
79270  38.807  8.861  34.947 0.0000000000
79271  37.841  8.428  35.020 0.0000000000
77080  37.510  6.616  33.671 0.0000000000
77090  37.662  5.983  33.505 0.0000000000
75998  37.869  5.582  33.438 0.0000000000
75981  36.548  4.495  34.378 0.0000000000
74920  38.376  2.816  34.639 0.0000000000
74934  38.689  3.174  34.314 0.0000000000
75987  39.174  4.078  33.701 0.0000000000
71780  32.495  1.029  37.630 0.0000000000
70731  30.287  -0.049  40.503 0.0000000000
69676  32.361  -1.432  40.371 0.0000000000
69675  33.429  -1.604  40.120 0.0000000000
69651  34.830  -2.239  41.018 0.0000000000
68575  34.452  -3.031  41.654 0.0000000000
68561  34.946  -3.612  41.877 0.0000000000
69618  30.378  -1.413  43.676 0.0000000000
66553  29.423  -4.215  42.139 0.0000000000
67584  29.775  -3.087  41.560 0.0000000000
64426  30.108  -6.532  42.025 0.0000000000
64437  29.832  -5.996  41.879 0.0000000000
64435  30.779  -5.632  41.816 0.0000000000
65544  31.244  -5.316  41.873 0.0000000000
66559  31.274  -4.430  41.760 0.0000000000
66552  31.802  -4.849  42.013 0.0000000000
66551  32.615  -4.691  42.082 0.0000000000
52481  29.013  -17.920  53.041 0.0000000000
52480  29.777  -17.659  53.214 0.0000000000
51315  29.841  -18.059  55.791 0.0000000000
73815  33.575  4.839  39.795 0.0000000000
73842  32.130  2.762  38.033 0.0000000000
44004  17.482  -26.424  60.907 0.0000000000
43025  17.527  -26.631  61.707 0.0000000000
40817  11.898  -29.769  66.431 0.0000000000
43984  9.505  -24.823  63.267 0.0000000000
42963  8.225  -26.204  65.790 0.0000000000
42962  8.469  -25.579  65.754 0.0000000000
42991  8.277  -27.099  64.303 0.0000000000
41920  8.282  -27.597  63.867 0.0000000000
41905  8.051  -27.539  64.601 0.0000000000
40831  7.276  -28.832  65.384 0.0000000000
40842  7.564  -28.929  64.616 0.0000000000
39760  7.490  -29.652  64.901 0.0000000000
38726  7.901  -30.331  64.700 0.0000000000
38715  7.444  -30.422  65.292 0.0000000000
38690  6.481  -30.270  66.725 0.0000000000
37618  7.229  -31.742  66.421 0.0000000000
38703  6.593  -30.962  66.557 0.0000000000
37631  8.167  -31.519  65.822 0.0000000000
37617  8.325  -31.965  66.384 0.0000000000
37604  8.735  -32.159  66.771 0.0000000000
36559  8.172  -33.507  68.210 0.0000000000
34527  7.543  -34.694  69.495 0.0000000000
34520  7.296  -35.174  69.927 0.0000000000
36550  5.598  -33.159  69.454 0.0000000000
36536  5.365  -33.098  70.077 0.0000000000
34522  5.620  -34.986  70.727 0.0000000000
34513  5.115  -34.951  71.573 0.0000000000
34505  4.464  -34.828  72.292 0.0000000000
33545  4.376  -35.855  72.243 0.0000000000
36487  4.181  -32.085  73.213 0.0000000000
36488  4.273  -31.974  73.329 0.0000000000
35474  3.674  -32.719  73.059 0.0000000000
34485  3.614  -33.917  72.775 0.0000000000
34496  4.008  -34.583  72.746 0.0000000000
34497  3.429  -34.471  72.638 0.0000000000
33528  3.232  -34.687  72.558 0.0000000000
55883  30.273  -14.620  52.043 0.0000000000
54882  27.969  -16.301  51.828 0.0000000000
54860  28.303  -15.842  51.912 0.0000000000
54881  28.478  -16.256  51.381 0.0000000000
52524  28.326  -17.235  51.562 0.0000000000
52525  27.854  -17.137  51.798 0.0000000000
52483  26.885  -17.783  52.654 0.0000000000
52507  24.318  -17.070  52.790 0.0000000000
51342  24.638  -18.061  55.392 0.0000000000
52446  24.906  -17.827  54.590 0.0000000000
51341  25.147  -18.093  55.090 0.0000000000
51340  26.099  -18.342  55.172 0.0000000000
51320  25.477  -18.561  56.044 0.0000000000
51300  25.799  -18.888  56.928 0.0000000000
51301  24.935  -18.935  56.889 0.0000000000
54783  19.361  -16.022  54.839 0.0000000000
54805  19.791  -15.944  54.626 0.0000000000
53598  19.514  -16.607  54.476 0.0000000000
50233  20.730  -19.477  55.026 0.0000000000
47043  21.347  -23.157  57.004 0.0000000000
48086  21.382  -22.024  56.527 0.0000000000
48070  23.108  -22.022  57.426 0.0000000000
50202  23.229  -20.651  56.967 0.0000000000
70771  34.662  -0.187  37.602 0.0000000000
71768  35.369  -0.278  37.602 0.0000000000
70758  35.153  -0.691  37.894 0.0000000000
65492  25.781  -5.334  46.064 0.0000000000
65493  24.836  -5.541  46.088 0.0000000000
63337  24.492  -7.666  45.577 0.0000000000
64383  25.062  -7.086  45.001 0.0000000000
63336  25.060  -7.762  45.088 0.0000000000
62280  25.854  -8.510  44.703 0.0000000000
62262  26.465  -8.992  45.031 0.0000000000
61080  24.591  -9.801  51.868 0.0000000000
60130  23.789  -10.605  49.542 0.0000000000
60119  23.466  -9.991  50.172 0.0000000000
60131  23.477  -10.106  49.761 0.0000000000
61098  23.354  -9.546  49.247 0.0000000000
61108  23.609  -9.743  48.799 0.0000000000
61079  28.337  -9.291  50.396 0.0000000000
61090  26.781  -10.002  49.362 0.0000000000
62135  27.416  -9.137  49.932 0.0000000000
62157  26.072  -9.022  48.987 0.0000000000
62185  24.878  -9.271  47.788 0.0000000000
62242  28.656  -9.097  45.867 0.0000000000
61140  29.833  -9.387  45.557 0.0000000000
62241  29.999  -8.970  46.443 0.0000000000
62210  31.383  -9.126  47.666 0.0000000000
53608  30.640  -17.171  53.928 0.0000000000
53622  30.995  -16.708  53.132 0.0000000000
54814  32.664  -15.979  54.754 0.0000000000
54813  33.153  -15.251  54.205 0.0000000000
54835  32.944  -14.999  53.556 0.0000000000
55849  34.777  -14.527  54.599 0.0000000000
56908  35.198  -13.669  54.118 0.0000000000
78170  43.862  6.766  30.223 0.0000000000
78161  44.110  6.209  30.694 0.0000000000
79274  38.797  8.298  33.615 0.0000000000
78158  39.622  7.354  32.669 0.0000000000
77095  42.389  5.363  31.943 0.0000000000
77094  43.587  5.229  31.772 0.0000000000
72813  36.044  1.333  36.143 0.0000000000
54878  31.032  -15.799  51.467 0.0000000000
74924  34.935  3.179  35.563 0.0000000000
73871  35.056  2.649  35.661 0.0000000000
73853  35.381  2.108  35.790 0.0000000000
71733  30.124  1.070  42.423 0.0000000000
71723  30.338  0.696  43.011 0.0000000000
70706  29.854  -0.141  42.861 0.0000000000
70690  29.630  -0.867  42.762 0.0000000000
62294  28.036  -8.293  43.083 0.0000000000
62306  28.685  -8.187  42.748 0.0000000000
62293  28.826  -8.736  42.867 0.0000000000
61199  32.031  -9.588  44.019 0.0000000000
61177  31.374  -9.714  44.488 0.0000000000
61156  31.498  -9.678  45.346 0.0000000000
41945  11.186  -27.549  61.265 0.0000000000
41932  10.500  -27.888  61.872 0.0000000000
40851  10.493  -29.138  62.976 0.0000000000
39716  5.725  -29.541  70.596 0.0000000000
54821  23.389  -14.532  54.620 0.0000000000
55871  22.834  -14.551  54.252 0.0000000000
55856  21.585  -14.844  54.351 0.0000000000
54824  21.007  -15.657  54.207 0.0000000000
44064  19.961  -25.690  58.557 0.0000000000
45006  20.693  -25.261  58.248 0.0000000000
44047  20.465  -25.899  59.094 0.0000000000
63249  23.985  -7.682  51.254 0.0000000000
61064  32.222  -9.740  51.930 0.0000000000
61052  32.689  -9.232  52.641 0.0000000000
64380  28.477  -6.164  45.314 0.0000000000
44068  16.447  -25.094  58.247 0.0000000000
44069  15.734  -24.782  58.146 0.0000000000
45007  14.930  -24.662  58.394 0.0000000000
45998  12.798  -23.011  59.131 0.0000000000
45982  12.489  -22.663  59.977 0.0000000000
45999  12.190  -23.296  59.541 0.0000000000
44988  11.332  -24.262  60.297 0.0000000000
51306  18.475  -18.597  56.724 0.0000000000
48088  16.906  -21.104  57.319 0.0000000000
49162  17.428  -20.805  56.482 0.0000000000
47074  16.910  -22.358  56.196 0.0000000000
46053  17.306  -23.133  56.024 0.0000000000
45065  17.827  -24.041  56.413 0.0000000000
45066  17.438  -23.734  56.302 0.0000000000
45050  17.137  -24.198  56.883 0.0000000000
56952  31.345  -13.604  49.656 0.0000000000
56953  30.777  -13.510  49.318 0.0000000000
59065  31.619  -12.516  49.652 0.0000000000
59054  32.225  -12.087  50.212 0.0000000000
60123  31.887  -11.547  50.197 0.0000000000
59043  32.976  -11.905  50.955 0.0000000000
57985  34.140  -12.390  52.001 0.0000000000
57984  34.741  -12.578  52.593 0.0000000000
75959  36.260  6.549  37.963 0.0000000000
77058  36.991  7.366  37.818 0.0000000000
78141  37.107  8.022  35.548 0.0000000000
78142  36.813  7.082  34.687 0.0000000000
73866  39.589  2.030  35.240 0.0000000000
72793  31.488  2.046  38.615 0.0000000000
71770  31.872  0.888  38.183 0.0000000000
70762  31.647  0.397  38.781 0.0000000000
70746  31.760  -0.251  39.179 0.0000000000
68576  33.057  -3.200  41.769 0.0000000000
67572  33.434  -3.918  41.974 0.0000000000
67557  30.277  -3.497  43.688 0.0000000000
67564  29.693  -3.401  43.144 0.0000000000
63372  31.503  -7.476  42.412 0.0000000000
64424  32.450  -6.584  42.292 0.0000000000
64423  33.189  -6.219  42.278 0.0000000000
65537  32.950  -5.621  42.176 0.0000000000
52462  29.263  -18.066  54.096 0.0000000000
51355  28.521  -18.302  54.495 0.0000000000
73786  32.291  3.631  42.188 0.0000000000
73800  32.365  3.694  41.124 0.0000000000
44006  15.736  -26.435  60.337 0.0000000000
43026  16.672  -26.600  61.527 0.0000000000
43004  15.887  -26.770  62.189 0.0000000000
39744  10.817  -30.546  65.788 0.0000000000
39743  11.440  -30.058  66.338 0.0000000000
39736  10.892  -30.657  66.770 0.0000000000
37602  9.840  -31.872  67.499 0.0000000000
41891  7.923  -27.215  65.454 0.0000000000
39738  6.127  -30.304  67.782 0.0000000000
38691  6.276  -30.734  67.206 0.0000000000
37605  6.926  -32.256  66.960 0.0000000000
35534  7.665  -33.961  68.709 0.0000000000
35535  7.094  -33.817  68.429 0.0000000000
35483  4.082  -33.515  72.803 0.0000000000
34487  2.983  -33.624  72.699 0.0000000000
54861  27.644  -16.058  52.353 0.0000000000
53641  27.406  -16.569  52.169 0.0000000000
52484  25.768  -17.701  52.927 0.0000000000
52466  23.166  -17.450  53.974 0.0000000000
52465  24.089  -17.602  54.061 0.0000000000
52448  23.574  -17.777  54.837 0.0000000000
52430  23.949  -18.075  55.560 0.0000000000
51302  24.156  -19.173  56.814 0.0000000000
50222  20.819  -20.156  55.316 0.0000000000
47010  22.630  -23.952  58.820 0.0000000000
69713  34.506  -1.089  38.434 0.0000000000
69712  35.247  -1.404  38.583 0.0000000000
69711  36.016  -1.551  38.838 0.0000000000
65453  23.769  -5.406  47.722 0.0000000000
65477  24.252  -5.476  46.773 0.0000000000
64368  24.108  -6.675  46.039 0.0000000000
63329  23.980  -7.540  46.093 0.0000000000
62264  24.633  -8.265  45.850 0.0000000000
60116  25.395  -11.438  51.097 0.0000000000
60117  24.668  -10.880  51.260 0.0000000000
59049  24.493  -11.256  50.309 0.0000000000
59061  24.909  -11.480  49.646 0.0000000000
59071  24.692  -11.061  49.113 0.0000000000
63267  28.299  -8.525  50.232 0.0000000000
63268  27.684  -8.717  49.794 0.0000000000
63288  27.845  -8.480  49.454 0.0000000000
63306  27.741  -8.414  49.067 0.0000000000
62183  27.261  -8.506  48.577 0.0000000000
62214  26.532  -8.736  47.216 0.0000000000
62211  30.366  -8.878  47.529 0.0000000000
53596  31.550  -16.929  55.110 0.0000000000
53595  32.225  -16.692  55.541 0.0000000000
54794  32.845  -16.204  55.422 0.0000000000
79283  42.328  8.026  30.303 0.0000000000
75993  43.197  3.914  32.915 0.0000000000
76002  43.996  4.164  32.398 0.0000000000
46035  15.669  -22.889  57.442 0.0000000000
47062  15.444  -22.416  57.794 0.0000000000
48089  16.259  -21.595  57.512 0.0000000000
73840  38.637  1.293  36.639 0.0000000000
72799  38.860  1.185  37.095 0.0000000000
72790  39.033  0.764  37.840 0.0000000000
57988  29.766  -12.207  51.273 0.0000000000
59044  29.045  -12.158  50.829 0.0000000000
57996  29.605  -12.926  50.389 0.0000000000
56944  29.928  -13.600  49.399 0.0000000000
55907  31.028  -14.366  50.263 0.0000000000
55916  30.889  -13.933  49.680 0.0000000000
55894  32.916  -14.144  51.939 0.0000000000
74899  34.807  5.391  37.464 0.0000000000
75960  35.287  5.934  37.372 0.0000000000
77069  35.862  5.378  35.052 0.0000000000
33551  6.662  -36.280  71.057 0.0000000000
71747  30.094  0.697  40.942 0.0000000000
71725  29.613  0.224  41.732 0.0000000000
69679  29.960  -0.530  40.913 0.0000000000
64413  29.055  -6.254  43.012 0.0000000000
62305  29.281  -8.146  42.540 0.0000000000
62289  33.632  -8.409  43.530 0.0000000000
62258  34.407  -8.944  45.104 0.0000000000
62236  34.297  -8.973  46.150 0.0000000000
51298  27.681  -18.610  57.073 0.0000000000
51284  26.921  -18.925  57.827 0.0000000000
43006  14.064  -27.143  61.638 0.0000000000
43007  13.314  -27.210  61.251 0.0000000000
41930  13.164  -27.609  62.036 0.0000000000
39756  11.130  -29.832  64.404 0.0000000000
39751  10.675  -30.395  64.911 0.0000000000
39729  6.096  -29.009  68.888 0.0000000000
39730  6.048  -30.058  68.428 0.0000000000
36549  5.769  -32.706  68.812 0.0000000000
37584  5.447  -31.574  69.281 0.0000000000
38643  5.411  -30.462  70.976 0.0000000000
54818  25.882  -15.581  54.103 0.0000000000
54864  24.816  -16.073  52.786 0.0000000000
53645  23.875  -16.410  52.666 0.0000000000
52508  23.695  -16.912  52.874 0.0000000000
52487  22.937  -16.729  53.182 0.0000000000
52432  22.487  -18.416  55.404 0.0000000000
48087  20.641  -21.963  56.022 0.0000000000
45005  21.347  -25.198  58.712 0.0000000000
45981  22.051  -24.412  58.729 0.0000000000
64318  23.081  -6.761  48.862 0.0000000000
63289  22.926  -8.005  48.865 0.0000000000
61088  28.817  -10.319  49.700 0.0000000000
61078  28.802  -9.469  50.463 0.0000000000
62119  28.585  -8.892  50.834 0.0000000000
62117  30.105  -8.721  51.631 0.0000000000
63246  28.875  -8.296  51.017 0.0000000000
63245  30.040  -8.031  51.454 0.0000000000
79285  41.044  8.127  31.354 0.0000000000
74944  40.083  3.879  33.700 0.0000000000
74943  40.629  3.738  33.645 0.0000000000
32675  3.528  -36.563  72.350 0.0000000000
68552  30.961  -2.442  44.249 0.0000000000
65517  29.775  -5.698  44.296 0.0000000000
63360  28.047  -7.588  43.105 0.0000000000
61204  27.571  -8.880  43.443 0.0000000000
61181  27.582  -9.319  43.929 0.0000000000
44026  18.524  -26.328  60.333 0.0000000000
44028  16.560  -26.091  59.793 0.0000000000
44007  15.013  -26.318  60.038 0.0000000000
45008  14.052  -24.420  58.632 0.0000000000
45009  13.206  -23.982  58.784 0.0000000000
43033  9.596  -25.828  61.962 0.0000000000
54781  20.680  -14.793  55.515 0.0000000000
54760  20.515  -14.418  56.669 0.0000000000
53587  18.853  -16.350  55.233 0.0000000000
53580  18.791  -16.389  56.371 0.0000000000
52453  18.800  -18.398  54.942 0.0000000000
50235  18.951  -19.772  54.972 0.0000000000
47071  19.469  -22.486  55.729 0.0000000000
47060  19.183  -23.279  56.111 0.0000000000
46030  19.611  -24.108  56.888 0.0000000000
46032  18.274  -23.996  56.378 0.0000000000
45048  18.928  -24.590  57.148 0.0000000000
44065  19.170  -25.650  58.518 0.0000000000
63230  24.794  -8.065  52.905 0.0000000000
62108  25.265  -9.026  53.140 0.0000000000
61069  25.192  -9.887  52.521 0.0000000000
60106  25.754  -10.958  51.923 0.0000000000
60127  27.941  -11.306  48.959 0.0000000000
59057  28.744  -12.624  49.790 0.0000000000
59068  28.839  -12.767  48.578 0.0000000000
58010  29.714  -13.290  48.760 0.0000000000
59069  28.308  -12.002  48.571 0.0000000000
60136  28.509  -11.540  48.608 0.0000000000
60126  28.964  -11.005  48.949 0.0000000000
60115  30.631  -10.340  50.403 0.0000000000
61075  31.770  -10.296  51.086 0.0000000000
60113  32.386  -10.935  50.924 0.0000000000
60102  32.848  -10.347  51.707 0.0000000000
78151  38.236  7.497  33.512 0.0000000000
78145  37.482  7.391  34.041 0.0000000000
75989  36.940  4.812  33.999 0.0000000000
74935  37.496  3.806  34.132 0.0000000000
75986  39.793  3.950  33.719 0.0000000000
72804  33.775  1.169  36.960 0.0000000000
70772  33.924  -0.047  37.645 0.0000000000
71769  32.592  0.391  37.898 0.0000000000
70760  33.205  -0.272  38.089 0.0000000000
69697  34.293  -1.482  39.241 0.0000000000
69674  34.561  -1.841  40.201 0.0000000000
70729  32.021  -0.830  39.815 0.0000000000
69635  35.366  -2.649  41.299 0.0000000000
68574  35.442  -2.915  41.572 0.0000000000
69619  29.717  -1.539  43.157 0.0000000000
68578  29.279  -2.403  42.033 0.0000000000
68596  29.630  -2.521  41.653 0.0000000000
67582  31.142  -3.503  41.553 0.0000000000
65546  29.772  -5.136  41.825 0.0000000000
66560  30.420  -4.238  41.573 0.0000000000
67573  32.554  -3.832  41.944 0.0000000000
66549  34.599  -5.111  42.193 0.0000000000
53623  30.380  -17.311  53.333 0.0000000000
52445  29.667  -18.042  54.840 0.0000000000
52460  30.615  -17.417  54.616 0.0000000000
74892  33.295  4.519  38.628 0.0000000000
73831  32.723  4.068  38.729 0.0000000000
72816  33.514  1.757  36.777 0.0000000000
43003  16.791  -26.710  62.425 0.0000000000
43992  9.741  -24.683  62.693 0.0000000000
43977  8.907  -25.238  64.626 0.0000000000
40853  8.543  -28.447  63.470 0.0000000000
39769  8.340  -28.970  63.756 0.0000000000
38725  8.659  -30.633  64.556 0.0000000000
38702  6.926  -30.559  66.043 0.0000000000
37616  8.999  -31.855  66.366 0.0000000000
37603  9.323  -32.111  67.096 0.0000000000
37592  9.602  -32.288  67.832 0.0000000000
36570  8.588  -32.604  67.249 0.0000000000
36558  9.151  -32.826  68.088 0.0000000000
37583  9.791  -32.414  68.708 0.0000000000
35521  8.153  -34.206  69.235 0.0000000000
33558  7.838  -35.474  70.602 0.0000000000
35509  6.057  -34.404  69.657 0.0000000000
34521  6.314  -34.981  69.980 0.0000000000
33535  3.808  -35.718  72.430 0.0000000000
37537  4.604  -31.638  72.971 0.0000000000
62096  26.192  -9.317  54.350 0.0000000000
54859  28.988  -15.727  51.476 0.0000000000
54880  29.236  -16.270  51.173 0.0000000000
52523  28.861  -17.263  51.378 0.0000000000
52502  28.847  -17.595  52.005 0.0000000000
52482  27.993  -17.992  52.964 0.0000000000
51339  27.055  -18.427  55.190 0.0000000000
52506  25.192  -17.209  52.668 0.0000000000
52464  24.767  -17.701  54.135 0.0000000000
51379  25.082  -17.704  53.803 0.0000000000
51378  25.492  -17.821  53.637 0.0000000000
51358  25.815  -18.082  54.291 0.0000000000
54804  20.385  -15.540  54.566 0.0000000000
53611  20.782  -16.250  54.139 0.0000000000
52451  20.440  -17.505  54.293 0.0000000000
51304  22.815  -19.618  56.321 0.0000000000
49145  21.155  -21.323  56.007 0.0000000000
49144  21.861  -21.055  56.347 0.0000000000
50210  22.483  -20.186  56.437 0.0000000000
50201  23.747  -20.497  57.504 0.0000000000
71777  35.250  0.153  37.293 0.0000000000
70757  36.188  -0.947  38.195 0.0000000000
70756  37.262  -0.851  38.369 0.0000000000
69672  36.699  -1.935  40.481 0.0000000000
64382  26.119  -6.408  44.809 0.0000000000
64400  25.492  -7.390  44.663 0.0000000000
64399  25.888  -7.222  44.439 0.0000000000
62279  26.425  -8.512  44.160 0.0000000000
61182  26.895  -9.072  44.251 0.0000000000
61160  27.982  -9.477  44.595 0.0000000000
63248  24.463  -7.878  52.076 0.0000000000
62137  23.790  -8.386  50.879 0.0000000000
61081  24.047  -9.819  51.126 0.0000000000
62122  23.800  -9.075  50.870 0.0000000000
62138  23.330  -8.711  50.316 0.0000000000
60129  26.008  -10.776  48.992 0.0000000000
60137  25.314  -10.556  48.866 0.0000000000
60138  24.532  -10.361  48.740 0.0000000000
62136  26.656  -9.323  49.418 0.0000000000
61096  25.377  -9.849  48.679 0.0000000000
60144  24.263  -9.903  48.427 0.0000000000
61107  23.849  -9.609  48.314 0.0000000000
62186  24.021  -9.188  47.758 0.0000000000
62217  23.724  -8.594  47.259 0.0000000000
62245  24.888  -8.636  46.276 0.0000000000
62244  25.892  -8.860  46.162 0.0000000000
62261  27.595  -9.298  45.220 0.0000000000
61159  28.820  -9.598  44.821 0.0000000000
61139  30.751  -9.461  45.909 0.0000000000
61138  31.639  -9.554  46.200 0.0000000000
62239  31.909  -9.415  46.988 0.0000000000
62238  32.714  -9.408  46.999 0.0000000000
53638  30.868  -16.492  52.000 0.0000000000
54858  31.474  -16.074  52.463 0.0000000000
53621  31.570  -16.336  53.694 0.0000000000
55867  32.931  -14.842  53.075 0.0000000000
55881  33.251  -14.287  52.642 0.0000000000
55850  34.006  -14.902  54.458 0.0000000000
56917  33.715  -13.917  52.873 0.0000000000
56916  34.428  -13.560  53.079 0.0000000000
80288  40.081  9.194  32.926 0.0000000000
79278  41.088  7.530  31.357 0.0000000000
75995  41.113  4.386  33.238 0.0000000000
77102  43.660  5.939  31.132 0.0000000000
34529  6.338  -34.505  69.544 0.0000000000
36581  8.419  -32.254  66.787 0.0000000000
41918  12.042  -28.611  62.930 0.0000000000
44010  9.665  -25.468  62.061 0.0000000000
45047  19.621  -24.672  57.378 0.0000000000
46012  21.043  -23.871  57.185 0.0000000000
46051  18.807  -23.343  56.051 0.0000000000
46072  18.144  -23.053  55.685 0.0000000000
47028  23.075  -23.006  58.302 0.0000000000
47073  18.379  -22.986  55.713 0.0000000000
47084  18.149  -22.658  55.547 0.0000000000
47085  17.545  -22.502  55.734 0.0000000000
48111  19.133  -21.209  55.192 0.0000000000
49159  21.194  -20.650  55.764 0.0000000000
51336  29.629  -18.113  55.466 0.0000000000
52429  24.392  -18.052  55.490 0.0000000000
52469  20.660  -16.774  54.197 0.0000000000
52501  29.512  -17.606  52.458 0.0000000000
53610  21.480  -16.200  53.827 0.0000000000
54822  21.959  -14.930  53.860 0.0000000000
54823  21.472  -15.368  53.971 0.0000000000
54846  21.944  -15.432  53.622 0.0000000000
55829  21.497  -14.437  55.603 0.0000000000
55841  22.053  -14.380  55.290 0.0000000000
55872  22.543  -14.759  53.846 0.0000000000
55915  31.348  -14.043  49.937 0.0000000000
56943  31.741  -13.787  50.041 0.0000000000
56954  30.254  -13.507  49.088 0.0000000000
58009  30.542  -13.061  48.953 0.0000000000
59062  24.239  -11.087  49.691 0.0000000000
59072  24.152  -10.836  49.167 0.0000000000
60140  23.617  -10.123  49.229 0.0000000000
60145  23.941  -10.073  48.687 0.0000000000
60146  23.730  -10.126  48.937 0.0000000000
61082  23.573  -9.633  50.501 0.0000000000
61106  24.331  -9.572  48.107 0.0000000000
62093  32.168  -8.442  52.889 0.0000000000
62118  29.313  -8.844  51.221 0.0000000000
62134  28.105  -9.036  50.419 0.0000000000
62158  25.431  -9.416  48.329 0.0000000000
62159  23.110  -8.770  49.405 0.0000000000
62218  23.280  -8.089  47.351 0.0000000000
62260  28.243  -9.440  45.132 0.0000000000
62278  27.019  -8.865  43.764 0.0000000000
63322  23.260  -7.420  47.312 0.0000000000
63362  26.809  -8.177  43.731 0.0000000000
64353  23.511  -6.937  46.877 0.0000000000
64369  23.704  -7.044  46.504 0.0000000000
65405  23.189  -6.386  49.501 0.0000000000
65427  23.233  -6.149  49.268 0.0000000000
65491  26.290  -5.355  46.158 0.0000000000
65535  34.451  -5.811  42.322 0.0000000000
68553  30.572  -2.967  43.889 0.0000000000
70732  29.901  0.087  40.927 0.0000000000
70770  35.122  -0.261  37.591 0.0000000000
71734  29.939  0.933  41.717 0.0000000000
71735  29.838  0.342  41.253 0.0000000000
71775  36.784  0.320  37.319 0.0000000000
72768  31.811  3.301  41.122 0.0000000000
77078  36.060  5.164  34.803 0.0000000000
79281  39.269  7.929  32.956 0.0000000000
