#!ascii label  , from subject 3186 vox2ras=TkReg
1831
57244  -43.057  -10.901  51.477 0.0000000000
44237  -30.538  -22.507  62.754 0.0000000000
65891  -51.649  -4.281  39.414 0.0000000000
59917  -37.516  -9.462  41.062 0.0000000000
63453  -47.245  -5.369  46.774 0.0000000000
48652  -39.648  -18.344  57.074 0.0000000000
49893  -28.729  -17.760  51.648 0.0000000000
51280  -33.441  -15.786  43.699 0.0000000000
51064  -23.018  -16.315  63.306 0.0000000000
75679  -51.203  2.769  37.428 0.0000000000
44430  -23.493  -22.337  50.708 0.0000000000
57329  -41.388  -10.732  47.494 0.0000000000
61111  -43.310  -7.077  43.903 0.0000000000
59760  -45.866  -8.064  50.234 0.0000000000
52375  -42.111  -14.291  55.127 0.0000000000
48775  -36.599  -17.492  51.413 0.0000000000
53623  -39.453  -13.921  47.687 0.0000000000
53735  -35.574  -13.054  41.897 0.0000000000
75655  -56.643  3.750  39.830 0.0000000000
46482  -25.694  -19.978  64.073 0.0000000000
48664  -23.407  -18.617  55.683 0.0000000000
43151  -25.803  -22.488  56.770 0.0000000000
65826  -49.777  -3.691  42.603 0.0000000000
44266  -35.997  -21.689  60.149 0.0000000000
46561  -30.412  -20.212  57.792 0.0000000000
47681  -35.268  -18.749  54.030 0.0000000000
48831  -32.055  -18.061  47.990 0.0000000000
48563  -19.436  -18.778  63.673 0.0000000000
68243  -52.700  -2.346  48.964 0.0000000000
67072  -54.978  -3.696  45.603 0.0000000000
75627  -52.398  3.140  41.836 0.0000000000
67127  -56.513  -3.576  41.676 0.0000000000
137665  -58.419  -3.000  37.651 0.0000000000
48661  -19.320  -18.167  56.367 0.0000000000
45497  -26.148  -21.288  51.835 0.0000000000
56076  -42.970  -11.377  49.486 0.0000000000
57333  -43.641  -9.844  48.868 0.0000000000
58446  -44.932  -9.754  51.151 0.0000000000
54730  -41.894  -12.606  53.170 0.0000000000
52389  -40.757  -14.131  52.037 0.0000000000
53604  -41.725  -13.033  50.262 0.0000000000
54841  -40.562  -12.281  47.731 0.0000000000
66001  -51.220  -4.232  35.435 0.0000000000
65946  -52.953  -4.234  37.495 0.0000000000
44205  -27.755  -21.510  63.850 0.0000000000
44261  -26.209  -21.021  60.222 0.0000000000
43064  -27.965  -22.238  60.793 0.0000000000
61150  -39.292  -8.209  38.712 0.0000000000
62326  -45.181  -6.416  45.726 0.0000000000
62367  -43.643  -6.350  42.636 0.0000000000
63493  -45.686  -5.159  43.731 0.0000000000
64615  -46.478  -4.330  41.361 0.0000000000
65780  -47.985  -4.191  45.166 0.0000000000
45409  -37.179  -19.785  58.327 0.0000000000
45423  -35.295  -20.838  57.626 0.0000000000
45473  -36.821  -18.944  55.837 0.0000000000
51237  -35.178  -16.190  46.838 0.0000000000
47783  -34.125  -17.618  49.042 0.0000000000
48879  -32.413  -17.014  45.718 0.0000000000
57452  -36.239  -11.453  41.303 0.0000000000
68263  -53.537  -2.268  47.335 0.0000000000
72138  -53.411  -0.045  41.608 0.0000000000
70919  -52.876  -0.881  38.567 0.0000000000
67143  -56.551  -2.975  39.233 0.0000000000
70921  -55.522  -0.729  37.903 0.0000000000
72198  -57.519  0.578  36.753 0.0000000000
51049  -21.059  -16.259  63.608 0.0000000000
48612  -19.209  -18.613  60.041 0.0000000000
49798  -21.102  -16.999  59.352 0.0000000000
46631  -23.013  -20.207  52.726 0.0000000000
48725  -22.038  -18.489  51.786 0.0000000000
47755  -23.400  -20.118  48.962 0.0000000000
48694  -30.273  -18.388  54.644 0.0000000000
46601  -27.515  -20.021  55.269 0.0000000000
48726  -26.944  -18.764  53.094 0.0000000000
59849  -39.297  -9.874  44.175 0.0000000000
61121  -40.753  -8.545  42.524 0.0000000000
59832  -42.158  -8.888  46.073 0.0000000000
59815  -44.427  -7.997  47.506 0.0000000000
62295  -46.810  -6.333  47.953 0.0000000000
49834  -42.037  -17.419  56.030 0.0000000000
47682  -38.761  -17.745  55.346 0.0000000000
51140  -39.892  -15.943  53.958 0.0000000000
52410  -38.278  -15.255  49.835 0.0000000000
53645  -36.653  -14.770  45.827 0.0000000000
53689  -35.291  -14.533  42.807 0.0000000000
53659  -37.490  -13.533  44.660 0.0000000000
54870  -38.498  -11.772  44.770 0.0000000000
75670  -54.871  3.323  38.691 0.0000000000
78054  -55.006  5.996  40.122 0.0000000000
48576  -25.013  -18.166  63.843 0.0000000000
49788  -23.303  -17.212  60.204 0.0000000000
47601  -25.144  -19.428  60.126 0.0000000000
45414  -24.777  -20.931  57.100 0.0000000000
43179  -24.310  -22.596  54.058 0.0000000000
61136  -41.764  -7.514  40.747 0.0000000000
64636  -48.043  -4.284  40.242 0.0000000000
65865  -50.184  -3.913  40.474 0.0000000000
43070  -33.521  -22.561  61.572 0.0000000000
44277  -30.872  -22.527  59.390 0.0000000000
44296  -33.649  -22.092  58.793 0.0000000000
47649  -32.759  -19.201  56.246 0.0000000000
48715  -32.319  -18.321  52.949 0.0000000000
47707  -35.874  -18.708  52.442 0.0000000000
48754  -33.486  -18.161  50.940 0.0000000000
49928  -30.235  -17.593  49.515 0.0000000000
60952  -43.470  -8.041  52.580 0.0000000000
46507  -31.632  -20.100  62.600 0.0000000000
49789  -36.205  -17.970  60.312 0.0000000000
51097  -38.449  -16.373  59.024 0.0000000000
60956  -47.097  -8.025  52.992 0.0000000000
62232  -49.097  -7.580  51.372 0.0000000000
64543  -49.389  -4.925  49.466 0.0000000000
66983  -51.654  -3.308  50.819 0.0000000000
65735  -49.731  -3.618  48.218 0.0000000000
67067  -50.603  -3.057  45.673 0.0000000000
65783  -51.668  -3.472  44.080 0.0000000000
64589  -52.867  -3.761  42.680 0.0000000000
72097  -54.344  0.205  44.145 0.0000000000
65788  -56.030  -3.921  43.533 0.0000000000
64620  -54.712  -4.695  40.894 0.0000000000
65896  -55.174  -4.683  38.876 0.0000000000
72178  -56.899  0.321  37.997 0.0000000000
45400  -18.367  -20.495  59.384 0.0000000000
46630  -17.528  -19.136  52.349 0.0000000000
49832  -21.565  -17.030  56.043 0.0000000000
48743  -19.655  -17.693  51.988 0.0000000000
44313  -27.830  -21.451  58.138 0.0000000000
43173  -26.475  -23.008  54.438 0.0000000000
43213  -25.310  -22.902  51.206 0.0000000000
44454  -25.780  -22.288  49.110 0.0000000000
56046  -43.283  -11.040  50.999 0.0000000000
57287  -43.773  -10.766  50.192 0.0000000000
57245  -43.947  -10.637  51.295 0.0000000000
56023  -42.134  -11.920  52.457 0.0000000000
53590  -41.765  -12.769  52.189 0.0000000000
54761  -42.025  -12.109  51.523 0.0000000000
54793  -42.398  -11.853  49.766 0.0000000000
65920  -50.010  -4.063  38.512 0.0000000000
65945  -51.888  -4.171  37.482 0.0000000000
65972  -52.674  -4.293  36.503 0.0000000000
65922  -52.249  -4.211  38.454 0.0000000000
44207  -28.881  -21.561  63.410 0.0000000000
44235  -28.016  -22.482  62.446 0.0000000000
43052  -28.723  -22.997  62.057 0.0000000000
59934  -36.603  -9.315  39.087 0.0000000000
59926  -38.589  -8.664  39.803 0.0000000000
63452  -46.663  -5.696  46.340 0.0000000000
62338  -45.291  -5.892  44.824 0.0000000000
63464  -46.776  -5.433  45.486 0.0000000000
65800  -47.377  -4.417  44.384 0.0000000000
64579  -47.483  -4.677  45.243 0.0000000000
47625  -38.418  -18.713  57.584 0.0000000000
45444  -36.998  -19.381  57.422 0.0000000000
46578  -38.396  -18.733  56.899 0.0000000000
51255  -34.302  -15.964  45.028 0.0000000000
50003  -33.547  -16.531  46.168 0.0000000000
50041  -32.600  -16.319  44.939 0.0000000000
50057  -31.490  -16.724  43.508 0.0000000000
59916  -36.857  -10.222  41.275 0.0000000000
58685  -35.651  -10.715  40.147 0.0000000000
58703  -36.157  -10.044  39.958 0.0000000000
72174  -51.509  0.270  38.675 0.0000000000
73380  -51.133  1.064  36.814 0.0000000000
70944  -54.170  -0.746  37.574 0.0000000000
74524  -53.113  1.553  36.606 0.0000000000
51050  -22.032  -16.091  63.917 0.0000000000
51077  -21.180  -16.598  61.961 0.0000000000
49771  -22.486  -16.700  61.230 0.0000000000
45516  -23.085  -21.954  51.650 0.0000000000
46670  -23.145  -20.173  50.608 0.0000000000
45558  -23.426  -21.454  49.255 0.0000000000
44473  -22.735  -22.164  48.205 0.0000000000
43266  -23.378  -23.039  48.361 0.0000000000
48712  -29.387  -18.110  53.622 0.0000000000
48711  -28.331  -18.204  53.724 0.0000000000
48748  -27.592  -18.028  51.784 0.0000000000
58585  -40.381  -10.178  45.726 0.0000000000
59851  -41.047  -9.141  44.966 0.0000000000
59811  -41.885  -9.409  46.760 0.0000000000
58511  -45.008  -8.879  49.130 0.0000000000
58564  -44.014  -8.538  47.692 0.0000000000
59795  -45.377  -8.033  48.430 0.0000000000
61058  -45.788  -6.957  47.586 0.0000000000
61027  -46.276  -7.413  48.835 0.0000000000
51124  -41.943  -15.853  55.804 0.0000000000
48700  -40.770  -16.915  55.416 0.0000000000
49873  -40.619  -15.496  54.532 0.0000000000
52430  -40.530  -14.468  49.411 0.0000000000
52399  -39.562  -14.868  50.787 0.0000000000
52428  -38.899  -14.844  49.005 0.0000000000
52463  -37.504  -15.034  47.549 0.0000000000
53634  -37.625  -14.711  46.832 0.0000000000
53658  -36.789  -14.229  44.705 0.0000000000
53635  -38.591  -14.057  46.685 0.0000000000
56114  -40.719  -11.658  47.468 0.0000000000
54848  -39.345  -12.153  46.077 0.0000000000
56134  -40.198  -11.348  46.591 0.0000000000
57403  -38.419  -11.081  44.050 0.0000000000
47554  -25.312  -19.062  64.198 0.0000000000
47575  -25.629  -18.936  62.334 0.0000000000
46506  -26.095  -19.768  61.846 0.0000000000
44290  -25.645  -22.219  58.384 0.0000000000
44289  -25.381  -21.593  58.461 0.0000000000
44334  -24.817  -21.915  56.421 0.0000000000
44348  -24.056  -21.860  55.160 0.0000000000
43171  -24.879  -22.579  54.933 0.0000000000
61110  -42.388  -7.984  43.893 0.0000000000
61129  -41.027  -8.204  41.503 0.0000000000
61123  -42.609  -7.194  42.668 0.0000000000
63508  -44.074  -5.880  41.900 0.0000000000
62376  -43.494  -6.371  41.280 0.0000000000
63528  -43.752  -5.780  39.930 0.0000000000
65845  -47.617  -4.058  41.918 0.0000000000
64616  -47.468  -4.263  40.939 0.0000000000
65863  -48.190  -4.120  41.087 0.0000000000
65864  -49.018  -3.994  40.651 0.0000000000
65847  -49.984  -3.848  41.504 0.0000000000
44264  -34.858  -22.032  60.727 0.0000000000
43104  -33.404  -22.800  59.804 0.0000000000
43124  -34.842  -22.286  59.525 0.0000000000
45457  -35.410  -19.652  56.153 0.0000000000
46577  -34.436  -19.888  56.473 0.0000000000
47666  -34.007  -18.799  55.191 0.0000000000
47678  -32.277  -18.626  54.809 0.0000000000
48697  -33.015  -18.366  53.494 0.0000000000
48734  -37.758  -17.360  53.142 0.0000000000
46635  -37.198  -18.177  53.314 0.0000000000
47742  -36.148  -18.087  51.336 0.0000000000
48832  -32.939  -17.988  48.100 0.0000000000
47760  -33.980  -18.092  49.836 0.0000000000
48792  -32.867  -17.951  49.605 0.0000000000
48772  -32.027  -17.869  50.548 0.0000000000
53712  -35.331  -13.819  42.138 0.0000000000
49791  -37.361  -17.467  59.581 0.0000000000
52318  -41.118  -14.248  57.849 0.0000000000
60954  -45.185  -8.328  52.745 0.0000000000
63389  -48.982  -6.255  53.044 0.0000000000
63412  -50.035  -6.506  51.534 0.0000000000
62265  -49.092  -6.505  50.477 0.0000000000
64527  -50.343  -5.752  51.134 0.0000000000
67001  -52.200  -3.120  49.334 0.0000000000
65706  -51.231  -4.254  49.435 0.0000000000
67017  -51.129  -3.147  48.446 0.0000000000
67048  -50.407  -3.099  46.621 0.0000000000
67033  -52.006  -2.310  47.272 0.0000000000
68274  -54.360  -2.526  46.506 0.0000000000
67070  -53.199  -3.270  45.646 0.0000000000
65764  -53.308  -3.836  45.084 0.0000000000
65805  -52.770  -3.691  43.439 0.0000000000
65786  -54.433  -3.947  44.116 0.0000000000
74418  -54.072  1.735  43.380 0.0000000000
68328  -55.647  -2.854  41.794 0.0000000000
69556  -54.284  -1.608  42.777 0.0000000000
67111  -56.626  -3.550  42.467 0.0000000000
65830  -55.227  -3.091  42.096 0.0000000000
64606  -55.861  -4.223  40.995 0.0000000000
64665  -54.659  -4.969  39.499 0.0000000000
64622  -55.659  -4.111  40.174 0.0000000000
67157  -57.516  -3.948  38.041 0.0000000000
64669  -56.676  -4.206  38.081 0.0000000000
64694  -57.659  -4.178  37.382 0.0000000000
75654  -55.485  3.525  39.147 0.0000000000
74492  -56.095  2.118  38.630 0.0000000000
73347  -56.926  2.083  38.825 0.0000000000
48638  -19.291  -18.435  58.218 0.0000000000
47631  -19.094  -19.171  57.579 0.0000000000
47642  -19.050  -19.056  56.570 0.0000000000
46613  -17.714  -19.411  53.667 0.0000000000
47687  -18.614  -18.470  53.869 0.0000000000
49812  -23.592  -17.585  57.796 0.0000000000
49811  -22.570  -17.084  58.037 0.0000000000
49833  -22.418  -17.502  55.594 0.0000000000
49882  -20.855  -17.676  52.804 0.0000000000
45582  -20.799  -20.748  48.367 0.0000000000
45404  -30.260  -21.397  58.589 0.0000000000
44292  -29.308  -21.820  58.880 0.0000000000
45417  -28.795  -21.058  58.303 0.0000000000
45486  -26.836  -21.017  53.803 0.0000000000
44365  -27.186  -21.915  54.910 0.0000000000
43183  -26.723  -22.238  53.759 0.0000000000
43194  -25.530  -23.152  52.368 0.0000000000
43214  -25.712  -22.512  51.360 0.0000000000
43268  -25.309  -23.375  48.526 0.0000000000
57331  -42.227  -10.931  48.331 0.0000000000
58536  -42.599  -10.141  48.079 0.0000000000
57332  -43.074  -10.700  48.704 0.0000000000
57311  -44.446  -9.705  49.662 0.0000000000
58469  -45.483  -8.798  50.489 0.0000000000
53562  -42.202  -13.753  54.763 0.0000000000
52377  -41.289  -14.181  53.814 0.0000000000
52391  -41.394  -13.429  52.710 0.0000000000
53593  -41.584  -13.552  50.756 0.0000000000
53602  -41.032  -14.071  49.301 0.0000000000
53624  -40.311  -13.058  47.941 0.0000000000
54809  -41.568  -12.585  48.976 0.0000000000
54827  -41.918  -11.835  48.711 0.0000000000
65973  -53.735  -4.328  36.598 0.0000000000
45337  -26.434  -21.090  63.837 0.0000000000
45364  -26.470  -20.696  61.830 0.0000000000
44234  -27.278  -21.731  61.903 0.0000000000
44263  -27.073  -21.659  60.070 0.0000000000
43097  -26.514  -22.256  58.852 0.0000000000
61094  -43.867  -6.923  44.824 0.0000000000
61124  -43.266  -6.713  43.125 0.0000000000
62353  -44.377  -6.052  43.862 0.0000000000
63492  -44.901  -5.506  43.399 0.0000000000
63509  -44.860  -5.256  42.415 0.0000000000
64614  -45.173  -4.743  41.489 0.0000000000
64599  -45.845  -4.660  42.783 0.0000000000
65824  -47.192  -4.124  43.215 0.0000000000
65801  -48.260  -3.935  44.008 0.0000000000
44282  -36.502  -21.044  59.031 0.0000000000
44318  -36.124  -21.164  58.524 0.0000000000
45425  -36.550  -20.306  58.168 0.0000000000
45459  -36.357  -19.373  56.367 0.0000000000
46604  -35.977  -19.216  54.863 0.0000000000
49949  -35.917  -16.828  49.704 0.0000000000
47763  -35.880  -17.856  50.421 0.0000000000
48853  -34.691  -16.811  48.264 0.0000000000
48850  -33.189  -17.423  47.077 0.0000000000
48865  -32.292  -17.528  46.163 0.0000000000
48863  -30.925  -17.700  45.438 0.0000000000
48890  -31.098  -17.361  44.210 0.0000000000
56193  -35.697  -12.450  41.395 0.0000000000
56206  -34.989  -12.248  39.829 0.0000000000
69472  -53.047  -1.475  49.129 0.0000000000
68255  -53.187  -2.287  48.113 0.0000000000
70742  -53.832  -0.730  48.195 0.0000000000
70743  -54.406  -0.625  47.498 0.0000000000
70759  -54.937  -0.861  46.333 0.0000000000
74453  -51.337  2.418  40.244 0.0000000000
73324  -53.385  1.156  41.517 0.0000000000
73333  -52.374  1.245  40.258 0.0000000000
70905  -53.183  -1.046  40.199 0.0000000000
68343  -55.682  -2.871  40.531 0.0000000000
67142  -55.955  -3.389  40.596 0.0000000000
69594  -55.883  -2.549  39.652 0.0000000000
69615  -56.379  -2.291  38.896 0.0000000000
69639  -56.727  -1.719  38.159 0.0000000000
75657  -58.525  3.673  38.944 0.0000000000
74494  -58.248  2.515  38.454 0.0000000000
74511  -57.750  2.881  37.228 0.0000000000
49747  -19.948  -17.400  63.042 0.0000000000
48585  -19.617  -18.053  62.535 0.0000000000
49755  -20.269  -17.138  62.081 0.0000000000
49785  -19.885  -17.345  60.215 0.0000000000
49809  -20.376  -17.242  58.592 0.0000000000
47658  -23.200  -19.447  54.757 0.0000000000
48690  -22.362  -18.595  53.828 0.0000000000
47702  -22.546  -19.342  52.283 0.0000000000
47736  -22.776  -19.008  49.946 0.0000000000
48809  -22.378  -19.027  47.969 0.0000000000
45583  -21.633  -21.132  47.893 0.0000000000
45584  -22.511  -21.234  47.697 0.0000000000
47662  -30.257  -18.847  55.962 0.0000000000
47645  -28.926  -19.684  56.879 0.0000000000
47675  -28.796  -18.694  55.230 0.0000000000
47690  -27.120  -19.540  54.154 0.0000000000
46632  -26.173  -20.321  52.247 0.0000000000
59893  -38.165  -10.053  42.728 0.0000000000
59909  -39.309  -8.851  41.987 0.0000000000
59895  -40.190  -8.875  43.104 0.0000000000
59875  -41.667  -8.668  44.332 0.0000000000
61092  -42.621  -8.094  44.704 0.0000000000
58562  -42.866  -9.305  47.614 0.0000000000
59834  -43.410  -8.001  46.344 0.0000000000
61076  -43.887  -7.358  45.852 0.0000000000
61077  -44.674  -6.885  46.236 0.0000000000
62311  -45.997  -6.385  46.876 0.0000000000
62312  -46.871  -5.801  47.160 0.0000000000
49825  -40.818  -17.416  57.025 0.0000000000
47651  -39.926  -18.939  56.174 0.0000000000
47668  -40.475  -18.446  55.445 0.0000000000
48718  -39.130  -16.978  54.482 0.0000000000
51152  -38.182  -16.501  52.844 0.0000000000
51168  -40.012  -14.810  52.400 0.0000000000
51166  -38.108  -15.887  51.943 0.0000000000
51184  -37.305  -16.436  51.200 0.0000000000
52425  -36.727  -15.645  48.638 0.0000000000
52476  -35.749  -15.489  46.016 0.0000000000
52490  -34.950  -15.651  44.595 0.0000000000
52520  -34.766  -14.994  43.100 0.0000000000
53672  -36.085  -14.581  43.712 0.0000000000
53673  -36.807  -13.879  43.650 0.0000000000
53691  -36.809  -13.477  42.821 0.0000000000
53648  -38.946  -12.612  45.928 0.0000000000
53660  -38.124  -12.801  44.683 0.0000000000
54882  -37.340  -12.719  42.896 0.0000000000
57425  -37.505  -11.902  42.778 0.0000000000
58638  -37.686  -10.862  42.887 0.0000000000
75668  -53.437  3.277  37.804 0.0000000000
76779  -53.565  4.602  39.045 0.0000000000
76780  -54.727  4.725  39.331 0.0000000000
76782  -56.346  4.744  40.063 0.0000000000
76783  -57.202  4.911  39.943 0.0000000000
79264  -58.016  6.116  38.951 0.0000000000
49748  -23.921  -16.730  63.800 0.0000000000
49772  -23.829  -17.172  61.572 0.0000000000
49773  -24.477  -17.522  62.316 0.0000000000
48614  -24.418  -18.383  59.730 0.0000000000
47623  -24.589  -19.290  58.040 0.0000000000
45375  -26.121  -20.614  60.591 0.0000000000
46549  -24.922  -20.143  58.551 0.0000000000
46570  -24.271  -20.201  56.525 0.0000000000
46599  -23.528  -20.845  54.565 0.0000000000
45496  -23.290  -21.775  52.799 0.0000000000
44390  -23.557  -22.542  52.454 0.0000000000
61134  -40.230  -8.233  40.558 0.0000000000
61140  -40.275  -8.000  39.539 0.0000000000
62375  -42.824  -6.800  41.709 0.0000000000
65889  -49.336  -4.057  39.589 0.0000000000
65866  -51.218  -4.145  40.333 0.0000000000
43055  -31.997  -22.930  62.247 0.0000000000
43067  -30.673  -23.315  61.508 0.0000000000
43084  -32.575  -23.252  60.745 0.0000000000
44278  -31.851  -22.604  59.408 0.0000000000
45420  -31.900  -20.890  58.104 0.0000000000
44316  -34.680  -21.537  58.188 0.0000000000
45421  -33.230  -20.941  57.849 0.0000000000
46574  -31.810  -19.679  57.271 0.0000000000
47663  -31.254  -18.837  55.940 0.0000000000
48695  -31.348  -18.394  54.199 0.0000000000
48730  -30.610  -18.137  52.588 0.0000000000
46607  -38.269  -18.081  55.229 0.0000000000
46621  -36.837  -18.772  54.049 0.0000000000
47693  -35.488  -18.886  53.290 0.0000000000
47741  -35.759  -18.363  50.935 0.0000000000
47722  -34.907  -18.939  51.432 0.0000000000
47704  -34.060  -18.556  52.540 0.0000000000
48732  -32.455  -18.153  52.068 0.0000000000
48752  -31.603  -18.057  51.336 0.0000000000
52534  -33.083  -15.010  41.620 0.0000000000
57222  -42.707  -10.500  52.652 0.0000000000
58423  -43.041  -9.950  52.268 0.0000000000
51025  -20.417  -16.499  65.482 0.0000000000
49732  -23.923  -16.480  65.441 0.0000000000
48554  -24.654  -17.093  65.087 0.0000000000
48555  -25.257  -17.593  65.660 0.0000000000
45328  -27.499  -20.734  64.793 0.0000000000
46486  -28.833  -20.495  64.332 0.0000000000
45352  -30.148  -21.286  63.427 0.0000000000
45353  -31.054  -21.308  63.294 0.0000000000
45366  -32.964  -21.426  62.324 0.0000000000
45377  -34.084  -21.395  61.713 0.0000000000
45379  -35.375  -21.096  60.830 0.0000000000
48604  -35.260  -18.458  60.814 0.0000000000
46534  -36.021  -20.137  60.358 0.0000000000
47604  -36.846  -19.235  59.728 0.0000000000
48630  -38.042  -18.248  58.549 0.0000000000
49813  -38.834  -17.537  57.829 0.0000000000
51115  -39.719  -17.133  57.347 0.0000000000
51117  -41.097  -16.383  57.296 0.0000000000
52346  -41.593  -14.727  56.962 0.0000000000
57202  -42.574  -11.622  53.668 0.0000000000
59716  -44.764  -9.355  52.082 0.0000000000
58426  -45.425  -9.127  51.547 0.0000000000
59735  -46.167  -8.386  51.470 0.0000000000
62206  -47.537  -7.182  53.220 0.0000000000
60977  -48.496  -7.883  52.211 0.0000000000
61000  -47.370  -7.595  50.907 0.0000000000
62263  -47.454  -6.620  49.554 0.0000000000
62280  -47.973  -6.141  49.184 0.0000000000
64552  -48.380  -5.154  48.027 0.0000000000
64537  -50.787  -4.983  49.823 0.0000000000
65720  -49.600  -4.167  48.887 0.0000000000
64561  -48.425  -4.652  47.392 0.0000000000
65762  -49.067  -3.801  45.830 0.0000000000
67087  -49.842  -3.418  45.211 0.0000000000
67108  -49.816  -3.359  44.449 0.0000000000
67050  -52.303  -2.098  46.135 0.0000000000
67089  -51.584  -3.075  44.607 0.0000000000
65803  -50.745  -3.409  43.544 0.0000000000
65827  -51.075  -3.759  42.310 0.0000000000
64617  -51.740  -3.946  41.686 0.0000000000
64618  -52.556  -4.538  41.192 0.0000000000
73286  -55.116  0.977  45.321 0.0000000000
69517  -55.285  -1.930  45.084 0.0000000000
72125  -53.618  -0.090  42.958 0.0000000000
69533  -54.626  -1.756  44.336 0.0000000000
67091  -55.410  -3.856  44.800 0.0000000000
65807  -54.838  -3.153  43.305 0.0000000000
64619  -53.696  -4.768  41.134 0.0000000000
65868  -52.930  -4.918  39.927 0.0000000000
65893  -53.451  -4.770  39.199 0.0000000000
65924  -54.097  -4.635  38.416 0.0000000000
65948  -54.818  -4.557  37.607 0.0000000000
64643  -56.169  -4.198  38.884 0.0000000000
65927  -55.815  -4.441  38.239 0.0000000000
65975  -55.651  -4.504  36.859 0.0000000000
73362  -54.782  1.781  37.637 0.0000000000
72177  -56.259  0.264  38.063 0.0000000000
69640  -57.218  -2.177  37.836 0.0000000000
72179  -57.356  0.381  37.546 0.0000000000
70947  -57.691  -1.956  36.817 0.0000000000
137668  -58.973  -3.291  37.005 0.0000000000
47612  -19.101  -19.344  59.461 0.0000000000
49799  -22.288  -17.083  59.185 0.0000000000
49810  -21.405  -17.049  58.337 0.0000000000
49831  -20.580  -17.136  56.560 0.0000000000
49855  -21.623  -17.794  53.946 0.0000000000
49868  -20.179  -17.501  53.987 0.0000000000
48688  -19.240  -17.926  54.515 0.0000000000
47717  -18.187  -18.530  51.851 0.0000000000
43081  -29.343  -23.061  60.383 0.0000000000
43099  -28.094  -21.790  59.477 0.0000000000
43140  -26.729  -22.284  57.401 0.0000000000
45437  -27.557  -20.910  57.083 0.0000000000
43154  -26.996  -21.993  56.478 0.0000000000
43162  -26.468  -23.037  55.565 0.0000000000
43172  -25.730  -23.022  54.671 0.0000000000
43193  -24.860  -23.159  52.744 0.0000000000
43227  -24.008  -22.906  51.030 0.0000000000
47720  -26.224  -19.336  51.652 0.0000000000
46651  -26.074  -20.533  51.035 0.0000000000
45517  -25.901  -21.615  50.357 0.0000000000
44431  -25.529  -22.226  49.789 0.0000000000
43246  -25.098  -23.004  49.160 0.0000000000
43245  -24.357  -22.997  49.264 0.0000000000
56035  -43.203  -10.956  51.260 0.0000000000
56034  -42.493  -11.381  51.562 0.0000000000
56045  -42.611  -11.474  50.876 0.0000000000
65921  -51.180  -4.123  38.486 0.0000000000
44220  -29.670  -22.018  63.079 0.0000000000
43041  -28.984  -22.605  62.498 0.0000000000
43053  -29.810  -22.780  62.299 0.0000000000
59925  -37.601  -9.021  39.982 0.0000000000
59918  -38.393  -8.862  40.777 0.0000000000
63465  -47.024  -5.363  46.120 0.0000000000
64568  -47.099  -5.148  45.446 0.0000000000
64569  -47.440  -4.883  45.943 0.0000000000
47636  -38.990  -18.851  57.134 0.0000000000
46565  -38.058  -18.850  57.423 0.0000000000
47650  -39.268  -18.768  56.676 0.0000000000
51266  -34.247  -15.748  44.334 0.0000000000
51254  -33.727  -16.188  45.360 0.0000000000
59924  -36.784  -9.715  40.378 0.0000000000
75678  -50.614  2.526  37.536 0.0000000000
73379  -50.524  1.210  37.534 0.0000000000
74506  -50.887  1.999  37.044 0.0000000000
73398  -51.883  1.003  36.385 0.0000000000
74507  -51.897  2.304  36.953 0.0000000000
51063  -21.948  -16.200  62.910 0.0000000000
51079  -22.907  -16.451  62.249 0.0000000000
45535  -23.272  -21.421  50.435 0.0000000000
44453  -23.437  -22.069  49.779 0.0000000000
44474  -23.369  -22.181  48.855 0.0000000000
49883  -29.084  -17.829  52.226 0.0000000000
48728  -28.552  -17.954  52.567 0.0000000000
48749  -28.219  -17.860  51.891 0.0000000000
58586  -40.881  -10.317  46.518 0.0000000000
58560  -41.459  -10.181  47.175 0.0000000000
58488  -45.465  -8.598  49.783 0.0000000000
58539  -44.891  -8.540  48.524 0.0000000000
59775  -45.552  -8.243  48.994 0.0000000000
59796  -45.845  -7.775  48.755 0.0000000000
59776  -45.907  -7.884  49.415 0.0000000000
51129  -41.692  -15.116  55.392 0.0000000000
51128  -41.405  -15.755  55.507 0.0000000000
51133  -41.360  -14.847  54.780 0.0000000000
52429  -39.814  -14.657  49.191 0.0000000000
53612  -39.378  -14.498  48.400 0.0000000000
53622  -38.585  -14.630  47.721 0.0000000000
57351  -41.133  -11.367  47.676 0.0000000000
57350  -40.942  -10.937  47.191 0.0000000000
57369  -39.691  -10.948  45.719 0.0000000000
46481  -25.649  -19.615  63.590 0.0000000000
46494  -25.881  -20.152  63.376 0.0000000000
43117  -25.839  -22.474  58.286 0.0000000000
44312  -25.377  -22.064  57.929 0.0000000000
43150  -25.341  -22.142  56.998 0.0000000000
43160  -25.188  -22.338  56.075 0.0000000000
61122  -41.659  -7.949  42.601 0.0000000000
63520  -44.376  -5.356  41.380 0.0000000000
63519  -43.882  -5.864  40.818 0.0000000000
65825  -48.517  -3.822  42.853 0.0000000000
65846  -48.843  -3.880  41.752 0.0000000000
44265  -35.410  -21.869  60.401 0.0000000000
43106  -35.033  -22.261  59.996 0.0000000000
44280  -35.707  -22.082  59.965 0.0000000000
46603  -35.359  -19.033  54.937 0.0000000000
46602  -34.674  -19.031  55.322 0.0000000000
47679  -33.328  -18.532  54.418 0.0000000000
47680  -34.537  -18.634  54.410 0.0000000000
48776  -36.773  -17.643  52.013 0.0000000000
47726  -36.876  -17.704  52.287 0.0000000000
47743  -36.460  -17.818  51.634 0.0000000000
48813  -32.850  -18.036  48.837 0.0000000000
48812  -32.219  -18.028  49.049 0.0000000000
49965  -31.138  -17.803  48.165 0.0000000000
53713  -36.010  -13.353  42.325 0.0000000000
53734  -35.276  -13.228  41.438 0.0000000000
64521  -50.256  -5.768  52.001 0.0000000000
69458  -52.490  -1.555  49.684 0.0000000000
68231  -52.268  -2.393  49.918 0.0000000000
67018  -52.098  -3.012  48.248 0.0000000000
67053  -54.423  -3.201  46.155 0.0000000000
67071  -53.964  -3.755  45.818 0.0000000000
65785  -53.490  -3.713  44.235 0.0000000000
65765  -54.191  -4.166  45.038 0.0000000000
75616  -53.238  2.950  42.573 0.0000000000
75606  -53.788  2.631  43.425 0.0000000000
74426  -53.533  2.178  42.152 0.0000000000
68319  -56.370  -3.221  42.127 0.0000000000
65810  -56.955  -3.947  42.002 0.0000000000
65831  -55.961  -3.756  42.035 0.0000000000
65832  -56.429  -4.162  41.875 0.0000000000
64621  -55.363  -4.431  40.570 0.0000000000
64607  -55.887  -3.719  40.768 0.0000000000
65898  -57.929  -3.932  37.812 0.0000000000
64671  -58.175  -4.161  38.212 0.0000000000
64713  -58.191  -4.372  37.812 0.0000000000
137649  -58.050  -4.077  37.808 0.0000000000
74472  -56.415  2.745  39.246 0.0000000000
74473  -57.515  2.695  39.279 0.0000000000
48573  -19.421  -18.875  63.077 0.0000000000
48648  -19.321  -18.333  57.276 0.0000000000
47657  -19.036  -18.770  55.757 0.0000000000
47671  -18.863  -18.744  54.914 0.0000000000
48651  -23.700  -18.346  56.530 0.0000000000
49823  -23.604  -17.868  57.126 0.0000000000
48650  -23.106  -17.947  55.948 0.0000000000
46724  -20.546  -20.024  48.070 0.0000000000
45419  -30.877  -20.824  58.239 0.0000000000
45418  -29.909  -20.863  58.285 0.0000000000
46560  -29.443  -20.447  57.876 0.0000000000
45485  -26.376  -21.154  52.836 0.0000000000
44377  -26.619  -21.859  53.364 0.0000000000
44391  -26.286  -21.999  52.449 0.0000000000
56095  -42.870  -11.285  49.034 0.0000000000
57309  -43.175  -11.027  49.179 0.0000000000
57269  -44.565  -10.285  50.843 0.0000000000
57288  -44.413  -10.208  50.233 0.0000000000
58487  -45.065  -9.393  49.990 0.0000000000
58468  -45.023  -9.599  50.667 0.0000000000
53577  -41.923  -13.052  53.971 0.0000000000
53576  -41.610  -13.375  53.618 0.0000000000
53586  -41.710  -12.894  52.992 0.0000000000
53594  -41.794  -12.997  51.022 0.0000000000
53589  -41.644  -13.181  51.983 0.0000000000
53603  -41.496  -13.674  49.873 0.0000000000
53614  -41.186  -13.212  48.833 0.0000000000
53615  -41.659  -12.828  49.494 0.0000000000
54810  -42.046  -12.050  49.149 0.0000000000
56075  -42.551  -11.546  49.128 0.0000000000
56093  -41.809  -11.569  48.399 0.0000000000
65970  -50.425  -4.119  36.455 0.0000000000
45338  -27.217  -21.181  64.188 0.0000000000
44217  -26.698  -21.493  62.785 0.0000000000
44218  -27.490  -21.856  63.231 0.0000000000
43051  -27.908  -22.605  61.592 0.0000000000
43050  -27.633  -21.892  61.130 0.0000000000
43063  -27.430  -21.684  60.403 0.0000000000
43078  -26.918  -21.852  59.628 0.0000000000
43079  -27.691  -21.761  59.986 0.0000000000
61149  -38.608  -8.505  38.609 0.0000000000
62337  -44.522  -6.429  44.778 0.0000000000
63477  -45.814  -5.495  44.454 0.0000000000
62354  -45.166  -5.602  44.124 0.0000000000
63510  -45.295  -5.144  43.110 0.0000000000
64586  -45.979  -4.855  43.506 0.0000000000
45408  -36.812  -20.286  58.663 0.0000000000
44300  -36.531  -20.799  58.716 0.0000000000
45460  -37.034  -18.967  56.643 0.0000000000
45443  -36.424  -19.698  57.333 0.0000000000
46591  -36.143  -19.326  55.625 0.0000000000
45472  -36.456  -19.162  55.708 0.0000000000
49966  -35.499  -16.603  48.934 0.0000000000
49985  -34.954  -16.551  47.989 0.0000000000
48880  -32.952  -16.798  46.149 0.0000000000
48867  -33.401  -16.931  46.741 0.0000000000
48866  -32.837  -17.285  46.469 0.0000000000
48877  -31.524  -17.505  44.978 0.0000000000
48878  -31.921  -17.324  45.383 0.0000000000
56194  -36.124  -12.132  41.646 0.0000000000
56207  -35.562  -12.189  40.762 0.0000000000
56208  -35.903  -11.790  41.136 0.0000000000
70722  -53.251  -0.714  48.917 0.0000000000
69473  -53.423  -1.473  48.509 0.0000000000
73261  -54.231  1.270  47.401 0.0000000000
72043  -54.719  0.257  46.970 0.0000000000
69499  -54.807  -1.258  46.616 0.0000000000
72044  -54.898  -0.324  46.555 0.0000000000
74488  -49.828  2.511  38.793 0.0000000000
74468  -49.533  2.877  39.497 0.0000000000
74469  -50.050  2.507  39.596 0.0000000000
74470  -50.748  2.323  39.669 0.0000000000
73332  -51.800  1.746  40.060 0.0000000000
73345  -51.231  1.694  39.579 0.0000000000
70917  -51.836  -0.042  38.505 0.0000000000
70903  -52.497  -0.142  39.328 0.0000000000
69611  -53.236  -1.195  39.614 0.0000000000
69592  -54.585  -1.893  40.587 0.0000000000
69593  -55.332  -2.367  40.081 0.0000000000
69613  -54.825  -1.980  39.404 0.0000000000
69662  -55.246  -0.979  37.897 0.0000000000
69637  -55.361  -1.458  38.317 0.0000000000
69638  -56.168  -1.574  38.340 0.0000000000
69616  -56.903  -2.328  38.456 0.0000000000
70922  -55.987  -0.709  38.022 0.0000000000
76796  -58.559  4.548  38.435 0.0000000000
75671  -58.484  3.606  37.923 0.0000000000
51048  -20.300  -16.766  63.386 0.0000000000
51061  -20.338  -16.922  62.757 0.0000000000
49770  -21.122  -16.731  61.322 0.0000000000
49786  -20.665  -16.979  60.265 0.0000000000
49797  -20.122  -17.258  59.493 0.0000000000
46615  -23.253  -20.323  53.776 0.0000000000
47688  -22.684  -19.406  53.290 0.0000000000
47719  -22.596  -19.249  51.197 0.0000000000
47737  -23.278  -19.805  49.593 0.0000000000
47754  -23.014  -19.382  48.732 0.0000000000
47795  -22.409  -20.014  47.465 0.0000000000
46727  -23.102  -20.824  48.037 0.0000000000
42022  -22.381  -23.948  47.977 0.0000000000
43265  -22.336  -22.898  47.976 0.0000000000
48680  -30.217  -18.613  55.333 0.0000000000
47661  -29.111  -19.036  56.033 0.0000000000
48679  -29.631  -18.613  55.309 0.0000000000
48710  -27.453  -18.739  53.848 0.0000000000
48709  -26.855  -19.171  53.537 0.0000000000
47689  -26.705  -19.703  53.546 0.0000000000
47703  -26.421  -19.380  52.838 0.0000000000
59872  -38.855  -9.874  43.507 0.0000000000
59894  -39.186  -9.200  42.780 0.0000000000
59873  -39.690  -9.322  43.746 0.0000000000
59852  -41.870  -8.822  45.217 0.0000000000
59876  -42.275  -8.410  44.673 0.0000000000
59853  -42.596  -8.334  45.343 0.0000000000
58537  -43.316  -9.635  48.261 0.0000000000
59814  -43.731  -8.268  47.197 0.0000000000
59835  -43.935  -7.755  46.746 0.0000000000
61075  -43.376  -7.743  45.694 0.0000000000
61056  -44.379  -7.373  46.727 0.0000000000
62294  -46.176  -6.705  47.674 0.0000000000
49826  -41.581  -17.122  56.635 0.0000000000
48666  -41.335  -18.191  55.920 0.0000000000
48667  -41.750  -17.522  55.682 0.0000000000
49872  -40.235  -15.941  54.540 0.0000000000
49857  -39.706  -16.848  55.077 0.0000000000
49887  -39.262  -16.359  53.765 0.0000000000
49886  -38.569  -16.648  53.426 0.0000000000
51153  -38.809  -15.989  53.000 0.0000000000
52381  -40.831  -14.088  52.742 0.0000000000
51155  -40.456  -14.651  53.010 0.0000000000
51169  -40.398  -14.471  52.297 0.0000000000
52398  -38.643  -15.216  50.794 0.0000000000
52386  -39.003  -15.039  51.553 0.0000000000
51201  -37.646  -15.629  49.992 0.0000000000
51200  -36.903  -16.062  49.986 0.0000000000
52426  -37.259  -15.428  48.944 0.0000000000
53633  -36.928  -14.975  46.588 0.0000000000
52462  -36.874  -15.203  47.228 0.0000000000
52477  -36.442  -15.177  46.546 0.0000000000
53644  -36.006  -15.075  45.414 0.0000000000
52505  -35.510  -15.177  44.192 0.0000000000
53657  -36.120  -14.855  44.792 0.0000000000
53674  -37.382  -13.238  43.600 0.0000000000
53636  -39.274  -13.260  46.821 0.0000000000
53637  -39.687  -12.529  47.032 0.0000000000
54857  -38.742  -12.062  45.292 0.0000000000
53661  -38.520  -12.452  45.216 0.0000000000
54869  -38.077  -12.135  44.286 0.0000000000
53675  -37.589  -12.698  43.559 0.0000000000
54883  -37.553  -12.333  43.270 0.0000000000
54899  -37.385  -12.311  42.777 0.0000000000
56165  -37.890  -11.727  43.659 0.0000000000
57387  -38.843  -10.664  44.407 0.0000000000
58639  -38.260  -10.640  43.393 0.0000000000
78073  -53.848  5.452  39.599 0.0000000000
78074  -54.589  5.540  39.719 0.0000000000
76762  -55.193  5.255  39.720 0.0000000000
76763  -55.748  5.303  40.081 0.0000000000
78056  -56.570  6.073  40.203 0.0000000000
78057  -57.156  5.899  39.893 0.0000000000
78075  -57.719  5.590  39.385 0.0000000000
79263  -57.430  6.576  39.387 0.0000000000
48565  -24.626  -17.296  64.273 0.0000000000
48586  -24.541  -17.453  62.973 0.0000000000
48587  -24.971  -17.978  62.857 0.0000000000
47586  -25.513  -19.129  61.238 0.0000000000
48615  -24.909  -18.562  60.675 0.0000000000
47600  -24.769  -19.220  59.622 0.0000000000
47613  -24.698  -19.417  59.084 0.0000000000
44249  -26.374  -20.762  60.746 0.0000000000
45376  -26.453  -20.686  61.104 0.0000000000
45415  -25.100  -21.190  57.866 0.0000000000
45402  -25.173  -20.865  58.451 0.0000000000
45401  -24.965  -20.674  57.909 0.0000000000
46558  -24.701  -20.120  57.519 0.0000000000
46585  -23.642  -20.261  55.480 0.0000000000
45436  -24.220  -20.996  56.144 0.0000000000
44363  -23.930  -22.127  54.418 0.0000000000
45469  -23.750  -21.530  54.687 0.0000000000
44376  -23.731  -22.295  53.455 0.0000000000
61120  -39.900  -8.758  42.390 0.0000000000
61128  -39.965  -8.519  41.560 0.0000000000
61130  -41.902  -7.498  41.494 0.0000000000
61135  -41.246  -7.838  40.427 0.0000000000
62366  -43.080  -6.710  42.568 0.0000000000
62387  -42.862  -6.560  39.485 0.0000000000
64664  -48.365  -4.225  39.463 0.0000000000
65890  -50.588  -4.030  39.488 0.0000000000
43056  -32.736  -22.618  62.130 0.0000000000
43068  -31.776  -23.295  61.556 0.0000000000
43069  -32.758  -23.086  61.588 0.0000000000
43122  -33.756  -22.447  59.377 0.0000000000
44279  -32.741  -22.560  59.386 0.0000000000
44295  -32.502  -22.143  58.880 0.0000000000
45406  -32.244  -21.524  58.501 0.0000000000
45407  -32.921  -21.679  58.515 0.0000000000
44317  -35.524  -21.488  58.322 0.0000000000
46576  -33.767  -19.917  56.635 0.0000000000
45439  -33.535  -20.304  57.120 0.0000000000
46575  -32.893  -19.848  56.979 0.0000000000
46563  -32.290  -20.283  57.658 0.0000000000
47648  -32.025  -19.155  56.554 0.0000000000
47664  -32.155  -18.857  55.710 0.0000000000
48696  -32.288  -18.448  53.847 0.0000000000
48714  -31.416  -18.313  53.231 0.0000000000
48713  -30.450  -18.176  53.498 0.0000000000
46608  -38.937  -17.878  55.671 0.0000000000
46594  -39.176  -18.257  55.989 0.0000000000
46634  -36.758  -18.373  53.115 0.0000000000
46633  -36.310  -18.729  53.186 0.0000000000
46620  -36.143  -18.938  53.936 0.0000000000
47694  -35.905  -18.881  53.010 0.0000000000
47785  -35.238  -17.540  49.651 0.0000000000
47762  -35.267  -18.081  50.093 0.0000000000
47739  -34.141  -18.358  50.498 0.0000000000
47721  -34.131  -18.670  51.579 0.0000000000
47705  -34.800  -18.973  52.394 0.0000000000
48733  -33.393  -18.220  51.840 0.0000000000
49914  -31.530  -17.782  49.985 0.0000000000
49896  -31.308  -17.910  50.583 0.0000000000
49913  -30.784  -17.743  50.138 0.0000000000
49895  -30.657  -17.934  50.915 0.0000000000
49912  -29.932  -17.657  50.372 0.0000000000
53688  -34.585  -14.809  42.680 0.0000000000
52535  -33.760  -14.857  42.013 0.0000000000
53711  -34.351  -14.441  42.013 0.0000000000
49731  -19.914  -17.362  65.205 0.0000000000
49733  -24.625  -16.780  65.704 0.0000000000
46471  -27.280  -20.198  65.159 0.0000000000
46497  -31.413  -20.531  62.952 0.0000000000
46498  -32.003  -20.913  62.878 0.0000000000
46508  -32.256  -20.483  62.382 0.0000000000
45378  -34.674  -21.210  61.281 0.0000000000
46523  -34.918  -20.345  61.075 0.0000000000
49778  -35.835  -17.466  60.740 0.0000000000
48616  -35.936  -18.507  60.413 0.0000000000
47602  -35.665  -19.315  60.569 0.0000000000
47603  -36.273  -19.315  60.172 0.0000000000
46535  -36.499  -20.026  59.813 0.0000000000
51096  -37.738  -16.900  59.428 0.0000000000
48629  -37.602  -18.295  59.132 0.0000000000
49801  -37.909  -17.466  59.013 0.0000000000
49802  -38.350  -17.471  58.396 0.0000000000
51106  -39.343  -16.651  57.873 0.0000000000
51107  -40.485  -15.836  58.108 0.0000000000
51116  -40.214  -16.778  57.350 0.0000000000
52332  -41.404  -14.451  57.425 0.0000000000
52333  -41.584  -14.197  57.004 0.0000000000
52347  -41.759  -14.519  56.598 0.0000000000
57201  -42.654  -10.810  53.260 0.0000000000
60972  -43.835  -8.627  52.232 0.0000000000
59715  -43.948  -9.342  52.096 0.0000000000
60973  -44.653  -8.756  52.318 0.0000000000
60955  -46.023  -8.116  52.867 0.0000000000
60974  -45.476  -8.692  52.373 0.0000000000
60975  -46.424  -8.506  52.375 0.0000000000
58427  -45.790  -8.724  51.564 0.0000000000
59719  -46.988  -8.443  51.546 0.0000000000
62220  -49.476  -6.986  52.229 0.0000000000
62218  -48.465  -7.702  52.450 0.0000000000
60988  -48.500  -8.019  51.740 0.0000000000
60987  -47.655  -8.204  51.338 0.0000000000
61014  -47.900  -7.120  50.646 0.0000000000
61013  -47.109  -7.144  50.297 0.0000000000
62247  -48.742  -7.168  50.603 0.0000000000
63427  -49.055  -5.650  50.180 0.0000000000
63426  -48.460  -5.768  49.567 0.0000000000
63434  -48.749  -5.335  49.539 0.0000000000
63433  -48.439  -5.498  48.856 0.0000000000
64542  -48.693  -5.040  48.774 0.0000000000
68230  -51.831  -2.507  50.734 0.0000000000
65681  -50.949  -4.383  51.374 0.0000000000
65691  -51.372  -4.156  50.465 0.0000000000
65721  -50.622  -3.789  48.826 0.0000000000
64544  -50.383  -4.439  49.323 0.0000000000
65734  -48.994  -4.308  47.931 0.0000000000
65749  -48.818  -4.111  46.884 0.0000000000
67030  -49.420  -3.778  47.422 0.0000000000
67066  -49.936  -3.481  46.000 0.0000000000
67034  -52.872  -2.611  47.100 0.0000000000
65763  -52.854  -3.375  45.075 0.0000000000
67069  -52.352  -2.798  45.243 0.0000000000
67090  -52.045  -3.290  44.591 0.0000000000
65782  -51.179  -3.209  44.134 0.0000000000
65804  -51.887  -3.718  43.179 0.0000000000
64588  -52.381  -3.737  42.877 0.0000000000
65828  -51.733  -3.736  42.488 0.0000000000
64602  -52.234  -3.880  42.259 0.0000000000
65849  -51.733  -4.243  40.966 0.0000000000
74409  -55.041  1.862  44.157 0.0000000000
74399  -55.161  1.818  45.062 0.0000000000
72075  -54.980  0.076  44.791 0.0000000000
70791  -54.821  -0.902  45.024 0.0000000000
72137  -53.324  0.516  41.270 0.0000000000
73325  -53.604  0.847  42.054 0.0000000000
72124  -53.571  -0.001  42.445 0.0000000000
68309  -56.016  -2.773  43.682 0.0000000000
69547  -54.729  -2.639  43.419 0.0000000000
68297  -55.736  -2.749  44.374 0.0000000000
67092  -55.788  -3.404  44.233 0.0000000000
65787  -55.407  -4.063  44.004 0.0000000000
64605  -55.142  -4.217  41.203 0.0000000000
64604  -54.199  -3.926  41.681 0.0000000000
64639  -53.282  -5.010  40.479 0.0000000000
65869  -53.638  -5.042  39.793 0.0000000000
64666  -54.958  -4.855  39.546 0.0000000000
65894  -54.288  -4.914  39.221 0.0000000000
65925  -54.895  -4.665  38.402 0.0000000000
65926  -55.409  -4.681  38.184 0.0000000000
65850  -56.030  -3.404  40.050 0.0000000000
64623  -56.099  -4.076  39.786 0.0000000000
64624  -56.320  -3.814  38.926 0.0000000000
64693  -56.704  -4.220  37.748 0.0000000000
64668  -55.983  -4.249  38.456 0.0000000000
64692  -56.495  -4.514  37.634 0.0000000000
65950  -56.265  -4.615  37.718 0.0000000000
75669  -54.329  3.283  38.311 0.0000000000
74490  -54.125  2.626  37.675 0.0000000000
74491  -55.143  2.567  38.412 0.0000000000
73364  -56.551  1.328  38.246 0.0000000000
73363  -55.635  1.254  37.940 0.0000000000
70923  -56.551  -0.734  38.013 0.0000000000
70924  -56.927  -0.977  37.551 0.0000000000
73366  -57.617  1.649  37.499 0.0000000000
73365  -57.332  1.652  38.237 0.0000000000
70946  -57.319  -0.824  36.949 0.0000000000
69663  -58.001  -2.633  37.041 0.0000000000
48597  -19.575  -17.955  61.547 0.0000000000
48596  -19.282  -18.752  60.978 0.0000000000
46569  -18.623  -19.776  56.939 0.0000000000
46557  -18.721  -19.850  57.988 0.0000000000
46582  -18.143  -20.487  55.087 0.0000000000
46629  -17.088  -19.814  52.821 0.0000000000
46647  -17.220  -19.849  51.607 0.0000000000
46668  -17.548  -20.134  50.370 0.0000000000
49821  -21.584  -17.010  57.224 0.0000000000
49843  -20.330  -17.227  55.340 0.0000000000
48708  -22.115  -18.498  52.897 0.0000000000
49856  -22.313  -18.215  54.288 0.0000000000
48707  -21.592  -18.007  53.194 0.0000000000
48723  -20.390  -17.632  52.542 0.0000000000
49881  -20.609  -17.643  53.061 0.0000000000
48706  -20.157  -17.594  53.117 0.0000000000
48705  -19.578  -17.628  53.605 0.0000000000
48722  -19.703  -17.637  52.774 0.0000000000
47701  -18.846  -17.919  52.646 0.0000000000
47718  -19.025  -18.194  51.434 0.0000000000
44452  -21.447  -22.041  48.582 0.0000000000
45557  -21.022  -21.351  48.666 0.0000000000
43082  -30.391  -23.317  60.588 0.0000000000
43101  -30.128  -22.971  59.755 0.0000000000
44314  -28.535  -21.450  58.598 0.0000000000
43121  -28.474  -21.765  59.111 0.0000000000
44291  -28.286  -21.575  58.733 0.0000000000
43120  -27.504  -21.860  58.454 0.0000000000
43141  -27.107  -21.889  57.356 0.0000000000
47644  -28.173  -19.983  56.644 0.0000000000
46572  -28.319  -20.343  57.228 0.0000000000
46571  -27.790  -20.474  56.625 0.0000000000
43174  -26.910  -22.457  54.289 0.0000000000
44350  -27.138  -21.744  55.702 0.0000000000
43163  -27.050  -22.473  55.469 0.0000000000
43153  -26.757  -22.424  56.421 0.0000000000
43212  -24.705  -23.252  51.626 0.0000000000
43228  -24.526  -23.103  50.445 0.0000000000
46673  -26.521  -20.478  50.218 0.0000000000
45559  -26.295  -21.736  49.490 0.0000000000
45536  -26.089  -21.500  49.840 0.0000000000
44411  -25.637  -22.275  50.725 0.0000000000
43267  -24.279  -23.542  48.567 0.0000000000
56059  -42.809  -11.516  50.189 0.0000000000
56077  -43.386  -11.135  49.965 0.0000000000
56060  -43.325  -11.116  50.481 0.0000000000
57268  -43.955  -10.743  50.682 0.0000000000
57246  -44.636  -10.249  51.013 0.0000000000
56010  -42.218  -12.136  53.308 0.0000000000
54747  -41.917  -12.327  52.298 0.0000000000
54775  -42.060  -12.146  50.662 0.0000000000
54792  -41.947  -12.414  49.953 0.0000000000
65944  -50.768  -4.146  37.485 0.0000000000
65971  -51.548  -4.265  36.476 0.0000000000
44206  -28.240  -21.586  63.622 0.0000000000
44219  -28.634  -22.150  62.935 0.0000000000
43065  -28.563  -23.006  61.054 0.0000000000
59936  -38.780  -8.505  39.108 0.0000000000
62327  -46.025  -5.915  45.678 0.0000000000
62339  -46.114  -5.671  44.995 0.0000000000
63478  -46.419  -5.321  44.669 0.0000000000
64587  -46.446  -4.800  43.895 0.0000000000
64578  -47.094  -4.982  44.981 0.0000000000
46552  -37.576  -19.393  58.195 0.0000000000
45426  -37.264  -19.604  57.906 0.0000000000
45427  -37.587  -19.106  57.533 0.0000000000
45461  -37.613  -18.864  56.940 0.0000000000
46593  -38.014  -18.480  56.232 0.0000000000
51236  -34.584  -16.437  46.678 0.0000000000
51245  -34.397  -16.297  45.980 0.0000000000
50022  -32.992  -16.411  45.510 0.0000000000
50021  -32.321  -16.632  45.183 0.0000000000
48892  -31.717  -17.156  44.682 0.0000000000
50040  -32.200  -16.500  44.464 0.0000000000
50058  -31.926  -16.491  43.767 0.0000000000
58672  -36.632  -11.000  41.609 0.0000000000
57451  -35.801  -11.386  40.736 0.0000000000
58686  -36.293  -10.642  40.783 0.0000000000
73344  -50.519  1.822  39.151 0.0000000000
72158  -50.910  1.312  39.254 0.0000000000
73361  -50.304  1.501  38.401 0.0000000000
72194  -51.220  0.414  37.590 0.0000000000
70942  -52.342  -0.597  37.872 0.0000000000
70920  -53.574  -1.101  38.260 0.0000000000
70963  -52.682  -0.379  36.998 0.0000000000
72214  -53.114  0.276  36.578 0.0000000000
73401  -53.954  1.006  36.690 0.0000000000
51062  -20.929  -16.530  62.561 0.0000000000
51078  -21.764  -16.455  62.015 0.0000000000
49787  -21.831  -16.898  60.252 0.0000000000
45515  -23.063  -21.067  52.229 0.0000000000
46649  -22.915  -20.189  51.750 0.0000000000
45534  -23.010  -21.015  51.347 0.0000000000
46671  -23.416  -20.631  49.606 0.0000000000
45585  -23.187  -21.473  48.343 0.0000000000
48693  -29.092  -18.349  54.554 0.0000000000
48727  -27.560  -18.301  52.894 0.0000000000
58606  -39.659  -10.385  45.173 0.0000000000
59850  -40.054  -9.655  44.771 0.0000000000
59830  -40.694  -9.606  45.389 0.0000000000
59831  -41.286  -9.531  46.002 0.0000000000
58510  -44.158  -9.544  49.175 0.0000000000
58538  -44.220  -8.912  48.357 0.0000000000
59794  -44.831  -8.263  48.145 0.0000000000
59816  -45.076  -7.768  47.849 0.0000000000
61041  -45.526  -7.442  47.850 0.0000000000
61042  -46.090  -7.219  48.195 0.0000000000
61043  -46.628  -6.884  48.623 0.0000000000
49827  -42.156  -16.591  56.208 0.0000000000
48682  -41.409  -17.366  55.425 0.0000000000
49846  -41.213  -16.425  55.408 0.0000000000
49859  -40.632  -16.048  55.149 0.0000000000
51141  -40.343  -15.398  53.870 0.0000000000
52401  -40.888  -14.245  51.088 0.0000000000
52388  -40.381  -14.466  51.704 0.0000000000
52412  -40.148  -14.765  50.023 0.0000000000
52411  -39.245  -14.913  49.931 0.0000000000
52427  -38.068  -15.113  48.981 0.0000000000
52445  -37.860  -15.017  48.165 0.0000000000
53621  -37.929  -14.864  47.543 0.0000000000
53646  -37.629  -14.097  45.712 0.0000000000
53647  -38.413  -13.408  45.703 0.0000000000
54842  -41.009  -11.977  47.958 0.0000000000
54849  -39.877  -11.957  46.822 0.0000000000
56133  -39.482  -11.676  45.930 0.0000000000
56152  -38.872  -11.415  45.123 0.0000000000
57404  -38.639  -11.213  44.617 0.0000000000
47565  -25.492  -18.939  63.345 0.0000000000
46519  -25.884  -19.969  60.870 0.0000000000
44274  -25.876  -21.936  59.053 0.0000000000
44273  -25.777  -21.364  59.439 0.0000000000
44311  -25.099  -21.701  57.374 0.0000000000
44310  -24.676  -21.440  56.552 0.0000000000
44333  -24.322  -21.618  55.868 0.0000000000
44349  -24.550  -22.121  55.575 0.0000000000
43170  -24.323  -22.441  54.601 0.0000000000
61109  -41.374  -8.496  43.410 0.0000000000
62382  -43.380  -6.264  40.223 0.0000000000
64637  -48.676  -4.180  39.983 0.0000000000
43071  -34.025  -22.326  61.315 0.0000000000
43085  -33.597  -23.054  60.826 0.0000000000
43105  -34.267  -22.581  60.101 0.0000000000
43123  -34.154  -22.390  59.445 0.0000000000
45441  -35.056  -20.122  56.775 0.0000000000
46588  -34.100  -19.352  55.953 0.0000000000
47665  -33.160  -18.938  55.542 0.0000000000
47710  -37.977  -17.533  53.661 0.0000000000
47695  -37.821  -17.970  54.072 0.0000000000
47709  -37.435  -17.861  53.258 0.0000000000
47725  -36.591  -18.032  52.346 0.0000000000
47724  -35.778  -18.513  51.891 0.0000000000
47782  -33.639  -17.691  48.630 0.0000000000
47761  -34.393  -18.016  49.788 0.0000000000
48814  -33.393  -17.875  48.853 0.0000000000
48793  -33.505  -17.976  49.613 0.0000000000
48774  -33.416  -18.038  50.188 0.0000000000
48773  -32.825  -17.875  50.366 0.0000000000
48791  -32.220  -17.865  49.803 0.0000000000
49930  -31.719  -17.860  49.396 0.0000000000
47578  -32.111  -19.868  62.075 0.0000000000
47588  -32.331  -19.474  61.730 0.0000000000
49790  -36.669  -17.470  60.206 0.0000000000
52330  -41.091  -15.139  58.234 0.0000000000
62203  -43.833  -7.364  52.966 0.0000000000
60953  -44.398  -8.090  52.607 0.0000000000
62204  -45.164  -7.624  53.226 0.0000000000
62205  -46.474  -7.234  53.368 0.0000000000
63403  -49.626  -6.470  52.445 0.0000000000
62233  -49.561  -7.050  51.841 0.0000000000
62248  -49.572  -7.029  50.981 0.0000000000
63419  -49.873  -6.330  50.636 0.0000000000
64536  -50.139  -5.545  50.278 0.0000000000
69457  -51.942  -1.646  50.410 0.0000000000
66984  -52.068  -3.155  50.195 0.0000000000
65707  -51.755  -3.682  49.774 0.0000000000
65722  -51.592  -3.597  48.963 0.0000000000
65736  -50.392  -3.127  48.224 0.0000000000
67031  -50.041  -3.270  47.452 0.0000000000
67032  -50.914  -2.603  47.608 0.0000000000
67049  -51.309  -2.411  46.313 0.0000000000
68264  -53.960  -2.422  46.943 0.0000000000
67051  -53.042  -2.621  46.162 0.0000000000
67052  -53.754  -3.038  46.393 0.0000000000
65784  -52.547  -3.577  44.376 0.0000000000
65806  -53.627  -3.334  43.258 0.0000000000
75597  -54.040  3.090  44.158 0.0000000000
74419  -54.558  1.770  43.787 0.0000000000
73308  -54.253  1.074  43.809 0.0000000000
69574  -54.373  -1.453  41.714 0.0000000000
70875  -54.209  -0.927  41.992 0.0000000000
69557  -54.754  -2.638  42.162 0.0000000000
68318  -55.786  -2.927  42.709 0.0000000000
67110  -56.233  -3.462  43.252 0.0000000000
65808  -55.665  -3.864  43.016 0.0000000000
65809  -56.392  -3.942  42.660 0.0000000000
64640  -54.326  -5.049  40.108 0.0000000000
64641  -55.115  -4.804  40.054 0.0000000000
64667  -55.223  -4.662  39.192 0.0000000000
64625  -56.817  -3.831  38.477 0.0000000000
64644  -56.502  -3.992  38.470 0.0000000000
64645  -57.166  -4.026  38.127 0.0000000000
64670  -57.351  -4.040  37.982 0.0000000000
74471  -55.768  2.687  38.963 0.0000000000
72216  -57.556  0.795  36.493 0.0000000000
46531  -19.041  -20.308  60.668 0.0000000000
48626  -19.241  -18.518  59.138 0.0000000000
46583  -18.580  -19.821  55.581 0.0000000000
46596  -18.096  -20.107  54.529 0.0000000000
46597  -18.353  -19.303  54.434 0.0000000000
46614  -18.152  -18.971  53.999 0.0000000000
47700  -17.961  -18.499  53.063 0.0000000000
49800  -23.512  -17.415  58.916 0.0000000000
49822  -22.840  -17.366  56.754 0.0000000000
48746  -22.059  -18.439  50.679 0.0000000000
48724  -21.290  -17.848  52.404 0.0000000000
48767  -20.576  -17.776  50.580 0.0000000000
47735  -19.200  -18.345  50.387 0.0000000000
47793  -19.025  -19.629  48.151 0.0000000000
46723  -19.698  -19.770  48.176 0.0000000000
45581  -19.731  -20.841  48.417 0.0000000000
45556  -20.331  -21.316  48.928 0.0000000000
44293  -30.536  -21.997  58.905 0.0000000000
44276  -29.923  -22.386  59.269 0.0000000000
45403  -29.579  -21.310  58.551 0.0000000000
46600  -27.175  -20.354  54.582 0.0000000000
45471  -27.344  -20.707  55.339 0.0000000000
45470  -27.144  -21.235  54.680 0.0000000000
44378  -27.055  -21.849  54.079 0.0000000000
43182  -26.305  -22.630  53.265 0.0000000000
43195  -25.966  -22.671  51.984 0.0000000000
44475  -26.175  -22.630  48.754 0.0000000000
57330  -41.536  -11.069  47.871 0.0000000000
58535  -41.909  -10.446  47.836 0.0000000000
57310  -43.663  -10.496  49.525 0.0000000000
51143  -41.310  -14.477  54.214 0.0000000000
52378  -41.569  -14.107  54.150 0.0000000000
52383  -41.404  -13.621  53.414 0.0000000000
52390  -41.219  -13.672  52.186 0.0000000000
53588  -41.533  -13.462  51.449 0.0000000000
52402  -41.265  -13.849  51.333 0.0000000000
52413  -40.931  -14.377  50.139 0.0000000000
53613  -40.341  -14.056  48.613 0.0000000000
53625  -40.944  -12.756  48.406 0.0000000000
54826  -41.365  -12.269  48.443 0.0000000000
56115  -41.297  -11.685  47.998 0.0000000000
66002  -52.370  -4.274  35.508 0.0000000000
45336  -25.982  -20.659  63.610 0.0000000000
45348  -26.067  -20.707  62.759 0.0000000000
45349  -26.265  -21.179  63.221 0.0000000000
44233  -26.594  -21.090  62.208 0.0000000000
44250  -26.690  -21.026  61.054 0.0000000000
44251  -27.143  -21.474  60.729 0.0000000000
44262  -26.491  -21.522  59.891 0.0000000000
43077  -26.334  -22.025  59.211 0.0000000000
43118  -26.146  -22.562  58.245 0.0000000000
61112  -43.933  -6.542  44.219 0.0000000000
62352  -43.698  -6.507  43.603 0.0000000000
62368  -44.327  -5.820  42.868 0.0000000000
65844  -46.707  -4.225  42.423 0.0000000000
64600  -46.487  -4.459  43.227 0.0000000000
65823  -46.541  -4.342  42.914 0.0000000000
44281  -36.190  -21.542  59.509 0.0000000000
44298  -35.744  -22.042  59.128 0.0000000000
44299  -36.304  -21.331  58.903 0.0000000000
45424  -35.950  -20.556  57.932 0.0000000000
45442  -35.782  -19.954  57.122 0.0000000000
45458  -35.755  -19.620  56.279 0.0000000000
46590  -35.657  -19.424  55.614 0.0000000000
49931  -36.285  -16.950  50.254 0.0000000000
48796  -36.279  -17.576  50.810 0.0000000000
48816  -35.549  -17.208  49.710 0.0000000000
48835  -34.948  -16.991  48.903 0.0000000000
47801  -34.426  -17.278  48.671 0.0000000000
50004  -34.071  -16.596  46.815 0.0000000000
48852  -34.277  -16.954  47.765 0.0000000000
47800  -33.902  -17.489  48.395 0.0000000000
47798  -33.138  -17.771  47.747 0.0000000000
48849  -32.708  -17.761  47.167 0.0000000000
48848  -31.845  -17.802  46.773 0.0000000000
48847  -30.966  -17.796  46.391 0.0000000000
48864  -31.661  -17.658  45.794 0.0000000000
50037  -30.356  -17.335  44.008 0.0000000000
50038  -31.224  -17.137  43.942 0.0000000000
53736  -36.125  -12.770  42.141 0.0000000000
53754  -35.203  -12.989  41.041 0.0000000000
54926  -35.365  -12.822  41.242 0.0000000000
54925  -35.165  -12.799  40.256 0.0000000000
56218  -34.262  -12.226  39.033 0.0000000000
57450  -35.299  -11.521  40.094 0.0000000000
57468  -34.717  -11.502  39.382 0.0000000000
68254  -52.666  -2.605  48.299 0.0000000000
68244  -53.162  -1.934  48.732 0.0000000000
69487  -53.798  -1.656  47.744 0.0000000000
69488  -54.155  -1.166  47.652 0.0000000000
69497  -53.978  -2.038  47.302 0.0000000000
69498  -54.441  -1.649  47.015 0.0000000000
69508  -54.691  -2.166  46.462 0.0000000000
69509  -55.046  -1.800  46.171 0.0000000000
74436  -52.541  2.381  41.292 0.0000000000
75628  -53.033  2.563  41.828 0.0000000000
74455  -52.682  1.730  40.882 0.0000000000
73334  -53.078  1.055  40.817 0.0000000000
72149  -53.311  -0.014  41.038 0.0000000000
72160  -52.251  0.346  39.495 0.0000000000
72161  -52.857  0.152  39.938 0.0000000000
70890  -53.315  -0.678  40.768 0.0000000000
69591  -54.077  -1.234  41.077 0.0000000000
69575  -55.081  -2.395  41.121 0.0000000000
68329  -56.190  -2.901  40.861 0.0000000000
65833  -56.174  -3.605  41.171 0.0000000000
68330  -56.099  -2.891  40.021 0.0000000000
68344  -56.205  -2.875  39.691 0.0000000000
69614  -55.730  -2.084  39.128 0.0000000000
68345  -56.650  -3.000  39.021 0.0000000000
68362  -56.666  -2.665  38.870 0.0000000000
68363  -57.145  -2.750  38.372 0.0000000000
137669  -57.620  -2.801  37.789 0.0000000000
75656  -57.801  3.770  39.580 0.0000000000
74474  -58.182  3.081  39.226 0.0000000000
48574  -19.573  -18.180  63.440 0.0000000000
48613  -19.455  -17.887  60.595 0.0000000000
49769  -20.085  -17.234  61.005 0.0000000000
48627  -19.452  -17.816  59.718 0.0000000000
48639  -19.591  -17.743  58.844 0.0000000000
48649  -19.749  -17.696  57.921 0.0000000000
48662  -19.836  -17.622  56.987 0.0000000000
47659  -23.377  -19.280  55.257 0.0000000000
48678  -23.180  -18.689  55.194 0.0000000000
47672  -22.949  -19.418  54.168 0.0000000000
47794  -21.845  -19.942  47.356 0.0000000000
45611  -22.008  -20.912  47.485 0.0000000000
44472  -22.043  -22.054  47.916 0.0000000000
47635  -30.412  -19.661  57.245 0.0000000000
47634  -29.693  -19.867  57.386 0.0000000000
47646  -29.896  -19.327  56.754 0.0000000000
47660  -28.377  -19.567  56.231 0.0000000000
47674  -28.046  -19.283  55.415 0.0000000000
48692  -28.165  -18.608  54.628 0.0000000000
48691  -27.602  -19.114  54.620 0.0000000000
47673  -27.476  -19.651  54.831 0.0000000000
46618  -26.845  -20.189  53.878 0.0000000000
46617  -26.473  -20.296  53.228 0.0000000000
59908  -38.408  -9.286  41.830 0.0000000000
59874  -40.697  -8.924  43.952 0.0000000000
61108  -40.791  -8.712  43.232 0.0000000000
61093  -43.146  -7.666  44.971 0.0000000000
58561  -42.158  -9.693  47.479 0.0000000000
59812  -42.476  -8.996  46.897 0.0000000000
58563  -43.542  -8.863  47.721 0.0000000000
59813  -43.097  -8.573  47.045 0.0000000000
59833  -42.798  -8.428  46.232 0.0000000000
59854  -43.081  -8.024  45.695 0.0000000000
62325  -44.418  -6.764  45.433 0.0000000000
61057  -45.114  -7.121  47.192 0.0000000000
62310  -45.236  -6.660  46.510 0.0000000000
49824  -40.050  -17.619  57.095 0.0000000000
47637  -39.734  -18.824  56.736 0.0000000000
48665  -40.732  -18.821  56.200 0.0000000000
47667  -40.330  -18.208  56.299 0.0000000000
47683  -39.455  -17.826  55.580 0.0000000000
48699  -40.204  -17.214  55.456 0.0000000000
48698  -39.573  -17.340  55.302 0.0000000000
47697  -38.988  -17.408  54.957 0.0000000000
48735  -38.411  -17.188  53.824 0.0000000000
49885  -38.056  -16.950  53.163 0.0000000000
49915  -37.053  -17.083  51.780 0.0000000000
51142  -40.897  -14.735  54.000 0.0000000000
51154  -39.737  -15.495  53.221 0.0000000000
52387  -39.776  -14.769  51.618 0.0000000000
51167  -39.205  -15.226  52.382 0.0000000000
51165  -37.440  -16.652  51.899 0.0000000000
49932  -36.678  -16.982  50.916 0.0000000000
51199  -36.309  -16.547  49.752 0.0000000000
51216  -36.248  -16.165  49.024 0.0000000000
51228  -35.673  -16.081  47.988 0.0000000000
52444  -37.100  -15.303  48.080 0.0000000000
52443  -36.412  -15.636  48.007 0.0000000000
51246  -35.142  -16.025  46.027 0.0000000000
52475  -35.076  -15.876  45.413 0.0000000000
52519  -33.817  -15.299  42.863 0.0000000000
52504  -34.681  -15.383  43.747 0.0000000000
53671  -35.321  -14.973  43.468 0.0000000000
53690  -36.154  -14.162  42.969 0.0000000000
53649  -39.477  -12.314  46.475 0.0000000000
53692  -37.214  -13.011  42.853 0.0000000000
53714  -36.570  -13.077  42.453 0.0000000000
54897  -36.832  -12.833  42.482 0.0000000000
56185  -37.120  -12.206  42.402 0.0000000000
57436  -36.975  -11.915  42.258 0.0000000000
57414  -37.723  -11.445  43.142 0.0000000000
57413  -37.507  -11.351  42.754 0.0000000000
57423  -36.923  -11.444  42.159 0.0000000000
59892  -37.606  -10.543  42.532 0.0000000000
59907  -37.394  -10.208  41.994 0.0000000000
75681  -52.835  3.100  37.507 0.0000000000
76795  -52.949  4.131  38.334 0.0000000000
75652  -53.760  3.847  38.481 0.0000000000
75653  -54.469  3.890  38.843 0.0000000000
76781  -55.710  4.542  39.700 0.0000000000
79250  -55.176  6.946  40.509 0.0000000000
78055  -55.854  6.068  40.345 0.0000000000
76764  -56.426  5.418  40.160 0.0000000000
76784  -58.131  4.668  39.293 0.0000000000
78076  -58.288  5.395  38.775 0.0000000000
79279  -58.231  6.062  38.291 0.0000000000
78087  -58.382  5.277  38.045 0.0000000000
49757  -24.029  -16.986  62.782 0.0000000000
48598  -24.327  -17.824  60.740 0.0000000000
48599  -24.912  -18.095  61.658 0.0000000000
48628  -24.269  -18.337  58.522 0.0000000000
47632  -24.359  -19.272  56.969 0.0000000000
45347  -26.298  -20.309  62.210 0.0000000000
45363  -26.314  -20.385  61.411 0.0000000000
46532  -25.595  -20.244  60.139 0.0000000000
45393  -25.385  -20.912  59.053 0.0000000000
46550  -25.159  -20.530  58.852 0.0000000000
46541  -24.907  -19.918  58.999 0.0000000000
47643  -23.841  -19.347  56.041 0.0000000000
46584  -23.368  -19.779  55.053 0.0000000000
46598  -23.313  -20.028  54.650 0.0000000000
46616  -23.497  -20.886  53.985 0.0000000000
45454  -23.849  -21.238  55.345 0.0000000000
45484  -23.563  -21.445  53.842 0.0000000000
45495  -23.325  -20.972  53.142 0.0000000000
44410  -23.570  -22.653  51.585 0.0000000000
49910  -27.858  -17.786  50.927 0.0000000000
61127  -39.064  -8.724  41.366 0.0000000000
61133  -39.286  -8.509  40.622 0.0000000000
61139  -39.407  -8.320  39.720 0.0000000000
61131  -42.442  -7.149  41.827 0.0000000000
62374  -42.357  -7.168  41.433 0.0000000000
62381  -42.853  -6.695  40.510 0.0000000000
62380  -42.165  -7.216  40.729 0.0000000000
64635  -46.978  -4.327  40.177 0.0000000000
44238  -31.354  -22.545  62.781 0.0000000000
43054  -31.033  -23.049  62.298 0.0000000000
43083  -31.476  -23.364  60.700 0.0000000000
43102  -31.163  -23.121  59.896 0.0000000000
43103  -32.221  -23.111  59.924 0.0000000000
44294  -31.553  -22.077  58.918 0.0000000000
45405  -31.250  -21.435  58.595 0.0000000000
46562  -31.410  -20.251  57.789 0.0000000000
44297  -34.830  -22.114  58.848 0.0000000000
44315  -34.032  -21.419  58.080 0.0000000000
45422  -34.434  -20.989  57.515 0.0000000000
46573  -31.020  -19.768  57.419 0.0000000000
47647  -30.969  -19.238  56.787 0.0000000000
47676  -30.677  -18.653  55.402 0.0000000000
47677  -31.341  -18.612  55.121 0.0000000000
48729  -29.645  -17.986  52.655 0.0000000000
49884  -29.446  -17.830  51.993 0.0000000000
46579  -39.004  -18.602  56.414 0.0000000000
46606  -37.352  -18.649  55.208 0.0000000000
46622  -37.507  -18.295  54.063 0.0000000000
46605  -36.541  -19.025  55.021 0.0000000000
46619  -35.726  -18.952  54.212 0.0000000000
47764  -36.181  -17.881  51.018 0.0000000000
47723  -35.580  -18.709  51.573 0.0000000000
47740  -35.091  -18.562  50.637 0.0000000000
47706  -35.484  -18.958  52.322 0.0000000000
47692  -34.726  -18.678  53.326 0.0000000000
47691  -33.858  -18.440  53.486 0.0000000000
48716  -33.208  -18.293  52.735 0.0000000000
48753  -32.656  -17.971  51.191 0.0000000000
48731  -31.505  -18.211  52.320 0.0000000000
48751  -30.674  -18.077  51.756 0.0000000000
49894  -29.769  -17.780  51.350 0.0000000000
53753  -34.852  -13.175  40.189 0.0000000000
57223  -42.709  -10.870  52.192 0.0000000000
59713  -42.856  -8.908  52.495 0.0000000000
60951  -42.809  -8.305  52.879 0.0000000000
49739  -19.754  -17.507  64.090 0.0000000000
51036  -20.317  -16.620  64.388 0.0000000000
51037  -21.138  -16.115  64.622 0.0000000000
51051  -22.999  -16.299  64.289 0.0000000000
51039  -23.040  -16.213  65.150 0.0000000000
48566  -25.101  -18.017  64.694 0.0000000000
47542  -25.550  -18.636  65.008 0.0000000000
47555  -25.775  -19.321  64.551 0.0000000000
47543  -26.171  -19.231  65.147 0.0000000000
46469  -26.070  -19.838  64.619 0.0000000000
46483  -26.361  -20.525  64.328 0.0000000000
45329  -27.854  -20.966  64.601 0.0000000000
45340  -28.615  -21.189  64.001 0.0000000000
45351  -29.298  -21.185  63.699 0.0000000000
44221  -30.743  -22.023  63.202 0.0000000000
44222  -31.574  -21.979  63.100 0.0000000000
44240  -32.739  -22.069  62.483 0.0000000000
43057  -33.120  -22.364  62.058 0.0000000000
46521  -32.881  -20.189  61.818 0.0000000000
45367  -33.607  -21.486  62.017 0.0000000000
44242  -33.896  -21.872  61.752 0.0000000000
44253  -34.387  -21.963  61.286 0.0000000000
44254  -35.079  -21.666  60.838 0.0000000000
44255  -35.601  -21.520  60.494 0.0000000000
46533  -35.467  -19.966  60.746 0.0000000000
46524  -35.604  -20.541  60.699 0.0000000000
45386  -36.047  -21.022  60.301 0.0000000000
45395  -36.475  -20.783  59.533 0.0000000000
46543  -37.000  -19.885  59.185 0.0000000000
46544  -37.399  -19.493  58.746 0.0000000000
48618  -37.091  -18.364  59.689 0.0000000000
47615  -37.331  -19.090  59.206 0.0000000000
47616  -37.712  -18.955  58.652 0.0000000000
47624  -38.064  -18.818  58.100 0.0000000000
48641  -38.462  -18.231  57.973 0.0000000000
48642  -38.958  -18.266  57.444 0.0000000000
51105  -38.689  -16.977  58.227 0.0000000000
49814  -39.404  -17.601  57.381 0.0000000000
51108  -41.343  -15.335  57.591 0.0000000000
51118  -41.765  -15.549  56.682 0.0000000000
51119  -41.797  -14.886  56.292 0.0000000000
51125  -41.941  -15.014  56.075 0.0000000000
52371  -41.965  -14.609  55.463 0.0000000000
53527  -42.156  -13.669  56.347 0.0000000000
52360  -42.234  -14.005  55.902 0.0000000000
52372  -42.197  -14.165  55.490 0.0000000000
54700  -42.558  -13.130  55.015 0.0000000000
57224  -43.871  -10.427  51.747 0.0000000000
58425  -44.659  -9.844  51.595 0.0000000000
59717  -45.515  -8.985  51.924 0.0000000000
58447  -45.551  -8.941  51.138 0.0000000000
59747  -46.016  -8.107  50.938 0.0000000000
63387  -47.123  -6.555  53.571 0.0000000000
62207  -48.397  -7.237  52.897 0.0000000000
60976  -47.750  -8.283  52.273 0.0000000000
59748  -46.709  -7.666  50.828 0.0000000000
59761  -46.389  -7.678  50.514 0.0000000000
59777  -46.371  -7.554  49.994 0.0000000000
61028  -46.710  -7.113  49.356 0.0000000000
62279  -47.251  -6.490  48.822 0.0000000000
62264  -48.195  -6.423  50.118 0.0000000000
62296  -47.773  -5.962  48.416 0.0000000000
63441  -47.681  -5.582  47.698 0.0000000000
64551  -47.996  -5.292  47.690 0.0000000000
64528  -50.788  -5.046  50.758 0.0000000000
65719  -48.918  -4.673  48.652 0.0000000000
64560  -47.855  -5.038  47.249 0.0000000000
65748  -48.118  -4.559  46.756 0.0000000000
65761  -48.242  -4.248  46.136 0.0000000000
67047  -49.626  -3.623  46.687 0.0000000000
65781  -49.069  -3.702  44.730 0.0000000000
65802  -49.463  -3.521  43.725 0.0000000000
67019  -52.594  -2.628  47.811 0.0000000000
68272  -51.881  -2.339  45.702 0.0000000000
67068  -51.505  -2.714  45.333 0.0000000000
67088  -50.650  -3.092  44.581 0.0000000000
67109  -50.146  -3.238  44.031 0.0000000000
64601  -51.702  -3.773  42.201 0.0000000000
65848  -50.992  -3.946  41.229 0.0000000000
65867  -52.155  -4.598  40.261 0.0000000000
72057  -54.999  0.014  45.923 0.0000000000
70775  -55.026  -1.085  45.725 0.0000000000
68285  -55.297  -2.728  45.535 0.0000000000
74427  -53.799  1.599  42.555 0.0000000000
73316  -53.709  1.009  43.073 0.0000000000
72110  -53.741  0.046  43.514 0.0000000000
70835  -53.980  -0.713  43.485 0.0000000000
70815  -54.327  -0.750  44.284 0.0000000000
68286  -55.592  -2.780  44.857 0.0000000000
67073  -55.486  -3.343  45.050 0.0000000000
65766  -54.977  -4.257  44.807 0.0000000000
64590  -53.507  -3.647  42.357 0.0000000000
65829  -54.178  -3.218  42.459 0.0000000000
64603  -53.127  -4.158  41.889 0.0000000000
64638  -52.696  -4.875  40.496 0.0000000000
65892  -52.600  -4.533  39.303 0.0000000000
65923  -53.227  -4.392  38.427 0.0000000000
65947  -53.926  -4.404  37.546 0.0000000000
65974  -54.703  -4.425  36.751 0.0000000000
64642  -55.474  -4.367  39.618 0.0000000000
65897  -55.604  -4.376  38.720 0.0000000000
65949  -55.660  -4.620  37.653 0.0000000000
74508  -53.183  2.462  37.089 0.0000000000
74509  -54.103  1.925  37.217 0.0000000000
72196  -55.143  0.538  37.460 0.0000000000
72176  -55.658  0.037  37.815 0.0000000000
73348  -57.427  2.120  38.868 0.0000000000
70925  -57.364  -1.765  37.280 0.0000000000
69641  -57.693  -2.477  37.371 0.0000000000
137663  -58.958  -3.330  37.675 0.0000000000
48584  -19.368  -18.994  62.038 0.0000000000
47599  -19.118  -19.471  60.368 0.0000000000
46540  -18.961  -20.141  59.801 0.0000000000
47622  -19.105  -19.251  58.546 0.0000000000
45481  -16.784  -20.417  53.513 0.0000000000
45482  -17.488  -20.166  54.045 0.0000000000
45494  -16.637  -20.409  52.124 0.0000000000
49820  -20.554  -17.206  57.609 0.0000000000
48676  -19.815  -17.527  56.142 0.0000000000
48663  -22.945  -18.163  55.265 0.0000000000
49845  -22.314  -17.877  54.759 0.0000000000
49844  -21.520  -17.281  54.962 0.0000000000
49870  -21.098  -17.717  53.179 0.0000000000
49869  -20.563  -17.559  53.600 0.0000000000
49854  -20.689  -17.346  54.344 0.0000000000
49842  -19.632  -17.560  54.923 0.0000000000
47734  -18.590  -18.861  50.801 0.0000000000
46648  -17.927  -19.374  51.205 0.0000000000
43066  -29.578  -23.213  61.352 0.0000000000
43080  -28.500  -22.338  60.271 0.0000000000
43100  -29.153  -22.359  59.552 0.0000000000
43098  -27.186  -21.982  59.092 0.0000000000
43119  -26.702  -22.334  58.252 0.0000000000
43139  -26.243  -22.618  57.502 0.0000000000
47633  -29.019  -20.141  57.491 0.0000000000
45438  -28.206  -20.796  57.713 0.0000000000
45416  -27.848  -21.136  57.795 0.0000000000
45456  -27.327  -20.975  56.084 0.0000000000
44351  -27.139  -21.520  56.435 0.0000000000
44335  -27.319  -21.495  57.246 0.0000000000
43152  -26.349  -22.731  56.559 0.0000000000
43161  -25.788  -22.681  55.739 0.0000000000
43180  -24.961  -22.916  53.819 0.0000000000
43181  -25.685  -23.174  53.542 0.0000000000
43192  -24.202  -22.876  53.107 0.0000000000
43211  -24.087  -23.053  52.086 0.0000000000
48747  -26.789  -18.581  52.242 0.0000000000
46672  -26.121  -21.049  50.393 0.0000000000
46650  -26.047  -21.169  50.665 0.0000000000
45518  -25.993  -21.505  50.994 0.0000000000
44412  -26.053  -22.107  51.516 0.0000000000
43229  -25.102  -22.879  50.031 0.0000000000
43244  -23.816  -22.674  49.725 0.0000000000
43042  -29.266  -22.394  62.688 0.0000000000
43086  -34.362  -22.414  60.799 0.0000000000
43087  -35.063  -22.087  60.359 0.0000000000
43096  -26.020  -22.356  58.702 0.0000000000
43137  -25.368  -22.094  57.537 0.0000000000
43138  -25.703  -22.390  57.730 0.0000000000
43164  -27.064  -21.979  56.014 0.0000000000
44216  -26.320  -21.163  62.743 0.0000000000
44223  -32.155  -21.867  62.894 0.0000000000
44236  -28.578  -22.600  62.505 0.0000000000
44239  -32.110  -22.378  62.643 0.0000000000
44241  -33.442  -22.063  62.044 0.0000000000
44252  -33.851  -22.180  61.589 0.0000000000
44275  -29.465  -22.255  59.229 0.0000000000
44319  -36.346  -20.932  58.614 0.0000000000
44364  -24.308  -22.266  54.945 0.0000000000
45339  -28.022  -21.267  64.178 0.0000000000
45350  -26.784  -21.406  63.469 0.0000000000
45354  -31.791  -21.346  63.056 0.0000000000
45365  -32.359  -21.367  62.744 0.0000000000
45385  -25.703  -20.768  59.798 0.0000000000
45387  -36.336  -20.543  60.028 0.0000000000
45394  -36.235  -21.346  59.872 0.0000000000
45440  -34.090  -20.456  56.992 0.0000000000
45445  -37.636  -18.961  57.357 0.0000000000
45455  -27.193  -21.345  55.348 0.0000000000
45483  -23.448  -20.913  53.681 0.0000000000
45610  -21.803  -20.869  47.598 0.0000000000
46484  -26.952  -20.605  64.747 0.0000000000
46493  -25.957  -19.799  62.841 0.0000000000
46509  -33.245  -20.881  62.036 0.0000000000
46510  -33.749  -21.083  61.906 0.0000000000
46520  -32.388  -20.009  61.989 0.0000000000
46542  -25.153  -20.123  59.343 0.0000000000
46551  -37.188  -19.811  58.591 0.0000000000
46553  -37.961  -18.979  57.772 0.0000000000
46559  -28.754  -20.569  57.763 0.0000000000
46564  -37.661  -19.196  57.753 0.0000000000
46586  -27.747  -20.131  55.977 0.0000000000
46587  -33.373  -19.430  56.305 0.0000000000
46589  -35.011  -19.519  55.900 0.0000000000
46592  -37.293  -18.696  56.007 0.0000000000
46612  -17.245  -19.965  53.567 0.0000000000
46623  -37.981  -18.000  54.479 0.0000000000
46654  -36.109  -18.607  52.727 0.0000000000
46655  -36.362  -18.330  52.489 0.0000000000
46696  -23.394  -20.784  48.699 0.0000000000
46726  -22.723  -20.413  47.732 0.0000000000
46752  -21.803  -20.619  47.514 0.0000000000
46753  -22.235  -20.524  47.437 0.0000000000
47577  -31.509  -19.489  62.246 0.0000000000
47614  -24.919  -19.562  59.547 0.0000000000
47652  -40.598  -18.953  55.757 0.0000000000
47684  -40.171  -17.815  55.482 0.0000000000
47686  -18.058  -18.792  53.701 0.0000000000
47696  -38.369  -17.686  54.507 0.0000000000
47708  -36.966  -18.068  53.003 0.0000000000
47744  -36.823  -17.955  52.093 0.0000000000
47776  -22.745  -19.718  47.858 0.0000000000
47777  -23.173  -20.178  48.264 0.0000000000
47784  -34.711  -17.611  49.464 0.0000000000
47799  -33.502  -17.628  48.078 0.0000000000
47802  -34.822  -17.321  49.223 0.0000000000
47817  -33.084  -17.654  47.375 0.0000000000
47818  -33.383  -17.519  47.566 0.0000000000
47819  -33.796  -17.365  47.861 0.0000000000
47820  -34.093  -17.290  48.152 0.0000000000
48575  -24.573  -17.409  63.437 0.0000000000
48600  -32.147  -18.632  61.589 0.0000000000
48617  -36.523  -18.492  60.101 0.0000000000
48640  -24.129  -18.393  57.481 0.0000000000
48653  -40.497  -18.361  56.630 0.0000000000
48654  -41.211  -17.920  56.632 0.0000000000
48675  -19.343  -17.910  55.426 0.0000000000
48677  -22.858  -18.700  54.672 0.0000000000
48681  -40.890  -17.835  55.169 0.0000000000
48689  -21.915  -18.210  53.482 0.0000000000
48717  -38.704  -17.332  54.454 0.0000000000
48736  -38.821  -16.804  53.872 0.0000000000
48744  -20.509  -17.677  51.617 0.0000000000
48750  -30.020  -17.968  52.067 0.0000000000
48755  -37.212  -17.523  52.552 0.0000000000
48794  -33.819  -17.914  49.466 0.0000000000
48795  -35.983  -17.378  50.188 0.0000000000
48815  -33.846  -17.784  49.177 0.0000000000
48828  -22.282  -19.544  47.529 0.0000000000
48833  -33.293  -17.808  48.262 0.0000000000
48834  -34.588  -16.989  48.404 0.0000000000
48851  -33.642  -17.178  47.339 0.0000000000
48868  -33.828  -16.858  47.160 0.0000000000
48876  -30.988  -17.521  44.619 0.0000000000
48891  -31.458  -17.359  44.363 0.0000000000
48893  -31.979  -16.958  45.105 0.0000000000
49756  -20.866  -16.710  61.969 0.0000000000
49758  -24.515  -17.482  62.733 0.0000000000
49835  -42.044  -16.794  55.446 0.0000000000
49853  -19.903  -17.470  54.433 0.0000000000
49858  -40.174  -16.498  55.147 0.0000000000
49871  -39.726  -16.418  54.508 0.0000000000
49892  -28.079  -17.842  51.559 0.0000000000
49897  -37.338  -16.854  52.052 0.0000000000
49898  -37.528  -16.923  52.446 0.0000000000
49916  -37.118  -17.346  52.206 0.0000000000
49984  -34.613  -16.545  47.197 0.0000000000
50039  -31.861  -17.179  43.980 0.0000000000
51038  -22.101  -15.983  64.858 0.0000000000
51109  -41.536  -15.001  57.156 0.0000000000
51132  -40.810  -15.545  54.866 0.0000000000
51156  -40.807  -14.335  53.255 0.0000000000
51185  -37.779  -15.713  50.640 0.0000000000
51217  -36.740  -15.795  49.158 0.0000000000
51244  -33.660  -16.340  45.757 0.0000000000
51264  -32.681  -16.159  44.226 0.0000000000
52331  -41.239  -14.738  57.903 0.0000000000
52374  -41.872  -14.406  54.834 0.0000000000
52382  -40.947  -14.036  53.093 0.0000000000
52400  -40.338  -14.608  50.869 0.0000000000
52409  -37.623  -15.477  49.545 0.0000000000
52414  -41.326  -14.007  50.622 0.0000000000
52446  -38.490  -14.888  48.423 0.0000000000
52461  -36.027  -15.593  47.098 0.0000000000
52491  -35.583  -15.360  45.052 0.0000000000
52503  -33.912  -15.667  43.821 0.0000000000
53561  -41.824  -13.763  54.264 0.0000000000
53585  -41.578  -13.146  52.813 0.0000000000
53595  -41.830  -12.672  51.493 0.0000000000
53611  -38.882  -14.742  48.359 0.0000000000
53693  -37.438  -12.781  43.141 0.0000000000
53710  -33.705  -14.636  41.627 0.0000000000
53715  -37.010  -12.983  42.577 0.0000000000
53755  -35.225  -13.126  41.402 0.0000000000
54774  -41.843  -12.639  50.482 0.0000000000
54811  -42.491  -11.683  49.342 0.0000000000
54825  -40.818  -12.565  48.183 0.0000000000
54856  -38.354  -12.357  44.867 0.0000000000
54898  -37.153  -12.590  42.555 0.0000000000
54910  -35.819  -12.674  41.906 0.0000000000
54911  -36.480  -12.654  42.301 0.0000000000
54912  -36.885  -12.551  42.393 0.0000000000
56094  -42.390  -11.460  48.776 0.0000000000
56166  -38.383  -11.549  44.394 0.0000000000
56177  -37.570  -11.903  43.054 0.0000000000
56186  -37.345  -12.052  42.539 0.0000000000
56195  -36.740  -12.206  42.226 0.0000000000
57370  -40.420  -10.771  46.360 0.0000000000
57388  -39.011  -10.848  44.851 0.0000000000
57424  -37.323  -11.758  42.534 0.0000000000
57435  -36.609  -11.707  41.893 0.0000000000
58424  -43.896  -10.054  52.011 0.0000000000
58445  -44.616  -10.164  51.234 0.0000000000
58512  -45.478  -8.423  49.333 0.0000000000
58534  -41.582  -10.634  47.623 0.0000000000
58605  -39.257  -10.308  44.600 0.0000000000
58623  -38.795  -10.406  44.042 0.0000000000
58656  -36.928  -10.867  42.035 0.0000000000
58657  -37.265  -11.041  42.474 0.0000000000
59695  -42.637  -8.838  52.849 0.0000000000
59696  -42.698  -9.373  52.641 0.0000000000
59714  -43.229  -9.142  52.233 0.0000000000
59718  -46.347  -8.725  51.814 0.0000000000
59736  -46.779  -7.991  51.233 0.0000000000
59906  -36.914  -10.574  41.721 0.0000000000
60957  -47.795  -7.783  52.940 0.0000000000
60970  -42.846  -8.652  52.648 0.0000000000
60971  -43.147  -8.585  52.437 0.0000000000
61001  -48.250  -7.767  50.938 0.0000000000
62201  -42.753  -7.996  53.195 0.0000000000
62202  -42.932  -7.680  53.035 0.0000000000
62208  -48.980  -6.926  52.844 0.0000000000
62219  -49.061  -7.326  52.320 0.0000000000
62379  -41.715  -7.531  40.438 0.0000000000
63402  -49.206  -6.753  52.723 0.0000000000
63442  -48.109  -5.587  48.221 0.0000000000
63494  -46.113  -5.212  44.218 0.0000000000
63558  -58.012  -3.981  37.000 0.0000000000
63559  -57.988  -4.026  37.583 0.0000000000
63560  -58.095  -4.076  37.822 0.0000000000
64598  -45.267  -4.899  42.243 0.0000000000
64608  -55.935  -3.735  40.034 0.0000000000
64646  -57.602  -4.055  37.984 0.0000000000
64672  -58.199  -4.490  37.839 0.0000000000
64695  -57.927  -4.209  37.884 0.0000000000
64696  -58.103  -5.236  37.887 0.0000000000
65692  -51.744  -3.582  50.314 0.0000000000
65779  -47.469  -4.590  44.941 0.0000000000
65851  -56.659  -3.606  38.742 0.0000000000
65870  -57.212  -3.820  38.240 0.0000000000
65871  -57.533  -3.953  38.291 0.0000000000
65895  -54.959  -4.749  39.029 0.0000000000
67035  -53.436  -2.630  46.801 0.0000000000
67156  -57.449  -3.439  38.149 0.0000000000
68273  -52.161  -2.443  45.547 0.0000000000
68275  -54.901  -2.726  46.170 0.0000000000
68283  -52.072  -2.534  45.451 0.0000000000
68284  -52.217  -2.595  45.453 0.0000000000
68310  -56.344  -3.139  42.886 0.0000000000
69518  -55.525  -2.457  44.659 0.0000000000
69534  -55.383  -2.336  44.260 0.0000000000
69546  -54.135  -1.564  43.664 0.0000000000
69573  -54.180  -1.137  41.545 0.0000000000
69612  -53.662  -1.475  39.926 0.0000000000
69635  -53.342  -1.305  39.098 0.0000000000
69636  -54.250  -1.456  38.585 0.0000000000
69642  -58.208  -2.947  37.598 0.0000000000
69661  -54.841  -1.098  37.933 0.0000000000
70758  -54.799  -0.746  46.892 0.0000000000
70854  -53.866  -0.504  42.236 0.0000000000
70855  -53.990  -0.658  42.503 0.0000000000
70874  -53.989  -0.730  41.769 0.0000000000
70889  -53.086  -0.380  40.358 0.0000000000
70904  -52.934  -0.587  39.742 0.0000000000
70918  -52.223  -0.205  38.805 0.0000000000
70941  -51.764  -0.153  38.109 0.0000000000
70943  -53.195  -0.782  37.651 0.0000000000
70945  -55.079  -0.446  37.600 0.0000000000
70962  -51.907  -0.090  37.271 0.0000000000
70964  -53.556  -0.348  36.954 0.0000000000
70965  -54.109  -0.225  36.992 0.0000000000
72015  -52.861  -0.229  49.149 0.0000000000
72147  -52.783  0.594  40.179 0.0000000000
72148  -53.125  0.095  40.504 0.0000000000
72159  -51.348  0.898  39.329 0.0000000000
72173  -50.708  0.945  38.918 0.0000000000
72175  -52.014  0.135  38.978 0.0000000000
72193  -50.690  0.728  38.217 0.0000000000
72195  -54.567  0.068  37.129 0.0000000000
72197  -57.507  0.852  36.721 0.0000000000
72212  -51.624  0.485  36.845 0.0000000000
72213  -52.281  0.314  36.616 0.0000000000
72215  -53.948  0.380  36.709 0.0000000000
72217  -57.649  0.515  36.184 0.0000000000
73298  -55.134  1.013  44.427 0.0000000000
73307  -53.896  1.246  43.605 0.0000000000
73317  -53.612  0.464  43.256 0.0000000000
73346  -51.807  1.182  39.740 0.0000000000
73381  -53.745  1.525  36.814 0.0000000000
73382  -54.504  1.085  37.027 0.0000000000
73383  -55.061  1.182  37.491 0.0000000000
73399  -52.705  0.968  36.411 0.0000000000
73400  -53.454  0.962  36.533 0.0000000000
74408  -54.411  2.320  43.954 0.0000000000
74435  -51.777  2.837  41.095 0.0000000000
74437  -53.165  1.821  41.473 0.0000000000
74438  -53.597  1.540  41.922 0.0000000000
74454  -52.111  2.083  40.623 0.0000000000
74489  -53.598  2.809  37.511 0.0000000000
74493  -57.749  2.180  38.815 0.0000000000
74522  -51.601  1.642  36.645 0.0000000000
74523  -52.395  1.690  36.590 0.0000000000
75617  -53.763  2.259  42.806 0.0000000000
75667  -52.475  3.576  37.828 0.0000000000
75680  -52.183  2.956  37.441 0.0000000000
76765  -56.850  5.556  40.099 0.0000000000
78097  -58.169  5.260  37.651 0.0000000000
137648  -58.268  -3.865  37.053 0.0000000000
137652  -58.912  -4.011  37.861 0.0000000000
137653  -59.014  -3.924  37.625 0.0000000000
137656  -59.186  -3.653  37.507 0.0000000000
137657  -59.124  -3.638  37.803 0.0000000000
137660  -59.198  -3.959  38.246 0.0000000000
137661  -59.000  -3.906  37.771 0.0000000000
137662  -58.885  -3.113  37.753 0.0000000000
137667  -57.988  -2.981  37.492 0.0000000000
137670  -58.132  -3.704  38.211 0.0000000000
137672  -58.332  -3.564  38.132 0.0000000000
