#!ascii label  , from subject 3257 vox2ras=TkReg
1331
93217  -54.389  19.282  44.961 0.0000000000
108840  -49.082  40.551  39.456 0.0000000000
103408  -47.975  31.607  46.734 0.0000000000
101298  -56.581  28.762  42.027 0.0000000000
105392  -54.639  34.794  35.803 0.0000000000
106328  -55.773  35.936  41.705 0.0000000000
101326  -58.332  28.432  36.078 0.0000000000
99141  -53.807  25.190  34.893 0.0000000000
93093  -51.171  19.403  52.546 0.0000000000
95140  -51.558  21.967  46.980 0.0000000000
112100  -44.241  46.390  36.118 0.0000000000
110139  -51.858  42.401  36.298 0.0000000000
107553  -55.956  37.942  32.085 0.0000000000
98256  -52.697  24.606  46.712 0.0000000000
105360  -48.848  34.223  41.381 0.0000000000
103389  -55.107  31.058  47.555 0.0000000000
97269  -58.550  23.572  42.802 0.0000000000
97281  -55.353  24.044  36.994 0.0000000000
97317  -48.219  23.726  33.400 0.0000000000
93222  -54.604  18.621  43.362 0.0000000000
104197  -57.017  32.173  34.071 0.0000000000
104183  -58.181  32.208  36.680 0.0000000000
102059  -57.747  28.980  33.795 0.0000000000
98375  -58.783  24.545  32.009 0.0000000000
95086  -51.639  21.632  49.920 0.0000000000
95138  -49.500  22.115  47.384 0.0000000000
111478  -38.281  45.519  36.492 0.0000000000
108232  -52.614  39.514  33.818 0.0000000000
98253  -49.801  25.045  46.577 0.0000000000
101261  -51.207  28.369  47.593 0.0000000000
108819  -45.797  40.495  40.493 0.0000000000
107462  -49.527  38.344  41.385 0.0000000000
103440  -57.817  31.559  41.881 0.0000000000
105325  -55.900  34.143  44.585 0.0000000000
102034  -57.568  29.574  44.389 0.0000000000
99813  -57.587  26.708  46.406 0.0000000000
99834  -57.924  26.847  42.721 0.0000000000
97279  -58.495  23.465  39.210 0.0000000000
99849  -55.149  26.680  40.046 0.0000000000
99138  -49.792  25.473  34.452 0.0000000000
107517  -52.792  38.761  36.944 0.0000000000
108136  -53.734  39.317  41.080 0.0000000000
106368  -56.173  36.567  38.851 0.0000000000
104173  -57.992  32.281  39.659 0.0000000000
101319  -58.009  28.485  38.911 0.0000000000
100608  -54.800  27.982  39.005 0.0000000000
99132  -56.936  25.234  35.974 0.0000000000
97337  -55.277  22.762  32.255 0.0000000000
92166  -55.209  18.937  52.146 0.0000000000
94098  -54.329  20.548  48.997 0.0000000000
94130  -53.542  20.728  46.299 0.0000000000
109543  -35.630  43.991  36.032 0.0000000000
110769  -42.676  44.629  38.490 0.0000000000
110772  -46.394  43.468  38.527 0.0000000000
109508  -49.755  41.326  37.310 0.0000000000
106388  -50.097  36.293  35.231 0.0000000000
105902  -54.795  35.517  34.203 0.0000000000
105415  -56.758  34.094  31.598 0.0000000000
106409  -55.659  35.260  30.206 0.0000000000
96194  -49.551  22.219  43.382 0.0000000000
95189  -51.862  21.924  44.314 0.0000000000
96184  -53.576  22.310  43.950 0.0000000000
104756  -48.616  33.246  43.999 0.0000000000
105845  -52.848  36.166  42.781 0.0000000000
104739  -52.276  33.339  45.338 0.0000000000
103411  -51.152  31.454  46.900 0.0000000000
100538  -54.137  27.729  48.053 0.0000000000
98272  -56.235  24.697  45.723 0.0000000000
95204  -56.490  21.492  42.952 0.0000000000
93228  -57.175  19.789  40.669 0.0000000000
93241  -55.691  19.677  37.956 0.0000000000
93252  -54.247  20.142  36.239 0.0000000000
99853  -51.788  26.855  37.886 0.0000000000
97288  -51.449  24.136  35.996 0.0000000000
95238  -52.162  21.719  33.904 0.0000000000
93208  -54.209  19.519  46.000 0.0000000000
92226  -54.014  17.761  44.847 0.0000000000
93219  -54.608  19.019  43.945 0.0000000000
103476  -57.260  31.396  33.046 0.0000000000
103472  -57.363  30.589  33.715 0.0000000000
102062  -57.545  28.963  32.835 0.0000000000
100638  -57.926  27.287  31.845 0.0000000000
102699  -49.047  30.213  47.380 0.0000000000
108821  -47.773  40.403  40.375 0.0000000000
102741  -57.924  30.338  42.178 0.0000000000
103433  -57.421  31.509  43.524 0.0000000000
102037  -57.432  29.493  43.318 0.0000000000
100587  -57.743  27.732  43.877 0.0000000000
100589  -56.856  28.034  42.829 0.0000000000
99845  -57.177  26.358  40.724 0.0000000000
100592  -55.675  28.093  41.616 0.0000000000
106380  -53.205  36.079  36.355 0.0000000000
106920  -55.002  37.766  37.306 0.0000000000
105891  -56.309  35.878  36.855 0.0000000000
102753  -57.867  29.845  36.240 0.0000000000
104179  -58.208  32.070  37.649 0.0000000000
102749  -58.217  30.135  37.930 0.0000000000
102747  -58.263  30.285  38.769 0.0000000000
101322  -58.104  28.700  37.766 0.0000000000
99857  -57.916  27.345  38.070 0.0000000000
99122  -58.611  26.268  35.946 0.0000000000
97339  -57.486  23.409  32.550 0.0000000000
95103  -52.382  21.707  49.125 0.0000000000
94081  -53.522  21.006  50.252 0.0000000000
95104  -53.118  21.487  48.388 0.0000000000
94120  -54.138  20.407  47.781 0.0000000000
95142  -53.190  21.221  46.614 0.0000000000
109533  -41.120  45.654  36.525 0.0000000000
110768  -41.406  44.906  37.054 0.0000000000
111427  -43.057  45.521  37.499 0.0000000000
110770  -44.103  43.887  39.028 0.0000000000
112078  -44.868  45.789  38.076 0.0000000000
111452  -51.009  44.253  37.500 0.0000000000
110775  -49.650  43.339  38.273 0.0000000000
109509  -50.339  41.654  37.158 0.0000000000
107526  -50.202  38.923  36.198 0.0000000000
108218  -50.724  39.633  35.528 0.0000000000
108234  -54.229  38.922  33.241 0.0000000000
107543  -54.200  37.706  34.145 0.0000000000
106946  -55.844  37.113  33.247 0.0000000000
105412  -56.496  34.521  33.086 0.0000000000
106399  -56.620  35.660  31.829 0.0000000000
105915  -56.431  34.748  31.161 0.0000000000
106953  -56.369  36.459  31.280 0.0000000000
100583  -45.620  26.396  44.855 0.0000000000
98281  -45.206  24.170  44.847 0.0000000000
98282  -46.451  23.958  45.180 0.0000000000
95196  -48.302  21.597  43.999 0.0000000000
97227  -48.406  23.657  45.038 0.0000000000
98255  -51.356  24.599  46.742 0.0000000000
97250  -51.010  23.275  44.532 0.0000000000
97231  -52.434  23.537  45.468 0.0000000000
96183  -52.482  22.458  44.286 0.0000000000
97232  -53.417  23.578  45.332 0.0000000000
105373  -46.347  33.972  40.555 0.0000000000
104801  -46.245  33.043  41.286 0.0000000000
104793  -48.784  33.351  42.253 0.0000000000
107468  -55.274  37.805  41.519 0.0000000000
107442  -53.662  38.249  42.081 0.0000000000
106326  -54.619  36.933  43.111 0.0000000000
104095  -56.021  32.503  46.220 0.0000000000
105322  -53.795  34.309  45.527 0.0000000000
104723  -53.552  33.043  46.509 0.0000000000
104091  -52.054  32.257  46.423 0.0000000000
103387  -52.987  31.054  47.301 0.0000000000
101997  -53.418  29.630  47.855 0.0000000000
102680  -54.664  29.623  48.158 0.0000000000
98275  -58.308  25.073  44.928 0.0000000000
98261  -57.258  25.156  46.051 0.0000000000
97256  -57.343  23.755  44.597 0.0000000000
96187  -56.656  22.978  44.103 0.0000000000
96201  -57.192  22.728  43.339 0.0000000000
94165  -57.040  20.738  42.230 0.0000000000
96207  -58.042  22.066  41.904 0.0000000000
97283  -56.975  23.516  37.641 0.0000000000
95220  -57.500  21.596  38.099 0.0000000000
94186  -56.318  21.027  36.946 0.0000000000
93246  -54.598  19.702  36.936 0.0000000000
95226  -55.361  21.649  36.040 0.0000000000
99875  -54.034  26.959  37.128 0.0000000000
100606  -53.239  27.805  39.027 0.0000000000
99873  -51.791  26.959  36.715 0.0000000000
98349  -48.614  24.512  33.532 0.0000000000
99116  -47.904  25.226  36.715 0.0000000000
97296  -48.458  23.867  35.229 0.0000000000
96226  -51.806  23.120  34.721 0.0000000000
96233  -49.653  23.334  33.779 0.0000000000
96244  -50.829  22.394  33.228 0.0000000000
92209  -56.252  18.918  48.762 0.0000000000
92233  -53.952  17.451  42.418 0.0000000000
104841  -55.858  33.630  35.032 0.0000000000
105402  -57.099  33.965  35.761 0.0000000000
104192  -57.435  31.800  34.955 0.0000000000
102755  -57.763  29.833  35.281 0.0000000000
101328  -58.231  28.324  35.150 0.0000000000
99145  -58.991  26.119  34.549 0.0000000000
99894  -58.815  26.764  33.191 0.0000000000
93118  -51.688  20.104  52.109 0.0000000000
94078  -50.291  21.011  50.805 0.0000000000
95139  -50.531  22.133  47.185 0.0000000000
109534  -43.073  46.134  34.984 0.0000000000
108894  -51.484  40.750  34.970 0.0000000000
108242  -53.891  39.399  31.385 0.0000000000
107558  -55.482  38.262  30.907 0.0000000000
99072  -48.711  25.239  46.236 0.0000000000
99811  -50.350  26.529  47.192 0.0000000000
99794  -51.378  26.558  47.469 0.0000000000
106339  -48.787  36.431  41.456 0.0000000000
104797  -56.751  33.381  41.980 0.0000000000
105823  -55.872  35.065  43.368 0.0000000000
104763  -56.695  33.075  43.590 0.0000000000
104117  -56.919  32.167  44.824 0.0000000000
102729  -57.071  30.554  45.991 0.0000000000
102020  -56.865  29.384  47.076 0.0000000000
101286  -57.755  28.614  45.761 0.0000000000
99826  -58.196  27.129  44.523 0.0000000000
99086  -58.815  25.354  42.789 0.0000000000
97273  -58.769  23.463  40.840 0.0000000000
99093  -58.687  25.253  40.806 0.0000000000
98297  -57.159  25.143  39.013 0.0000000000
98302  -55.770  24.967  38.243 0.0000000000
99128  -51.831  25.887  35.360 0.0000000000
104736  -45.487  33.471  44.857 0.0000000000
108863  -51.554  40.361  38.715 0.0000000000
108825  -51.689  40.320  40.199 0.0000000000
108192  -54.381  39.509  38.810 0.0000000000
107496  -55.489  38.451  39.633 0.0000000000
106351  -55.454  36.130  40.301 0.0000000000
105387  -57.534  34.885  37.979 0.0000000000
105384  -57.040  34.581  38.861 0.0000000000
105376  -56.231  34.289  40.339 0.0000000000
104163  -57.663  32.317  40.660 0.0000000000
102744  -58.166  30.573  40.675 0.0000000000
101304  -57.194  29.115  40.991 0.0000000000
101310  -55.745  28.549  40.267 0.0000000000
100601  -56.356  28.311  39.458 0.0000000000
99864  -55.994  26.894  37.699 0.0000000000
99143  -55.534  24.733  35.263 0.0000000000
98356  -58.004  24.108  34.113 0.0000000000
97309  -56.646  23.800  34.116 0.0000000000
94066  -53.319  20.638  51.168 0.0000000000
93133  -54.845  20.108  50.559 0.0000000000
93170  -55.442  19.504  49.206 0.0000000000
92207  -54.810  19.480  48.178 0.0000000000
93196  -54.304  19.430  47.072 0.0000000000
94143  -54.204  20.020  45.308 0.0000000000
110100  -40.246  42.516  39.288 0.0000000000
109532  -38.282  44.295  36.317 0.0000000000
110101  -41.828  42.830  39.772 0.0000000000
110102  -43.295  42.467  39.834 0.0000000000
109495  -45.719  41.692  38.660 0.0000000000
109497  -47.408  41.397  38.311 0.0000000000
112782  -45.826  46.526  36.951 0.0000000000
111431  -47.147  44.394  38.650 0.0000000000
110114  -47.909  42.316  38.218 0.0000000000
108861  -49.519  40.556  38.482 0.0000000000
108202  -50.706  39.714  37.232 0.0000000000
106928  -51.399  36.911  36.364 0.0000000000
105895  -52.169  34.973  35.474 0.0000000000
107541  -51.552  38.285  34.870 0.0000000000
106390  -52.411  35.951  34.609 0.0000000000
104846  -54.350  33.936  34.742 0.0000000000
104852  -55.683  33.813  34.161 0.0000000000
104854  -56.838  33.163  32.952 0.0000000000
104865  -56.526  32.387  31.313 0.0000000000
105422  -56.065  33.749  30.288 0.0000000000
106959  -55.850  37.005  29.597 0.0000000000
95186  -49.077  21.455  44.621 0.0000000000
95169  -50.828  21.531  45.252 0.0000000000
97228  -49.335  23.702  45.223 0.0000000000
95199  -50.984  21.989  43.818 0.0000000000
95170  -51.791  21.565  45.149 0.0000000000
95171  -52.782  21.404  45.103 0.0000000000
95172  -53.364  21.215  44.783 0.0000000000
95192  -54.295  20.921  44.003 0.0000000000
104126  -47.653  33.155  44.958 0.0000000000
108134  -51.898  39.237  41.155 0.0000000000
106342  -51.379  37.079  41.778 0.0000000000
105843  -51.317  35.473  41.851 0.0000000000
105820  -53.937  35.379  44.299 0.0000000000
105345  -52.560  34.958  43.532 0.0000000000
104795  -50.753  33.885  42.321 0.0000000000
104758  -50.394  33.271  44.089 0.0000000000
104112  -50.244  32.552  45.778 0.0000000000
103410  -50.074  31.348  46.944 0.0000000000
102701  -50.962  30.075  47.580 0.0000000000
101262  -52.182  28.396  47.864 0.0000000000
99045  -53.240  25.982  47.508 0.0000000000
100554  -56.148  27.323  47.664 0.0000000000
99047  -55.309  25.832  47.249 0.0000000000
97218  -54.601  24.397  45.989 0.0000000000
97254  -55.087  23.193  44.827 0.0000000000
96199  -55.203  22.112  43.444 0.0000000000
94160  -55.252  20.274  43.184 0.0000000000
94163  -55.443  19.775  42.819 0.0000000000
93224  -56.105  19.381  42.021 0.0000000000
93230  -55.635  18.668  40.632 0.0000000000
95213  -58.101  21.362  40.113 0.0000000000
93231  -56.525  19.317  40.083 0.0000000000
92238  -54.636  18.190  40.196 0.0000000000
92248  -53.526  18.466  38.506 0.0000000000
92253  -52.314  18.565  37.427 0.0000000000
101308  -53.871  28.426  40.195 0.0000000000
99855  -53.448  26.756  39.019 0.0000000000
99113  -53.747  25.534  37.998 0.0000000000
99872  -50.787  26.748  36.758 0.0000000000
99110  -50.654  25.907  37.433 0.0000000000
98322  -52.924  24.543  36.682 0.0000000000
96228  -54.007  22.534  35.437 0.0000000000
94200  -53.044  21.006  34.727 0.0000000000
92223  -54.176  18.172  45.664 0.0000000000
103477  -57.198  30.531  32.727 0.0000000000
102762  -57.262  29.746  32.346 0.0000000000
102698  -48.094  30.265  47.329 0.0000000000
102720  -48.506  30.986  47.203 0.0000000000
108839  -48.105  40.691  39.589 0.0000000000
108822  -48.734  40.370  40.320 0.0000000000
108823  -49.716  40.348  40.290 0.0000000000
101299  -57.134  29.238  41.717 0.0000000000
102036  -57.242  29.274  42.775 0.0000000000
102039  -57.074  29.119  42.522 0.0000000000
101294  -57.072  28.829  43.001 0.0000000000
100593  -56.478  27.666  42.143 0.0000000000
105889  -53.931  35.366  36.153 0.0000000000
106381  -54.403  36.389  36.377 0.0000000000
105890  -55.148  35.741  36.171 0.0000000000
102053  -58.219  29.202  36.595 0.0000000000
102751  -58.112  30.011  37.104 0.0000000000
102051  -58.138  29.326  37.443 0.0000000000
101324  -58.391  28.566  36.980 0.0000000000
99867  -58.462  27.291  36.781 0.0000000000
99880  -58.682  26.995  35.940 0.0000000000
93094  -52.226  19.365  52.624 0.0000000000
95124  -52.417  21.884  47.805 0.0000000000
95125  -53.191  21.393  47.481 0.0000000000
95141  -52.477  21.612  46.776 0.0000000000
111449  -43.063  45.948  36.553 0.0000000000
112077  -44.050  45.967  37.401 0.0000000000
111469  -52.049  44.255  36.399 0.0000000000
112107  -51.303  44.858  37.233 0.0000000000
110790  -51.305  43.447  37.241 0.0000000000
110789  -50.482  43.339  37.813 0.0000000000
110138  -51.304  41.878  36.654 0.0000000000
108887  -50.586  40.440  36.112 0.0000000000
109535  -51.071  41.043  36.068 0.0000000000
107549  -55.033  38.264  33.186 0.0000000000
106949  -56.065  37.496  32.642 0.0000000000
106947  -56.319  36.596  32.759 0.0000000000
106950  -56.435  36.948  32.282 0.0000000000
107554  -56.356  37.263  31.688 0.0000000000
100575  -46.161  26.912  45.285 0.0000000000
99815  -46.649  26.062  45.206 0.0000000000
99069  -46.423  25.570  45.258 0.0000000000
98265  -46.596  24.906  45.480 0.0000000000
97226  -47.726  23.501  44.893 0.0000000000
99063  -51.710  25.163  47.164 0.0000000000
98270  -51.847  23.888  46.200 0.0000000000
98271  -52.487  23.900  46.134 0.0000000000
97252  -52.985  23.015  44.683 0.0000000000
97216  -52.953  23.892  45.965 0.0000000000
105871  -48.016  34.639  41.290 0.0000000000
105375  -48.077  34.276  41.189 0.0000000000
104803  -47.866  33.364  41.464 0.0000000000
104804  -48.792  33.630  41.564 0.0000000000
106869  -55.644  36.500  41.723 0.0000000000
107444  -55.073  37.592  42.163 0.0000000000
106311  -55.567  36.165  42.439 0.0000000000
103415  -55.242  31.811  47.224 0.0000000000
104724  -54.372  33.238  46.493 0.0000000000
104093  -54.281  32.506  47.099 0.0000000000
104073  -53.836  31.981  47.383 0.0000000000
103388  -54.083  31.165  47.676 0.0000000000
102704  -53.829  30.210  47.895 0.0000000000
102705  -54.988  30.109  48.102 0.0000000000
98285  -58.338  24.557  44.416 0.0000000000
98284  -58.012  24.129  44.826 0.0000000000
97267  -58.094  23.542  43.839 0.0000000000
97266  -57.473  23.322  43.946 0.0000000000
96202  -58.084  22.897  43.035 0.0000000000
96204  -57.705  22.303  42.552 0.0000000000
96205  -58.267  22.820  42.240 0.0000000000
97282  -56.078  23.832  37.255 0.0000000000
96218  -56.940  22.549  37.325 0.0000000000
96223  -56.363  22.486  36.795 0.0000000000
95227  -56.101  21.686  36.565 0.0000000000
96222  -55.596  22.577  36.307 0.0000000000
99887  -53.607  26.562  36.098 0.0000000000
99874  -52.840  26.999  36.808 0.0000000000
99129  -53.111  25.909  35.438 0.0000000000
98335  -48.014  24.548  34.434 0.0000000000
98327  -47.619  24.486  35.572 0.0000000000
97305  -48.200  23.824  34.523 0.0000000000
97306  -49.356  23.668  34.461 0.0000000000
97318  -48.913  23.511  33.836 0.0000000000
96243  -49.611  22.940  32.956 0.0000000000
96242  -48.217  23.129  32.768 0.0000000000
92213  -55.494  18.631  47.727 0.0000000000
92230  -54.270  17.771  43.221 0.0000000000
104848  -56.292  33.060  34.387 0.0000000000
104842  -57.076  33.143  35.221 0.0000000000
104198  -57.282  31.756  34.393 0.0000000000
102757  -57.567  29.796  34.297 0.0000000000
102057  -57.925  29.026  34.744 0.0000000000
101330  -58.176  28.266  34.218 0.0000000000
100634  -58.452  27.501  33.699 0.0000000000
99898  -58.500  26.683  31.322 0.0000000000
95083  -49.105  21.214  50.094 0.0000000000
95122  -50.303  22.179  48.267 0.0000000000
112817  -43.027  46.085  35.894 0.0000000000
108246  -53.512  39.630  30.136 0.0000000000
108245  -53.469  40.211  30.583 0.0000000000
101260  -50.116  28.313  47.489 0.0000000000
101275  -49.473  27.854  47.211 0.0000000000
100550  -50.820  27.370  47.447 0.0000000000
99793  -50.836  26.819  47.410 0.0000000000
109472  -44.093  41.139  40.480 0.0000000000
106879  -49.156  37.440  41.397 0.0000000000
104148  -57.264  32.460  42.195 0.0000000000
104782  -56.616  33.309  42.854 0.0000000000
104138  -57.099  32.399  43.157 0.0000000000
102736  -57.593  30.533  43.917 0.0000000000
103428  -57.249  31.459  44.432 0.0000000000
102732  -57.396  30.541  44.909 0.0000000000
103427  -57.001  31.495  45.285 0.0000000000
102026  -57.344  29.441  46.254 0.0000000000
102032  -57.543  29.570  45.375 0.0000000000
99831  -58.150  26.982  43.595 0.0000000000
99827  -58.475  26.254  44.085 0.0000000000
99832  -58.559  26.215  43.201 0.0000000000
99089  -58.762  25.412  41.768 0.0000000000
99840  -58.342  26.131  41.697 0.0000000000
99844  -56.213  26.560  40.603 0.0000000000
99091  -57.102  26.128  40.212 0.0000000000
99097  -56.525  25.924  39.667 0.0000000000
99106  -56.192  25.466  38.857 0.0000000000
99096  -55.594  26.113  39.460 0.0000000000
108204  -52.363  39.431  37.461 0.0000000000
108865  -53.166  40.121  38.818 0.0000000000
108205  -53.287  39.348  37.656 0.0000000000
106922  -55.968  37.249  38.062 0.0000000000
107506  -55.491  38.419  38.739 0.0000000000
107507  -55.838  37.769  39.135 0.0000000000
107497  -55.805  37.676  39.975 0.0000000000
106361  -55.741  36.287  39.602 0.0000000000
104836  -57.896  33.236  36.149 0.0000000000
105394  -57.186  34.593  36.591 0.0000000000
105395  -58.001  33.836  36.815 0.0000000000
104177  -58.095  32.231  38.664 0.0000000000
105385  -57.585  33.955  38.479 0.0000000000
104827  -57.595  33.145  39.115 0.0000000000
105380  -56.648  34.249  39.667 0.0000000000
104826  -57.104  33.596  39.675 0.0000000000
104808  -57.153  33.080  40.742 0.0000000000
102047  -58.162  29.650  39.256 0.0000000000
102746  -58.195  30.481  39.686 0.0000000000
102046  -58.053  29.765  40.174 0.0000000000
101305  -57.731  29.391  40.505 0.0000000000
101312  -57.826  28.909  39.616 0.0000000000
101311  -56.823  28.604  40.143 0.0000000000
100602  -57.367  28.280  39.274 0.0000000000
99120  -57.309  25.755  36.493 0.0000000000
99877  -56.693  26.293  37.082 0.0000000000
99119  -56.310  25.772  36.446 0.0000000000
99889  -55.279  25.995  36.283 0.0000000000
98368  -58.997  25.232  33.356 0.0000000000
98358  -58.885  25.399  34.172 0.0000000000
97324  -58.373  24.118  33.359 0.0000000000
97338  -56.454  22.961  32.309 0.0000000000
97322  -56.666  23.428  33.287 0.0000000000
94065  -52.161  20.709  51.358 0.0000000000
93119  -52.905  20.109  52.087 0.0000000000
94082  -54.258  20.617  49.920 0.0000000000
94067  -54.152  20.522  50.791 0.0000000000
93155  -55.470  19.636  50.083 0.0000000000
93154  -54.917  20.111  49.572 0.0000000000
93169  -54.814  19.873  48.656 0.0000000000
94119  -53.740  20.725  47.190 0.0000000000
93182  -54.150  20.113  47.323 0.0000000000
93195  -54.005  20.151  46.670 0.0000000000
93207  -53.893  20.290  46.119 0.0000000000
109529  -33.516  43.908  36.363 0.0000000000
109517  -34.232  44.078  36.786 0.0000000000
109518  -35.615  43.975  37.012 0.0000000000
109519  -38.314  43.992  37.906 0.0000000000
111477  -36.688  45.401  36.357 0.0000000000
110148  -37.517  44.694  36.382 0.0000000000
110755  -41.143  43.907  38.822 0.0000000000
110756  -42.783  43.517  39.294 0.0000000000
110771  -45.345  43.723  38.749 0.0000000000
110111  -44.862  43.134  38.736 0.0000000000
110112  -45.620  42.484  38.395 0.0000000000
109496  -46.427  41.559  38.428 0.0000000000
110113  -46.695  42.324  38.185 0.0000000000
112103  -46.396  46.117  38.191 0.0000000000
112081  -47.858  45.210  38.597 0.0000000000
110116  -49.636  42.705  37.978 0.0000000000
110774  -48.576  43.283  38.442 0.0000000000
109507  -49.107  41.341  37.656 0.0000000000
109498  -48.343  41.411  37.937 0.0000000000
108874  -49.595  40.623  37.571 0.0000000000
108187  -50.255  40.279  37.815 0.0000000000
108201  -50.203  40.033  37.119 0.0000000000
106926  -49.922  37.945  35.966 0.0000000000
107527  -50.422  38.341  36.330 0.0000000000
106377  -50.149  36.266  36.123 0.0000000000
106379  -51.976  35.961  36.285 0.0000000000
105894  -51.171  35.395  35.690 0.0000000000
108231  -51.952  40.207  33.666 0.0000000000
108226  -51.489  39.589  34.771 0.0000000000
108227  -52.167  38.983  34.611 0.0000000000
106392  -54.432  36.058  34.194 0.0000000000
106940  -53.157  36.937  34.556 0.0000000000
105901  -54.087  35.150  34.290 0.0000000000
105900  -53.115  35.116  34.602 0.0000000000
105408  -54.505  34.443  34.437 0.0000000000
104851  -54.991  34.000  34.452 0.0000000000
105409  -55.232  34.471  34.215 0.0000000000
105413  -56.791  34.532  32.301 0.0000000000
104856  -56.712  33.818  32.791 0.0000000000
104857  -56.816  33.343  32.266 0.0000000000
104204  -56.851  32.443  32.099 0.0000000000
104859  -56.561  32.958  31.562 0.0000000000
106406  -55.973  35.275  30.951 0.0000000000
105917  -55.996  34.539  30.623 0.0000000000
105923  -55.723  34.516  29.751 0.0000000000
107564  -55.695  37.585  30.176 0.0000000000
95195  -47.320  21.594  44.288 0.0000000000
96193  -48.553  22.046  43.379 0.0000000000
95197  -49.302  21.677  43.837 0.0000000000
95168  -49.860  21.573  45.389 0.0000000000
95187  -50.034  21.626  44.518 0.0000000000
99060  -49.344  25.408  46.471 0.0000000000
98267  -48.557  24.405  45.715 0.0000000000
98268  -49.612  24.437  46.172 0.0000000000
96182  -51.499  22.624  44.083 0.0000000000
97265  -50.653  22.903  43.865 0.0000000000
95200  -51.394  22.212  43.819 0.0000000000
95188  -50.950  21.684  44.425 0.0000000000
95190  -53.005  21.820  44.481 0.0000000000
95191  -53.786  21.357  44.244 0.0000000000
95201  -54.228  21.431  43.767 0.0000000000
104775  -47.816  33.469  43.048 0.0000000000
104754  -46.724  33.405  44.106 0.0000000000
108155  -53.448  39.937  40.350 0.0000000000
108153  -51.322  39.917  40.858 0.0000000000
108135  -52.858  39.356  41.092 0.0000000000
106324  -53.283  36.903  42.618 0.0000000000
106864  -52.258  37.838  41.905 0.0000000000
106323  -52.223  36.922  42.187 0.0000000000
106322  -51.363  36.381  41.891 0.0000000000
105844  -52.078  35.868  42.324 0.0000000000
105336  -56.060  34.475  43.924 0.0000000000
105822  -55.476  35.300  43.836 0.0000000000
105335  -55.411  34.823  44.449 0.0000000000
104740  -53.299  33.720  45.798 0.0000000000
105332  -52.795  34.672  44.440 0.0000000000
104760  -52.358  33.985  44.639 0.0000000000
105344  -52.027  34.440  43.147 0.0000000000
104779  -51.610  33.897  43.408 0.0000000000
104778  -50.586  33.558  43.264 0.0000000000
104759  -51.425  33.383  44.362 0.0000000000
104090  -51.190  32.126  46.391 0.0000000000
104089  -50.506  31.945  46.475 0.0000000000
103425  -49.856  32.168  46.277 0.0000000000
103384  -50.550  30.639  47.352 0.0000000000
103385  -51.106  30.771  47.332 0.0000000000
101245  -53.635  28.608  48.026 0.0000000000
101996  -52.746  29.217  47.871 0.0000000000
100553  -53.435  27.848  48.086 0.0000000000
100552  -52.762  27.621  48.012 0.0000000000
99796  -53.749  26.956  48.016 0.0000000000
101265  -57.027  28.400  47.260 0.0000000000
101264  -56.422  28.404  47.603 0.0000000000
99800  -57.114  26.778  47.110 0.0000000000
98260  -56.543  25.107  46.252 0.0000000000
99065  -56.094  25.429  46.895 0.0000000000
98259  -55.640  25.019  46.279 0.0000000000
98246  -55.197  25.361  46.725 0.0000000000
97219  -55.136  24.679  46.007 0.0000000000
97233  -54.396  23.744  45.390 0.0000000000
97234  -55.484  24.173  45.517 0.0000000000
96200  -56.157  22.250  43.508 0.0000000000
96186  -55.678  22.706  44.153 0.0000000000
95203  -55.652  21.367  43.210 0.0000000000
95202  -54.754  21.171  43.468 0.0000000000
94161  -55.975  20.827  43.017 0.0000000000
94168  -57.210  20.334  41.595 0.0000000000
94167  -56.631  19.754  41.906 0.0000000000
93227  -56.515  19.324  41.255 0.0000000000
93226  -55.542  18.766  41.682 0.0000000000
97275  -58.706  23.448  39.936 0.0000000000
96210  -58.598  22.668  40.296 0.0000000000
95217  -58.354  22.133  39.368 0.0000000000
93242  -56.422  20.106  38.250 0.0000000000
94172  -57.253  20.443  38.937 0.0000000000
93236  -56.675  19.815  38.940 0.0000000000
93235  -55.395  18.850  39.286 0.0000000000
92242  -53.728  18.166  39.381 0.0000000000
93240  -54.313  18.780  38.261 0.0000000000
93239  -53.413  18.585  38.075 0.0000000000
93245  -53.108  18.978  37.317 0.0000000000
93244  -52.203  18.720  37.002 0.0000000000
93251  -53.382  19.895  36.120 0.0000000000
101318  -55.265  28.361  39.591 0.0000000000
101309  -54.737  28.522  40.249 0.0000000000
101317  -54.270  28.443  39.625 0.0000000000
100605  -52.492  27.299  38.274 0.0000000000
99847  -53.310  27.676  39.385 0.0000000000
99854  -52.934  27.138  38.731 0.0000000000
99103  -53.165  26.334  38.446 0.0000000000
99102  -52.277  26.435  38.060 0.0000000000
99127  -50.477  25.913  35.223 0.0000000000
99884  -49.904  26.266  35.940 0.0000000000
98307  -48.776  24.926  36.932 0.0000000000
99109  -49.403  25.495  37.129 0.0000000000
98309  -51.157  25.172  37.170 0.0000000000
98310  -52.283  25.201  37.185 0.0000000000
98321  -51.838  24.623  36.630 0.0000000000
97301  -54.155  23.248  35.812 0.0000000000
97289  -52.581  24.035  36.072 0.0000000000
96235  -52.317  22.365  34.362 0.0000000000
96236  -52.943  22.075  34.518 0.0000000000
95239  -52.765  21.609  34.403 0.0000000000
93257  -52.378  19.942  35.539 0.0000000000
92218  -54.629  18.206  46.617 0.0000000000
92225  -53.805  17.302  45.495 0.0000000000
103475  -57.231  31.793  33.589 0.0000000000
103471  -57.305  31.430  34.131 0.0000000000
102759  -57.379  29.744  33.290 0.0000000000
101333  -57.962  28.192  33.297 0.0000000000
101337  -57.708  28.144  32.350 0.0000000000
101993  -49.594  29.348  47.526 0.0000000000
108837  -46.385  40.970  40.042 0.0000000000
108149  -47.395  39.854  41.013 0.0000000000
108132  -49.917  39.196  41.315 0.0000000000
102739  -57.928  30.953  42.251 0.0000000000
103439  -57.580  31.582  42.648 0.0000000000
102738  -57.707  30.565  42.873 0.0000000000
101292  -57.502  28.645  43.931 0.0000000000
100586  -57.278  28.223  43.416 0.0000000000
100594  -57.212  27.338  42.522 0.0000000000
99839  -57.408  26.658  41.592 0.0000000000
99838  -55.947  27.359  41.400 0.0000000000
99843  -54.952  27.480  40.735 0.0000000000
107530  -53.235  37.930  36.656 0.0000000000
107518  -53.764  38.678  37.216 0.0000000000
106931  -54.746  37.231  36.802 0.0000000000
106932  -55.259  37.266  37.151 0.0000000000
106374  -56.196  36.584  37.706 0.0000000000
104184  -58.002  31.361  36.277 0.0000000000
104833  -58.212  33.109  37.164 0.0000000000
104180  -58.119  31.436  36.997 0.0000000000
103460  -58.343  30.940  37.558 0.0000000000
103459  -58.328  31.469  38.267 0.0000000000
103456  -58.262  31.278  39.086 0.0000000000
102049  -58.069  29.426  38.365 0.0000000000
101320  -58.037  28.706  38.567 0.0000000000
100611  -57.972  27.963  38.485 0.0000000000
100621  -58.116  27.575  37.860 0.0000000000
99879  -58.361  26.630  36.579 0.0000000000
99133  -57.862  25.329  35.934 0.0000000000
97340  -58.344  23.879  32.749 0.0000000000
93096  -54.109  19.125  52.661 0.0000000000
94080  -52.527  21.269  50.380 0.0000000000
94096  -53.027  21.345  49.781 0.0000000000
94097  -53.547  21.161  49.256 0.0000000000
94111  -54.343  20.335  48.313 0.0000000000
94110  -53.838  20.935  48.202 0.0000000000
95159  -53.191  21.109  46.158 0.0000000000
110810  -34.131  44.482  36.212 0.0000000000
111428  -43.898  45.234  38.370 0.0000000000
111430  -46.095  44.589  38.724 0.0000000000
112787  -50.488  45.695  37.521 0.0000000000
112082  -48.823  45.255  38.557 0.0000000000
110776  -50.188  43.819  38.200 0.0000000000
110788  -49.958  42.886  38.017 0.0000000000
109520  -50.191  41.102  36.881 0.0000000000
108880  -50.066  40.512  36.934 0.0000000000
108881  -50.347  40.697  36.603 0.0000000000
108217  -50.279  39.614  36.071 0.0000000000
107539  -50.199  38.193  35.488 0.0000000000
108233  -53.590  39.278  33.308 0.0000000000
107542  -52.905  38.343  34.526 0.0000000000
107548  -53.929  38.660  33.791 0.0000000000
106942  -54.993  36.974  33.999 0.0000000000
106393  -55.160  36.112  33.962 0.0000000000
105905  -55.418  35.292  33.928 0.0000000000
106396  -56.272  36.134  33.051 0.0000000000
105908  -56.536  35.350  32.716 0.0000000000
105912  -56.748  35.034  31.653 0.0000000000
106403  -56.359  35.577  31.400 0.0000000000
106954  -56.052  35.784  31.148 0.0000000000
106957  -55.837  35.928  30.684 0.0000000000
101270  -44.222  27.807  45.972 0.0000000000
101285  -44.932  27.461  45.457 0.0000000000
100582  -44.967  26.558  44.646 0.0000000000
99079  -45.744  25.172  45.120 0.0000000000
96192  -47.510  22.041  43.716 0.0000000000
97261  -47.516  22.472  43.925 0.0000000000
97262  -47.997  22.557  43.835 0.0000000000
97263  -48.867  22.745  43.686 0.0000000000
98254  -50.373  24.826  46.649 0.0000000000
97229  -50.351  23.626  45.349 0.0000000000
98269  -50.785  24.018  46.185 0.0000000000
97230  -51.395  23.531  45.390 0.0000000000
97251  -51.979  23.118  44.659 0.0000000000
97253  -54.021  23.135  44.608 0.0000000000
104172  -46.590  32.862  40.668 0.0000000000
104792  -47.864  33.293  42.162 0.0000000000
104776  -48.701  33.441  43.098 0.0000000000
107467  -54.428  38.712  41.400 0.0000000000
107466  -53.319  38.813  41.556 0.0000000000
107443  -54.550  37.975  42.159 0.0000000000
106866  -53.873  37.534  42.511 0.0000000000
106308  -53.655  36.360  43.204 0.0000000000
104726  -55.892  33.146  45.772 0.0000000000
105323  -54.550  34.419  45.397 0.0000000000
104741  -54.452  33.892  45.970 0.0000000000
104115  -52.840  33.101  46.104 0.0000000000
104738  -51.604  33.084  45.231 0.0000000000
104092  -53.082  32.417  46.724 0.0000000000
103413  -52.681  31.822  46.940 0.0000000000
103412  -52.013  31.596  46.870 0.0000000000
103386  -51.997  30.867  47.299 0.0000000000
102703  -52.825  30.158  47.599 0.0000000000
101970  -54.152  29.373  48.057 0.0000000000
101246  -54.563  28.514  48.097 0.0000000000
99074  -58.200  25.659  45.213 0.0000000000
99073  -57.691  25.782  45.898 0.0000000000
97236  -57.206  24.270  45.254 0.0000000000
97235  -56.580  24.153  45.271 0.0000000000
97255  -56.159  23.463  44.774 0.0000000000
96188  -57.178  23.227  43.984 0.0000000000
95205  -57.158  21.823  42.683 0.0000000000
95208  -57.469  21.392  42.110 0.0000000000
95210  -57.967  21.430  41.167 0.0000000000
97284  -57.729  23.173  38.094 0.0000000000
96215  -58.126  22.508  38.588 0.0000000000
96219  -57.515  22.547  37.804 0.0000000000
95219  -57.064  21.105  37.720 0.0000000000
94175  -56.334  20.317  37.843 0.0000000000
93247  -55.396  20.013  37.234 0.0000000000
94179  -55.326  20.295  36.789 0.0000000000
94184  -54.839  20.644  36.103 0.0000000000
99862  -54.214  27.420  37.784 0.0000000000
100607  -53.890  28.121  38.958 0.0000000000
100617  -53.588  27.648  38.100 0.0000000000
100627  -53.042  27.337  37.487 0.0000000000
100615  -51.891  27.112  37.688 0.0000000000
99137  -48.657  25.230  34.395 0.0000000000
99883  -48.603  26.044  35.850 0.0000000000
99125  -47.893  25.393  35.235 0.0000000000
98318  -47.999  24.471  36.468 0.0000000000
97287  -50.358  24.165  35.970 0.0000000000
97298  -50.990  23.753  35.255 0.0000000000
97297  -49.533  23.988  35.417 0.0000000000
96225  -51.050  23.381  34.643 0.0000000000
96234  -50.909  22.903  33.959 0.0000000000
95237  -51.589  21.748  33.389 0.0000000000
105400  -55.269  34.156  35.484 0.0000000000
105393  -55.899  34.980  35.859 0.0000000000
105401  -56.450  34.133  35.546 0.0000000000
104843  -57.659  32.579  35.539 0.0000000000
104187  -58.030  32.088  35.803 0.0000000000
103466  -57.485  31.310  34.662 0.0000000000
104188  -57.754  31.303  35.510 0.0000000000
103464  -57.724  30.612  35.848 0.0000000000
102055  -58.093  29.098  35.683 0.0000000000
100630  -58.506  27.669  35.536 0.0000000000
99890  -58.874  26.945  35.001 0.0000000000
100632  -58.516  27.579  34.614 0.0000000000
99150  -59.038  26.060  33.682 0.0000000000
98376  -59.008  25.169  32.555 0.0000000000
99896  -58.588  26.618  32.256 0.0000000000
99155  -58.975  25.677  31.692 0.0000000000
94064  -51.023  20.641  51.495 0.0000000000
94079  -51.400  21.230  50.725 0.0000000000
95084  -49.693  21.316  50.078 0.0000000000
95085  -50.691  21.556  50.023 0.0000000000
95102  -51.092  22.007  49.165 0.0000000000
95123  -51.430  22.233  48.098 0.0000000000
113453  -40.766  46.208  36.766 0.0000000000
110137  -43.503  46.094  35.207 0.0000000000
109537  -52.048  41.755  35.375 0.0000000000
108237  -52.283  40.232  32.961 0.0000000000
108239  -54.195  39.223  32.558 0.0000000000
107552  -54.972  38.847  31.789 0.0000000000
107557  -54.491  38.871  30.561 0.0000000000
100566  -49.397  27.197  46.815 0.0000000000
99061  -49.975  25.601  46.760 0.0000000000
99062  -50.834  25.460  47.144 0.0000000000
99043  -51.421  25.770  47.352 0.0000000000
99044  -52.282  25.699  47.371 0.0000000000
106338  -47.717  36.319  41.410 0.0000000000
105858  -49.571  35.691  41.521 0.0000000000
105846  -55.873  35.064  41.954 0.0000000000
105836  -55.886  35.256  42.679 0.0000000000
105346  -56.111  34.319  43.045 0.0000000000
104781  -56.318  33.706  43.539 0.0000000000
104762  -56.339  33.433  44.228 0.0000000000
104132  -57.014  32.461  44.105 0.0000000000
104131  -56.559  32.799  44.742 0.0000000000
104116  -56.419  32.452  45.411 0.0000000000
103426  -56.568  31.636  46.019 0.0000000000
102722  -56.485  30.504  46.864 0.0000000000
102706  -55.825  30.339  47.504 0.0000000000
102723  -56.970  29.971  46.555 0.0000000000
101276  -57.527  28.532  46.633 0.0000000000
100568  -57.878  27.652  46.119 0.0000000000
101289  -57.770  28.691  44.865 0.0000000000
100578  -58.013  27.803  45.218 0.0000000000
99819  -58.055  26.708  45.483 0.0000000000
99820  -58.358  26.258  44.797 0.0000000000
99084  -58.653  25.379  43.756 0.0000000000
98289  -58.681  24.439  43.359 0.0000000000
97271  -58.698  23.521  41.813 0.0000000000
98291  -58.892  24.429  42.325 0.0000000000
98293  -58.945  24.393  41.316 0.0000000000
98299  -58.512  24.200  39.589 0.0000000000
99092  -57.928  25.996  40.510 0.0000000000
99099  -58.390  25.095  39.956 0.0000000000
98305  -58.261  24.075  38.994 0.0000000000
98303  -56.806  24.524  38.303 0.0000000000
98314  -56.253  24.326  37.732 0.0000000000
98313  -55.453  24.514  37.602 0.0000000000
99140  -52.597  25.249  34.777 0.0000000000
98337  -52.222  24.650  34.132 0.0000000000
98336  -51.418  24.747  33.877 0.0000000000
99149  -50.936  24.936  33.894 0.0000000000
98350  -49.678  24.666  33.299 0.0000000000
98362  -47.937  24.148  32.627 0.0000000000
108841  -50.127  40.516  39.447 0.0000000000
108824  -50.728  40.333  40.260 0.0000000000
108843  -52.065  40.411  39.469 0.0000000000
108844  -52.950  40.305  39.478 0.0000000000
108173  -54.426  39.606  39.750 0.0000000000
107505  -54.918  38.904  38.328 0.0000000000
108193  -55.080  39.117  39.215 0.0000000000
108174  -55.056  39.104  40.107 0.0000000000
107481  -55.263  38.456  40.628 0.0000000000
107482  -55.635  37.467  40.747 0.0000000000
106343  -55.561  35.589  40.816 0.0000000000
105892  -56.854  35.467  36.962 0.0000000000
105884  -56.856  35.789  37.553 0.0000000000
105388  -57.990  34.023  37.548 0.0000000000
105881  -56.905  35.466  38.598 0.0000000000
105877  -56.379  35.034  39.322 0.0000000000
106344  -55.748  35.139  40.385 0.0000000000
105847  -55.796  34.618  41.392 0.0000000000
104807  -56.653  33.492  41.202 0.0000000000
104162  -57.211  32.822  41.378 0.0000000000
104149  -57.606  32.121  41.445 0.0000000000
103454  -58.118  31.404  40.161 0.0000000000
103447  -58.017  31.464  41.093 0.0000000000
102742  -58.079  30.662  41.604 0.0000000000
102043  -57.399  29.436  41.553 0.0000000000
101303  -56.208  28.707  41.011 0.0000000000
100609  -55.845  27.930  38.878 0.0000000000
100610  -56.986  27.763  38.660 0.0000000000
100620  -56.297  27.446  38.266 0.0000000000
100619  -55.363  27.504  38.321 0.0000000000
99863  -54.895  27.096  37.692 0.0000000000
99888  -54.754  26.254  36.218 0.0000000000
99130  -54.327  25.786  35.547 0.0000000000
99135  -58.831  26.277  35.321 0.0000000000
98343  -58.471  25.078  34.871 0.0000000000
98331  -57.695  24.868  35.417 0.0000000000
97323  -57.692  23.833  33.696 0.0000000000
97310  -57.163  24.018  34.276 0.0000000000
98341  -56.658  24.215  34.711 0.0000000000
93120  -54.429  19.729  51.827 0.0000000000
93134  -55.416  19.487  50.970 0.0000000000
93156  -56.056  19.171  50.453 0.0000000000
93171  -55.983  19.239  49.689 0.0000000000
92208  -55.232  19.231  48.403 0.0000000000
92212  -54.762  19.081  47.699 0.0000000000
93183  -54.475  19.806  47.880 0.0000000000
110157  -35.784  43.920  35.881 0.0000000000
109544  -36.439  44.017  35.943 0.0000000000
110092  -41.217  42.000  40.190 0.0000000000
110093  -42.399  42.034  40.389 0.0000000000
109485  -43.594  41.744  40.264 0.0000000000
109486  -44.313  41.798  39.888 0.0000000000
110757  -43.657  43.071  39.256 0.0000000000
110103  -44.529  42.537  39.114 0.0000000000
109474  -45.769  41.192  39.937 0.0000000000
109488  -46.229  41.279  39.273 0.0000000000
108859  -47.581  40.990  39.005 0.0000000000
112102  -45.718  46.240  37.780 0.0000000000
112079  -45.810  45.543  38.406 0.0000000000
111432  -48.177  44.291  38.601 0.0000000000
110773  -47.480  43.327  38.506 0.0000000000
108860  -48.358  40.814  38.621 0.0000000000
108862  -50.599  40.445  38.640 0.0000000000
108188  -51.076  40.101  37.942 0.0000000000
107516  -51.810  38.816  36.798 0.0000000000
108211  -50.495  39.324  36.592 0.0000000000
107528  -51.119  37.997  36.386 0.0000000000
107529  -52.145  37.912  36.507 0.0000000000
106929  -52.592  36.958  36.450 0.0000000000
105391  -53.560  34.659  35.811 0.0000000000
108219  -51.165  40.124  35.211 0.0000000000
107540  -50.659  38.484  35.317 0.0000000000
106938  -50.513  37.318  35.100 0.0000000000
106939  -51.873  37.088  34.760 0.0000000000
106389  -51.082  35.953  34.811 0.0000000000
105899  -52.149  35.094  34.926 0.0000000000
104838  -53.372  34.231  35.087 0.0000000000
105399  -54.139  34.177  35.514 0.0000000000
104847  -55.318  33.679  34.670 0.0000000000
104196  -56.556  32.775  33.806 0.0000000000
105410  -55.921  34.478  33.722 0.0000000000
104853  -56.382  33.503  33.495 0.0000000000
104200  -56.789  32.759  33.418 0.0000000000
104201  -57.063  32.361  32.927 0.0000000000
104202  -57.048  31.864  32.389 0.0000000000
105417  -56.460  33.847  30.988 0.0000000000
107559  -56.135  37.453  31.071 0.0000000000
106956  -56.045  36.741  30.390 0.0000000000
106960  -55.528  36.171  29.682 0.0000000000
95154  -48.705  21.868  46.565 0.0000000000
95185  -48.044  21.353  44.817 0.0000000000
95167  -48.872  21.547  45.563 0.0000000000
95155  -49.687  21.829  46.362 0.0000000000
95156  -50.684  21.691  46.202 0.0000000000
97248  -49.115  23.313  44.318 0.0000000000
97264  -49.780  22.850  43.782 0.0000000000
97249  -50.046  23.302  44.460 0.0000000000
95198  -50.211  21.856  43.839 0.0000000000
95157  -51.667  21.557  46.035 0.0000000000
95158  -52.674  21.315  45.901 0.0000000000
94141  -53.117  21.175  45.588 0.0000000000
94142  -53.626  20.683  45.453 0.0000000000
94156  -53.673  20.884  44.743 0.0000000000
94157  -54.112  20.481  44.676 0.0000000000
94159  -54.579  20.189  44.019 0.0000000000
104737  -46.255  33.406  44.736 0.0000000000
104125  -46.924  33.200  45.057 0.0000000000
104109  -47.457  32.646  45.699 0.0000000000
108152  -50.334  39.951  40.974 0.0000000000
107463  -50.492  38.377  41.453 0.0000000000
107440  -52.295  38.239  41.640 0.0000000000
107464  -51.606  38.320  41.508 0.0000000000
106880  -50.117  37.567  41.440 0.0000000000
106340  -49.812  36.681  41.438 0.0000000000
105859  -50.542  36.046  41.533 0.0000000000
104806  -50.387  34.401  41.675 0.0000000000
105835  -55.507  35.756  43.192 0.0000000000
105834  -54.967  36.012  43.656 0.0000000000
105832  -53.254  35.634  43.552 0.0000000000
105333  -53.667  34.891  44.970 0.0000000000
105819  -53.180  35.179  44.227 0.0000000000
105353  -52.554  35.490  42.931 0.0000000000
105352  -52.012  34.929  42.505 0.0000000000
105351  -51.170  34.588  41.933 0.0000000000
104805  -49.746  33.963  41.667 0.0000000000
104794  -49.724  33.585  42.341 0.0000000000
104777  -49.607  33.467  43.173 0.0000000000
104757  -49.497  33.233  44.029 0.0000000000
104130  -50.970  33.141  44.867 0.0000000000
104129  -50.276  33.051  44.917 0.0000000000
104128  -49.405  33.022  44.911 0.0000000000
104111  -49.271  32.646  45.674 0.0000000000
103424  -49.140  32.162  46.349 0.0000000000
103409  -48.897  31.540  46.806 0.0000000000
102721  -49.328  30.907  47.213 0.0000000000
102700  -50.030  30.281  47.428 0.0000000000
101994  -50.590  29.283  47.602 0.0000000000
102702  -51.874  30.085  47.649 0.0000000000
101995  -51.597  29.250  47.739 0.0000000000
100551  -51.835  27.516  47.658 0.0000000000
99795  -52.547  26.716  47.698 0.0000000000
98243  -52.962  25.353  47.230 0.0000000000
101999  -55.980  29.312  47.816 0.0000000000
101248  -55.907  28.402  47.897 0.0000000000
100539  -54.904  27.762  48.070 0.0000000000
99049  -56.740  26.359  47.173 0.0000000000
99798  -55.687  26.750  47.682 0.0000000000
99797  -54.776  26.627  47.798 0.0000000000
99046  -54.221  25.990  47.466 0.0000000000
98245  -54.554  25.330  46.969 0.0000000000
98257  -54.012  24.760  46.564 0.0000000000
96185  -54.654  22.627  43.992 0.0000000000
96198  -54.351  21.942  43.538 0.0000000000
93220  -55.014  19.385  43.143 0.0000000000
94164  -56.261  20.273  42.488 0.0000000000
93223  -55.210  19.081  42.568 0.0000000000
92231  -54.751  18.235  42.238 0.0000000000
92234  -54.734  18.028  41.385 0.0000000000
96208  -58.415  22.556  41.266 0.0000000000
94170  -57.629  20.570  40.490 0.0000000000
95216  -58.063  21.667  39.158 0.0000000000
93232  -57.258  19.986  39.816 0.0000000000
92237  -53.348  17.403  41.238 0.0000000000
92241  -52.066  17.193  40.078 0.0000000000
92247  -52.544  18.230  38.318 0.0000000000
101302  -55.199  28.429  40.957 0.0000000000
100597  -54.998  28.017  41.197 0.0000000000
101315  -53.335  28.292  39.659 0.0000000000
99848  -53.915  27.274  39.747 0.0000000000
99095  -54.751  26.428  39.406 0.0000000000
99104  -54.100  26.202  38.838 0.0000000000
98301  -54.771  25.247  38.162 0.0000000000
98312  -54.456  24.592  37.349 0.0000000000
99886  -52.395  26.527  36.064 0.0000000000
99871  -49.548  26.199  36.630 0.0000000000
99859  -49.804  26.046  37.157 0.0000000000
99101  -51.785  25.907  38.000 0.0000000000
99112  -52.740  25.758  37.785 0.0000000000
98311  -53.326  24.993  37.316 0.0000000000
97291  -54.757  23.642  36.408 0.0000000000
96221  -54.828  22.589  35.805 0.0000000000
95225  -54.592  21.658  35.589 0.0000000000
94191  -54.235  20.976  35.529 0.0000000000
96227  -53.053  22.588  34.908 0.0000000000
95230  -53.839  21.673  35.198 0.0000000000
94190  -53.514  20.729  35.291 0.0000000000
92243  -54.609  18.427  39.464 0.0000000000
93234  -54.547  18.536  39.074 0.0000000000
93237  -57.243  20.221  39.293 0.0000000000
93258  -53.019  20.254  35.527 0.0000000000
94129  -53.241  21.029  45.876 0.0000000000
94173  -57.609  20.739  39.515 0.0000000000
94176  -56.996  20.586  38.219 0.0000000000
94177  -57.520  20.990  38.780 0.0000000000
94180  -55.932  20.413  37.250 0.0000000000
94181  -56.618  20.810  37.511 0.0000000000
94183  -54.078  20.431  35.829 0.0000000000
94185  -55.694  20.909  36.563 0.0000000000
94189  -52.771  20.497  35.087 0.0000000000
94199  -52.498  20.894  34.468 0.0000000000
95207  -56.918  21.134  42.512 0.0000000000
95211  -58.351  21.992  40.535 0.0000000000
95214  -58.401  22.051  39.805 0.0000000000
95222  -56.825  21.635  37.269 0.0000000000
95223  -57.258  22.054  37.572 0.0000000000
95229  -53.295  21.607  34.758 0.0000000000
96181  -47.267  22.426  43.992 0.0000000000
96195  -50.387  22.365  43.562 0.0000000000
96196  -51.007  22.423  43.696 0.0000000000
96197  -53.941  21.746  43.772 0.0000000000
96212  -58.323  22.216  39.117 0.0000000000
96213  -58.500  22.660  39.390 0.0000000000
96216  -58.440  23.007  38.889 0.0000000000
97217  -53.690  24.124  46.019 0.0000000000
97246  -47.248  22.984  44.413 0.0000000000
97247  -48.224  23.166  44.281 0.0000000000
97257  -58.049  23.904  44.492 0.0000000000
97277  -57.495  23.808  38.223 0.0000000000
97278  -58.122  23.484  38.597 0.0000000000
97290  -53.607  23.857  36.231 0.0000000000
97292  -55.822  23.325  36.725 0.0000000000
97293  -56.468  23.147  37.103 0.0000000000
97299  -52.230  23.512  35.415 0.0000000000
97300  -53.314  23.337  35.597 0.0000000000
97307  -50.374  23.649  34.691 0.0000000000
97308  -55.946  23.535  33.874 0.0000000000
97354  -58.230  23.650  31.769 0.0000000000
98244  -53.626  25.288  47.136 0.0000000000
98258  -54.854  24.955  46.416 0.0000000000
98273  -56.965  24.640  45.684 0.0000000000
98274  -57.790  24.711  45.297 0.0000000000
98283  -47.226  23.618  45.086 0.0000000000
98295  -58.768  24.311  40.384 0.0000000000
98298  -58.010  24.776  39.245 0.0000000000
98304  -57.687  24.321  38.673 0.0000000000
98308  -49.937  25.017  37.079 0.0000000000
98317  -47.214  24.802  36.265 0.0000000000
98319  -49.304  24.351  36.434 0.0000000000
98320  -50.647  24.525  36.629 0.0000000000
98323  -53.829  24.346  36.784 0.0000000000
98326  -47.014  24.750  35.923 0.0000000000
98328  -48.400  24.025  35.924 0.0000000000
98330  -56.773  24.704  35.341 0.0000000000
98332  -58.184  25.190  35.455 0.0000000000
98342  -57.639  24.337  34.575 0.0000000000
98344  -58.831  25.571  34.634 0.0000000000
98357  -58.427  24.515  33.915 0.0000000000
98367  -58.698  24.556  32.988 0.0000000000
99048  -56.250  26.102  47.301 0.0000000000
99064  -55.577  25.415  46.803 0.0000000000
99066  -56.977  25.866  46.715 0.0000000000
99080  -58.457  25.517  44.552 0.0000000000
99088  -58.351  25.980  41.234 0.0000000000
99098  -57.561  25.562  39.709 0.0000000000
99105  -55.187  25.760  38.817 0.0000000000
99108  -48.656  25.341  37.026 0.0000000000
99111  -51.740  25.822  37.629 0.0000000000
99115  -47.217  25.200  36.364 0.0000000000
99117  -48.877  25.698  36.868 0.0000000000
99118  -55.805  25.819  36.371 0.0000000000
99121  -58.184  25.882  36.323 0.0000000000
99124  -47.129  25.182  35.897 0.0000000000
99126  -49.110  25.880  35.109 0.0000000000
99134  -58.463  25.662  35.537 0.0000000000
99139  -51.204  25.301  34.418 0.0000000000
99144  -58.794  25.723  34.983 0.0000000000
99147  -49.332  25.026  33.901 0.0000000000
99148  -50.275  25.025  33.889 0.0000000000
99152  -59.064  25.946  32.769 0.0000000000
99782  -54.135  27.284  48.047 0.0000000000
99783  -54.487  27.231  48.038 0.0000000000
99784  -55.125  27.168  47.979 0.0000000000
99799  -56.467  26.797  47.422 0.0000000000
99812  -50.970  26.065  47.368 0.0000000000
99824  -45.279  25.952  44.543 0.0000000000
99825  -46.034  26.054  44.944 0.0000000000
99835  -58.437  26.183  42.273 0.0000000000
99837  -55.314  27.737  41.319 0.0000000000
99842  -54.173  27.775  40.467 0.0000000000
99850  -55.852  26.332  39.950 0.0000000000
99852  -51.185  26.492  37.610 0.0000000000
99856  -57.568  27.518  38.259 0.0000000000
99865  -57.222  26.988  37.901 0.0000000000
99866  -58.186  27.067  37.473 0.0000000000
99869  -47.512  25.440  36.274 0.0000000000
99870  -48.250  25.800  36.413 0.0000000000
99876  -55.495  26.311  36.727 0.0000000000
99878  -57.754  26.296  37.084 0.0000000000
99882  -47.696  25.697  35.922 0.0000000000
99892  -58.873  26.853  34.105 0.0000000000
100540  -55.631  27.653  47.880 0.0000000000
100541  -56.179  27.869  47.706 0.0000000000
100555  -56.726  27.588  47.415 0.0000000000
100556  -57.500  27.591  46.958 0.0000000000
100567  -50.022  27.447  47.269 0.0000000000
100574  -44.557  27.104  44.901 0.0000000000
100584  -57.845  27.986  44.501 0.0000000000
100590  -57.495  27.502  43.191 0.0000000000
100596  -54.376  28.142  40.757 0.0000000000
100599  -53.381  28.096  39.849 0.0000000000
100600  -53.780  28.008  40.340 0.0000000000
100603  -57.867  28.380  39.087 0.0000000000
100612  -58.086  28.318  38.041 0.0000000000
100616  -52.689  27.468  38.018 0.0000000000
100618  -54.419  27.657  38.324 0.0000000000
100622  -58.299  27.912  37.480 0.0000000000
100625  -51.469  27.107  37.228 0.0000000000
100626  -52.247  27.210  37.359 0.0000000000
100628  -58.493  27.815  36.463 0.0000000000
100636  -58.192  27.373  32.791 0.0000000000
101247  -55.324  28.397  48.061 0.0000000000
101263  -52.939  28.347  48.054 0.0000000000
101291  -57.288  28.651  43.452 0.0000000000
101295  -57.289  28.911  43.447 0.0000000000
101297  -55.915  28.438  41.412 0.0000000000
101301  -54.479  28.392  40.568 0.0000000000
101307  -53.395  28.440  39.908 0.0000000000
101313  -58.146  29.148  38.947 0.0000000000
101316  -53.557  28.353  39.635 0.0000000000
101969  -53.487  29.211  47.948 0.0000000000
101971  -55.106  29.222  48.176 0.0000000000
101972  -55.624  28.830  48.025 0.0000000000
101998  -55.368  29.513  48.076 0.0000000000
102000  -56.615  28.875  47.473 0.0000000000
102019  -56.327  29.889  47.332 0.0000000000
102040  -57.454  29.584  42.214 0.0000000000
102041  -57.973  30.031  41.832 0.0000000000
102044  -57.858  29.757  41.220 0.0000000000
102679  -54.419  29.817  48.119 0.0000000000
102728  -56.563  31.081  46.392 0.0000000000
103390  -55.780  31.076  47.177 0.0000000000
103414  -54.529  31.725  47.430 0.0000000000
103416  -56.063  31.626  46.711 0.0000000000
103422  -47.542  32.157  46.342 0.0000000000
103423  -48.255  32.159  46.299 0.0000000000
103457  -58.393  30.811  38.328 0.0000000000
103462  -57.972  30.682  36.713 0.0000000000
103467  -57.663  30.862  34.838 0.0000000000
103470  -57.229  31.759  33.912 0.0000000000
103480  -56.972  31.280  32.162 0.0000000000
104072  -53.314  31.713  47.263 0.0000000000
104094  -55.296  32.576  46.789 0.0000000000
104108  -46.392  32.998  45.545 0.0000000000
104110  -48.400  32.659  45.663 0.0000000000
104113  -51.209  32.732  45.658 0.0000000000
104114  -52.173  32.815  45.912 0.0000000000
104161  -46.316  32.745  40.784 0.0000000000
104191  -57.109  32.399  34.730 0.0000000000
104193  -57.631  31.275  35.134 0.0000000000
104725  -55.294  33.270  46.241 0.0000000000
104742  -55.314  33.806  45.644 0.0000000000
104743  -56.056  33.490  45.105 0.0000000000
104753  -45.648  33.537  43.918 0.0000000000
104761  -53.104  34.393  45.171 0.0000000000
104780  -52.283  34.357  43.818 0.0000000000
104791  -46.986  33.398  42.084 0.0000000000
104796  -51.579  34.253  42.592 0.0000000000
104802  -46.933  33.175  41.256 0.0000000000
104817  -46.830  33.341  40.732 0.0000000000
104818  -47.923  33.689  41.080 0.0000000000
104819  -48.417  33.901  41.266 0.0000000000
104820  -56.749  33.680  40.375 0.0000000000
104821  -57.392  33.026  40.050 0.0000000000
104830  -58.005  33.106  38.129 0.0000000000
104835  -57.395  33.779  35.899 0.0000000000
104839  -53.825  33.986  35.127 0.0000000000
104840  -54.742  33.702  35.131 0.0000000000
104845  -53.632  34.141  34.880 0.0000000000
104849  -56.881  32.648  34.614 0.0000000000
105324  -55.353  34.319  45.049 0.0000000000
105334  -54.649  35.007  44.852 0.0000000000
105347  -56.267  33.900  42.417 0.0000000000
105354  -56.027  34.540  42.388 0.0000000000
105355  -56.106  34.095  41.774 0.0000000000
105361  -49.566  34.746  41.541 0.0000000000
105362  -50.435  35.149  41.571 0.0000000000
105363  -56.080  34.056  40.948 0.0000000000
105374  -47.303  34.062  40.820 0.0000000000
105381  -57.151  33.885  39.136 0.0000000000
105390  -53.093  34.714  35.697 0.0000000000
105397  -52.577  34.711  35.379 0.0000000000
105398  -53.052  34.572  35.413 0.0000000000
105404  -52.563  34.716  35.210 0.0000000000
105405  -53.043  34.521  34.949 0.0000000000
105406  -53.745  34.461  34.611 0.0000000000
105821  -54.783  35.445  44.188 0.0000000000
105833  -54.162  35.921  43.754 0.0000000000
105857  -48.373  35.130  41.419 0.0000000000
105860  -55.688  35.201  41.362 0.0000000000
105861  -55.792  34.779  40.751 0.0000000000
105870  -47.621  34.641  41.193 0.0000000000
105872  -56.078  34.812  40.060 0.0000000000
105883  -56.487  36.117  37.350 0.0000000000
105886  -51.075  35.476  35.921 0.0000000000
105887  -51.570  35.361  35.937 0.0000000000
105888  -52.734  35.018  35.962 0.0000000000
105896  -52.619  34.789  35.598 0.0000000000
105898  -51.343  35.341  35.256 0.0000000000
105904  -54.810  34.959  34.280 0.0000000000
105906  -56.131  35.343  33.374 0.0000000000
105909  -56.738  35.364  32.142 0.0000000000
106309  -54.433  36.494  43.328 0.0000000000
106310  -55.148  36.631  43.047 0.0000000000
106312  -55.848  35.640  42.213 0.0000000000
106325  -54.071  37.031  43.046 0.0000000000
106327  -55.636  36.398  41.992 0.0000000000
106341  -50.714  36.906  41.504 0.0000000000
106352  -55.765  35.493  39.905 0.0000000000
106362  -56.174  35.805  39.068 0.0000000000
106369  -56.606  36.181  38.324 0.0000000000
106373  -55.790  36.857  37.424 0.0000000000
106375  -56.630  36.255  37.866 0.0000000000
106378  -50.742  35.871  36.128 0.0000000000
106382  -55.550  36.683  36.958 0.0000000000
106383  -56.041  36.415  37.160 0.0000000000
106385  -49.934  36.175  35.868 0.0000000000
106386  -50.578  35.706  35.472 0.0000000000
106391  -53.502  35.946  34.362 0.0000000000
106395  -55.712  36.119  33.518 0.0000000000
106398  -56.492  36.044  32.362 0.0000000000
106402  -56.526  36.141  31.821 0.0000000000
106853  -55.236  36.938  42.616 0.0000000000
106854  -55.324  36.668  42.539 0.0000000000
106865  -52.994  37.625  42.225 0.0000000000
106867  -54.769  37.274  42.653 0.0000000000
106868  -55.485  36.976  42.068 0.0000000000
106881  -50.974  37.630  41.575 0.0000000000
106882  -51.677  37.549  41.784 0.0000000000
106883  -55.543  37.201  41.473 0.0000000000
106884  -55.682  36.656  41.112 0.0000000000
106895  -55.727  36.826  40.187 0.0000000000
106908  -55.956  37.042  39.444 0.0000000000
106913  -55.795  37.737  38.327 0.0000000000
106914  -56.028  37.184  38.615 0.0000000000
106921  -55.621  37.305  37.602 0.0000000000
106927  -50.252  37.009  36.210 0.0000000000
106930  -53.749  37.102  36.514 0.0000000000
106934  -50.027  37.812  35.527 0.0000000000
106935  -49.795  37.034  35.633 0.0000000000
106937  -50.247  37.920  35.364 0.0000000000
106941  -54.064  36.717  34.290 0.0000000000
106943  -55.436  36.603  33.677 0.0000000000
106945  -55.231  37.546  33.577 0.0000000000
107441  -52.814  38.265  41.861 0.0000000000
107465  -52.456  38.677  41.451 0.0000000000
107469  -55.574  37.302  41.198 0.0000000000
107480  -54.848  38.961  40.871 0.0000000000
107515  -51.005  38.987  36.673 0.0000000000
107519  -54.609  38.489  37.578 0.0000000000
107520  -55.348  38.195  37.911 0.0000000000
107531  -54.244  37.933  36.911 0.0000000000
107535  -50.215  38.684  35.684 0.0000000000
107536  -50.558  38.975  35.482 0.0000000000
107544  -54.900  37.666  33.762 0.0000000000
107547  -53.322  39.069  33.978 0.0000000000
107550  -55.799  37.777  32.835 0.0000000000
108131  -48.935  39.149  41.274 0.0000000000
108154  -52.302  39.922  40.696 0.0000000000
108156  -54.446  39.310  40.628 0.0000000000
108157  -54.950  39.022  40.592 0.0000000000
108172  -53.732  39.969  39.280 0.0000000000
108189  -51.957  39.963  38.059 0.0000000000
108190  -52.818  39.833  38.204 0.0000000000
108191  -53.618  39.706  38.450 0.0000000000
108203  -51.469  39.537  37.330 0.0000000000
108206  -54.169  39.210  37.948 0.0000000000
108210  -50.315  39.760  36.555 0.0000000000
108225  -50.859  39.145  35.347 0.0000000000
108818  -44.730  40.338  40.739 0.0000000000
108820  -46.817  40.403  40.445 0.0000000000
108826  -52.524  40.305  40.092 0.0000000000
108838  -47.134  40.904  39.687 0.0000000000
108842  -51.134  40.476  39.475 0.0000000000
108864  -52.443  40.267  38.773 0.0000000000
108873  -48.860  40.786  37.944 0.0000000000
108886  -50.314  40.177  36.479 0.0000000000
108888  -51.075  40.559  35.588 0.0000000000
109473  -45.039  41.188  40.246 0.0000000000
109487  -45.262  41.650  39.387 0.0000000000
109489  -46.948  41.198  38.909 0.0000000000
109505  -45.915  41.835  38.275 0.0000000000
109506  -46.214  41.935  38.089 0.0000000000
109516  -33.247  43.981  36.667 0.0000000000
109521  -50.757  41.340  36.612 0.0000000000
109522  -51.359  41.573  36.302 0.0000000000
109528  -32.939  43.941  36.419 0.0000000000
109530  -34.790  43.962  36.316 0.0000000000
109531  -36.277  44.625  36.640 0.0000000000
109536  -51.591  41.420  35.677 0.0000000000
109545  -36.864  44.136  35.998 0.0000000000
109546  -51.826  41.413  35.081 0.0000000000
110094  -43.108  41.920  40.342 0.0000000000
110104  -45.249  42.040  38.819 0.0000000000
110115  -49.045  42.303  37.945 0.0000000000
110125  -45.920  42.084  38.149 0.0000000000
110126  -46.126  42.217  38.136 0.0000000000
110127  -49.404  41.816  37.570 0.0000000000
110128  -49.923  42.314  37.583 0.0000000000
110129  -51.041  42.350  37.179 0.0000000000
110130  -51.553  42.925  36.887 0.0000000000
110144  -33.172  43.885  36.353 0.0000000000
110145  -33.592  44.139  36.367 0.0000000000
110146  -35.065  44.172  36.336 0.0000000000
110149  -52.026  41.943  35.735 0.0000000000
110158  -36.014  43.960  35.910 0.0000000000
110801  -51.822  43.473  36.679 0.0000000000
111429  -45.002  44.865  38.754 0.0000000000
111433  -49.170  44.246  38.591 0.0000000000
111434  -49.951  44.284  38.364 0.0000000000
111450  -43.513  46.142  36.945 0.0000000000
111451  -50.498  44.309  37.999 0.0000000000
111466  -37.303  45.734  36.504 0.0000000000
111468  -51.585  44.261  37.010 0.0000000000
112080  -46.876  45.475  38.531 0.0000000000
112101  -44.968  46.327  37.141 0.0000000000
112106  -50.796  45.147  37.604 0.0000000000
112123  -51.199  45.322  37.116 0.0000000000
112764  -47.786  46.004  38.351 0.0000000000
112765  -48.331  45.715  38.426 0.0000000000
112786  -49.962  46.016  37.587 0.0000000000
