#!ascii label  , from subject 3257 vox2ras=TkReg
706
130245  -29.836  -22.013  2.287 0.4285714328
51815  -30.252  -20.603  1.515 0.2857142985
51816  -31.134  -19.749  1.506 0.4285714328
52750  -30.271  -19.697  0.859 0.2857142985
52751  -31.138  -19.371  0.604 0.4285714328
52767  -31.166  -18.800  -0.128 0.4285714328
53697  -30.325  -18.120  -0.513 0.4285714328
54755  -30.795  -17.548  -0.677 0.4285714328
54768  -30.129  -17.150  -0.956 0.4285714328
55840  -30.595  -16.474  -1.058 0.4285714328
56938  -29.517  -15.652  -2.688 0.5714285970
55856  -30.084  -16.383  -1.825 0.5714285970
56923  -30.736  -15.894  -1.313 0.4285714328
56939  -30.641  -15.297  -2.079 0.2857142985
58018  -30.139  -14.698  -2.989 0.7142857313
58038  -30.482  -13.848  -3.345 0.7142857313
59148  -31.166  -13.386  -3.112 0.4285714328
58019  -31.090  -14.229  -2.563 0.5714285970
60320  -31.374  -12.446  -3.734 0.5714285970
59165  -30.094  -13.276  -3.896 0.5714285970
60319  -30.767  -12.555  -4.211 0.5714285970
61418  -30.911  -11.891  -4.356 0.5714285970
61419  -31.352  -11.662  -3.819 0.5714285970
60335  -30.180  -12.360  -4.354 0.5714285970
62398  -30.752  -10.740  -4.326 0.5714285970
63346  -30.970  -9.549  -3.961 0.5714285970
62397  -29.787  -10.676  -4.734 0.7142857313
63345  -30.202  -9.560  -4.824 0.7142857313
64189  -29.988  -8.377  -4.579 0.7142857313
64190  -30.616  -8.673  -4.274 0.5714285970
61452  -28.822  -11.009  -4.498 0.5714285970
63344  -29.539  -8.998  -4.745 0.8571428657
65016  -30.741  -7.354  -4.168 0.5714285970
63359  -29.249  -9.472  -4.747 0.7142857313
63358  -28.757  -9.131  -4.573 0.5714285970
65927  -29.265  -6.589  -4.627 0.7142857313
64188  -29.359  -8.188  -4.501 0.7142857313
65015  -29.717  -7.359  -4.595 0.7142857313
65945  -29.370  -5.950  -4.691 0.5714285970
65014  -29.130  -7.374  -4.532 0.7142857313
65928  -30.125  -6.081  -4.573 0.5714285970
66950  -29.527  -5.155  -5.031 0.7142857313
65943  -28.314  -5.826  -4.798 0.7142857313
65944  -28.903  -5.898  -4.700 0.7142857313
66949  -28.637  -5.132  -4.985 0.7142857313
68939  -28.775  -3.693  -5.169 0.7142857313
67913  -29.591  -4.295  -5.053 0.5714285970
65926  -28.772  -6.693  -4.596 0.5714285970
70020  -29.215  -2.956  -5.144 0.5714285970
71110  -29.528  -1.482  -5.063 0.5714285970
66948  -28.213  -5.015  -4.975 0.8571428657
70040  -29.155  -2.146  -5.332 0.7142857313
70039  -28.314  -2.231  -5.757 0.7142857313
67911  -28.317  -4.245  -5.175 0.8571428657
68953  -28.189  -3.304  -5.417 0.7142857313
71132  -28.795  -0.753  -6.618 0.8571428657
71109  -29.048  -0.867  -5.577 0.5714285970
70054  -27.920  -2.073  -6.065 0.8571428657
68972  -27.861  -2.881  -5.733 0.8571428657
72222  -28.110  -0.384  -7.919 0.8571428657
74413  -28.294  1.149  -6.956 0.8571428657
74393  -27.842  1.214  -6.434 0.8571428657
71107  -28.211  -1.463  -6.620 0.8571428657
73316  -27.775  0.322  -7.912 0.8571428657
72203  -26.753  0.403  -7.859 1.0000000000
73294  -27.423  0.868  -7.526 1.0000000000
72245  -27.493  -1.091  -8.083 0.8571428657
73293  -26.643  0.706  -7.583 1.0000000000
72221  -27.223  -0.110  -8.122 1.0000000000
74391  -26.469  1.500  -7.365 1.0000000000
75609  -25.826  1.679  -8.342 0.7142857313
74392  -27.040  1.590  -6.780 1.0000000000
73292  -26.231  0.790  -7.744 1.0000000000
75590  -26.386  2.090  -6.645 1.0000000000
131970  -25.481  4.455  -7.301 1.0000000000
75587  -24.366  3.211  -8.374 0.8571428657
77894  -24.959  5.391  -8.494 0.8571428657
76755  -25.326  4.446  -8.120 1.0000000000
131978  -24.119  7.814  -8.236 0.8571428657
77872  -24.391  6.110  -8.575 0.8571428657
86669  -23.020  10.146  -6.444 0.8571428657
132019  -23.223  8.326  -7.499 0.8571428657
85573  -22.603  11.838  -6.023 0.7142857313
85574  -22.726  11.198  -6.370 0.5714285970
132017  -22.405  11.177  -4.858 0.5714285970
132001  -22.317  10.020  -5.578 0.5714285970
132016  -22.224  11.718  -4.353 0.4285714328
86653  -22.265  12.780  -4.312 0.4285714328
87700  -22.436  13.337  -5.004 0.4285714328
86635  -22.728  13.030  -2.236 0.2857142985
85526  -22.465  12.522  -2.671 0.2857142985
87676  -23.043  13.523  -2.234 0.2857142985
68938  -28.386  -3.619  -5.260 0.7142857313
70019  -28.603  -3.027  -5.316 0.7142857313
71108  -28.366  -1.385  -6.376 0.8571428657
72204  -29.127  0.065  -6.709 0.8571428657
73318  -28.770  0.529  -6.952 0.8571428657
73295  -27.978  1.206  -7.221 0.8571428657
75589  -25.815  2.287  -7.488 0.8571428657
87692  -25.071  15.237  -3.545 0.1428571492
52749  -29.487  -20.000  0.867 0.2857142985
52766  -30.021  -19.094  0.067 0.2857142985
54769  -31.049  -16.921  -0.780 0.4285714328
53713  -29.567  -17.774  -0.933 0.2857142985
54784  -29.577  -17.410  -1.907 0.5714285970
56956  -29.302  -14.825  -3.188 0.2857142985
59166  -30.773  -13.266  -3.715 0.4285714328
60318  -30.063  -12.726  -4.251 0.5714285970
62379  -31.225  -10.443  -3.294 0.4285714328
60334  -29.675  -12.279  -4.173 0.7142857313
61434  -30.280  -11.701  -4.458 0.7142857313
62409  -29.051  -10.374  -4.705 0.5714285970
62410  -29.558  -9.939  -4.917 0.5714285970
66938  -30.440  -5.022  -4.781 0.5714285970
63343  -29.137  -8.792  -4.555 0.5714285970
65929  -30.929  -6.137  -4.132 0.5714285970
65013  -28.835  -7.278  -4.521 0.8571428657
72205  -29.119  -0.170  -6.413 0.5714285970
70071  -27.355  -2.015  -6.635 1.0000000000
72243  -26.339  -1.260  -8.389 1.0000000000
74390  -26.142  1.422  -7.876 0.8571428657
75607  -24.823  2.387  -8.722 0.7142857313
75588  -25.333  3.258  -7.967 1.0000000000
75559  -25.032  3.232  -6.831 1.0000000000
75558  -25.146  3.583  -7.313 1.0000000000
131977  -24.123  7.352  -8.485 0.8571428657
131971  -25.582  5.735  -8.206 1.0000000000
85558  -22.208  12.230  -4.434 0.7142857313
132009  -22.468  10.171  -5.698 0.5714285970
132018  -22.496  10.486  -5.483 0.7142857313
85564  -22.450  11.764  -5.314 0.7142857313
132003  -22.283  10.256  -4.296 0.4285714328
86634  -22.656  13.253  -2.858 0.2857142985
87690  -22.413  13.388  -4.147 0.4285714328
85572  -22.498  12.183  -5.693 0.4285714328
87685  -22.946  14.192  -3.029 0.2857142985
87684  -22.654  13.840  -3.496 0.4285714328
59164  -29.393  -13.307  -3.547 0.4285714328
59180  -29.710  -12.849  -3.947 0.4285714328
85550  -22.181  12.304  -3.856 0.4285714328
84452  -22.345  11.661  -4.899 0.7142857313
86642  -22.395  12.879  -3.493 0.2857142985
87674  -22.777  13.722  -2.949 0.2857142985
50821  -30.382  -21.426  2.048 0.4285714328
51802  -30.810  -20.714  2.078 0.4285714328
50820  -29.316  -21.670  1.415 0.2857142985
52765  -29.653  -19.589  0.500 0.2857142985
54767  -30.058  -17.392  -0.789 0.4285714328
55855  -29.287  -16.659  -2.598 0.4285714328
58037  -29.664  -14.007  -3.408 0.5714285970
62396  -29.362  -10.811  -4.639 0.7142857313
61433  -29.294  -11.323  -4.444 0.7142857313
64187  -28.860  -8.018  -4.478 0.7142857313
67912  -28.998  -4.401  -5.104 0.7142857313
71153  -27.888  -1.351  -7.378 0.8571428657
72223  -28.838  -0.105  -7.100 0.8571428657
75608  -25.566  2.314  -8.559 0.8571428657
132008  -22.265  10.151  -5.223 0.5714285970
132007  -22.269  10.711  -3.486 0.4285714328
83272  -22.202  11.290  -3.559 0.4285714328
86662  -22.332  12.610  -4.883 0.4285714328
86636  -23.171  12.982  -1.943 0.2857142985
85537  -22.300  12.210  -3.239 0.2857142985
87686  -23.693  14.121  -2.913 0.2857142985
52776  -29.575  -18.562  -0.637 0.2857142985
92660  -22.892  17.341  -5.179 0.2857142985
132072  -22.657  16.119  -5.335 0.2857142985
91709  -22.893  17.433  -6.883 0.2857142985
92648  -23.386  18.406  -3.860 0.1428571492
132079  -22.644  14.767  -3.843 0.1428571492
132075  -22.571  15.259  -4.735 0.2857142985
132077  -22.894  16.386  -3.831 0.1428571492
89655  -22.630  16.140  -6.671 0.2857142985
89650  -22.495  15.303  -5.770 0.2857142985
87719  -23.224  13.557  -8.752 0.2857142985
87711  -22.479  13.529  -7.533 0.2857142985
88669  -22.469  14.354  -5.462 0.2857142985
86679  -22.669  12.201  -7.363 0.2857142985
88675  -22.450  14.630  -6.601 0.2857142985
86670  -25.264  11.206  -7.481 0.1428571492
87712  -22.847  12.911  -8.097 0.2857142985
87705  -22.416  13.510  -6.127 0.2857142985
87706  -26.243  12.375  -7.369 0.1428571492
86680  -23.732  11.605  -7.687 0.4285714328
86678  -22.488  12.629  -6.424 0.2857142985
84447  -26.224  9.268  -5.935 0.2857142985
84453  -25.246  9.363  -6.712 0.4285714328
86668  -22.450  12.706  -5.551 0.2857142985
83306  -27.574  9.446  -6.323 0.1428571492
85565  -26.260  10.527  -6.843 0.2857142985
131987  -27.496  7.825  -5.283 0.1428571492
83304  -26.281  8.296  -5.852 0.1428571492
131974  -25.324  7.227  -7.769 0.4285714328
131998  -28.046  7.703  -4.969 0.2857142985
131986  -26.204  6.555  -5.280 0.7142857313
131996  -25.636  7.377  -6.107 0.8571428657
79998  -27.674  5.900  -4.424 0.2857142985
81096  -27.868  7.047  -4.552 0.2857142985
77871  -23.068  6.721  -8.216 0.5714285970
131972  -25.178  6.247  -8.550 0.8571428657
79999  -28.936  6.077  -4.196 0.1428571492
131980  -26.325  5.707  -5.082 0.7142857313
70050  -25.380  -2.418  -7.196 0.5714285970
73314  -25.993  0.147  -8.092 0.8571428657
74412  -25.673  0.888  -8.203 0.5714285970
131969  -25.174  3.995  -7.402 0.8571428657
75560  -25.632  2.791  -6.255 0.8571428657
77858  -28.465  4.262  -4.349 0.2857142985
77874  -26.487  4.911  -5.372 0.8571428657
78943  -29.087  4.916  -4.078 0.4285714328
78950  -27.377  4.903  -4.857 0.7142857313
71127  -25.045  -1.919  -8.247 0.5714285970
76729  -25.929  3.536  -5.632 0.8571428657
76710  -24.932  3.713  -6.071 0.8571428657
76731  -28.109  3.517  -4.599 0.4285714328
76730  -27.065  3.553  -5.262 0.8571428657
77859  -29.180  4.043  -4.121 0.4285714328
65955  -27.766  -5.669  -4.966 0.7142857313
67922  -26.948  -4.318  -5.606 0.4285714328
66979  -27.663  -3.815  -5.444 0.8571428657
68952  -26.922  -3.646  -5.824 0.5714285970
68969  -25.778  -2.717  -6.391 0.5714285970
67948  -27.120  -3.172  -6.557 0.8571428657
68990  -26.365  -2.568  -6.619 0.5714285970
70051  -25.974  -2.358  -7.053 0.5714285970
71152  -27.542  -1.374  -7.353 0.8571428657
71150  -26.541  -1.685  -7.637 0.7142857313
71128  -25.963  -2.053  -7.952 0.5714285970
74394  -28.559  1.096  -5.441 0.7142857313
74375  -27.841  1.643  -5.419 0.7142857313
74374  -27.294  1.853  -5.933 0.7142857313
75561  -26.683  2.521  -5.881 0.8571428657
76756  -29.899  2.775  -3.943 0.2857142985
76732  -29.103  3.151  -4.341 0.4285714328
75563  -28.412  2.284  -4.868 0.5714285970
64199  -28.388  -8.180  -4.576 0.4285714328
65026  -27.906  -6.749  -4.693 0.4285714328
65954  -27.436  -5.965  -5.149 0.4285714328
67924  -28.222  -3.633  -5.312 0.7142857313
67936  -27.616  -3.253  -5.728 0.7142857313
73296  -29.028  0.421  -6.310 0.7142857313
75592  -29.341  2.036  -4.686 0.2857142985
74414  -28.457  0.819  -6.586 0.5714285970
64207  -27.912  -7.893  -4.689 0.5714285970
65027  -28.354  -7.100  -4.603 0.5714285970
65942  -28.033  -6.244  -4.764 0.5714285970
66966  -27.885  -4.766  -5.101 0.7142857313
73297  -29.715  0.210  -5.769 0.4285714328
74395  -29.580  1.046  -5.218 0.4285714328
68926  -30.156  -2.136  -4.792 0.4285714328
68940  -29.497  -3.597  -5.020 0.4285714328
131393  -30.033  -0.860  -4.941 0.4285714328
55841  -31.278  -16.208  -0.870 0.1428571492
67901  -30.328  -3.898  -4.600 0.4285714328
56924  -31.474  -15.355  -1.201 0.1428571492
56940  -31.373  -14.653  -1.755 0.1428571492
61397  -31.502  -11.262  -2.415 0.2857142985
64995  -31.719  -7.362  -2.230 0.2857142985
66929  -31.842  -5.205  -2.710 0.2857142985
65915  -31.390  -6.221  -3.421 0.2857142985
64177  -31.165  -8.451  -3.508 0.4285714328
65003  -31.354  -7.352  -2.970 0.2857142985
66939  -31.241  -4.818  -3.889 0.2857142985
58020  -31.612  -13.954  -1.777 0.2857142985
59149  -31.553  -13.265  -2.207 0.2857142985
62357  -31.753  -10.041  -1.573 0.2857142985
64171  -31.604  -8.351  -2.279 0.2857142985
63318  -31.574  -9.260  -2.238 0.2857142985
62356  -31.453  -10.039  -2.189 0.2857142985
60276  -31.935  -12.679  -0.612 0.2857142985
58006  -31.892  -14.278  -1.008 0.2857142985
60286  -31.721  -12.212  -1.545 0.2857142985
59133  -31.729  -13.246  -1.174 0.2857142985
61377  -31.744  -11.320  -1.575 0.2857142985
54756  -31.686  -17.418  -0.620 0.1428571492
53698  -31.373  -18.105  -0.491 0.2857142985
54770  -31.891  -16.725  -0.728 0.1428571492
130251  -30.373  -21.655  2.688 0.2857142985
48992  -29.672  -22.553  3.486 0.2857142985
48991  -29.267  -22.657  3.098 0.2857142985
52768  -31.938  -18.512  -0.138 0.2857142985
49847  -30.755  -21.421  2.963 0.1428571492
48979  -29.041  -22.940  3.506 0.2857142985
62337  -31.737  -10.664  -1.590 0.2857142985
64172  -31.879  -8.343  -1.376 0.2857142985
65905  -31.924  -6.360  -2.242 0.2857142985
67891  -32.127  -3.722  -2.493 0.2857142985
66965  -27.404  -4.885  -5.324 0.7142857313
67902  -31.650  -2.202  -3.281 0.4285714328
70069  -26.352  -2.158  -7.065 0.5714285970
74396  -30.419  0.843  -4.805 0.2857142985
76757  -30.458  2.716  -3.739 0.2857142985
75562  -27.537  2.514  -5.230 0.7142857313
131976  -24.333  6.926  -8.707 0.7142857313
131973  -25.857  5.328  -7.028 0.8571428657
77873  -25.009  6.663  -8.563 0.8571428657
131982  -26.912  5.996  -4.739 0.5714285970
91682  -23.679  17.899  -2.901 0.1428571492
50808  -30.919  -21.012  2.525 0.1428571492
51817  -31.993  -19.375  1.262 0.1428571492
55842  -32.147  -16.036  -0.833 0.1428571492
56925  -32.581  -15.212  -1.078 0.1428571492
60303  -31.448  -12.457  -2.922 0.2857142985
63330  -31.379  -9.358  -2.955 0.2857142985
65953  -26.914  -6.494  -5.245 0.2857142985
68951  -26.479  -3.546  -5.778 0.4285714328
67934  -27.037  -3.134  -6.260 0.7142857313
74357  -31.321  0.144  -4.132 0.1428571492
73298  -30.230  -0.115  -5.209 0.4285714328
74376  -30.930  1.166  -4.243 0.1428571492
75594  -30.618  1.401  -4.245 0.1428571492
77877  -29.959  3.613  -3.800 0.2857142985
76713  -28.670  3.766  -4.349 0.5714285970
77875  -27.522  4.289  -4.883 0.7142857313
80000  -30.210  6.514  -3.866 0.2857142985
78941  -27.680  5.209  -4.569 0.4285714328
81097  -29.478  7.579  -4.349 0.1428571492
81103  -28.558  7.709  -4.908 0.1428571492
131997  -28.424  9.022  -6.206 0.1428571492
83305  -27.039  9.286  -6.000 0.1428571492
84454  -26.678  9.905  -6.161 0.1428571492
86671  -26.683  11.635  -6.996 0.1428571492
86684  -23.476  12.608  -8.256 0.2857142985
86685  -24.362  12.384  -8.627 0.1428571492
86681  -25.061  12.071  -8.365 0.1428571492
51804  -32.073  -19.719  2.083 0.1428571492
54771  -32.498  -16.544  -0.740 0.1428571492
77896  -30.295  3.145  -3.714 0.2857142985
87713  -25.754  12.788  -7.974 0.1428571492
130235  -29.254  -22.471  2.592 0.2857142985
51803  -31.353  -20.329  2.345 0.1428571492
52752  -32.094  -18.956  0.484 0.1428571492
60302  -31.218  -12.903  -3.607 0.4285714328
65956  -28.007  -5.643  -4.883 0.7142857313
68993  -27.492  -2.718  -6.172 0.7142857313
72220  -26.437  -0.091  -8.116 0.8571428657
71151  -27.062  -1.485  -7.410 0.8571428657
72244  -26.866  -1.083  -8.242 0.8571428657
74373  -27.003  2.033  -6.245 0.8571428657
132002  -23.609  7.579  -8.196 0.5714285970
76728  -25.139  4.135  -6.373 0.8571428657
88666  -22.535  14.147  -4.446 0.2857142985
67950  -27.433  -3.109  -5.985 0.8571428657
132073  -22.738  16.530  -5.038 0.2857142985
91693  -23.291  17.283  -3.712 0.1428571492
132074  -22.617  16.144  -4.630 0.2857142985
132076  -22.520  15.671  -4.436 0.1428571492
88684  -22.557  14.983  -7.903 0.2857142985
84455  -27.776  9.986  -6.318 0.1428571492
78942  -28.286  5.169  -4.310 0.4285714328
72219  -25.698  -0.910  -8.571 0.5714285970
73313  -25.394  -0.069  -8.543 0.4285714328
77876  -28.005  4.178  -4.573 0.4285714328
76712  -28.431  3.850  -4.425 0.5714285970
131975  -27.141  5.441  -4.831 0.8571428657
65941  -27.735  -6.361  -4.821 0.5714285970
66978  -27.486  -4.129  -5.404 0.7142857313
67923  -26.948  -3.945  -5.659 0.7142857313
67935  -27.334  -3.442  -5.810 0.7142857313
68970  -26.699  -3.111  -6.225 0.5714285970
68937  -25.916  -3.878  -5.410 0.2857142985
68991  -26.783  -2.658  -6.554 0.7142857313
70070  -26.775  -1.912  -7.121 0.8571428657
65034  -27.885  -7.245  -4.664 0.5714285970
75593  -30.290  1.867  -4.187 0.2857142985
130244  -30.631  -21.989  3.565 0.1428571492
130259  -31.151  -21.227  3.157 0.1428571492
130272  -31.645  -20.668  3.069 0.1428571492
51805  -32.791  -19.316  1.798 0.1428571492
88651  -23.113  15.253  -3.181 0.1428571492
76726  -23.171  5.266  -8.040 0.5714285970
76754  -23.985  4.462  -8.265 0.4285714328
74429  -25.403  1.055  -8.516 0.5714285970
67879  -32.388  -4.673  -2.083 0.1428571492
56937  -28.916  -16.156  -2.889 0.2857142985
66912  -34.838  -5.357  -0.862 0.1428571492
66910  -32.943  -5.791  -1.069 0.1428571492
67871  -34.046  -4.239  -1.143 0.1428571492
66919  -33.328  -4.748  -1.349 0.1428571492
67872  -35.200  -4.004  -1.190 0.1428571492
64985  -32.660  -7.406  -0.795 0.1428571492
65899  -32.870  -6.459  -0.935 0.1428571492
64996  -32.009  -7.354  -1.386 0.1428571492
65895  -35.535  -5.567  -1.090 0.1428571492
65900  -34.108  -6.460  -0.691 0.1428571492
66940  -35.656  -5.076  -4.467 0.1428571492
66920  -36.181  -4.996  -2.209 0.1428571492
67882  -36.269  -3.417  -2.772 0.1428571492
54783  -28.953  -17.508  -2.750 0.2857142985
61354  -32.625  -10.788  -0.603 0.1428571492
63304  -32.596  -9.623  -0.724 0.1428571492
62338  -32.140  -10.183  -1.133 0.1428571492
64160  -32.608  -8.402  -0.724 0.1428571492
64987  -34.850  -7.592  -0.474 0.1428571492
64161  -33.964  -8.488  -0.656 0.1428571492
65901  -35.201  -6.398  -0.596 0.1428571492
64986  -33.484  -7.469  -0.658 0.1428571492
65902  -35.813  -6.063  -1.368 0.1428571492
66931  -36.555  -5.871  -3.218 0.1428571492
66921  -36.537  -5.651  -2.768 0.1428571492
52794  -29.478  -18.588  -1.788 0.2857142985
52783  -29.266  -18.889  -1.368 0.2857142985
60287  -32.301  -12.320  -0.637 0.1428571492
61355  -32.941  -10.868  -0.443 0.1428571492
62323  -32.703  -10.357  -0.618 0.1428571492
63305  -33.386  -9.307  -0.592 0.1428571492
64162  -35.043  -8.608  -0.615 0.1428571492
64988  -35.660  -7.322  -0.920 0.1428571492
65908  -36.724  -6.238  -2.883 0.1428571492
64997  -36.232  -7.244  -1.945 0.1428571492
66951  -35.109  -5.128  -5.606 0.1428571492
59117  -31.887  -12.998  -0.634 0.1428571492
60288  -33.446  -12.374  -0.746 0.1428571492
61380  -34.315  -11.374  -0.759 0.1428571492
60289  -34.352  -12.267  -1.273 0.1428571492
62340  -35.409  -9.952  -1.440 0.1428571492
62324  -33.373  -10.406  -0.473 0.1428571492
63320  -35.696  -9.395  -1.854 0.1428571492
63306  -34.395  -9.515  -0.660 0.1428571492
64163  -35.734  -8.322  -1.234 0.1428571492
65916  -36.090  -6.216  -3.759 0.1428571492
65004  -36.087  -7.313  -3.147 0.1428571492
65930  -35.144  -6.074  -4.855 0.1428571492
59135  -33.857  -13.203  -1.295 0.1428571492
60304  -34.773  -12.162  -2.009 0.1428571492
62358  -34.865  -10.949  -1.361 0.1428571492
61379  -33.158  -11.532  -0.517 0.1428571492
63332  -35.057  -9.350  -3.031 0.1428571492
62359  -35.309  -10.488  -2.026 0.1428571492
64179  -35.297  -8.181  -3.473 0.1428571492
65005  -36.505  -6.597  -3.163 0.1428571492
64173  -35.881  -8.384  -2.472 0.1428571492
60305  -35.478  -11.997  -2.823 0.1428571492
59136  -34.511  -12.682  -1.508 0.1428571492
61420  -35.306  -11.249  -3.472 0.1428571492
61399  -35.205  -11.350  -2.562 0.1428571492
62381  -34.995  -10.492  -3.330 0.1428571492
63331  -34.350  -9.354  -3.809 0.1428571492
61398  -34.800  -11.467  -1.678 0.1428571492
61356  -33.621  -10.943  -0.456 0.1428571492
62339  -34.949  -10.357  -1.012 0.1428571492
63319  -31.864  -9.278  -1.479 0.1428571492
65946  -35.050  -5.919  -6.093 0.1428571492
65894  -35.365  -5.723  -0.840 0.1428571492
66917  -32.157  -5.431  -2.119 0.1428571492
67880  -33.016  -4.206  -1.637 0.1428571492
52784  -29.276  -18.581  -1.250 0.2857142985
65018  -35.191  -7.328  -4.313 0.1428571492
65028  -34.684  -7.481  -4.885 0.1428571492
67915  -34.763  -4.368  -6.104 0.1428571492
75620  -25.198  1.950  -9.025 0.4285714328
67903  -35.264  -4.137  -5.172 0.1428571492
66930  -36.224  -5.010  -3.318 0.1428571492
67873  -36.143  -3.601  -1.743 0.1428571492
67893  -35.770  -3.816  -4.046 0.1428571492
68915  -32.815  -3.276  -1.744 0.1428571492
86694  -24.065  12.942  -8.914 0.1428571492
53725  -29.430  -18.106  -1.697 0.2857142985
61378  -32.260  -11.136  -0.864 0.1428571492
59118  -32.128  -12.825  -0.559 0.1428571492
59134  -32.514  -13.231  -0.737 0.1428571492
65906  -32.306  -6.408  -1.481 0.1428571492
66918  -32.631  -5.486  -1.479 0.1428571492
67892  -32.565  -3.966  -1.979 0.1428571492
66911  -33.516  -5.505  -1.044 0.1428571492
66913  -35.594  -5.007  -1.321 0.1428571492
68905  -33.545  -3.848  -1.382 0.1428571492
68892  -34.735  -3.074  -1.194 0.1428571492
65907  -36.374  -6.173  -2.301 0.1428571492
64998  -36.526  -6.765  -2.666 0.1428571492
62325  -34.112  -10.433  -0.567 0.1428571492
64151  -35.379  -8.020  -0.649 0.1428571492
63307  -35.320  -9.398  -1.049 0.1428571492
64178  -34.642  -8.606  -3.898 0.1428571492
48962  -26.976  -23.602  3.380 0.1428571492
48978  -28.209  -23.163  2.944 0.1428571492
48990  -28.753  -22.806  2.690 0.1428571492
130236  -28.635  -22.340  1.868 0.1428571492
51814  -28.668  -20.891  0.836 0.1428571492
51829  -28.880  -19.782  0.106 0.1428571492
51830  -29.278  -19.085  -0.410 0.1428571492
51813  -27.784  -21.235  0.835 0.1428571492
51836  -28.850  -19.263  -0.795 0.1428571492
130261  -27.929  -19.486  -1.623 0.1428571492
53736  -28.138  -19.258  -2.165 0.1428571492
53723  -28.623  -18.319  -2.658 0.1428571492
55854  -28.588  -16.719  -3.113 0.2857142985
58036  -28.789  -14.115  -3.204 0.2857142985
61451  -28.400  -10.803  -4.564 0.4285714328
64198  -28.115  -8.324  -4.620 0.4285714328
74411  -25.203  0.720  -8.625 0.2857142985
74410  -24.692  1.268  -8.712 0.2857142985
74427  -25.185  1.582  -8.919 0.2857142985
76753  -22.637  4.006  -7.351 0.2857142985
53724  -29.251  -18.066  -2.286 0.1428571492
55869  -27.772  -16.698  -3.382 0.1428571492
56955  -28.494  -15.560  -3.118 0.2857142985
130274  -27.994  -19.727  -0.689 0.1428571492
53737  -28.593  -19.040  -2.347 0.1428571492
54782  -27.931  -17.574  -3.112 0.1428571492
56954  -27.487  -15.683  -3.197 0.2857142985
58035  -27.898  -14.539  -2.993 0.2857142985
60333  -28.887  -12.070  -3.970 0.4285714328
61432  -28.551  -11.454  -4.315 0.4285714328
61450  -27.787  -10.543  -4.609 0.2857142985
72218  -24.815  -0.900  -8.140 0.2857142985
73312  -24.599  0.070  -8.341 0.2857142985
73291  -23.656  0.329  -8.032 0.2857142985
75586  -22.789  2.764  -8.022 0.2857142985
75605  -21.765  2.134  -7.620 0.2857142985
58050  -28.792  -13.213  -3.367 0.2857142985
72217  -23.991  -0.802  -7.723 0.2857142985
74389  -23.582  1.752  -8.361 0.2857142985
74388  -22.576  1.630  -7.926 0.2857142985
75606  -22.096  1.824  -7.851 0.2857142985
73290  -22.463  0.640  -7.447 0.2857142985
62408  -28.328  -9.959  -4.694 0.4285714328
59179  -29.210  -12.682  -3.683 0.4285714328
130273  -28.575  -19.373  -1.330 0.1428571492
130223  -28.138  -22.742  2.392 0.1428571492
74409  -22.026  1.211  -7.608 0.2857142985
64221  -27.569  -7.856  -4.686 0.2857142985
63371  -27.794  -8.476  -4.612 0.2857142985
65033  -27.439  -6.720  -4.830 0.2857142985
132070  -23.296  17.673  -9.054 0.1428571492
132067  -23.432  17.172  -9.824 0.1428571492
89681  -22.622  16.161  -9.093 0.1428571492
89667  -22.447  15.515  -8.808 0.1428571492
88685  -22.686  14.624  -9.022 0.1428571492
92696  -23.926  18.411  -9.463 0.1428571492
132071  -22.653  16.919  -7.472 0.1428571492
93644  -23.479  18.931  -6.820 0.1428571492
65040  -27.453  -7.269  -4.733 0.2857142985
65032  -27.035  -6.740  -5.009 0.2857142985
88699  -23.717  14.456  -9.888 0.1428571492
89691  -23.591  15.838  -10.384 0.1428571492
89682  -22.969  15.486  -9.508 0.1428571492
87718  -22.523  14.111  -8.407 0.1428571492
132069  -22.979  17.586  -8.151 0.1428571492
92682  -23.221  18.324  -7.381 0.1428571492
92670  -23.200  18.158  -6.434 0.1428571492
90684  -22.889  16.932  -9.017 0.1428571492
132068  -23.409  18.095  -8.756 0.1428571492
90693  -23.054  16.337  -9.596 0.1428571492
89666  -22.561  16.350  -8.171 0.1428571492
72201  -23.031  -0.715  -6.826 0.1428571492
73288  -20.461  1.127  -5.822 0.1428571492
74387  -21.070  1.744  -7.036 0.1428571492
75584  -20.633  2.344  -6.324 0.1428571492
76752  -21.483  3.614  -6.481 0.1428571492
76724  -20.600  4.451  -5.955 0.2857142985
67910  -26.483  -4.465  -5.443 0.1428571492
70034  -24.586  -2.261  -6.993 0.1428571492
70049  -24.722  -2.261  -7.673 0.1428571492
71105  -23.826  -1.701  -6.920 0.1428571492
78951  -29.748  4.520  -3.915 0.1428571492
75585  -21.648  2.823  -7.223 0.1428571492
77870  -20.659  6.897  -6.955 0.2857142985
131991  -21.544  9.420  -5.237 0.2857142985
88650  -22.809  14.510  -3.365 0.1428571492
86643  -23.937  12.808  -2.354 0.1428571492
76725  -21.755  5.088  -7.444 0.2857142985
78949  -19.787  7.922  -5.645 0.2857142985
131989  -22.138  9.847  -5.519 0.2857142985
132000  -22.079  10.005  -5.041 0.2857142985
83273  -22.300  10.968  -2.614 0.1428571492
81090  -22.755  9.621  -3.885 0.2857142985
87691  -24.240  14.828  -3.521 0.1428571492
80004  -19.552  8.400  -4.607 0.1428571492
83296  -23.611  10.031  -4.324 0.2857142985
84418  -23.209  11.165  -1.553 0.1428571492
84430  -23.141  10.903  -2.624 0.1428571492
76751  -20.689  2.992  -5.576 0.2857142985
81078  -23.706  9.615  -3.590 0.1428571492
86644  -24.811  12.564  -3.167 0.1428571492
83285  -24.869  9.479  -3.608 0.1428571492
76702  -20.144  2.455  -3.607 0.1428571492
80005  -29.930  5.393  -3.947 0.1428571492
70035  -25.357  -2.411  -6.225 0.1428571492
80006  -30.982  5.702  -3.802 0.1428571492
72200  -22.160  0.027  -5.714 0.1428571492
73289  -21.381  0.708  -6.858 0.1428571492
75583  -20.448  2.311  -5.732 0.1428571492
82189  -24.478  9.372  -3.564 0.1428571492
131983  -21.974  10.450  -3.906 0.2857142985
84417  -22.562  11.312  -1.814 0.1428571492
85539  -24.880  11.322  -3.136 0.1428571492
85538  -23.976  11.665  -2.101 0.1428571492
78952  -30.551  4.594  -3.769 0.1428571492
85528  -23.215  12.038  -1.365 0.1428571492
88652  -23.970  15.226  -3.419 0.1428571492
68968  -25.660  -2.604  -6.433 0.1428571492
68950  -25.760  -2.991  -5.889 0.1428571492
71126  -24.388  -1.696  -7.711 0.1428571492
76733  -30.823  2.435  -3.678 0.1428571492
73311  -21.857  0.846  -7.362 0.1428571492
73310  -21.684  1.026  -7.350 0.1428571492
131979  -21.867  9.754  -5.282 0.2857142985
131984  -20.933  10.114  -3.794 0.1428571492
77856  -19.788  5.461  -5.329 0.1428571492
131990  -19.467  6.739  -5.547 0.2857142985
56953  -26.735  -15.837  -3.135 0.1428571492
58034  -27.028  -14.515  -2.994 0.1428571492
59163  -27.035  -13.552  -3.119 0.1428571492
59176  -26.856  -12.348  -3.520 0.1428571492
58048  -27.499  -13.755  -3.027 0.1428571492
60330  -26.384  -11.637  -3.755 0.1428571492
59177  -27.438  -12.854  -3.452 0.1428571492
59178  -28.416  -12.703  -3.586 0.1428571492
130256  -26.575  -10.315  -4.346 0.1428571492
61431  -27.844  -11.312  -4.391 0.1428571492
60332  -28.063  -12.091  -4.036 0.1428571492
61449  -27.402  -10.312  -4.586 0.1428571492
130248  -26.152  -10.763  -4.047 0.1428571492
130266  -26.621  -9.853  -4.333 0.1428571492
62407  -27.716  -9.776  -4.614 0.1428571492
63392  -26.874  -7.603  -4.800 0.1428571492
58049  -28.123  -13.504  -3.221 0.1428571492
55868  -26.981  -16.707  -3.445 0.1428571492
66964  -26.899  -5.377  -5.488 0.1428571492
62419  -27.721  -9.102  -4.536 0.1428571492
59162  -26.190  -13.210  -3.302 0.1428571492
60331  -27.258  -11.884  -4.003 0.1428571492
61430  -27.013  -10.899  -4.454 0.1428571492
130265  -26.123  -10.019  -4.075 0.1428571492
62406  -27.077  -9.899  -4.507 0.1428571492
55867  -26.333  -16.850  -3.285 0.1428571492
48980  -29.732  -22.629  3.870 0.1428571492
49860  -30.547  -21.572  2.966 0.2857142985
50807  -30.657  -20.960  1.978 0.2857142985
50822  -30.600  -21.418  2.620 0.2857142985
51792  -31.855  -20.377  2.860 0.1428571492
51837  -29.198  -18.859  -0.881 0.2857142985
51845  -29.165  -18.978  -1.174 0.2857142985
51846  -29.176  -18.753  -1.101 0.2857142985
51855  -28.941  -19.199  -1.242 0.1428571492
52793  -29.177  -19.136  -1.677 0.2857142985
53696  -30.001  -17.601  -0.701 0.4285714328
53712  -29.897  -17.476  -0.820 0.4285714328
53738  -29.258  -18.682  -2.314 0.2857142985
53739  -29.488  -18.328  -2.074 0.2857142985
54753  -30.106  -17.542  -0.717 0.4285714328
54754  -30.223  -17.548  -0.717 0.4285714328
60275  -31.796  -12.674  -0.851 0.1428571492
61435  -30.881  -11.510  -4.339 0.5714285970
62418  -27.426  -9.397  -4.516 0.1428571492
63289  -32.788  -9.965  -0.604 0.1428571492
63290  -33.080  -9.920  -0.521 0.1428571492
63291  -33.686  -9.917  -0.553 0.1428571492
63357  -28.157  -9.007  -4.562 0.2857142985
63360  -29.608  -9.501  -4.886 0.7142857313
63370  -27.334  -8.734  -4.535 0.1428571492
63393  -27.220  -8.020  -4.692 0.1428571492
63394  -27.514  -8.293  -4.637 0.2857142985
64152  -35.602  -7.866  -0.832 0.1428571492
64208  -28.150  -8.025  -4.644 0.5714285970
64220  -27.058  -7.430  -4.801 0.2857142985
64980  -35.207  -7.800  -0.511 0.1428571492
64981  -35.400  -7.716  -0.631 0.1428571492
65025  -27.695  -6.631  -4.747 0.4285714328
65035  -28.136  -7.676  -4.640 0.5714285970
65041  -27.754  -7.542  -4.673 0.5714285970
65917  -36.544  -6.247  -3.259 0.1428571492
66904  -35.160  -5.514  -0.798 0.1428571492
66905  -35.313  -5.435  -0.942 0.1428571492
67881  -33.475  -4.265  -1.389 0.1428571492
67949  -27.257  -3.026  -6.221 0.8571428657
68949  -25.622  -2.659  -6.196 0.1428571492
68971  -27.135  -3.343  -6.016 0.5714285970
68992  -27.124  -2.601  -6.504 0.8571428657
70037  -28.001  -1.723  -6.306 0.8571428657
70038  -28.057  -1.922  -6.088 0.8571428657
70052  -27.604  -1.776  -6.420 0.8571428657
70053  -27.607  -1.946  -6.471 1.0000000000
70072  -27.683  -2.086  -6.241 0.7142857313
71106  -27.908  -1.553  -6.528 0.8571428657
71129  -27.672  -1.541  -6.586 1.0000000000
71130  -27.655  -1.503  -6.881 1.0000000000
71131  -28.312  -1.129  -7.215 0.8571428657
72202  -26.503  0.360  -7.799 1.0000000000
72246  -27.961  -1.194  -7.773 0.8571428657
73315  -26.323  0.367  -7.810 0.8571428657
73317  -28.290  0.625  -7.411 0.8571428657
74408  -21.630  1.429  -7.428 0.1428571492
74428  -25.266  1.300  -8.750 0.2857142985
75540  -24.951  3.508  -6.230 0.8571428657
75541  -25.071  3.160  -6.209 1.0000000000
75564  -30.661  1.998  -3.797 0.1428571492
75591  -26.792  2.061  -6.373 0.8571428657
75621  -25.497  1.714  -8.817 0.2857142985
75622  -25.527  1.355  -8.548 0.5714285970
76711  -25.156  3.444  -5.908 0.8571428657
76727  -24.999  3.761  -6.982 1.0000000000
77857  -27.885  4.659  -4.544 0.4285714328
77895  -30.054  3.168  -3.772 0.1428571492
83311  -27.241  9.660  -6.152 0.1428571492
84416  -22.282  11.715  -2.690 0.2857142985
84429  -22.185  11.830  -3.607 0.4285714328
85527  -22.603  12.246  -1.918 0.2857142985
85563  -22.345  12.100  -5.035 0.5714285970
87675  -22.915  13.666  -2.600 0.2857142985
130275  -28.536  -19.434  -1.910 0.1428571492
131981  -26.574  5.708  -4.956 0.5714285970
131988  -27.150  6.384  -4.693 0.5714285970
132015  -22.130  11.994  -4.069 0.7142857313
132078  -22.539  15.602  -4.010 0.1428571492
