#!ascii label  , from subject 3257 vox2ras=TkReg
1928
60852  12.033  -29.616  89.070 0.0000000000
74030  44.540  -19.537  63.155 0.0000000000
69185  26.784  -24.194  73.293 0.0000000000
72599  36.902  -20.968  81.915 0.0000000000
59714  21.394  -30.865  76.965 0.0000000000
59543  21.179  -30.636  86.676 0.0000000000
84531  52.500  -11.708  60.330 0.0000000000
78142  52.495  -16.555  63.639 0.0000000000
75227  37.800  -18.416  72.631 0.0000000000
93723  54.419  -4.745  54.436 0.0000000000
62401  27.797  -28.584  82.438 0.0000000000
60889  15.828  -29.685  87.525 0.0000000000
80813  50.987  -14.164  61.897 0.0000000000
79500  47.898  -15.852  60.241 0.0000000000
76686  43.269  -18.269  66.478 0.0000000000
76659  49.006  -17.071  67.125 0.0000000000
74130  38.125  -19.804  58.300 0.0000000000
76530  33.919  -17.446  80.350 0.0000000000
71460  30.440  -21.287  78.982 0.0000000000
59629  24.581  -30.925  82.477 0.0000000000
56097  24.070  -33.258  86.449 0.0000000000
58406  20.712  -31.531  82.551 0.0000000000
59637  15.324  -30.908  82.439 0.0000000000
62566  24.128  -28.648  72.915 0.0000000000
85651  55.687  -10.528  59.342 0.0000000000
82056  55.066  -13.521  60.957 0.0000000000
76737  48.074  -17.585  62.997 0.0000000000
78048  39.494  -17.119  70.216 0.0000000000
77941  40.150  -16.351  79.714 0.0000000000
89262  54.859  -7.467  57.099 0.0000000000
92148  56.178  -6.167  56.265 0.0000000000
95171  56.823  -3.489  53.590 0.0000000000
59561  28.139  -30.701  84.739 0.0000000000
60872  13.934  -29.605  88.303 0.0000000000
62336  17.646  -28.666  89.838 0.0000000000
63770  14.713  -27.999  90.849 0.0000000000
80854  47.193  -14.488  58.379 0.0000000000
76645  44.067  -16.746  68.289 0.0000000000
79363  48.053  -16.155  68.714 0.0000000000
62309  8.070  -28.813  92.005 0.0000000000
76864  40.023  -17.466  58.060 0.0000000000
70412  29.065  -22.011  69.609 0.0000000000
71494  30.777  -21.265  74.944 0.0000000000
70352  28.936  -22.751  75.763 0.0000000000
59669  22.945  -30.996  79.755 0.0000000000
58404  22.695  -32.321  82.318 0.0000000000
58441  20.521  -32.100  79.362 0.0000000000
61059  23.305  -29.551  76.371 0.0000000000
60998  25.104  -29.734  79.401 0.0000000000
58329  23.029  -32.123  87.206 0.0000000000
84529  54.124  -11.203  60.407 0.0000000000
83316  55.563  -11.722  59.852 0.0000000000
84520  53.870  -11.806  61.054 0.0000000000
79463  51.269  -15.587  62.209 0.0000000000
80794  53.443  -14.718  62.293 0.0000000000
74065  44.908  -19.385  61.201 0.0000000000
75385  46.564  -18.846  61.310 0.0000000000
75339  46.159  -19.022  63.016 0.0000000000
73967  35.135  -20.227  68.567 0.0000000000
75307  35.215  -18.469  65.350 0.0000000000
75245  37.299  -18.178  70.545 0.0000000000
75117  36.002  -18.640  82.478 0.0000000000
76514  37.165  -17.488  81.782 0.0000000000
73839  38.687  -19.528  80.840 0.0000000000
84540  52.301  -11.294  59.378 0.0000000000
86825  53.720  -9.486  58.584 0.0000000000
85653  53.849  -10.315  59.325 0.0000000000
86823  55.240  -9.517  58.817 0.0000000000
97912  55.646  -2.061  53.032 0.0000000000
95165  55.374  -3.525  53.978 0.0000000000
92173  56.632  -5.086  54.689 0.0000000000
93709  55.328  -4.910  55.081 0.0000000000
65342  27.634  -26.857  77.181 0.0000000000
67941  28.616  -24.877  79.174 0.0000000000
65282  28.277  -26.805  83.138 0.0000000000
60902  18.325  -29.817  87.090 0.0000000000
59501  21.607  -30.910  89.190 0.0000000000
60847  19.793  -29.583  89.722 0.0000000000
83319  50.767  -12.563  58.698 0.0000000000
83296  51.644  -12.545  61.051 0.0000000000
82073  49.399  -13.734  59.738 0.0000000000
79498  49.319  -15.350  61.033 0.0000000000
78194  49.881  -16.520  61.583 0.0000000000
75299  43.557  -19.094  65.046 0.0000000000
75296  46.689  -18.401  65.474 0.0000000000
76661  47.155  -17.186  67.062 0.0000000000
76581  37.997  -17.323  75.086 0.0000000000
71448  39.099  -21.305  80.267 0.0000000000
60854  9.699  -29.859  88.998 0.0000000000
62304  12.205  -28.368  91.272 0.0000000000
62307  9.835  -28.711  91.527 0.0000000000
75342  41.335  -18.487  63.431 0.0000000000
75343  40.740  -18.627  63.176 0.0000000000
75344  39.939  -19.062  63.429 0.0000000000
76688  39.475  -17.990  66.459 0.0000000000
164878  32.421  -18.987  76.000 0.0000000000
73847  32.047  -19.354  79.215 0.0000000000
73802  33.679  -19.644  83.022 0.0000000000
70294  29.493  -22.703  81.198 0.0000000000
71414  31.807  -21.338  83.657 0.0000000000
58342  26.802  -32.178  85.769 0.0000000000
56094  26.505  -33.541  86.628 0.0000000000
57226  24.445  -32.861  84.956 0.0000000000
57228  22.793  -32.418  84.737 0.0000000000
59589  20.548  -30.939  84.672 0.0000000000
58443  18.331  -31.534  79.291 0.0000000000
59652  17.889  -30.965  81.882 0.0000000000
59591  18.355  -30.588  84.705 0.0000000000
60937  15.905  -30.437  85.191 0.0000000000
59546  13.414  -30.529  85.692 0.0000000000
59549  11.090  -30.704  86.066 0.0000000000
70428  25.255  -22.611  67.913 0.0000000000
66773  23.554  -25.365  67.672 0.0000000000
66715  25.881  -26.251  72.767 0.0000000000
61016  27.208  -29.379  78.101 0.0000000000
59627  26.764  -30.514  82.116 0.0000000000
82069  55.739  -13.393  59.819 0.0000000000
82045  53.192  -13.637  62.155 0.0000000000
76835  46.692  -17.542  59.625 0.0000000000
76781  48.415  -17.967  61.404 0.0000000000
78145  49.734  -16.770  63.178 0.0000000000
76702  48.608  -17.448  65.345 0.0000000000
78101  50.368  -16.728  64.957 0.0000000000
74133  32.886  -20.053  57.980 0.0000000000
75369  37.153  -18.919  62.681 0.0000000000
78044  42.872  -15.802  70.651 0.0000000000
80570  39.078  -15.144  78.918 0.0000000000
80614  39.594  -14.807  76.737 0.0000000000
75148  40.586  -18.656  79.413 0.0000000000
79268  42.077  -15.465  77.696 0.0000000000
80638  40.894  -14.592  74.931 0.0000000000
80651  42.063  -14.621  73.495 0.0000000000
80647  45.484  -14.798  73.549 0.0000000000
92150  55.000  -5.961  56.068 0.0000000000
90667  55.642  -7.064  57.061 0.0000000000
87955  56.091  -8.570  58.002 0.0000000000
59541  29.330  -31.350  85.704 0.0000000000
60873  12.758  -29.845  88.158 0.0000000000
62339  14.722  -28.701  89.747 0.0000000000
62341  13.043  -28.815  90.000 0.0000000000
79367  45.243  -15.688  69.309 0.0000000000
79355  47.458  -15.663  69.506 0.0000000000
60838  5.776  -30.066  90.932 0.0000000000
70386  27.227  -22.685  71.161 0.0000000000
70373  28.834  -22.082  72.992 0.0000000000
69173  28.101  -23.209  74.754 0.0000000000
59701  22.394  -30.848  78.433 0.0000000000
58439  22.302  -31.854  79.503 0.0000000000
58454  20.916  -31.927  78.399 0.0000000000
61097  21.924  -29.722  73.793 0.0000000000
61060  22.523  -30.031  76.838 0.0000000000
61041  22.724  -30.210  77.972 0.0000000000
59542  22.082  -31.102  86.571 0.0000000000
58321  22.426  -31.770  88.428 0.0000000000
84530  53.198  -11.250  60.207 0.0000000000
84521  52.985  -11.899  61.059 0.0000000000
78170  51.513  -16.265  62.657 0.0000000000
78169  52.306  -16.212  62.844 0.0000000000
74050  44.247  -19.442  62.135 0.0000000000
74049  45.158  -19.423  62.233 0.0000000000
74029  45.457  -19.419  63.297 0.0000000000
73932  36.719  -19.702  72.058 0.0000000000
164789  36.011  -19.557  70.166 0.0000000000
164794  36.314  -18.830  69.690 0.0000000000
76611  37.822  -18.158  71.955 0.0000000000
73815  36.802  -19.662  82.101 0.0000000000
75130  37.420  -18.804  81.756 0.0000000000
73831  37.467  -19.627  81.640 0.0000000000
85645  53.178  -10.884  59.727 0.0000000000
85644  53.608  -10.789  59.809 0.0000000000
85643  54.316  -10.717  59.896 0.0000000000
93722  55.247  -4.280  54.465 0.0000000000
93708  55.834  -4.618  55.073 0.0000000000
63918  27.571  -27.768  79.957 0.0000000000
65323  27.670  -26.813  80.276 0.0000000000
63880  27.764  -27.671  82.115 0.0000000000
60887  17.803  -29.632  87.704 0.0000000000
60866  19.735  -29.653  88.839 0.0000000000
62349  18.469  -29.273  88.932 0.0000000000
62300  18.104  -28.171  91.827 0.0000000000
62299  18.910  -28.770  91.499 0.0000000000
82081  50.045  -12.864  58.633 0.0000000000
82072  50.149  -13.271  59.843 0.0000000000
82082  49.119  -13.577  59.034 0.0000000000
79507  47.202  -15.465  59.543 0.0000000000
80842  48.439  -14.414  59.489 0.0000000000
79499  48.506  -15.476  60.481 0.0000000000
78193  50.383  -16.072  61.729 0.0000000000
78212  49.165  -16.532  60.884 0.0000000000
75279  43.766  -18.638  65.942 0.0000000000
75278  44.687  -18.642  66.047 0.0000000000
76684  44.784  -17.923  66.828 0.0000000000
83331  50.592  -12.245  58.383 0.0000000000
60822  10.097  -29.093  90.764 0.0000000000
60835  8.512  -29.463  90.250 0.0000000000
75321  41.530  -18.657  64.041 0.0000000000
76787  40.522  -18.027  62.204 0.0000000000
74143  40.462  -18.644  57.460 0.0000000000
164721  41.624  -18.877  60.176 0.0000000000
74091  40.166  -19.788  60.002 0.0000000000
75324  39.137  -18.807  64.198 0.0000000000
74072  38.590  -19.866  61.262 0.0000000000
73912  31.505  -19.918  74.019 0.0000000000
71476  30.393  -21.211  76.931 0.0000000000
72654  31.043  -20.599  77.196 0.0000000000
72636  31.394  -19.917  79.850 0.0000000000
73833  31.948  -19.385  81.366 0.0000000000
72618  31.453  -20.126  81.726 0.0000000000
67917  28.583  -24.714  82.311 0.0000000000
69117  28.766  -23.956  80.633 0.0000000000
69089  29.217  -23.886  83.293 0.0000000000
70263  32.493  -22.832  84.284 0.0000000000
71412  33.491  -21.781  83.558 0.0000000000
58374  25.916  -31.303  84.649 0.0000000000
57224  25.969  -32.385  85.665 0.0000000000
58376  24.687  -32.165  84.259 0.0000000000
58405  21.714  -32.154  82.413 0.0000000000
58392  22.556  -32.417  83.373 0.0000000000
58393  21.536  -31.767  83.481 0.0000000000
58378  21.818  -31.678  84.425 0.0000000000
59612  20.805  -31.210  83.707 0.0000000000
58456  18.892  -31.554  78.194 0.0000000000
59654  15.952  -30.990  81.558 0.0000000000
59653  16.931  -30.958  81.792 0.0000000000
59636  16.348  -30.819  82.613 0.0000000000
59615  17.820  -30.675  83.717 0.0000000000
59616  16.794  -30.681  83.627 0.0000000000
59569  16.810  -30.362  85.281 0.0000000000
59594  15.213  -30.622  84.423 0.0000000000
59548  11.996  -30.700  86.056 0.0000000000
71589  26.682  -21.473  67.455 0.0000000000
70457  24.658  -21.818  66.595 0.0000000000
62611  23.766  -27.770  70.227 0.0000000000
66741  24.639  -25.784  69.788 0.0000000000
64008  25.486  -27.468  72.708 0.0000000000
63982  26.594  -27.588  74.794 0.0000000000
61076  26.143  -29.193  75.638 0.0000000000
59648  24.784  -30.388  81.373 0.0000000000
59666  26.095  -30.305  80.783 0.0000000000
59628  25.665  -30.617  82.293 0.0000000000
59562  26.890  -31.061  84.707 0.0000000000
56087  25.120  -34.005  87.157 0.0000000000
63730  12.743  -27.477  93.105 0.0000000000
63742  13.491  -27.532  92.330 0.0000000000
84537  56.154  -11.325  59.300 0.0000000000
83292  55.032  -12.912  60.876 0.0000000000
83304  55.253  -12.605  60.348 0.0000000000
82070  55.350  -13.450  60.279 0.0000000000
82060  50.991  -13.257  61.186 0.0000000000
82059  51.723  -12.884  61.531 0.0000000000
82046  52.024  -13.441  62.081 0.0000000000
80793  54.191  -14.905  62.033 0.0000000000
75363  47.333  -18.351  62.434 0.0000000000
75384  47.535  -18.470  61.376 0.0000000000
76761  47.919  -17.921  62.375 0.0000000000
76759  49.447  -17.226  62.201 0.0000000000
76736  48.811  -17.119  63.113 0.0000000000
76681  47.853  -17.572  66.244 0.0000000000
75295  47.133  -18.154  65.122 0.0000000000
76680  48.831  -17.430  66.278 0.0000000000
74098  32.498  -18.820  59.947 0.0000000000
75268  36.244  -18.097  67.281 0.0000000000
76745  35.869  -17.959  63.906 0.0000000000
76651  37.864  -17.513  67.982 0.0000000000
76650  38.838  -17.482  68.194 0.0000000000
78046  41.099  -16.615  70.570 0.0000000000
75149  33.864  -18.082  78.596 0.0000000000
77920  35.170  -16.629  80.382 0.0000000000
76527  39.502  -17.289  80.331 0.0000000000
77928  38.930  -16.197  80.224 0.0000000000
79252  39.981  -15.295  79.057 0.0000000000
80600  39.292  -14.898  77.614 0.0000000000
80584  40.652  -15.010  78.221 0.0000000000
72625  39.920  -20.376  79.666 0.0000000000
79267  42.579  -15.805  77.274 0.0000000000
80611  42.014  -14.840  76.812 0.0000000000
80610  42.678  -14.761  76.238 0.0000000000
80637  41.744  -14.410  74.774 0.0000000000
80623  43.296  -14.700  75.652 0.0000000000
87950  54.660  -8.913  58.193 0.0000000000
89270  54.669  -6.948  56.585 0.0000000000
90673  55.219  -6.647  56.596 0.0000000000
87956  55.230  -8.243  57.832 0.0000000000
85660  55.549  -10.053  59.188 0.0000000000
87948  55.928  -8.845  58.291 0.0000000000
86822  56.034  -9.161  58.456 0.0000000000
86830  56.589  -9.479  57.747 0.0000000000
96576  56.293  -2.788  53.565 0.0000000000
92161  56.202  -5.448  55.611 0.0000000000
90680  56.884  -6.212  55.470 0.0000000000
90681  56.641  -6.607  56.152 0.0000000000
60935  28.051  -29.850  83.965 0.0000000000
62391  28.158  -28.961  83.967 0.0000000000
60919  28.939  -29.706  85.009 0.0000000000
60890  14.684  -29.816  87.379 0.0000000000
62351  16.968  -28.958  89.083 0.0000000000
62353  15.260  -28.910  89.290 0.0000000000
62318  15.979  -28.145  90.552 0.0000000000
63767  16.896  -27.794  91.687 0.0000000000
80868  45.248  -14.649  57.414 0.0000000000
79540  41.913  -15.537  56.601 0.0000000000
76664  43.850  -17.381  67.532 0.0000000000
76663  44.946  -17.048  67.768 0.0000000000
78068  46.084  -16.209  68.459 0.0000000000
79354  48.166  -15.977  69.167 0.0000000000
60836  7.581  -29.554  90.409 0.0000000000
60825  7.320  -29.288  91.309 0.0000000000
60816  7.075  -28.900  92.283 0.0000000000
75390  39.987  -17.999  61.032 0.0000000000
76879  37.413  -18.056  57.122 0.0000000000
71523  30.862  -21.278  73.103 0.0000000000
71537  29.750  -21.527  72.483 0.0000000000
71495  29.646  -21.786  75.448 0.0000000000
71470  29.993  -21.900  78.535 0.0000000000
59649  23.863  -30.763  80.989 0.0000000000
58403  23.714  -31.666  82.329 0.0000000000
58416  22.862  -32.133  81.293 0.0000000000
58417  21.891  -32.554  81.370 0.0000000000
58418  20.900  -31.984  81.446 0.0000000000
59618  14.763  -30.812  83.343 0.0000000000
59639  13.160  -31.291  82.120 0.0000000000
61096  22.946  -29.285  73.787 0.0000000000
61077  23.978  -29.042  74.809 0.0000000000
61038  25.564  -29.481  77.153 0.0000000000
61039  24.389  -29.371  77.377 0.0000000000
60999  24.132  -29.779  79.521 0.0000000000
57207  23.625  -32.893  87.070 0.0000000000
84528  55.009  -11.186  60.304 0.0000000000
84538  55.498  -10.970  59.715 0.0000000000
83305  54.604  -11.851  60.727 0.0000000000
83293  54.601  -12.653  61.163 0.0000000000
80797  50.969  -14.887  61.985 0.0000000000
80795  52.534  -14.549  62.379 0.0000000000
79462  52.024  -15.462  62.504 0.0000000000
79460  53.726  -15.651  62.388 0.0000000000
75432  45.767  -18.383  59.506 0.0000000000
75386  45.732  -19.161  61.273 0.0000000000
75364  46.686  -18.709  62.281 0.0000000000
75337  47.356  -18.109  63.420 0.0000000000
76679  49.725  -17.332  66.400 0.0000000000
74005  34.069  -19.995  65.287 0.0000000000
75349  34.010  -18.497  63.165 0.0000000000
73989  35.192  -19.179  67.154 0.0000000000
75253  36.792  -18.189  69.426 0.0000000000
76626  37.955  -17.599  70.392 0.0000000000
76503  35.243  -17.747  82.176 0.0000000000
76515  36.333  -16.933  81.593 0.0000000000
75116  36.749  -18.293  82.147 0.0000000000
75129  37.992  -18.131  81.374 0.0000000000
75140  39.358  -18.392  80.428 0.0000000000
85655  52.136  -10.693  58.982 0.0000000000
86817  53.227  -9.703  58.867 0.0000000000
85654  52.942  -10.514  59.399 0.0000000000
86816  54.089  -9.849  58.916 0.0000000000
86815  54.632  -9.732  58.984 0.0000000000
85652  54.902  -10.198  59.539 0.0000000000
96577  55.203  -2.866  53.371 0.0000000000
96570  55.895  -3.115  53.840 0.0000000000
95172  56.435  -3.269  53.706 0.0000000000
95163  56.611  -3.762  53.821 0.0000000000
93721  56.105  -4.166  54.602 0.0000000000
92174  56.189  -4.823  54.996 0.0000000000
66699  27.147  -25.391  74.869 0.0000000000
67965  27.880  -24.972  76.150 0.0000000000
66672  28.086  -25.868  77.622 0.0000000000
66636  28.149  -25.354  80.892 0.0000000000
66608  28.770  -25.648  83.968 0.0000000000
59544  20.024  -30.199  86.889 0.0000000000
59514  21.738  -30.931  88.584 0.0000000000
60884  20.265  -29.929  88.250 0.0000000000
59503  20.929  -30.357  89.888 0.0000000000
62335  18.835  -29.038  89.601 0.0000000000
60820  20.148  -29.911  91.072 0.0000000000
83317  51.973  -11.938  59.799 0.0000000000
83306  52.049  -12.143  60.625 0.0000000000
83308  50.959  -12.671  59.412 0.0000000000
82061  50.312  -13.674  60.911 0.0000000000
82083  48.502  -14.016  58.692 0.0000000000
80828  49.416  -14.180  60.458 0.0000000000
80814  50.401  -14.432  61.522 0.0000000000
79486  50.666  -15.542  61.832 0.0000000000
78171  50.665  -16.479  62.219 0.0000000000
74015  43.973  -19.458  64.035 0.0000000000
74013  45.394  -19.455  64.341 0.0000000000
75298  44.488  -19.178  65.321 0.0000000000
75276  46.263  -18.264  66.265 0.0000000000
76660  48.119  -17.110  67.037 0.0000000000
78076  47.511  -16.695  67.705 0.0000000000
78075  48.370  -16.673  67.750 0.0000000000
76658  49.843  -17.326  67.467 0.0000000000
76602  38.185  -17.887  73.907 0.0000000000
71437  37.848  -21.267  81.048 0.0000000000
84541  51.423  -11.521  58.460 0.0000000000
83318  51.522  -12.150  58.939 0.0000000000
95174  54.182  -3.077  53.646 0.0000000000
95166  54.307  -3.653  53.871 0.0000000000
60853  10.920  -29.754  89.058 0.0000000000
60832  11.433  -29.321  89.900 0.0000000000
60833  10.436  -29.421  89.923 0.0000000000
62293  11.080  -28.393  91.859 0.0000000000
63731  11.692  -27.687  92.942 0.0000000000
62308  8.975  -28.691  91.715 0.0000000000
74051  43.259  -19.272  61.982 0.0000000000
75341  42.350  -18.446  63.161 0.0000000000
75340  42.846  -18.979  63.047 0.0000000000
75320  42.316  -18.763  64.016 0.0000000000
75300  42.541  -18.768  65.007 0.0000000000
75301  41.661  -18.654  64.971 0.0000000000
75410  40.954  -18.045  60.802 0.0000000000
74033  40.521  -19.054  62.706 0.0000000000
75281  41.857  -18.493  65.908 0.0000000000
75266  41.266  -18.175  66.670 0.0000000000
76666  41.518  -17.765  67.388 0.0000000000
78071  43.033  -16.588  69.084 0.0000000000
75160  33.595  -18.586  78.212 0.0000000000
164902  31.974  -20.921  74.664 0.0000000000
72652  32.634  -19.989  77.057 0.0000000000
75142  32.853  -18.271  80.203 0.0000000000
75131  33.280  -18.279  81.629 0.0000000000
75119  34.061  -18.887  82.634 0.0000000000
73817  35.128  -19.952  82.774 0.0000000000
69140  29.007  -24.079  77.536 0.0000000000
69133  29.503  -23.292  79.032 0.0000000000
71451  29.754  -22.263  80.410 0.0000000000
70266  30.031  -22.990  83.913 0.0000000000
71416  30.337  -21.828  83.028 0.0000000000
71439  30.578  -21.211  81.513 0.0000000000
72584  32.307  -20.614  83.307 0.0000000000
72582  34.047  -20.682  83.274 0.0000000000
71424  36.414  -21.611  82.055 0.0000000000
57214  27.171  -32.820  86.296 0.0000000000
57215  26.148  -32.780  86.091 0.0000000000
57216  25.602  -33.131  86.003 0.0000000000
56096  24.742  -33.540  86.325 0.0000000000
57240  23.980  -32.517  83.788 0.0000000000
57234  23.730  -32.701  84.357 0.0000000000
57218  23.581  -32.831  86.038 0.0000000000
58362  22.516  -31.903  85.321 0.0000000000
59564  22.215  -31.405  85.957 0.0000000000
59566  20.299  -30.632  85.726 0.0000000000
58455  19.935  -31.813  78.283 0.0000000000
58442  19.466  -31.767  79.326 0.0000000000
58419  19.699  -31.488  81.635 0.0000000000
58435  16.959  -31.353  80.052 0.0000000000
58421  17.862  -31.219  81.213 0.0000000000
59650  19.572  -31.229  82.440 0.0000000000
59633  19.250  -30.990  83.010 0.0000000000
59590  19.463  -30.763  84.779 0.0000000000
59567  18.998  -30.340  85.888 0.0000000000
59568  17.774  -30.317  85.465 0.0000000000
60923  17.128  -30.064  86.058 0.0000000000
60905  15.433  -30.005  86.483 0.0000000000
59595  14.270  -30.717  84.193 0.0000000000
60926  14.501  -30.475  85.405 0.0000000000
60906  14.226  -30.225  86.128 0.0000000000
60891  13.520  -30.005  87.233 0.0000000000
60892  12.360  -30.368  87.041 0.0000000000
59530  10.959  -30.424  86.985 0.0000000000
59518  9.851  -30.238  87.769 0.0000000000
59519  9.103  -30.275  88.073 0.0000000000
71576  28.611  -21.529  68.945 0.0000000000
70414  26.805  -22.208  68.837 0.0000000000
69204  26.128  -23.372  70.927 0.0000000000
69224  24.257  -24.263  68.154 0.0000000000
68028  25.092  -24.700  70.133 0.0000000000
66723  26.169  -25.316  72.757 0.0000000000
65365  26.649  -26.834  74.559 0.0000000000
63960  27.462  -27.717  76.760 0.0000000000
62453  27.535  -28.804  79.600 0.0000000000
61017  26.436  -29.730  78.140 0.0000000000
59664  27.156  -30.173  80.711 0.0000000000
59626  27.547  -30.112  81.958 0.0000000000
59585  27.499  -30.566  83.843 0.0000000000
58357  27.349  -31.528  85.280 0.0000000000
62302  13.591  -28.108  91.017 0.0000000000
63754  15.398  -27.547  91.888 0.0000000000
83295  52.389  -12.512  61.474 0.0000000000
83294  53.501  -12.791  61.721 0.0000000000
82057  54.324  -13.439  61.665 0.0000000000
82044  53.995  -14.054  62.083 0.0000000000
80812  54.588  -14.265  61.607 0.0000000000
78229  46.019  -16.618  59.413 0.0000000000
78228  46.906  -16.631  59.661 0.0000000000
75431  46.407  -18.242  59.688 0.0000000000
76808  47.487  -17.584  60.022 0.0000000000
84619  42.469  -10.936  47.687 0.0000000000
76780  49.220  -17.334  61.449 0.0000000000
78172  49.907  -16.873  62.340 0.0000000000
78144  50.761  -16.570  63.312 0.0000000000
75318  46.046  -19.194  63.913 0.0000000000
75316  47.199  -18.152  64.601 0.0000000000
76720  47.872  -17.602  63.944 0.0000000000
76678  50.720  -17.456  66.472 0.0000000000
76701  49.578  -17.119  65.373 0.0000000000
78121  49.260  -16.811  64.018 0.0000000000
78120  49.944  -16.692  64.260 0.0000000000
78118  51.774  -16.553  64.403 0.0000000000
75482  33.265  -18.767  57.216 0.0000000000
72905  35.040  -19.962  56.443 0.0000000000
75392  34.462  -18.650  61.323 0.0000000000
74117  35.561  -20.192  59.581 0.0000000000
72852  37.241  -20.284  59.663 0.0000000000
75346  37.868  -18.895  63.284 0.0000000000
76633  41.038  -17.109  69.012 0.0000000000
79359  44.152  -15.454  70.200 0.0000000000
76513  37.663  -16.842  81.261 0.0000000000
79286  38.494  -15.902  76.154 0.0000000000
77995  38.384  -16.639  75.262 0.0000000000
78007  38.961  -16.495  74.228 0.0000000000
72627  38.713  -20.309  80.644 0.0000000000
73837  39.989  -19.413  79.881 0.0000000000
76539  40.625  -17.393  79.474 0.0000000000
76547  41.720  -17.395  78.422 0.0000000000
77954  41.509  -16.400  78.636 0.0000000000
80598  41.300  -14.953  77.711 0.0000000000
80626  40.564  -14.534  75.823 0.0000000000
78006  39.413  -15.991  74.212 0.0000000000
79321  40.207  -15.649  73.522 0.0000000000
78026  40.199  -16.169  72.540 0.0000000000
79341  41.427  -15.614  72.174 0.0000000000
79309  44.690  -15.389  75.029 0.0000000000
81937  43.366  -14.275  73.479 0.0000000000
164843  42.808  -15.004  72.025 0.0000000000
79338  43.408  -15.134  71.388 0.0000000000
93710  54.876  -5.150  55.123 0.0000000000
92162  55.269  -5.456  55.630 0.0000000000
92149  55.689  -6.000  56.252 0.0000000000
90672  56.061  -6.728  56.834 0.0000000000
87949  55.560  -8.857  58.301 0.0000000000
89261  55.984  -7.489  57.434 0.0000000000
89269  56.564  -7.409  56.696 0.0000000000
87962  56.673  -8.472  57.091 0.0000000000
57213  28.211  -32.836  86.107 0.0000000000
58340  28.852  -31.795  85.730 0.0000000000
60874  11.464  -30.112  87.963 0.0000000000
60851  13.173  -29.284  89.223 0.0000000000
79357  45.686  -15.399  69.753 0.0000000000
79356  46.577  -15.426  69.658 0.0000000000
69195  26.775  -23.451  72.150 0.0000000000
69194  27.359  -22.961  72.442 0.0000000000
69174  27.576  -23.811  74.356 0.0000000000
59702  21.771  -31.083  77.810 0.0000000000
58453  21.824  -31.623  78.572 0.0000000000
58468  21.209  -31.469  77.586 0.0000000000
59713  22.053  -30.533  77.417 0.0000000000
58330  22.487  -31.592  87.341 0.0000000000
59526  21.909  -30.949  87.578 0.0000000000
73931  37.296  -19.018  72.315 0.0000000000
73944  36.387  -19.550  71.168 0.0000000000
75237  36.688  -19.184  71.368 0.0000000000
75236  37.256  -18.690  71.593 0.0000000000
75226  38.250  -17.923  72.911 0.0000000000
73816  35.777  -19.739  82.530 0.0000000000
72617  37.503  -20.474  81.459 0.0000000000
84539  52.953  -10.996  59.726 0.0000000000
62415  27.702  -28.473  81.546 0.0000000000
63898  27.684  -27.528  81.060 0.0000000000
60888  16.874  -29.629  87.599 0.0000000000
60868  18.188  -29.427  88.425 0.0000000000
60869  17.344  -29.400  88.386 0.0000000000
82091  49.326  -12.927  58.528 0.0000000000
79506  47.879  -15.070  59.915 0.0000000000
78213  48.463  -16.645  60.480 0.0000000000
75280  42.802  -18.519  66.067 0.0000000000
76685  43.835  -18.102  66.670 0.0000000000
76742  40.765  -17.804  63.379 0.0000000000
76765  40.631  -17.945  62.766 0.0000000000
74129  39.260  -19.486  58.129 0.0000000000
74113  40.295  -19.766  58.821 0.0000000000
74114  39.183  -19.878  59.091 0.0000000000
74092  38.984  -20.041  60.202 0.0000000000
72646  30.936  -20.479  78.251 0.0000000000
72637  30.882  -20.572  79.434 0.0000000000
72628  31.387  -19.946  80.873 0.0000000000
72629  30.927  -20.597  80.554 0.0000000000
67908  28.899  -24.669  83.499 0.0000000000
69098  28.923  -23.906  82.596 0.0000000000
67907  29.326  -24.136  83.781 0.0000000000
59609  25.297  -30.988  83.317 0.0000000000
58375  25.355  -31.560  84.312 0.0000000000
59610  24.686  -31.272  83.033 0.0000000000
58394  20.963  -31.363  83.173 0.0000000000
59631  20.644  -31.282  83.088 0.0000000000
59617  15.773  -30.742  83.515 0.0000000000
62580  24.073  -28.300  71.707 0.0000000000
64025  24.951  -27.488  71.818 0.0000000000
62565  25.025  -28.154  72.790 0.0000000000
62553  25.561  -28.412  73.904 0.0000000000
62541  25.577  -28.902  75.099 0.0000000000
63716  13.148  -27.517  94.066 0.0000000000
63729  13.839  -27.356  93.320 0.0000000000
85659  56.154  -10.185  58.727 0.0000000000
82047  51.352  -13.816  61.957 0.0000000000
76782  47.820  -18.201  61.889 0.0000000000
75394  32.460  -18.382  61.361 0.0000000000
76636  37.941  -17.459  69.232 0.0000000000
76652  37.005  -17.696  67.660 0.0000000000
76635  39.185  -17.336  69.131 0.0000000000
76624  39.567  -17.195  69.769 0.0000000000
77921  34.806  -16.798  80.244 0.0000000000
76526  40.089  -17.133  80.009 0.0000000000
77927  39.694  -16.604  80.105 0.0000000000
79251  40.432  -15.292  78.789 0.0000000000
79231  40.736  -15.626  78.985 0.0000000000
77967  42.854  -16.456  77.141 0.0000000000
79283  43.020  -15.425  76.683 0.0000000000
79299  43.587  -15.300  76.119 0.0000000000
87957  54.226  -8.410  57.496 0.0000000000
96575  57.081  -2.788  53.247 0.0000000000
92160  56.753  -5.717  55.128 0.0000000000
59584  28.073  -30.234  84.224 0.0000000000
60920  28.447  -29.718  84.366 0.0000000000
59560  29.104  -30.864  85.473 0.0000000000
60871  15.149  -29.336  88.560 0.0000000000
60849  14.852  -29.036  89.193 0.0000000000
62319  15.083  -28.255  90.424 0.0000000000
63768  16.186  -27.801  91.367 0.0000000000
79519  43.177  -15.605  58.206 0.0000000000
80878  42.995  -14.666  56.252 0.0000000000
79516  45.834  -15.351  58.475 0.0000000000
76644  44.582  -16.663  68.247 0.0000000000
78079  45.082  -16.629  68.148 0.0000000000
60837  6.560  -29.889  90.513 0.0000000000
60826  6.337  -29.533  91.560 0.0000000000
60817  6.104  -29.250  92.601 0.0000000000
71575  29.665  -21.433  69.453 0.0000000000
71562  29.979  -21.713  70.059 0.0000000000
70397  29.330  -21.889  70.581 0.0000000000
70359  28.607  -22.691  74.856 0.0000000000
71510  29.236  -21.928  74.543 0.0000000000
71496  29.049  -22.256  75.171 0.0000000000
71486  29.806  -21.799  76.580 0.0000000000
70340  29.526  -22.641  77.187 0.0000000000
58428  23.434  -31.100  80.681 0.0000000000
58415  23.486  -31.401  81.215 0.0000000000
58429  22.930  -31.535  80.310 0.0000000000
58440  21.511  -32.201  79.396 0.0000000000
58430  22.178  -32.364  80.335 0.0000000000
58431  21.177  -32.322  80.385 0.0000000000
61078  23.096  -29.419  75.011 0.0000000000
61095  23.687  -28.982  74.166 0.0000000000
61058  24.481  -29.173  75.996 0.0000000000
59700  22.861  -30.533  78.887 0.0000000000
61020  23.310  -30.009  78.811 0.0000000000
61000  23.623  -30.211  79.608 0.0000000000
59667  24.176  -30.353  80.613 0.0000000000
58344  23.143  -32.267  86.285 0.0000000000
79461  52.878  -15.505  62.528 0.0000000000
74086  44.725  -19.397  60.179 0.0000000000
75409  45.489  -19.184  60.213 0.0000000000
75365  45.953  -19.090  62.253 0.0000000000
75338  46.690  -18.677  63.244 0.0000000000
72792  33.763  -20.966  65.741 0.0000000000
73990  34.571  -19.766  66.440 0.0000000000
73978  35.108  -19.731  67.697 0.0000000000
75260  36.160  -18.611  68.654 0.0000000000
75252  37.459  -17.812  69.917 0.0000000000
76617  38.610  -17.362  71.123 0.0000000000
76502  36.093  -17.615  82.096 0.0000000000
73830  38.102  -19.537  81.235 0.0000000000
75141  38.725  -18.745  80.967 0.0000000000
86824  54.278  -9.449  58.553 0.0000000000
96569  56.234  -3.179  53.773 0.0000000000
95164  56.308  -3.559  53.961 0.0000000000
66685  27.263  -25.976  75.480 0.0000000000
66680  27.684  -25.979  76.589 0.0000000000
65297  27.792  -26.825  81.760 0.0000000000
66645  27.842  -26.027  80.552 0.0000000000
66629  28.016  -26.224  82.247 0.0000000000
66628  28.223  -25.445  81.862 0.0000000000
66616  28.525  -25.840  82.930 0.0000000000
60901  19.197  -29.884  87.230 0.0000000000
59528  20.298  -30.074  87.639 0.0000000000
60885  19.451  -29.718  88.059 0.0000000000
60848  19.325  -29.449  89.206 0.0000000000
60865  20.525  -30.004  89.205 0.0000000000
60846  20.480  -30.005  89.985 0.0000000000
60829  20.202  -29.869  90.399 0.0000000000
80827  49.922  -13.961  60.874 0.0000000000
82093  46.568  -13.720  57.836 0.0000000000
80853  48.050  -14.251  58.686 0.0000000000
80829  48.848  -14.627  60.344 0.0000000000
80815  49.754  -14.656  61.189 0.0000000000
79487  50.076  -15.465  61.509 0.0000000000
74004  44.357  -19.407  64.668 0.0000000000
76683  45.763  -17.843  66.798 0.0000000000
75277  45.659  -18.517  66.184 0.0000000000
76682  46.814  -17.864  66.306 0.0000000000
78067  47.052  -16.327  68.363 0.0000000000
78077  46.567  -16.687  67.788 0.0000000000
78066  47.857  -16.357  68.318 0.0000000000
78074  49.113  -16.756  67.878 0.0000000000
76643  50.242  -17.534  68.235 0.0000000000
76593  37.912  -17.923  74.579 0.0000000000
75216  37.818  -18.550  73.740 0.0000000000
83330  51.109  -12.097  58.228 0.0000000000
62306  10.636  -28.679  91.364 0.0000000000
63744  11.402  -28.058  92.281 0.0000000000
63732  10.771  -28.035  92.786 0.0000000000
60824  8.286  -29.159  91.110 0.0000000000
62296  8.867  -28.474  92.634 0.0000000000
75366  42.564  -18.996  62.219 0.0000000000
75319  43.124  -19.099  64.038 0.0000000000
75436  40.026  -17.862  59.664 0.0000000000
75411  40.416  -17.915  60.423 0.0000000000
76813  40.801  -17.645  59.816 0.0000000000
74054  40.223  -19.221  62.005 0.0000000000
75302  40.876  -18.681  64.960 0.0000000000
75323  40.048  -18.831  64.153 0.0000000000
75282  40.963  -18.455  65.962 0.0000000000
75303  40.110  -18.661  64.967 0.0000000000
75284  39.507  -18.317  65.704 0.0000000000
76687  40.247  -18.107  66.599 0.0000000000
76667  40.571  -17.793  67.295 0.0000000000
76646  42.849  -16.869  68.579 0.0000000000
76647  41.787  -17.338  68.277 0.0000000000
75170  32.955  -18.888  77.024 0.0000000000
164877  32.963  -19.843  76.244 0.0000000000
71522  31.651  -21.100  73.426 0.0000000000
72692  31.619  -21.064  74.726 0.0000000000
72645  31.529  -19.883  78.699 0.0000000000
72653  32.053  -19.999  77.353 0.0000000000
73854  32.353  -19.492  78.181 0.0000000000
73846  32.828  -18.933  78.622 0.0000000000
75151  32.499  -18.789  79.673 0.0000000000
75143  32.303  -18.799  80.723 0.0000000000
73820  32.507  -19.392  82.101 0.0000000000
75121  32.941  -18.925  82.082 0.0000000000
75107  34.175  -19.386  82.902 0.0000000000
73801  34.485  -19.791  82.981 0.0000000000
67956  28.574  -24.907  77.070 0.0000000000
67964  28.420  -24.496  76.388 0.0000000000
67950  28.769  -24.804  78.099 0.0000000000
69116  29.101  -23.315  80.982 0.0000000000
69125  29.221  -23.358  80.082 0.0000000000
70301  29.420  -22.862  80.482 0.0000000000
70310  29.590  -22.710  79.747 0.0000000000
71404  32.148  -22.022  84.148 0.0000000000
71405  31.397  -21.993  84.059 0.0000000000
71415  30.916  -21.554  83.387 0.0000000000
71426  30.638  -21.351  82.559 0.0000000000
72586  30.950  -21.001  82.825 0.0000000000
72585  31.516  -20.690  82.922 0.0000000000
71413  32.627  -21.418  83.666 0.0000000000
71411  34.431  -21.589  83.193 0.0000000000
71425  35.557  -21.540  82.517 0.0000000000
57225  25.450  -32.803  85.494 0.0000000000
56102  25.250  -33.362  85.926 0.0000000000
56103  24.798  -33.278  85.623 0.0000000000
58391  23.474  -32.350  83.146 0.0000000000
57235  22.997  -32.623  84.257 0.0000000000
57227  23.391  -32.706  85.120 0.0000000000
58361  23.166  -32.432  85.681 0.0000000000
59588  21.292  -31.324  84.557 0.0000000000
58363  21.810  -31.461  84.946 0.0000000000
59565  21.536  -31.089  85.529 0.0000000000
58433  18.971  -31.545  80.400 0.0000000000
59686  16.314  -31.304  79.751 0.0000000000
59671  16.688  -31.193  80.756 0.0000000000
59670  17.406  -31.162  81.222 0.0000000000
58420  18.488  -31.293  81.293 0.0000000000
59651  18.859  -31.126  82.185 0.0000000000
59634  18.329  -30.832  82.879 0.0000000000
59614  18.830  -30.814  83.817 0.0000000000
59570  16.277  -30.410  85.216 0.0000000000
60924  16.179  -30.236  85.773 0.0000000000
60904  16.480  -29.857  86.706 0.0000000000
60925  15.217  -30.404  85.417 0.0000000000
59619  13.764  -31.028  83.216 0.0000000000
59573  13.007  -30.771  84.998 0.0000000000
59572  13.924  -30.638  85.092 0.0000000000
60907  13.151  -30.395  86.389 0.0000000000
59529  11.624  -30.516  86.692 0.0000000000
60893  11.621  -30.386  87.202 0.0000000000
59531  10.035  -30.465  87.034 0.0000000000
59532  9.207  -30.592  87.201 0.0000000000
70441  25.836  -21.957  67.417 0.0000000000
71578  26.890  -21.899  68.095 0.0000000000
70427  26.239  -22.149  68.059 0.0000000000
70400  26.142  -22.648  69.572 0.0000000000
70415  25.710  -22.670  68.831 0.0000000000
68059  23.502  -24.604  67.529 0.0000000000
69238  23.477  -23.664  67.478 0.0000000000
68049  24.004  -24.835  67.829 0.0000000000
65408  25.109  -26.135  71.011 0.0000000000
68029  24.631  -25.115  69.333 0.0000000000
66733  25.439  -25.658  71.437 0.0000000000
68019  25.625  -24.629  71.247 0.0000000000
66724  25.782  -25.771  72.304 0.0000000000
66714  26.279  -25.830  73.243 0.0000000000
65377  26.348  -26.684  73.771 0.0000000000
62509  27.115  -28.884  76.450 0.0000000000
62523  27.281  -28.322  76.423 0.0000000000
62508  27.381  -28.598  77.124 0.0000000000
62474  27.480  -28.983  78.727 0.0000000000
61018  25.344  -29.577  78.324 0.0000000000
59647  26.035  -30.383  81.291 0.0000000000
59665  26.524  -30.301  80.739 0.0000000000
59646  27.009  -30.366  81.318 0.0000000000
59645  27.500  -29.845  81.207 0.0000000000
59607  27.513  -30.355  82.798 0.0000000000
59563  26.237  -31.217  84.720 0.0000000000
58341  27.811  -32.134  85.717 0.0000000000
58311  21.892  -31.467  89.497 0.0000000000
62323  11.827  -28.839  90.607 0.0000000000
62322  12.612  -28.645  90.573 0.0000000000
62303  12.932  -28.267  91.077 0.0000000000
63728  14.898  -27.448  93.511 0.0000000000
63741  14.595  -27.400  92.553 0.0000000000
63740  15.637  -27.468  92.827 0.0000000000
63727  15.842  -27.758  93.658 0.0000000000
83303  55.631  -12.842  59.915 0.0000000000
83284  52.867  -13.044  62.021 0.0000000000
83283  53.204  -13.143  62.022 0.0000000000
82058  53.788  -13.465  61.972 0.0000000000
80811  55.044  -14.664  61.046 0.0000000000
75408  46.238  -18.855  60.335 0.0000000000
75383  48.135  -18.227  60.899 0.0000000000
75406  47.798  -18.213  60.531 0.0000000000
84580  45.356  -11.688  50.137 0.0000000000
76807  48.260  -17.632  60.489 0.0000000000
76806  48.881  -17.362  60.807 0.0000000000
76735  49.483  -16.961  62.672 0.0000000000
74002  45.343  -19.414  64.759 0.0000000000
76703  47.529  -17.850  65.234 0.0000000000
78085  51.156  -16.994  65.733 0.0000000000
76700  50.429  -17.026  65.686 0.0000000000
76718  49.172  -17.019  64.672 0.0000000000
74134  32.072  -19.381  58.122 0.0000000000
74150  33.280  -19.501  57.091 0.0000000000
75493  33.956  -18.935  56.515 0.0000000000
72893  33.723  -20.031  57.050 0.0000000000
75308  34.422  -19.032  64.948 0.0000000000
75371  34.854  -18.343  62.354 0.0000000000
75347  36.563  -18.376  63.454 0.0000000000
74075  35.318  -19.193  60.931 0.0000000000
74074  36.324  -19.332  61.269 0.0000000000
72853  36.374  -20.278  59.658 0.0000000000
74094  36.859  -19.987  60.438 0.0000000000
74073  37.471  -19.716  61.297 0.0000000000
75306  37.600  -18.289  64.707 0.0000000000
78058  41.089  -16.844  69.706 0.0000000000
76649  39.853  -17.461  68.230 0.0000000000
78057  41.845  -16.651  69.848 0.0000000000
78056  42.779  -16.463  69.643 0.0000000000
78043  43.414  -15.720  70.365 0.0000000000
79233  39.398  -15.533  79.401 0.0000000000
80586  38.784  -15.139  78.309 0.0000000000
80601  38.622  -15.268  77.584 0.0000000000
80615  38.878  -15.239  76.865 0.0000000000
79285  39.208  -15.298  76.010 0.0000000000
79301  38.958  -15.892  75.235 0.0000000000
80627  39.837  -14.810  75.879 0.0000000000
71449  38.379  -21.314  80.655 0.0000000000
72626  39.454  -20.376  80.080 0.0000000000
73845  40.503  -19.468  79.309 0.0000000000
75139  40.120  -18.069  80.043 0.0000000000
77968  42.441  -16.406  77.663 0.0000000000
77953  42.047  -16.408  78.199 0.0000000000
79249  41.719  -15.786  78.274 0.0000000000
79250  41.126  -15.480  78.484 0.0000000000
79269  41.585  -15.369  78.076 0.0000000000
80625  41.410  -14.339  75.816 0.0000000000
80639  40.111  -14.864  75.022 0.0000000000
79311  39.803  -15.552  74.348 0.0000000000
78017  39.597  -16.091  73.634 0.0000000000
79310  40.479  -15.111  74.204 0.0000000000
80636  42.652  -14.202  74.680 0.0000000000
79320  40.775  -15.340  73.427 0.0000000000
79319  41.335  -15.111  73.215 0.0000000000
79329  40.977  -15.647  72.607 0.0000000000
79298  44.162  -15.467  75.621 0.0000000000
79297  44.762  -15.907  75.242 0.0000000000
80633  45.038  -14.808  74.165 0.0000000000
81947  44.253  -14.199  73.493 0.0000000000
164828  43.412  -14.489  72.730 0.0000000000
80659  44.025  -14.524  72.416 0.0000000000
164838  43.481  -14.892  71.822 0.0000000000
80658  44.593  -14.298  72.751 0.0000000000
92163  54.449  -5.646  55.268 0.0000000000
97918  55.056  -1.556  52.116 0.0000000000
93720  56.716  -4.201  53.975 0.0000000000
60850  14.274  -29.145  89.160 0.0000000000
62340  13.788  -28.744  89.844 0.0000000000
62320  14.221  -28.304  90.558 0.0000000000
78069  44.793  -16.218  68.738 0.0000000000
79366  45.846  -15.746  69.107 0.0000000000
70398  28.164  -22.230  70.315 0.0000000000
70385  28.180  -22.285  71.399 0.0000000000
70374  27.975  -22.503  72.499 0.0000000000
70367  28.014  -22.735  73.572 0.0000000000
59685  22.722  -30.949  79.186 0.0000000000
58438  22.685  -31.385  79.543 0.0000000000
58452  22.417  -31.387  79.028 0.0000000000
61079  21.983  -29.962  75.203 0.0000000000
61040  23.381  -29.672  77.684 0.0000000000
61021  22.812  -30.386  78.535 0.0000000000
58345  22.612  -31.695  86.444 0.0000000000
58320  22.780  -32.015  87.806 0.0000000000
57203  22.815  -32.354  88.856 0.0000000000
78168  53.140  -16.342  62.862 0.0000000000
73945  35.916  -19.822  70.517 0.0000000000
164539  35.514  -19.943  69.033 0.0000000000
164819  35.513  -19.424  68.471 0.0000000000
164793  36.275  -19.107  70.049 0.0000000000
75246  36.524  -18.933  70.544 0.0000000000
76618  37.849  -17.896  71.327 0.0000000000
63934  27.543  -27.994  78.799 0.0000000000
65330  27.645  -26.934  79.294 0.0000000000
65283  27.945  -26.932  82.559 0.0000000000
60886  18.654  -29.644  87.854 0.0000000000
60867  18.952  -29.456  88.691 0.0000000000
62317  17.166  -28.103  90.906 0.0000000000
62316  18.348  -28.552  90.695 0.0000000000
80843  47.743  -14.680  59.192 0.0000000000
78065  48.582  -16.410  68.557 0.0000000000
59504  8.730  -30.142  88.715 0.0000000000
60834  9.450  -29.465  90.061 0.0000000000
60823  9.203  -29.126  90.926 0.0000000000
75368  40.879  -18.450  62.399 0.0000000000
75475  40.724  -18.041  57.308 0.0000000000
76862  41.560  -17.166  58.000 0.0000000000
74127  41.400  -19.048  57.890 0.0000000000
74090  41.251  -19.589  59.655 0.0000000000
74034  39.682  -19.294  62.772 0.0000000000
74071  39.760  -19.615  61.119 0.0000000000
75345  38.965  -19.137  63.485 0.0000000000
74035  38.771  -19.372  62.819 0.0000000000
164897  32.070  -19.894  74.409 0.0000000000
71485  30.438  -21.254  75.951 0.0000000000
72666  31.091  -20.830  76.313 0.0000000000
73840  31.846  -19.299  80.290 0.0000000000
73821  31.836  -19.883  82.167 0.0000000000
67932  28.474  -24.684  80.255 0.0000000000
69126  28.913  -24.021  79.618 0.0000000000
69107  28.776  -23.931  81.620 0.0000000000
69106  29.216  -23.277  81.890 0.0000000000
58343  26.256  -32.271  85.696 0.0000000000
58359  25.110  -32.299  84.804 0.0000000000
58360  24.645  -32.518  84.566 0.0000000000
58377  22.360  -32.173  84.262 0.0000000000
59611  21.346  -31.506  84.041 0.0000000000
59635  17.346  -30.771  82.743 0.0000000000
59592  17.291  -30.533  84.566 0.0000000000
59593  16.212  -30.567  84.601 0.0000000000
60938  15.637  -30.516  84.915 0.0000000000
59574  12.161  -30.916  85.074 0.0000000000
59547  12.727  -30.629  85.774 0.0000000000
59575  11.302  -30.947  85.188 0.0000000000
71615  25.869  -21.015  66.150 0.0000000000
70442  25.095  -22.157  67.064 0.0000000000
64051  23.410  -27.652  69.461 0.0000000000
65419  23.610  -27.113  68.990 0.0000000000
66751  24.300  -25.824  68.891 0.0000000000
64040  24.286  -27.474  70.628 0.0000000000
65400  24.685  -27.005  70.951 0.0000000000
65388  25.564  -26.728  72.354 0.0000000000
64007  25.946  -27.249  73.397 0.0000000000
62552  26.280  -28.035  74.388 0.0000000000
62540  26.371  -28.338  74.980 0.0000000000
61037  26.779  -29.393  77.041 0.0000000000
60980  24.780  -30.007  80.336 0.0000000000
60979  25.864  -30.211  80.257 0.0000000000
60968  25.466  -30.188  80.839 0.0000000000
59608  26.512  -30.700  83.082 0.0000000000
59586  26.083  -30.862  84.158 0.0000000000
63743  12.354  -27.837  92.065 0.0000000000
80826  55.466  -14.258  60.083 0.0000000000
76836  45.869  -17.455  59.414 0.0000000000
76760  48.694  -17.588  62.244 0.0000000000
76704  47.011  -18.068  65.694 0.0000000000
78100  51.075  -16.663  65.089 0.0000000000
75444  31.370  -18.510  59.243 0.0000000000
74120  32.248  -19.397  59.095 0.0000000000
76746  35.453  -17.980  64.057 0.0000000000
76692  35.912  -18.021  65.569 0.0000000000
76691  36.596  -17.919  66.008 0.0000000000
76709  36.724  -17.979  64.997 0.0000000000
76708  37.513  -18.052  65.372 0.0000000000
76670  37.753  -17.617  66.988 0.0000000000
78045  41.998  -16.289  70.630 0.0000000000
76528  38.694  -17.324  80.970 0.0000000000
77942  39.569  -16.150  79.907 0.0000000000
80569  39.390  -15.187  78.980 0.0000000000
80585  39.705  -15.000  78.577 0.0000000000
80599  40.251  -14.696  77.477 0.0000000000
72635  40.440  -20.358  79.196 0.0000000000
73844  41.015  -19.413  78.772 0.0000000000
80597  41.812  -15.029  77.425 0.0000000000
79284  42.423  -15.372  77.117 0.0000000000
80624  42.318  -14.361  75.702 0.0000000000
97911  56.753  -1.959  53.144 0.0000000000
60949  27.818  -29.508  82.609 0.0000000000
62392  27.937  -28.799  83.236 0.0000000000
60870  16.354  -29.346  88.391 0.0000000000
62352  15.977  -28.886  89.134 0.0000000000
62337  16.558  -28.521  89.867 0.0000000000
62338  15.594  -28.549  89.818 0.0000000000
62301  17.398  -27.893  91.678 0.0000000000
63752  17.279  -27.863  92.329 0.0000000000
82104  45.810  -13.974  57.273 0.0000000000
80867  46.038  -14.451  57.528 0.0000000000
80855  46.339  -14.753  58.063 0.0000000000
79515  46.571  -15.150  58.722 0.0000000000
80880  40.161  -14.733  56.612 0.0000000000
78078  45.575  -16.634  67.989 0.0000000000
79364  47.572  -15.996  68.820 0.0000000000
79365  46.766  -15.849  68.960 0.0000000000
62297  7.926  -28.565  93.007 0.0000000000
75476  39.698  -18.172  57.180 0.0000000000
75477  38.260  -18.522  57.303 0.0000000000
75488  37.543  -19.189  56.556 0.0000000000
71536  30.458  -21.221  72.010 0.0000000000
71509  30.257  -21.429  74.232 0.0000000000
70384  28.913  -21.865  71.929 0.0000000000
71524  29.612  -21.685  73.532 0.0000000000
71477  29.919  -21.866  77.572 0.0000000000
59630  23.978  -30.898  81.745 0.0000000000
58402  24.360  -31.411  82.838 0.0000000000
59655  14.885  -31.184  81.337 0.0000000000
59638  14.276  -31.153  82.277 0.0000000000
62567  23.278  -29.034  73.172 0.0000000000
62554  24.313  -28.818  74.134 0.0000000000
62525  25.054  -29.015  75.535 0.0000000000
62526  24.580  -29.024  75.360 0.0000000000
61019  24.253  -29.523  78.560 0.0000000000
80796  51.583  -14.565  62.223 0.0000000000
75329  33.362  -19.054  63.714 0.0000000000
74016  33.814  -19.644  64.688 0.0000000000
75287  34.653  -19.106  65.728 0.0000000000
164811  35.473  -19.198  68.001 0.0000000000
75269  35.623  -18.785  67.725 0.0000000000
75286  35.502  -18.515  66.464 0.0000000000
75259  36.473  -18.164  68.230 0.0000000000
76637  37.164  -17.726  68.531 0.0000000000
78037  39.414  -16.993  70.784 0.0000000000
76517  34.556  -17.071  81.137 0.0000000000
76501  36.629  -17.540  82.027 0.0000000000
97913  54.612  -2.298  52.697 0.0000000000
67989  27.092  -24.889  74.435 0.0000000000
69175  27.029  -24.468  73.974 0.0000000000
67975  27.473  -24.876  75.120 0.0000000000
67957  28.100  -25.447  76.847 0.0000000000
66662  28.438  -25.460  78.451 0.0000000000
66654  27.850  -26.115  79.679 0.0000000000
66653  28.228  -25.602  79.214 0.0000000000
66644  28.121  -25.397  79.958 0.0000000000
63850  28.093  -28.302  83.648 0.0000000000
63849  28.400  -27.758  84.083 0.0000000000
63864  28.311  -27.229  83.572 0.0000000000
63834  29.064  -27.691  84.841 0.0000000000
65261  28.858  -26.978  84.461 0.0000000000
58483  20.745  -31.207  76.544 0.0000000000
59527  20.988  -30.338  87.882 0.0000000000
59515  21.234  -30.532  88.914 0.0000000000
59502  21.408  -30.828  89.742 0.0000000000
59490  21.129  -30.728  90.271 0.0000000000
62350  17.915  -29.101  89.023 0.0000000000
62334  19.398  -29.269  90.104 0.0000000000
62315  19.204  -28.988  90.606 0.0000000000
60830  19.710  -29.515  90.529 0.0000000000
83307  51.405  -12.456  60.112 0.0000000000
82071  50.838  -12.834  60.095 0.0000000000
82092  48.091  -13.591  58.339 0.0000000000
80841  49.025  -14.079  59.778 0.0000000000
78143  51.642  -16.449  63.499 0.0000000000
74014  44.789  -19.574  64.066 0.0000000000
74003  45.005  -19.496  64.762 0.0000000000
75297  45.610  -19.188  65.106 0.0000000000
76662  46.134  -17.256  67.320 0.0000000000
73919  37.434  -19.258  72.977 0.0000000000
75215  38.128  -18.061  73.324 0.0000000000
84548  50.990  -11.889  58.065 0.0000000000
60831  12.363  -29.127  89.927 0.0000000000
62324  10.969  -28.967  90.637 0.0000000000
62305  11.394  -28.578  91.254 0.0000000000
62292  11.678  -28.245  91.752 0.0000000000
62295  9.664  -28.418  92.297 0.0000000000
62280  10.168  -28.234  92.675 0.0000000000
63718  11.048  -27.826  93.639 0.0000000000
74066  44.053  -19.397  61.091 0.0000000000
74031  43.632  -19.357  63.075 0.0000000000
75388  41.613  -18.408  61.124 0.0000000000
74053  40.788  -18.810  62.120 0.0000000000
75322  40.819  -18.752  64.070 0.0000000000
75265  42.017  -18.172  66.666 0.0000000000
76665  42.720  -17.735  67.169 0.0000000000
75283  40.184  -18.437  65.800 0.0000000000
78054  44.402  -15.844  69.404 0.0000000000
79358  44.729  -15.527  69.752 0.0000000000
75159  33.981  -18.231  78.199 0.0000000000
76542  33.522  -17.855  79.634 0.0000000000
72704  31.254  -20.590  73.397 0.0000000000
164898  31.962  -20.404  74.304 0.0000000000
164928  32.314  -20.654  75.053 0.0000000000
72678  31.758  -20.709  75.797 0.0000000000
164915  32.172  -20.633  75.742 0.0000000000
164927  32.788  -20.167  76.088 0.0000000000
73853  33.042  -19.283  77.732 0.0000000000
75150  33.280  -18.408  79.083 0.0000000000
76531  33.233  -17.874  80.783 0.0000000000
76518  33.670  -17.848  81.547 0.0000000000
76505  33.859  -18.303  82.183 0.0000000000
75133  32.342  -18.946  81.279 0.0000000000
75120  33.404  -18.616  82.120 0.0000000000
75118  34.979  -18.924  82.836 0.0000000000
72600  36.159  -20.678  82.275 0.0000000000
69162  27.857  -24.255  75.414 0.0000000000
69161  28.297  -23.534  75.368 0.0000000000
69148  29.237  -23.409  77.119 0.0000000000
69134  29.108  -24.105  78.568 0.0000000000
69139  29.412  -23.381  77.935 0.0000000000
70329  29.705  -22.608  78.211 0.0000000000
71461  29.932  -21.995  79.488 0.0000000000
71450  30.393  -21.455  80.242 0.0000000000
69097  29.408  -23.272  82.817 0.0000000000
70276  29.919  -22.520  83.237 0.0000000000
70275  30.451  -22.122  83.431 0.0000000000
70286  29.679  -22.604  82.125 0.0000000000
71440  29.932  -21.977  81.304 0.0000000000
72619  31.055  -20.508  81.383 0.0000000000
73805  31.754  -20.254  82.543 0.0000000000
73803  32.770  -19.823  82.988 0.0000000000
72583  33.157  -20.631  83.385 0.0000000000
72581  34.889  -20.800  82.922 0.0000000000
72601  35.496  -20.539  82.582 0.0000000000
56095  25.614  -33.533  86.445 0.0000000000
58390  24.508  -31.787  83.474 0.0000000000
57239  24.361  -32.286  83.959 0.0000000000
57233  24.307  -32.561  84.303 0.0000000000
57241  23.337  -32.595  83.775 0.0000000000
57217  24.138  -33.189  85.715 0.0000000000
58469  20.360  -31.588  77.316 0.0000000000
58432  20.127  -31.885  80.421 0.0000000000
58444  17.150  -31.416  79.224 0.0000000000
58434  17.718  -31.399  80.443 0.0000000000
58407  20.019  -31.327  82.388 0.0000000000
59632  20.133  -31.111  82.967 0.0000000000
59613  19.836  -30.928  83.814 0.0000000000
59545  19.251  -30.095  86.641 0.0000000000
60921  18.775  -29.993  86.611 0.0000000000
60922  18.078  -29.999  86.309 0.0000000000
60903  17.448  -29.782  86.891 0.0000000000
59571  14.629  -30.596  84.922 0.0000000000
59596  13.355  -30.883  84.137 0.0000000000
60908  12.571  -30.524  86.333 0.0000000000
59517  10.556  -30.260  87.638 0.0000000000
60875  10.388  -30.017  88.302 0.0000000000
60876  9.767  -30.060  88.298 0.0000000000
59505  7.975  -30.303  88.905 0.0000000000
71588  27.066  -21.124  67.884 0.0000000000
71577  27.548  -21.584  68.254 0.0000000000
70413  27.982  -22.244  69.160 0.0000000000
70399  26.913  -22.502  70.052 0.0000000000
68018  26.090  -23.984  71.726 0.0000000000
70429  24.595  -22.805  67.552 0.0000000000
69231  24.615  -23.128  67.949 0.0000000000
68040  24.374  -24.857  68.559 0.0000000000
68039  24.804  -24.330  69.307 0.0000000000
69223  24.742  -23.584  68.564 0.0000000000
69205  25.523  -24.010  70.576 0.0000000000
68008  26.156  -24.677  72.332 0.0000000000
68001  26.441  -25.009  73.082 0.0000000000
66700  26.783  -25.867  74.403 0.0000000000
65349  27.318  -26.886  76.115 0.0000000000
65350  27.108  -27.331  75.753 0.0000000000
63947  27.569  -27.804  77.693 0.0000000000
60966  27.657  -29.176  81.113 0.0000000000
61057  25.778  -29.441  76.030 0.0000000000
60997  26.171  -29.967  79.195 0.0000000000
60978  26.821  -30.160  80.029 0.0000000000
60996  27.171  -29.686  79.131 0.0000000000
60977  27.421  -29.545  80.342 0.0000000000
60959  27.709  -29.303  81.822 0.0000000000
60936  27.932  -29.715  83.398 0.0000000000
58356  28.371  -31.429  85.382 0.0000000000
62321  13.360  -28.485  90.518 0.0000000000
63755  14.299  -27.742  91.444 0.0000000000
63756  13.201  -27.872  91.547 0.0000000000
63753  16.355  -27.619  92.191 0.0000000000
84522  52.477  -12.023  60.911 0.0000000000
79510  44.247  -15.650  58.879 0.0000000000
79508  46.241  -15.755  59.320 0.0000000000
82133  41.572  -14.249  55.159 0.0000000000
78259  38.594  -17.027  55.832 0.0000000000
75407  47.092  -18.470  60.279 0.0000000000
83392  40.815  -12.336  50.709 0.0000000000
78214  47.698  -16.660  60.134 0.0000000000
75317  46.630  -18.685  64.318 0.0000000000
76719  48.592  -17.220  64.287 0.0000000000
78146  49.055  -16.888  63.644 0.0000000000
78119  50.918  -16.502  64.259 0.0000000000
75491  35.090  -17.891  56.312 0.0000000000
76900  35.649  -18.468  56.292 0.0000000000
75505  36.520  -19.325  55.926 0.0000000000
75393  33.371  -18.491  61.411 0.0000000000
75415  33.726  -18.838  60.700 0.0000000000
74119  33.662  -20.005  59.027 0.0000000000
75391  35.460  -18.750  61.637 0.0000000000
74118  34.929  -20.107  59.460 0.0000000000
72862  34.486  -20.361  58.589 0.0000000000
72875  34.984  -20.476  57.848 0.0000000000
72890  36.280  -20.132  57.534 0.0000000000
74131  37.363  -20.235  58.465 0.0000000000
74093  37.880  -20.094  60.383 0.0000000000
74056  38.014  -19.501  62.266 0.0000000000
75305  38.311  -18.403  64.842 0.0000000000
76669  38.685  -17.647  67.185 0.0000000000
76689  38.634  -17.912  66.139 0.0000000000
76648  40.814  -17.439  68.239 0.0000000000
76631  42.309  -16.711  69.310 0.0000000000
78055  43.775  -15.854  69.797 0.0000000000
76516  35.512  -16.921  81.427 0.0000000000
77918  36.712  -16.387  80.957 0.0000000000
77929  37.755  -16.088  80.576 0.0000000000
76592  38.360  -17.308  74.425 0.0000000000
72616  38.128  -20.592  81.025 0.0000000000
73838  39.134  -19.466  80.445 0.0000000000
75156  41.519  -18.578  78.249 0.0000000000
75155  42.034  -17.954  77.782 0.0000000000
75147  41.230  -18.121  78.983 0.0000000000
76538  41.285  -17.118  79.026 0.0000000000
77940  40.893  -16.266  79.164 0.0000000000
80583  41.019  -15.119  78.134 0.0000000000
80613  40.240  -14.600  76.539 0.0000000000
80612  40.965  -14.491  76.727 0.0000000000
79300  39.550  -15.377  75.196 0.0000000000
79312  39.342  -15.864  74.648 0.0000000000
76601  38.559  -17.487  73.442 0.0000000000
76610  38.433  -17.639  72.269 0.0000000000
78018  39.143  -16.771  72.982 0.0000000000
79330  40.512  -15.683  73.012 0.0000000000
78027  39.298  -16.891  71.825 0.0000000000
78025  40.770  -15.964  72.270 0.0000000000
78036  40.239  -16.672  71.283 0.0000000000
80622  43.897  -14.760  75.124 0.0000000000
80635  43.594  -14.322  74.543 0.0000000000
80634  44.436  -14.727  74.582 0.0000000000
81925  44.077  -14.313  74.284 0.0000000000
80650  42.956  -14.241  73.843 0.0000000000
164851  42.087  -14.881  72.750 0.0000000000
79327  42.183  -15.188  72.123 0.0000000000
78035  41.195  -16.070  71.698 0.0000000000
78034  42.156  -15.784  71.224 0.0000000000
78033  42.530  -15.654  71.109 0.0000000000
79351  43.092  -15.430  71.000 0.0000000000
80669  44.809  -14.633  71.663 0.0000000000
79350  43.638  -15.424  70.642 0.0000000000
90666  55.942  -7.083  57.133 0.0000000000
58358  26.047  -31.713  85.274 0.0000000000
58389  25.137  -31.342  83.777 0.0000000000
59516  21.029  -30.380  89.353 0.0000000000
59587  25.467  -31.163  83.906 0.0000000000
59668  23.513  -30.697  80.185 0.0000000000
59684  23.165  -30.564  79.404 0.0000000000
60864  20.903  -30.280  89.023 0.0000000000
60883  20.794  -30.207  88.647 0.0000000000
60900  19.859  -29.922  87.594 0.0000000000
60967  25.854  -30.276  80.808 0.0000000000
60981  23.991  -30.103  80.104 0.0000000000
61036  27.282  -29.076  77.563 0.0000000000
61056  26.624  -29.186  76.029 0.0000000000
61075  26.398  -28.897  75.476 0.0000000000
62294  10.439  -28.392  92.120 0.0000000000
62432  27.630  -28.564  80.615 0.0000000000
62491  27.480  -28.682  78.005 0.0000000000
62524  26.937  -28.508  75.798 0.0000000000
62542  24.723  -28.942  75.009 0.0000000000
62555  23.543  -28.983  73.830 0.0000000000
62579  24.926  -27.909  72.241 0.0000000000
62595  23.722  -28.025  70.664 0.0000000000
62612  23.288  -28.015  69.825 0.0000000000
62622  23.195  -27.793  69.405 0.0000000000
63745  10.923  -28.244  92.276 0.0000000000
63757  12.661  -28.076  91.490 0.0000000000
63769  15.275  -27.858  91.060 0.0000000000
63865  27.967  -27.738  83.155 0.0000000000
63970  27.218  -27.771  76.039 0.0000000000
63971  26.886  -27.755  75.459 0.0000000000
63992  26.246  -27.556  73.991 0.0000000000
63993  25.683  -27.791  73.364 0.0000000000
64026  24.356  -27.761  71.199 0.0000000000
64039  24.686  -27.280  71.223 0.0000000000
64050  23.894  -27.441  69.834 0.0000000000
64057  23.646  -27.336  69.284 0.0000000000
64058  23.240  -27.453  69.070 0.0000000000
65273  28.555  -26.632  83.831 0.0000000000
65313  27.766  -26.636  81.026 0.0000000000
65336  27.721  -26.923  78.235 0.0000000000
65357  27.186  -26.584  75.664 0.0000000000
65358  26.939  -26.905  75.383 0.0000000000
65378  25.917  -26.701  73.063 0.0000000000
65399  25.135  -26.603  71.449 0.0000000000
65409  24.630  -26.619  70.448 0.0000000000
65418  24.102  -26.738  69.225 0.0000000000
65429  24.013  -26.362  68.602 0.0000000000
66617  28.222  -26.454  82.718 0.0000000000
66637  27.895  -26.053  81.411 0.0000000000
66663  27.966  -26.130  78.755 0.0000000000
66671  28.524  -25.282  77.803 0.0000000000
66686  26.875  -26.380  74.982 0.0000000000
66740  25.127  -25.605  70.677 0.0000000000
66761  23.990  -25.844  68.081 0.0000000000
67924  28.478  -24.662  81.266 0.0000000000
67990  26.732  -25.035  73.749 0.0000000000
68009  25.728  -25.171  71.863 0.0000000000
68060  22.998  -24.473  67.400 0.0000000000
69149  28.800  -23.828  76.444 0.0000000000
69150  28.261  -24.217  75.952 0.0000000000
69184  27.378  -23.258  73.075 0.0000000000
69213  26.070  -22.877  70.165 0.0000000000
69214  25.470  -23.480  69.802 0.0000000000
69232  24.132  -23.709  67.722 0.0000000000
70320  29.772  -22.514  79.005 0.0000000000
70341  29.181  -23.007  76.565 0.0000000000
70351  29.408  -22.398  76.311 0.0000000000
70360  28.145  -22.918  74.326 0.0000000000
70366  28.693  -22.297  73.981 0.0000000000
70375  27.473  -22.749  71.948 0.0000000000
70396  29.799  -22.002  70.097 0.0000000000
70411  29.814  -22.037  69.817 0.0000000000
70443  24.154  -22.683  67.116 0.0000000000
71427  30.130  -21.885  82.307 0.0000000000
71469  30.433  -21.215  77.918 0.0000000000
71508  31.297  -21.185  74.002 0.0000000000
71549  29.972  -21.098  71.171 0.0000000000
71550  29.632  -21.583  71.573 0.0000000000
71563  29.718  -21.804  70.932 0.0000000000
71601  25.824  -21.489  66.677 0.0000000000
71602  25.215  -21.670  66.568 0.0000000000
71616  25.196  -21.236  66.160 0.0000000000
71617  24.341  -21.224  66.327 0.0000000000
72602  31.528  -20.346  82.314 0.0000000000
72603  31.029  -20.685  82.211 0.0000000000
72665  31.830  -20.457  76.484 0.0000000000
72679  31.254  -21.006  75.491 0.0000000000
72691  31.793  -20.930  75.244 0.0000000000
72703  31.921  -20.811  73.931 0.0000000000
72772  27.267  -20.828  68.165 0.0000000000
72783  26.314  -20.623  66.624 0.0000000000
72796  25.561  -20.491  66.061 0.0000000000
72854  35.848  -20.229  59.622 0.0000000000
72859  37.385  -20.335  59.201 0.0000000000
72860  36.796  -20.442  58.877 0.0000000000
72861  35.637  -20.390  58.979 0.0000000000
72863  33.867  -20.310  58.406 0.0000000000
72873  36.693  -20.266  58.004 0.0000000000
72874  35.989  -20.340  58.048 0.0000000000
72876  33.875  -20.331  57.759 0.0000000000
72877  33.389  -20.028  57.414 0.0000000000
72889  36.638  -20.116  57.685 0.0000000000
72891  35.456  -20.194  57.060 0.0000000000
72892  34.481  -20.132  56.865 0.0000000000
72904  35.325  -19.977  56.548 0.0000000000
73804  32.077  -20.050  82.742 0.0000000000
73818  33.582  -19.097  82.592 0.0000000000
73819  33.153  -19.250  82.503 0.0000000000
73832  32.398  -19.080  81.547 0.0000000000
73862  32.957  -19.859  77.009 0.0000000000
73863  32.644  -19.663  77.556 0.0000000000
73956  35.613  -19.987  70.061 0.0000000000
73977  35.308  -19.216  67.503 0.0000000000
74032  40.818  -18.715  62.605 0.0000000000
74055  39.228  -19.560  62.075 0.0000000000
74057  37.040  -19.246  62.002 0.0000000000
74069  41.981  -19.353  60.582 0.0000000000
74070  41.063  -19.295  61.125 0.0000000000
74089  41.883  -19.510  59.699 0.0000000000
74095  35.730  -19.887  60.177 0.0000000000
74096  34.442  -19.470  60.263 0.0000000000
74097  33.248  -19.204  59.938 0.0000000000
74111  41.782  -19.521  58.855 0.0000000000
74112  41.096  -19.558  58.567 0.0000000000
74115  37.973  -20.136  59.282 0.0000000000
74116  37.415  -20.340  58.957 0.0000000000
74121  31.636  -19.083  58.629 0.0000000000
74126  42.189  -19.147  58.377 0.0000000000
74128  40.372  -19.354  57.897 0.0000000000
74132  33.538  -20.250  58.279 0.0000000000
74142  41.066  -18.472  57.499 0.0000000000
74144  39.370  -18.901  57.467 0.0000000000
74145  37.945  -19.345  57.373 0.0000000000
74146  36.886  -19.890  57.535 0.0000000000
74147  35.952  -19.942  56.892 0.0000000000
74148  35.548  -19.979  56.658 0.0000000000
74149  33.990  -19.674  56.662 0.0000000000
74151  32.613  -19.509  57.664 0.0000000000
74160  36.949  -19.812  56.966 0.0000000000
74161  36.841  -19.527  57.047 0.0000000000
74162  36.146  -19.668  56.463 0.0000000000
74163  35.446  -19.775  56.184 0.0000000000
74164  34.624  -19.401  56.011 0.0000000000
74165  33.965  -19.372  56.536 0.0000000000
74177  36.004  -20.081  55.516 0.0000000000
74178  35.766  -19.425  55.611 0.0000000000
74179  35.315  -19.348  55.605 0.0000000000
75106  34.433  -19.242  82.861 0.0000000000
75132  32.803  -18.577  81.422 0.0000000000
75267  40.750  -18.156  66.651 0.0000000000
75285  36.254  -17.988  66.654 0.0000000000
75304  39.151  -18.466  65.087 0.0000000000
75325  38.209  -18.616  64.102 0.0000000000
75326  37.230  -18.337  64.145 0.0000000000
75327  35.072  -18.241  64.471 0.0000000000
75328  34.078  -18.864  64.127 0.0000000000
75348  35.218  -18.119  63.464 0.0000000000
75370  36.132  -18.642  62.392 0.0000000000
75372  33.752  -18.411  62.251 0.0000000000
75387  41.797  -18.383  60.529 0.0000000000
75389  40.795  -18.319  61.485 0.0000000000
75416  32.944  -18.603  60.616 0.0000000000
75443  31.901  -18.655  59.771 0.0000000000
75456  42.276  -18.285  58.028 0.0000000000
75457  41.958  -18.705  57.967 0.0000000000
75473  42.054  -17.979  57.819 0.0000000000
75474  41.614  -18.201  57.662 0.0000000000
75480  35.097  -18.087  56.987 0.0000000000
75481  34.160  -18.420  56.954 0.0000000000
75489  36.920  -19.299  56.437 0.0000000000
75490  36.505  -19.513  56.589 0.0000000000
75492  34.756  -18.292  55.960 0.0000000000
75503  37.800  -18.404  55.621 0.0000000000
75504  37.492  -18.507  55.220 0.0000000000
75506  36.083  -19.388  55.473 0.0000000000
75507  35.538  -18.867  55.221 0.0000000000
75517  37.352  -18.189  54.971 0.0000000000
75518  36.797  -18.373  54.755 0.0000000000
75519  35.910  -18.655  54.519 0.0000000000
75520  35.494  -18.550  54.391 0.0000000000
76504  34.360  -18.020  82.211 0.0000000000
76519  33.231  -18.110  81.371 0.0000000000
76529  34.527  -17.031  79.912 0.0000000000
76625  38.854  -17.266  70.104 0.0000000000
76632  41.809  -16.914  69.131 0.0000000000
76634  40.173  -17.228  69.166 0.0000000000
76668  39.606  -17.698  67.323 0.0000000000
76671  36.868  -17.747  66.801 0.0000000000
76690  37.589  -17.820  66.136 0.0000000000
76707  38.235  -18.132  65.526 0.0000000000
76710  35.803  -17.991  64.855 0.0000000000
76726  36.334  -18.001  64.283 0.0000000000
76727  35.705  -17.971  64.327 0.0000000000
76785  41.579  -17.832  60.495 0.0000000000
76786  41.080  -17.896  60.541 0.0000000000
76811  42.083  -17.322  59.610 0.0000000000
76812  41.348  -17.491  59.484 0.0000000000
76814  40.430  -17.726  59.689 0.0000000000
76839  42.488  -16.912  59.055 0.0000000000
76840  41.896  -17.017  58.651 0.0000000000
76841  41.125  -17.288  58.748 0.0000000000
76842  40.304  -17.580  58.890 0.0000000000
76843  39.734  -17.713  58.421 0.0000000000
76861  42.394  -17.617  57.904 0.0000000000
76863  40.728  -17.218  58.027 0.0000000000
76874  42.228  -17.833  57.926 0.0000000000
76875  41.854  -17.671  57.791 0.0000000000
76876  41.138  -17.546  57.622 0.0000000000
76877  40.242  -17.600  57.542 0.0000000000
76878  38.072  -18.248  56.983 0.0000000000
76880  36.439  -18.032  57.046 0.0000000000
76886  37.895  -18.899  56.978 0.0000000000
76887  37.784  -18.194  56.751 0.0000000000
76888  36.768  -17.994  56.949 0.0000000000
76889  35.724  -17.836  56.556 0.0000000000
76890  35.267  -17.906  55.992 0.0000000000
76896  38.024  -18.052  55.594 0.0000000000
76897  37.776  -18.281  55.187 0.0000000000
76898  35.583  -16.730  55.385 0.0000000000
76899  36.036  -17.786  56.409 0.0000000000
76903  38.214  -17.564  55.305 0.0000000000
76904  37.574  -17.786  54.704 0.0000000000
76905  36.271  -17.992  54.171 0.0000000000
76906  35.415  -18.076  54.165 0.0000000000
76907  34.820  -17.902  54.446 0.0000000000
76913  37.340  -17.279  54.203 0.0000000000
76914  36.677  -17.366  53.921 0.0000000000
76915  35.630  -17.471  53.791 0.0000000000
76916  34.965  -17.548  53.995 0.0000000000
78047  40.202  -16.959  70.139 0.0000000000
78059  40.615  -17.019  69.515 0.0000000000
78070  43.530  -16.456  69.020 0.0000000000
78197  42.058  -17.483  59.943 0.0000000000
78217  42.229  -17.267  59.436 0.0000000000
78232  42.769  -16.838  58.908 0.0000000000
78233  42.611  -16.828  58.842 0.0000000000
78242  42.805  -16.962  58.547 0.0000000000
78252  38.092  -17.699  56.312 0.0000000000
78253  37.425  -17.272  56.261 0.0000000000
78254  36.965  -16.903  56.058 0.0000000000
78258  39.008  -16.164  55.412 0.0000000000
78260  37.761  -16.746  56.064 0.0000000000
78261  36.480  -16.556  55.647 0.0000000000
78262  35.239  -16.418  55.039 0.0000000000
78263  35.847  -17.968  55.715 0.0000000000
78266  38.983  -16.266  55.045 0.0000000000
78267  38.438  -16.787  54.781 0.0000000000
78268  37.706  -17.186  54.381 0.0000000000
78269  34.882  -16.402  54.263 0.0000000000
78270  34.612  -17.032  54.770 0.0000000000
78273  37.994  -16.143  54.182 0.0000000000
78274  37.299  -16.639  53.897 0.0000000000
78275  36.015  -16.673  53.563 0.0000000000
78276  35.086  -16.854  53.768 0.0000000000
78277  34.663  -17.161  54.200 0.0000000000
79232  40.293  -15.684  79.231 0.0000000000
79328  41.743  -15.194  72.577 0.0000000000
79337  44.050  -14.949  71.212 0.0000000000
79339  42.633  -15.374  71.511 0.0000000000
79340  41.851  -15.508  71.849 0.0000000000
79511  43.642  -15.343  58.639 0.0000000000
79517  44.992  -15.344  58.191 0.0000000000
79518  44.072  -15.638  58.102 0.0000000000
79520  42.576  -15.428  57.970 0.0000000000
79527  44.540  -15.193  57.547 0.0000000000
79528  43.822  -15.316  57.365 0.0000000000
79529  43.102  -15.547  57.398 0.0000000000
79530  42.469  -15.546  57.377 0.0000000000
79531  41.977  -15.622  57.206 0.0000000000
79532  41.550  -15.466  57.139 0.0000000000
79537  43.519  -15.210  56.829 0.0000000000
79538  43.057  -15.305  56.715 0.0000000000
79539  42.530  -15.354  56.559 0.0000000000
79541  41.238  -15.513  56.678 0.0000000000
79542  40.532  -15.453  56.442 0.0000000000
79543  39.915  -15.470  56.291 0.0000000000
79548  42.295  -15.219  56.101 0.0000000000
79549  41.777  -15.314  55.921 0.0000000000
79550  40.997  -15.576  55.842 0.0000000000
79551  40.041  -15.795  55.726 0.0000000000
79552  39.212  -15.828  55.919 0.0000000000
79553  38.237  -15.856  55.762 0.0000000000
79554  37.120  -15.620  55.523 0.0000000000
79555  36.014  -15.453  55.056 0.0000000000
79560  41.367  -15.114  55.384 0.0000000000
79561  40.640  -15.246  54.856 0.0000000000
79562  39.479  -15.788  54.925 0.0000000000
79563  38.911  -16.127  54.817 0.0000000000
79564  35.489  -15.337  54.322 0.0000000000
79568  40.454  -14.792  54.100 0.0000000000
79569  39.882  -15.118  54.137 0.0000000000
79570  38.742  -15.587  54.198 0.0000000000
79571  37.619  -15.531  53.702 0.0000000000
79572  36.509  -15.634  53.569 0.0000000000
79573  35.468  -15.872  53.713 0.0000000000
80648  44.725  -14.434  73.787 0.0000000000
80649  43.476  -14.223  74.085 0.0000000000
80652  41.173  -14.773  73.976 0.0000000000
80670  43.993  -14.785  71.869 0.0000000000
80846  43.211  -14.651  58.631 0.0000000000
80856  45.717  -14.935  57.869 0.0000000000
80857  42.659  -14.679  58.283 0.0000000000
80858  42.221  -14.740  57.861 0.0000000000
80859  41.855  -14.668  57.678 0.0000000000
80866  46.592  -14.279  57.683 0.0000000000
80869  44.444  -14.593  57.018 0.0000000000
80870  41.988  -15.177  57.606 0.0000000000
80871  41.634  -14.932  57.485 0.0000000000
80872  41.217  -14.888  57.290 0.0000000000
80876  43.907  -14.639  56.670 0.0000000000
80877  43.476  -14.683  56.397 0.0000000000
80879  40.725  -14.818  57.030 0.0000000000
80881  39.480  -14.902  56.283 0.0000000000
80885  42.611  -14.694  56.026 0.0000000000
80886  42.255  -14.698  55.719 0.0000000000
80887  38.749  -14.883  55.933 0.0000000000
80888  37.687  -14.603  55.577 0.0000000000
80889  36.490  -14.409  55.099 0.0000000000
80890  35.943  -14.667  54.596 0.0000000000
80894  41.814  -14.683  55.375 0.0000000000
80895  41.301  -14.592  54.894 0.0000000000
80896  36.090  -14.024  54.541 0.0000000000
80897  35.812  -14.250  54.183 0.0000000000
80901  40.764  -14.356  53.977 0.0000000000
80902  40.292  -14.460  53.388 0.0000000000
80903  39.402  -14.680  53.290 0.0000000000
80904  38.303  -14.711  53.218 0.0000000000
80905  37.170  -14.488  53.292 0.0000000000
80906  36.029  -14.576  53.715 0.0000000000
80911  41.274  -13.954  51.931 0.0000000000
80912  40.974  -14.082  52.427 0.0000000000
80913  40.091  -14.326  52.291 0.0000000000
80914  39.021  -14.340  52.247 0.0000000000
80915  38.003  -14.020  52.376 0.0000000000
80916  37.337  -13.741  52.825 0.0000000000
80920  41.262  -13.893  51.639 0.0000000000
80921  40.709  -14.116  51.470 0.0000000000
80922  39.683  -14.081  51.224 0.0000000000
80923  38.714  -13.805  51.533 0.0000000000
80924  38.230  -13.477  51.830 0.0000000000
80928  41.056  -13.794  51.022 0.0000000000
80929  40.422  -13.820  50.643 0.0000000000
80930  39.705  -13.613  50.451 0.0000000000
81924  44.279  -14.437  74.311 0.0000000000
81935  44.293  -14.292  74.069 0.0000000000
81936  43.850  -14.094  73.866 0.0000000000
81948  43.757  -14.257  73.023 0.0000000000
82086  42.860  -14.045  58.518 0.0000000000
82097  42.499  -13.602  58.035 0.0000000000
82098  41.873  -14.092  57.749 0.0000000000
82099  41.670  -14.407  57.609 0.0000000000
82103  46.351  -14.070  57.378 0.0000000000
82106  43.933  -13.746  56.861 0.0000000000
82107  42.973  -13.481  57.024 0.0000000000
82108  42.113  -13.652  57.232 0.0000000000
82109  41.328  -13.995  57.530 0.0000000000
82110  40.952  -14.324  57.291 0.0000000000
82114  43.719  -14.168  56.430 0.0000000000
82115  43.306  -13.940  56.388 0.0000000000
82116  42.555  -13.881  56.290 0.0000000000
82117  41.590  -13.667  56.609 0.0000000000
82118  40.540  -13.694  57.014 0.0000000000
82119  39.581  -13.982  56.465 0.0000000000
82120  39.105  -14.329  56.180 0.0000000000
82124  42.388  -14.284  55.874 0.0000000000
82125  41.924  -13.942  55.613 0.0000000000
82126  40.949  -13.365  55.843 0.0000000000
82127  39.738  -13.089  55.969 0.0000000000
82128  38.582  -13.641  55.878 0.0000000000
82129  37.059  -13.289  55.133 0.0000000000
82130  36.369  -13.702  54.736 0.0000000000
82134  41.077  -13.856  54.677 0.0000000000
82135  40.208  -13.244  54.950 0.0000000000
82136  36.759  -12.744  54.459 0.0000000000
82137  36.163  -13.302  54.135 0.0000000000
82138  35.929  -13.940  53.921 0.0000000000
82141  40.733  -13.889  53.322 0.0000000000
82142  40.333  -13.473  53.798 0.0000000000
82143  37.257  -13.035  52.890 0.0000000000
82144  36.681  -13.621  53.336 0.0000000000
82145  36.099  -13.816  53.755 0.0000000000
82148  41.199  -13.743  51.823 0.0000000000
82149  40.767  -13.519  52.266 0.0000000000
82150  40.448  -13.568  52.982 0.0000000000
82151  37.746  -13.308  52.298 0.0000000000
82152  37.255  -13.409  52.872 0.0000000000
82156  41.265  -13.366  51.258 0.0000000000
82157  41.097  -13.421  51.699 0.0000000000
82158  39.109  -13.484  50.799 0.0000000000
82159  38.532  -13.185  51.247 0.0000000000
82160  38.173  -13.228  51.783 0.0000000000
82164  42.919  -13.003  49.686 0.0000000000
82165  42.091  -13.288  50.004 0.0000000000
82166  41.135  -13.454  50.197 0.0000000000
82167  40.107  -13.389  49.916 0.0000000000
82168  39.343  -13.032  50.167 0.0000000000
82169  38.938  -13.144  50.684 0.0000000000
82174  42.926  -13.004  49.220 0.0000000000
82175  42.308  -13.092  49.072 0.0000000000
82176  41.470  -13.103  49.336 0.0000000000
82177  40.557  -12.757  49.421 0.0000000000
82178  39.880  -12.906  49.690 0.0000000000
82185  41.941  -12.742  48.600 0.0000000000
82186  41.651  -12.829  48.808 0.0000000000
82187  41.144  -12.609  48.878 0.0000000000
83350  39.381  -12.912  55.581 0.0000000000
83351  38.982  -12.842  55.539 0.0000000000
83352  38.110  -12.723  55.312 0.0000000000
83356  39.446  -12.844  55.200 0.0000000000
83357  38.734  -12.519  54.757 0.0000000000
83358  37.582  -12.402  54.411 0.0000000000
83359  36.801  -12.562  53.901 0.0000000000
83362  39.557  -12.892  54.187 0.0000000000
83363  38.682  -12.445  53.624 0.0000000000
83364  37.596  -12.535  53.254 0.0000000000
83365  36.752  -12.895  53.428 0.0000000000
83368  40.532  -13.160  52.131 0.0000000000
83369  39.924  -13.060  52.690 0.0000000000
83370  38.700  -12.513  52.450 0.0000000000
83371  37.956  -12.778  52.316 0.0000000000
83376  41.327  -12.967  51.232 0.0000000000
83377  40.797  -12.888  51.522 0.0000000000
83378  39.627  -12.494  51.463 0.0000000000
83379  38.684  -12.677  51.463 0.0000000000
83380  38.142  -12.975  51.764 0.0000000000
83385  47.145  -12.120  50.186 0.0000000000
83386  46.798  -12.151  50.227 0.0000000000
83387  45.977  -12.266  50.289 0.0000000000
83388  44.952  -12.369  50.160 0.0000000000
83389  43.743  -12.468  49.897 0.0000000000
83390  42.651  -12.592  50.254 0.0000000000
83391  41.541  -12.697  50.708 0.0000000000
83393  39.396  -12.472  50.638 0.0000000000
83394  38.899  -12.862  50.763 0.0000000000
83399  47.158  -12.385  49.604 0.0000000000
83400  47.166  -12.342  49.828 0.0000000000
83401  46.424  -12.500  49.854 0.0000000000
83402  45.585  -12.654  49.750 0.0000000000
83403  44.602  -12.678  49.506 0.0000000000
83404  43.541  -12.758  49.217 0.0000000000
83405  42.920  -12.879  48.845 0.0000000000
83406  40.539  -12.156  49.377 0.0000000000
83407  39.993  -12.347  49.839 0.0000000000
83412  47.087  -12.465  49.452 0.0000000000
83413  46.689  -12.486  49.384 0.0000000000
83414  46.045  -12.639  49.288 0.0000000000
83415  45.257  -12.643  49.017 0.0000000000
83416  44.284  -12.428  48.746 0.0000000000
83417  43.327  -12.396  48.443 0.0000000000
83418  42.399  -12.461  48.362 0.0000000000
83419  41.547  -12.196  48.431 0.0000000000
83420  40.835  -11.934  48.822 0.0000000000
84572  40.235  -12.291  50.837 0.0000000000
84573  39.792  -12.313  50.776 0.0000000000
84578  47.164  -11.725  50.101 0.0000000000
84579  46.367  -11.649  50.136 0.0000000000
84581  44.225  -11.770  50.080 0.0000000000
84582  43.111  -11.862  50.039 0.0000000000
84583  42.095  -11.888  50.184 0.0000000000
84584  41.201  -11.868  50.249 0.0000000000
84585  40.482  -11.987  50.275 0.0000000000
84586  39.974  -12.168  50.376 0.0000000000
84592  47.039  -12.418  49.270 0.0000000000
84593  47.145  -11.859  49.427 0.0000000000
84594  46.714  -11.108  49.583 0.0000000000
84595  45.676  -11.137  49.561 0.0000000000
84596  44.551  -11.104  49.554 0.0000000000
84597  43.419  -11.143  49.515 0.0000000000
84598  42.380  -11.193  49.606 0.0000000000
84599  41.521  -11.328  49.646 0.0000000000
84600  40.803  -11.657  49.478 0.0000000000
84601  40.218  -11.943  49.988 0.0000000000
84606  47.064  -12.505  48.843 0.0000000000
84607  46.428  -12.524  48.982 0.0000000000
84608  45.849  -12.322  48.722 0.0000000000
84609  44.953  -11.942  48.429 0.0000000000
84610  43.837  -11.465  48.033 0.0000000000
84611  42.861  -11.674  47.882 0.0000000000
84612  42.031  -11.533  47.971 0.0000000000
84613  41.420  -11.111  48.272 0.0000000000
84614  41.056  -11.366  48.816 0.0000000000
84617  43.646  -10.904  47.601 0.0000000000
84618  43.128  -11.008  47.646 0.0000000000
84620  41.929  -10.923  47.845 0.0000000000
85692  46.949  -12.130  48.731 0.0000000000
85693  46.631  -11.176  48.958 0.0000000000
85694  45.852  -10.831  48.764 0.0000000000
85695  44.755  -10.554  48.778 0.0000000000
85696  43.651  -10.428  48.864 0.0000000000
85697  42.578  -10.457  49.016 0.0000000000
85698  41.704  -10.738  49.162 0.0000000000
85699  41.262  -11.096  49.254 0.0000000000
85705  46.997  -12.247  48.548 0.0000000000
85706  46.463  -12.066  48.567 0.0000000000
85707  45.750  -11.567  48.524 0.0000000000
85708  44.511  -10.949  47.966 0.0000000000
85709  43.712  -10.671  47.845 0.0000000000
85710  42.775  -9.956  48.178 0.0000000000
85711  41.862  -10.430  48.516 0.0000000000
85712  41.255  -10.949  48.875 0.0000000000
85717  44.004  -10.672  47.378 0.0000000000
85718  43.712  -10.585  47.406 0.0000000000
85719  42.948  -10.377  47.512 0.0000000000
85720  42.124  -10.435  47.860 0.0000000000
85723  44.267  -10.594  46.976 0.0000000000
85724  43.954  -10.590  47.157 0.0000000000
86882  44.258  -10.600  47.690 0.0000000000
86883  43.999  -10.753  47.523 0.0000000000
86889  44.012  -10.451  47.155 0.0000000000
86890  43.902  -10.289  47.019 0.0000000000
86893  43.954  -10.413  46.868 0.0000000000
86894  43.981  -10.516  46.941 0.0000000000
88024  43.962  -10.340  46.855 0.0000000000
88025  43.843  -10.312  46.752 0.0000000000
88033  44.068  -10.333  46.629 0.0000000000
88034  43.834  -10.424  46.606 0.0000000000
164538  35.550  -19.904  69.569 0.0000000000
164540  35.389  -20.037  68.871 0.0000000000
164543  35.199  -20.157  68.772 0.0000000000
164544  35.232  -20.232  68.993 0.0000000000
164550  35.420  -20.088  69.614 0.0000000000
164555  35.443  -20.007  69.327 0.0000000000
164556  35.337  -20.142  69.303 0.0000000000
164557  35.139  -20.012  68.987 0.0000000000
164558  47.031  -12.398  49.001 0.0000000000
164559  47.214  -12.533  49.101 0.0000000000
164563  47.348  -12.721  49.023 0.0000000000
164564  47.626  -13.007  48.949 0.0000000000
164566  47.574  -12.912  48.364 0.0000000000
164569  47.528  -12.466  47.994 0.0000000000
164570  47.134  -12.019  48.002 0.0000000000
164573  47.038  -12.028  48.343 0.0000000000
164574  46.779  -11.987  48.382 0.0000000000
164576  46.917  -11.962  48.553 0.0000000000
164578  47.849  -13.162  48.878 0.0000000000
164579  47.293  -12.362  48.447 0.0000000000
164580  46.988  -11.908  48.169 0.0000000000
164584  30.002  -21.404  69.739 0.0000000000
164605  29.868  -20.839  70.566 0.0000000000
164606  30.022  -21.145  70.049 0.0000000000
164614  35.245  -16.802  55.243 0.0000000000
164615  35.045  -16.816  55.127 0.0000000000
164616  36.262  -17.648  56.108 0.0000000000
164617  36.075  -18.171  56.024 0.0000000000
164618  35.999  -17.909  56.246 0.0000000000
164619  34.894  -16.902  55.086 0.0000000000
164620  34.739  -17.110  55.054 0.0000000000
164621  35.982  -18.633  56.338 0.0000000000
164622  35.929  -18.527  55.937 0.0000000000
164623  34.668  -17.509  54.982 0.0000000000
164624  35.382  -17.547  54.362 0.0000000000
164625  35.883  -18.728  55.751 0.0000000000
164626  36.106  -19.270  55.624 0.0000000000
164627  35.566  -18.238  54.279 0.0000000000
164628  35.711  -18.634  54.489 0.0000000000
164629  36.431  -19.109  55.457 0.0000000000
164630  36.547  -19.147  55.639 0.0000000000
164631  35.750  -18.799  54.669 0.0000000000
164632  36.018  -18.813  54.724 0.0000000000
164633  36.708  -19.073  55.815 0.0000000000
164634  36.942  -18.936  55.901 0.0000000000
164635  36.310  -18.657  54.749 0.0000000000
164636  36.794  -19.069  55.990 0.0000000000
164637  36.709  -18.628  54.939 0.0000000000
164638  36.947  -18.581  55.015 0.0000000000
164639  37.023  -19.002  56.054 0.0000000000
164640  37.053  -18.364  55.306 0.0000000000
164641  37.215  -19.060  56.224 0.0000000000
164642  37.381  -19.110  56.389 0.0000000000
164643  37.457  -18.292  55.501 0.0000000000
164644  37.623  -18.984  56.444 0.0000000000
164645  37.835  -18.159  55.537 0.0000000000
164646  37.804  -18.342  55.964 0.0000000000
164647  37.760  -18.866  56.609 0.0000000000
164648  37.712  -19.054  56.766 0.0000000000
164649  37.825  -17.873  55.985 0.0000000000
164650  37.904  -18.578  56.587 0.0000000000
164651  37.602  -17.826  56.482 0.0000000000
164652  37.352  -17.619  56.405 0.0000000000
164653  37.615  -18.834  57.132 0.0000000000
164654  37.284  -18.574  56.882 0.0000000000
164655  37.166  -17.370  56.260 0.0000000000
164656  36.732  -17.029  55.954 0.0000000000
164657  37.085  -18.054  56.432 0.0000000000
164658  36.700  -17.877  56.578 0.0000000000
164659  36.395  -16.981  55.772 0.0000000000
164660  36.411  -17.846  56.578 0.0000000000
164661  35.788  -16.858  55.502 0.0000000000
164662  35.439  -16.900  55.357 0.0000000000
164663  36.302  -17.739  56.417 0.0000000000
164664  35.244  -17.123  55.307 0.0000000000
164665  36.161  -18.387  54.869 0.0000000000
164666  37.034  -18.042  56.147 0.0000000000
164667  36.353  -18.263  56.291 0.0000000000
164668  37.195  -19.089  56.646 0.0000000000
164669  36.813  -18.730  55.748 0.0000000000
164714  41.963  -19.526  59.146 0.0000000000
164715  41.952  -19.559  59.392 0.0000000000
164716  41.827  -19.569  59.537 0.0000000000
164718  41.962  -19.452  59.919 0.0000000000
164723  41.882  -18.318  60.320 0.0000000000
164724  41.483  -18.035  60.392 0.0000000000
164726  41.924  -17.875  60.410 0.0000000000
164729  41.960  -17.662  60.200 0.0000000000
164730  41.824  -17.615  60.001 0.0000000000
164733  42.016  -17.597  60.144 0.0000000000
164735  42.097  -17.708  60.421 0.0000000000
164736  42.017  -17.605  60.073 0.0000000000
164739  42.120  -17.483  59.384 0.0000000000
164740  42.246  -17.006  58.973 0.0000000000
164743  42.531  -16.971  58.718 0.0000000000
164744  42.785  -17.067  59.007 0.0000000000
164746  42.564  -16.906  58.708 0.0000000000
164749  42.689  -17.154  58.367 0.0000000000
164750  42.661  -17.357  58.300 0.0000000000
164753  42.598  -17.652  58.210 0.0000000000
164754  42.663  -17.971  58.182 0.0000000000
164757  42.668  -18.500  58.381 0.0000000000
164758  42.536  -19.121  58.524 0.0000000000
164761  42.338  -19.355  58.791 0.0000000000
164762  42.154  -19.470  58.914 0.0000000000
164767  42.073  -19.557  59.229 0.0000000000
164768  42.176  -17.547  58.456 0.0000000000
164769  41.891  -18.090  60.030 0.0000000000
164772  35.251  -19.777  68.061 0.0000000000
164773  35.235  -19.955  68.215 0.0000000000
164774  35.314  -19.826  68.450 0.0000000000
164776  35.360  -19.854  68.684 0.0000000000
164779  35.514  -19.671  68.997 0.0000000000
164781  35.645  -19.689  69.459 0.0000000000
164783  35.760  -19.677  69.796 0.0000000000
164785  35.899  -19.633  70.027 0.0000000000
164786  35.838  -19.752  70.187 0.0000000000
164790  36.169  -19.348  70.209 0.0000000000
164797  36.322  -18.626  69.237 0.0000000000
164799  36.175  -18.698  69.062 0.0000000000
164800  36.099  -18.713  68.851 0.0000000000
164802  36.151  -18.852  68.957 0.0000000000
164804  36.070  -18.664  68.815 0.0000000000
164806  35.909  -18.809  68.700 0.0000000000
164808  35.731  -18.917  68.444 0.0000000000
164813  35.387  -19.434  67.996 0.0000000000
164814  35.284  -19.648  67.979 0.0000000000
164820  35.965  -18.921  69.099 0.0000000000
164821  35.984  -19.371  69.694 0.0000000000
164822  43.468  -14.316  73.191 0.0000000000
164823  43.258  -14.415  73.091 0.0000000000
164827  43.348  -14.362  73.043 0.0000000000
164830  43.713  -14.548  72.468 0.0000000000
164833  43.924  -14.714  72.117 0.0000000000
164835  43.793  -14.781  72.020 0.0000000000
164836  43.659  -14.813  71.978 0.0000000000
164841  43.121  -15.032  71.778 0.0000000000
164844  42.491  -15.089  72.110 0.0000000000
164847  42.341  -15.037  72.323 0.0000000000
164848  42.150  -15.016  72.479 0.0000000000
164853  42.180  -14.753  72.943 0.0000000000
164854  42.345  -14.664  73.067 0.0000000000
164856  42.651  -14.525  73.228 0.0000000000
164859  42.987  -14.385  73.424 0.0000000000
164861  43.149  -14.397  73.268 0.0000000000
164862  43.068  -14.500  72.952 0.0000000000
164863  42.529  -14.797  72.592 0.0000000000
164864  43.348  -14.747  72.214 0.0000000000
164870  32.760  -20.052  76.689 0.0000000000
164871  32.898  -20.041  76.771 0.0000000000
164872  32.906  -20.083  76.538 0.0000000000
164874  32.407  -19.983  76.876 0.0000000000
164894  31.648  -19.529  74.643 0.0000000000
164901  31.974  -20.755  74.475 0.0000000000
164905  31.898  -20.935  74.949 0.0000000000
164907  31.976  -20.721  75.014 0.0000000000
164908  31.950  -20.949  75.046 0.0000000000
164910  32.085  -20.830  75.215 0.0000000000
164912  31.964  -20.802  75.400 0.0000000000
164916  32.124  -20.448  76.021 0.0000000000
164919  32.279  -20.362  76.192 0.0000000000
164920  32.342  -20.243  76.574 0.0000000000
164923  32.556  -20.124  76.768 0.0000000000
