#!ascii label  , from subject 3257 vox2ras=TkReg
1379
21117  47.233  -63.117  9.780 0.2000000030
21102  47.349  -63.223  10.476 0.2000000030
22103  47.292  -62.721  9.213 0.2000000030
20080  46.362  -64.283  9.960 0.2000000030
22128  47.366  -62.032  7.630 0.1000000015
21101  47.628  -63.155  11.089 0.3000000119
22118  47.294  -62.428  8.639 0.1000000015
21127  46.993  -63.180  8.855 0.2000000030
22117  47.748  -61.716  8.477 0.1000000015
22127  47.710  -61.498  7.920 0.1000000015
23172  48.005  -60.889  7.291 0.1000000015
23160  47.715  -61.325  7.535 0.1000000015
25392  48.120  -59.553  7.090 0.1000000015
24263  48.006  -60.397  6.777 0.1000000015
26544  47.751  -59.141  6.993 0.2000000030
25393  47.543  -59.657  6.576 0.1000000015
23146  48.133  -61.096  9.135 0.1000000015
24240  48.451  -60.161  9.330 0.1000000015
22102  47.750  -62.204  9.559 0.2000000030
23159  48.102  -60.948  8.057 0.1000000015
24254  48.328  -60.050  8.161 0.1000000015
26539  47.793  -58.705  7.658 0.1000000015
27625  46.427  -57.124  8.163 0.2000000030
26540  46.774  -57.818  7.620 0.2000000030
28669  45.807  -56.173  8.041 0.1000000015
29743  46.469  -55.279  7.153 0.2000000030
29744  46.267  -55.751  6.537 0.1000000015
29753  46.812  -55.315  6.188 0.1000000015
24241  48.220  -60.414  8.678 0.1000000015
24253  48.427  -59.856  8.708 0.1000000015
25387  48.328  -59.448  7.750 0.1000000015
29736  46.463  -55.279  7.998 0.2000000030
29742  47.164  -55.184  7.649 0.2000000030
29752  47.624  -55.253  6.662 0.2000000030
29762  47.619  -55.310  5.676 0.1000000015
25386  48.439  -59.321  8.381 0.1000000015
26538  48.381  -58.892  8.041 0.1000000015
26532  47.327  -57.645  8.301 0.2000000030
27618  46.736  -56.731  8.634 0.2000000030
28668  46.158  -55.689  8.652 0.3000000119
29761  48.483  -55.108  5.775 0.3000000119
29771  48.199  -55.261  4.990 0.2000000030
30867  46.829  -55.242  4.715 0.2000000030
29735  46.876  -55.192  8.389 0.3000000119
26533  46.822  -57.317  8.175 0.2000000030
29751  48.628  -55.024  6.773 0.3000000119
29760  49.159  -54.437  5.737 0.3000000119
29769  49.486  -54.265  4.823 0.3000000119
29770  48.999  -54.749  4.892 0.3000000119
30864  49.054  -54.479  4.274 0.2000000030
30866  47.556  -55.058  4.545 0.2000000030
30875  47.844  -54.485  3.852 0.2000000030
29759  49.138  -53.890  6.262 0.4000000060
28674  47.667  -55.256  8.057 0.2000000030
28681  47.956  -55.255  7.362 0.2000000030
29782  49.583  -54.167  4.414 0.3000000119
30865  48.452  -54.800  4.331 0.2000000030
30873  49.448  -54.087  3.954 0.2000000030
30862  49.453  -53.469  5.260 0.3000000119
30855  49.225  -53.916  5.649 0.3000000119
32037  49.510  -53.239  3.883 0.2000000030
32048  48.477  -53.225  2.906 0.2000000030
32038  49.012  -53.495  3.300 0.2000000030
32049  47.783  -53.196  2.900 0.1000000015
30874  48.706  -54.247  3.784 0.2000000030
32040  47.333  -53.842  3.505 0.2000000030
32039  48.193  -53.796  3.317 0.2000000030
32035  49.551  -52.538  5.014 0.3000000119
32036  49.630  -53.074  4.644 0.3000000119
32026  49.535  -53.382  5.027 0.3000000119
33279  49.662  -52.093  4.633 0.2000000030
33280  49.702  -52.339  3.922 0.3000000119
30872  49.615  -53.815  4.455 0.3000000119
33281  49.322  -52.484  3.057 0.1000000015
33291  48.455  -52.431  2.658 0.1000000015
33290  48.969  -52.015  2.671 0.1000000015
33271  49.535  -51.827  5.571 0.3000000119
34539  49.687  -51.162  4.690 0.2000000030
35788  50.178  -50.233  4.568 0.2000000030
37023  50.405  -49.383  4.234 0.1000000015
34540  49.993  -51.455  4.074 0.1000000015
35807  50.035  -50.460  3.688 0.1000000015
34541  49.660  -51.489  3.369 0.1000000015
34551  48.686  -51.521  2.621 0.1000000015
34552  47.995  -51.512  2.617 0.1000000015
34523  49.588  -50.662  5.398 0.2000000030
37033  50.063  -49.419  3.747 0.1000000015
37034  49.345  -49.546  3.263 0.1000000015
35808  49.313  -50.579  2.887 0.1000000015
34550  49.239  -51.533  2.767 0.1000000015
35809  48.895  -50.142  2.756 0.1000000015
35821  48.966  -51.052  2.640 0.1000000015
38268  49.511  -48.810  3.643 0.1000000015
35822  48.518  -50.624  2.632 0.1000000015
35823  47.750  -50.760  2.556 0.1000000015
24262  48.181  -60.224  7.501 0.1000000015
28676  46.058  -56.175  7.240 0.1000000015
24119  48.332  -60.229  22.464 0.5000000000
23000  47.479  -60.620  23.136 0.5000000000
24120  47.632  -59.837  22.795 0.5000000000
24134  48.124  -59.485  22.493 0.5000000000
23002  45.716  -61.004  23.584 0.2000000030
23001  46.823  -61.014  23.469 0.2000000030
24108  46.927  -60.459  23.887 0.3000000119
25272  47.105  -58.983  22.966 0.5000000000
24133  48.945  -59.850  22.053 0.5000000000
24132  49.712  -59.792  21.209 0.5000000000
23033  49.614  -61.177  20.565 0.5000000000
22983  46.411  -60.646  24.445 0.3000000119
24107  47.371  -59.910  23.534 0.5000000000
25287  47.549  -58.961  22.520 0.5000000000
25286  48.389  -58.864  22.395 0.5000000000
21951  49.107  -62.288  18.050 0.4000000060
23040  49.281  -61.448  18.326 0.5000000000
21946  49.300  -61.342  19.118 0.5000000000
23032  49.835  -60.812  19.872 0.5000000000
23028  49.891  -60.554  20.698 0.5000000000
24090  47.229  -60.331  24.211 0.4000000060
25243  47.994  -59.320  23.800 0.5000000000
25257  47.522  -58.804  23.468 0.5000000000
25271  47.902  -58.191  22.839 0.5000000000
25285  49.323  -58.728  21.726 0.5000000000
24141  50.062  -59.815  20.273 0.6000000238
23036  49.552  -60.880  18.867 0.5000000000
21956  48.853  -62.507  16.896 0.4000000060
23039  49.485  -60.814  17.791 0.5000000000
20909  46.380  -63.505  26.207 0.1000000015
21876  46.454  -62.779  26.576 0.1000000015
21875  46.619  -62.232  27.105 0.1000000015
21883  45.974  -62.308  26.228 0.1000000015
21882  46.234  -61.740  26.750 0.1000000015
22951  46.093  -61.311  26.344 0.1000000015
22950  46.812  -61.150  26.683 0.1000000015
22965  46.716  -60.965  25.634 0.1000000015
22982  47.464  -60.622  24.928 0.4000000060
25256  48.501  -58.611  23.523 0.5000000000
26410  48.693  -57.953  23.141 0.5000000000
26425  48.870  -57.909  22.724 0.5000000000
25294  49.903  -58.787  20.760 0.5000000000
24144  50.047  -59.918  19.239 0.5000000000
20993  47.769  -62.908  16.413 0.5000000000
29584  35.855  -54.620  24.641 0.1000000015
18823  47.071  -65.378  27.537 0.1000000015
19844  47.160  -64.705  27.030 0.1000000015
20908  46.932  -63.912  26.672 0.1000000015
20900  46.762  -63.172  26.797 0.1000000015
20899  47.319  -63.471  27.461 0.1000000015
24060  49.207  -60.390  26.625 0.2000000030
22964  47.884  -60.871  25.898 0.1000000015
22963  48.577  -60.728  26.441 0.2000000030
24088  49.075  -60.115  24.830 0.2000000030
24071  49.024  -60.433  25.759 0.2000000030
24070  49.967  -60.017  26.091 0.2000000030
24089  48.076  -60.095  24.315 0.3000000119
25242  48.896  -59.473  24.104 0.3000000119
25298  50.140  -58.824  19.705 0.5000000000
25301  50.130  -58.894  18.565 0.5000000000
26453  50.052  -57.710  19.108 0.5000000000
26438  49.060  -58.112  22.364 0.5000000000
24147  49.980  -60.037  18.123 0.5000000000
26450  49.935  -57.750  20.192 0.5000000000
23044  49.261  -61.445  17.149 0.5000000000
21961  48.034  -62.475  16.291 0.4000000060
17845  46.782  -66.084  29.223 0.1000000015
18813  47.131  -65.623  28.174 0.1000000015
19825  47.357  -65.079  28.409 0.1000000015
19834  47.671  -64.197  28.414 0.1000000015
20891  47.754  -63.637  28.879 0.1000000015
19835  47.535  -64.660  27.944 0.1000000015
21873  47.262  -62.231  28.227 0.1000000015
22935  47.119  -61.092  27.564 0.1000000015
22934  48.041  -60.763  27.359 0.1000000015
22949  47.871  -60.906  26.829 0.1000000015
22948  48.629  -60.714  27.047 0.2000000030
24087  49.699  -60.010  25.334 0.3000000119
25241  49.820  -59.451  24.705 0.3000000119
25225  50.064  -59.549  25.390 0.2000000030
25255  49.665  -58.843  23.914 0.4000000060
25254  50.419  -58.893  24.324 0.3000000119
26409  49.462  -58.164  23.371 0.4000000060
27526  49.801  -56.559  18.636 0.5000000000
27523  49.726  -56.625  19.628 0.5000000000
29646  49.140  -54.581  19.453 0.5000000000
28571  49.596  -55.673  19.968 0.5000000000
27517  49.814  -56.833  20.608 0.5000000000
26437  49.415  -57.948  21.786 0.5000000000
26445  49.692  -57.855  21.177 0.5000000000
21007  46.520  -63.181  15.722 0.4000000060
21962  47.407  -62.603  16.162 0.4000000060
20983  48.165  -63.079  16.869 0.4000000060
22895  47.789  -61.791  30.259 0.1000000015
21867  47.677  -62.465  29.377 0.1000000015
22906  47.414  -61.593  29.561 0.1000000015
20898  47.777  -63.828  28.142 0.1000000015
21872  47.634  -62.857  28.675 0.1000000015
21868  47.272  -61.647  28.953 0.1000000015
22920  47.039  -61.112  28.461 0.1000000015
24043  47.739  -60.761  27.711 0.1000000015
24041  49.124  -60.349  27.492 0.2000000030
24059  49.638  -59.855  26.923 0.2000000030
29612  52.155  -53.793  22.314 0.2000000030
29619  51.803  -54.159  21.824 0.2000000030
28545  51.514  -55.269  22.318 0.2000000030
28546  51.540  -56.271  22.670 0.2000000030
29626  51.711  -54.287  20.676 0.2000000030
28552  51.506  -54.953  21.414 0.2000000030
28553  51.364  -55.974  21.644 0.2000000030
27495  51.012  -56.614  22.355 0.2000000030
29627  51.316  -54.898  20.389 0.2000000030
28561  51.480  -54.868  20.859 0.3000000119
28562  51.293  -55.326  20.920 0.3000000119
27506  50.868  -56.379  21.840 0.4000000060
27496  50.251  -57.321  22.601 0.5000000000
26423  50.080  -57.806  23.129 0.4000000060
30719  49.766  -54.137  19.549 0.5000000000
30712  50.020  -54.364  19.851 0.4000000060
29628  50.712  -55.151  20.467 0.4000000060
28563  50.772  -55.753  20.929 0.4000000060
28555  50.187  -56.595  21.442 0.5000000000
27507  50.398  -56.691  21.919 0.5000000000
26424  49.401  -57.744  22.899 0.5000000000
29640  49.923  -54.899  20.111 0.5000000000
28564  50.126  -56.107  20.787 0.5000000000
27509  49.317  -57.735  22.297 0.5000000000
23979  47.461  -60.535  30.862 0.1000000015
22886  47.758  -61.258  30.742 0.1000000015
22896  47.373  -61.094  30.043 0.1000000015
23988  46.980  -60.387  29.707 0.1000000015
22907  47.026  -61.012  29.231 0.1000000015
23999  47.087  -60.244  28.862 0.1000000015
24020  47.675  -60.587  28.183 0.1000000015
23998  48.278  -60.125  28.929 0.1000000015
24019  48.753  -60.336  28.245 0.2000000030
23997  49.255  -59.779  28.686 0.2000000030
24018  49.493  -59.860  28.098 0.2000000030
25224  50.100  -59.029  25.834 0.2000000030
29613  51.722  -54.557  22.778 0.2000000030
25240  50.485  -59.060  24.997 0.2000000030
29598  52.128  -53.900  23.080 0.1000000015
28535  51.572  -55.756  23.298 0.1000000015
28536  51.672  -56.510  23.162 0.1000000015
27487  51.447  -57.246  23.245 0.1000000015
27488  50.642  -57.652  23.161 0.3000000119
26408  50.587  -58.186  23.679 0.2000000030
27497  49.404  -57.633  22.472 0.5000000000
27508  49.655  -57.213  21.763 0.5000000000
25152  46.579  -59.217  30.379 0.1000000015
26318  46.465  -58.902  29.935 0.1000000015
25151  46.761  -59.829  30.161 0.1000000015
25167  46.601  -59.300  29.826 0.1000000015
26317  46.680  -58.963  29.629 0.1000000015
25166  46.794  -59.599  29.426 0.1000000015
25165  47.706  -59.357  29.467 0.1000000015
24040  49.594  -59.572  27.585 0.2000000030
24058  49.542  -59.082  27.148 0.2000000030
24069  49.730  -59.340  26.501 0.2000000030
29599  51.785  -54.674  23.635 0.1000000015
27486  51.734  -56.564  23.436 0.1000000015
26397  50.901  -58.454  24.488 0.1000000015
26386  50.594  -58.365  25.227 0.2000000030
27475  51.550  -56.519  24.094 0.1000000015
26294  46.080  -58.126  31.372 0.1000000015
26304  46.359  -58.571  30.417 0.1000000015
28415  45.926  -56.767  30.975 0.1000000015
26303  46.489  -58.451  29.913 0.1000000015
27375  46.415  -57.405  30.458 0.1000000015
27385  46.980  -57.814  30.184 0.1000000015
25150  48.011  -58.804  29.791 0.1000000015
26316  47.014  -59.074  29.449 0.1000000015
25164  48.954  -59.398  29.300 0.1000000015
25163  49.664  -59.012  28.785 0.1000000015
25186  49.745  -58.881  28.226 0.1000000015
24017  49.665  -59.227  27.988 0.2000000030
25216  49.774  -58.610  26.693 0.2000000030
26376  50.168  -58.106  26.112 0.2000000030
30648  52.296  -53.048  24.329 0.1000000015
29580  51.832  -54.481  24.535 0.1000000015
28523  51.615  -55.414  24.326 0.1000000015
27476  51.482  -57.399  24.192 0.1000000015
26407  51.365  -57.964  24.035 0.2000000030
28414  46.919  -56.791  31.265 0.1000000015
27374  47.495  -57.405  30.751 0.1000000015
26292  47.425  -57.891  30.264 0.1000000015
25149  48.717  -58.878  29.754 0.1000000015
25148  49.506  -58.586  29.366 0.1000000015
25162  49.886  -58.495  28.489 0.1000000015
24016  49.728  -58.886  27.977 0.2000000030
26340  50.342  -57.913  27.955 0.1000000015
25203  49.844  -58.455  27.512 0.1000000015
26359  50.243  -57.879  27.149 0.2000000030
28489  51.707  -54.909  26.376 0.1000000015
28507  51.692  -54.988  25.211 0.1000000015
27448  51.305  -55.934  26.761 0.1000000015
27449  50.749  -56.676  26.000 0.1000000015
26375  50.465  -57.357  26.536 0.1000000015
29558  52.032  -53.726  24.741 0.1000000015
27462  51.248  -55.907  25.340 0.1000000015
27463  51.086  -57.016  24.884 0.1000000015
26385  50.579  -57.536  25.475 0.1000000015
26396  51.117  -57.841  24.687 0.1000000015
26291  48.068  -57.915  30.475 0.1000000015
26300  49.385  -58.178  29.984 0.1000000015
25147  49.843  -58.254  28.946 0.1000000015
28474  51.837  -55.257  27.605 0.1000000015
27437  51.592  -56.081  27.893 0.1000000015
27420  51.221  -56.596  28.234 0.1000000015
26339  50.683  -57.284  27.742 0.1000000015
29528  52.088  -54.334  27.479 0.1000000015
27438  50.867  -56.718  27.241 0.1000000015
26358  50.556  -57.322  27.205 0.1000000015
29541  52.171  -53.855  26.635 0.1000000015
26299  49.985  -57.668  29.459 0.1000000015
26298  50.545  -56.888  29.249 0.1000000015
26315  50.221  -57.865  28.640 0.1000000015
27419  51.694  -56.028  28.763 0.1000000015
26314  50.718  -57.105  28.464 0.1000000015
18803  47.175  -65.340  28.834 0.1000000015
24072  48.344  -60.475  25.136 0.2000000030
18802  47.291  -64.971  28.865 0.1000000015
19816  47.432  -64.399  29.547 0.1000000015
20892  47.592  -63.187  28.264 0.1000000015
22933  48.566  -60.643  27.422 0.1000000015
28574  49.393  -55.533  19.120 0.5000000000
29648  49.314  -54.738  18.625 0.5000000000
24042  48.321  -60.607  27.746 0.1000000015
30693  52.190  -53.663  21.657 0.2000000030
28554  50.634  -56.286  21.399 0.5000000000
30718  50.654  -54.256  19.158 0.5000000000
29639  50.651  -54.598  19.862 0.5000000000
29629  50.339  -55.484  20.527 0.5000000000
25137  46.990  -59.699  31.093 0.1000000015
25138  46.602  -59.009  31.239 0.1000000015
27386  46.552  -57.987  30.020 0.1000000015
23996  49.621  -59.345  28.347 0.2000000030
24039  49.646  -58.902  27.784 0.2000000030
29579  52.078  -53.867  23.912 0.1000000015
26293  46.028  -57.942  30.253 0.1000000015
27377  45.614  -57.368  31.620 0.1000000015
27376  45.685  -57.365  30.710 0.1000000015
26302  47.282  -58.447  29.844 0.1000000015
26301  48.450  -58.438  30.154 0.1000000015
25185  49.922  -58.497  28.075 0.1000000015
29559  51.899  -54.063  25.588 0.1000000015
27373  48.693  -57.365  31.244 0.1000000015
26290  49.169  -57.953  30.728 0.1000000015
28458  51.970  -55.439  28.587 0.1000000015
27384  50.314  -56.772  29.969 0.1000000015
27400  51.335  -56.173  29.185 0.1000000015
29515  52.265  -54.642  28.391 0.1000000015
20947  45.599  -62.918  23.340 0.1000000015
19890  45.925  -63.581  23.142 0.1000000015
21921  46.166  -61.975  23.233 0.1000000015
21922  45.131  -61.874  23.444 0.1000000015
19891  45.105  -64.032  23.176 0.2000000030
20946  46.592  -63.092  23.025 0.1000000015
19906  46.258  -64.135  22.744 0.2000000030
20945  47.015  -62.827  22.882 0.1000000015
18870  46.505  -64.565  22.137 0.2000000030
20960  46.861  -63.639  22.635 0.2000000030
21920  47.060  -62.237  22.988 0.2000000030
23017  47.459  -61.408  22.987 0.3000000119
20959  47.285  -63.063  22.466 0.2000000030
19918  47.175  -64.252  21.340 0.2000000030
21935  47.831  -62.139  22.574 0.2000000030
19905  47.096  -64.056  22.050 0.2000000030
17940  45.786  -65.621  19.692 0.1000000015
23016  48.069  -61.033  22.682 0.3000000119
17929  46.234  -65.238  20.289 0.1000000015
18887  46.531  -64.917  21.287 0.1000000015
20958  48.272  -62.930  21.906 0.2000000030
21934  48.545  -61.945  22.158 0.2000000030
19904  47.664  -63.490  21.936 0.2000000030
17939  46.314  -65.190  19.611 0.1000000015
18901  46.788  -64.899  19.439 0.2000000030
18894  46.725  -64.827  20.191 0.1000000015
20957  48.806  -62.429  21.786 0.4000000060
23015  48.805  -60.995  22.104 0.4000000060
18886  47.261  -64.372  20.707 0.3000000119
19917  47.904  -63.827  21.334 0.3000000119
19922  47.930  -63.989  20.265 0.4000000060
21933  49.066  -61.855  21.625 0.4000000060
20965  48.424  -63.229  21.305 0.3000000119
19921  48.426  -63.453  19.678 0.4000000060
31832  52.773  -52.556  21.842 0.1000000015
20964  48.993  -62.741  21.256 0.4000000060
23029  49.440  -60.907  21.349 0.5000000000
20967  49.051  -62.612  20.092 0.4000000060
19916  48.492  -63.353  20.683 0.3000000119
30692  52.486  -53.254  21.628 0.1000000015
31847  52.892  -52.465  20.924 0.1000000015
30702  52.185  -53.605  21.114 0.1000000015
30701  52.575  -52.942  20.592 0.1000000015
30710  52.218  -53.473  20.118 0.1000000015
20948  44.541  -62.890  23.677 0.1000000015
23003  44.652  -60.971  23.602 0.1000000015
22984  45.064  -60.612  24.392 0.1000000015
21941  49.293  -61.846  20.829 0.4000000060
23004  43.614  -60.854  23.531 0.1000000015
12777  40.912  -72.748  18.731 0.1000000015
12776  41.269  -72.048  18.291 0.1000000015
15512  41.436  -69.600  17.173 0.1000000015
14823  42.135  -70.156  17.529 0.1000000015
12072  40.325  -73.376  19.280 0.1000000015
12076  39.936  -74.172  18.800 0.1000000015
11266  39.084  -74.654  19.374 0.1000000015
5162  29.644  -77.903  29.151 0.1000000015
8749  36.232  -76.758  21.972 0.1000000015
9603  35.313  -75.456  21.350 0.1000000015
14130  42.276  -70.924  18.023 0.1000000015
11255  35.519  -74.331  20.444 0.1000000015
11268  36.942  -74.741  20.054 0.1000000015
11267  37.885  -74.917  19.808 0.1000000015
15509  41.033  -68.378  18.284 0.1000000015
5150  29.155  -77.687  30.521 0.1000000015
5175  31.363  -79.185  28.154 0.1000000015
5138  29.497  -78.509  32.075 0.1000000015
5161  30.772  -78.096  28.984 0.1000000015
5188  33.225  -80.597  27.144 0.1000000015
7033  35.247  -78.873  24.448 0.1000000015
8746  36.625  -77.759  22.577 0.1000000015
13443  41.994  -71.612  18.623 0.1000000015
12073  39.752  -74.033  19.917 0.1000000015
16244  40.455  -68.044  18.453 0.1000000015
5160  31.600  -78.860  28.979 0.1000000015
5174  31.967  -79.950  28.606 0.1000000015
6077  29.663  -76.604  31.722 0.1000000015
5149  30.188  -76.864  29.977 0.1000000015
6100  33.064  -80.235  28.339 0.1000000015
6112  33.147  -80.400  27.739 0.1000000015
6123  34.433  -80.206  26.776 0.1000000015
7013  34.836  -79.641  26.244 0.1000000015
7023  34.862  -79.535  25.347 0.1000000015
7022  35.138  -78.823  25.685 0.1000000015
8742  36.857  -77.827  23.608 0.1000000015
8745  36.815  -76.852  23.067 0.1000000015
9595  35.996  -75.666  22.632 0.1000000015
11252  38.665  -74.350  20.605 0.1000000015
12774  40.834  -72.675  19.780 0.1000000015
11253  37.341  -74.490  20.623 0.1000000015
14821  42.634  -69.946  18.403 0.1000000015
15508  41.879  -68.833  18.108 0.1000000015
6099  33.916  -79.924  28.206 0.1000000015
6066  29.825  -77.342  32.593 0.1000000015
6087  31.380  -77.942  29.869 0.1000000015
6086  32.269  -79.445  29.523 0.1000000015
6110  34.423  -80.016  27.698 0.1000000015
7012  35.162  -78.922  26.708 0.1000000015
8733  36.937  -77.954  24.539 0.1000000015
6076  31.310  -76.719  31.092 0.1000000015
7892  36.084  -78.325  25.159 0.1000000015
10387  35.661  -74.725  23.481 0.1000000015
11225  35.496  -73.954  22.943 0.1000000015
10393  35.304  -74.517  22.181 0.1000000015
12049  36.546  -73.734  22.054 0.1000000015
12036  35.560  -73.876  21.861 0.1000000015
12063  39.591  -73.784  21.005 0.1000000015
11237  37.583  -74.157  21.684 0.1000000015
12051  35.540  -73.944  21.531 0.1000000015
12062  40.184  -73.224  20.384 0.1000000015
14128  42.550  -70.801  19.092 0.1000000015
16236  40.989  -68.065  19.009 0.1000000015
16228  41.209  -67.498  19.639 0.1000000015
16235  41.989  -67.892  19.144 0.1000000015
6098  34.465  -79.909  28.398 0.1000000015
6065  30.975  -77.119  32.925 0.1000000015
6064  32.408  -77.187  31.852 0.1000000015
6075  32.361  -78.041  30.570 0.1000000015
6074  32.986  -79.474  30.315 0.1000000015
6085  33.595  -79.873  29.148 0.1000000015
6084  34.187  -79.834  28.692 0.1000000015
7002  34.896  -79.684  27.229 0.1000000015
7883  35.970  -78.587  26.183 0.1000000015
8727  36.921  -78.018  25.253 0.1000000015
8732  37.140  -77.262  25.051 0.1000000015
8741  37.077  -77.038  24.130 0.1000000015
9590  36.423  -75.867  23.857 0.1000000015
11213  35.801  -73.907  24.032 0.1000000015
12023  35.897  -73.600  23.225 0.1000000015
11236  38.890  -74.101  21.894 0.1000000015
12048  37.088  -73.749  22.557 0.1000000015
13441  42.034  -71.530  19.669 0.1000000015
12767  41.438  -72.078  20.287 0.1000000015
6055  32.417  -77.618  33.086 0.1000000015
6056  31.707  -78.566  33.098 0.1000000015
5124  30.763  -79.306  32.968 0.1000000015
6063  32.876  -78.596  31.262 0.1000000015
7001  35.226  -78.993  27.677 0.1000000015
6976  34.528  -79.764  29.138 0.1000000015
6990  34.911  -79.653  28.240 0.1000000015
7874  36.047  -78.817  27.145 0.1000000015
8726  37.110  -77.657  25.804 0.1000000015
10371  36.580  -75.463  25.438 0.1000000015
9581  36.844  -76.114  24.869 0.1000000015
10381  35.975  -74.829  24.889 0.1000000015
10380  36.094  -74.276  25.416 0.1000000015
11212  36.354  -73.697  24.447 0.1000000015
12021  36.697  -73.596  23.950 0.1000000015
12033  36.967  -73.594  23.359 0.1000000015
11224  37.784  -74.074  22.794 0.1000000015
12768  40.783  -72.604  20.908 0.1000000015
12047  39.607  -73.698  21.722 0.1000000015
14125  42.567  -70.981  20.056 0.1000000015
14820  43.011  -69.870  19.277 0.1000000015
15507  42.631  -68.928  18.972 0.1000000015
7850  34.928  -79.210  29.534 0.1000000015
7849  35.838  -78.906  29.393 0.1000000015
6957  33.063  -77.654  32.055 0.1000000015
6956  33.549  -78.578  31.501 0.1000000015
6968  33.652  -79.193  30.648 0.1000000015
6975  35.192  -79.446  28.986 0.1000000015
7863  36.052  -78.976  28.158 0.1000000015
7873  36.611  -78.321  27.625 0.1000000015
6977  33.863  -79.511  29.811 0.1000000015
9565  37.435  -76.675  26.775 0.1000000015
10370  36.537  -74.837  25.955 0.1000000015
7882  36.726  -78.166  26.578 0.1000000015
8719  37.254  -77.376  26.409 0.1000000015
11211  37.383  -73.985  24.137 0.1000000015
12759  40.959  -72.756  22.026 0.1000000015
12032  39.706  -73.859  22.416 0.1000000015
12758  41.475  -72.153  21.410 0.1000000015
12046  40.179  -73.266  21.609 0.1000000015
13439  42.105  -71.420  20.824 0.1000000015
14127  42.960  -70.474  19.754 0.1000000015
7828  34.585  -78.533  31.241 0.1000000015
6947  33.564  -78.042  32.374 0.1000000015
6946  34.038  -78.474  31.650 0.1000000015
7839  34.883  -78.729  30.247 0.1000000015
7848  36.378  -78.355  29.169 0.1000000015
6051  32.527  -79.098  33.233 0.1000000015
6948  33.073  -78.211  33.136 0.1000000015
7862  36.475  -78.384  28.594 0.1000000015
8703  37.177  -77.829  28.118 0.1000000015
8713  37.219  -77.632  27.173 0.1000000015
11193  36.998  -74.152  26.397 0.1000000015
11199  36.519  -73.923  25.427 0.1000000015
11223  38.788  -74.305  23.123 0.1000000015
12031  40.625  -73.525  22.752 0.1000000015
14124  43.030  -70.604  20.405 0.1000000015
14818  43.251  -69.897  20.097 0.1000000015
7838  35.509  -78.488  30.383 0.1000000015
8694  36.375  -78.234  29.586 0.1000000015
9559  37.646  -76.936  27.620 0.1000000015
9564  37.495  -75.865  27.226 0.1000000015
11210  38.778  -74.706  24.287 0.1000000015
12020  39.910  -74.395  23.401 0.1000000015
13436  42.103  -71.835  21.923 0.1000000015
13435  42.567  -71.237  21.543 0.1000000015
14121  43.023  -70.860  21.092 0.1000000015
15503  43.429  -69.128  20.768 0.1000000015
17009  42.758  -67.051  20.373 0.1000000015
7827  35.081  -78.356  30.865 0.1000000015
9553  37.621  -77.073  28.616 0.1000000015
7820  34.235  -78.090  32.220 0.1000000015
8693  37.052  -78.078  29.128 0.1000000015
10361  37.565  -75.084  27.595 0.1000000015
11192  38.037  -74.457  26.353 0.1000000015
11197  38.969  -74.745  25.432 0.1000000015
12009  40.060  -74.895  24.513 0.1000000015
13433  42.232  -72.211  22.845 0.1000000015
12746  41.193  -73.375  23.212 0.1000000015
12753  41.321  -73.068  22.764 0.1000000015
14812  43.246  -70.473  21.393 0.1000000015
14815  43.551  -69.750  21.145 0.1000000015
17933  43.086  -66.596  21.090 0.1000000015
17932  43.843  -66.227  21.034 0.1000000015
8677  35.614  -78.129  31.173 0.1000000015
7819  34.899  -78.207  31.542 0.1000000015
8676  36.609  -78.041  31.005 0.1000000015
9547  37.281  -77.274  29.589 0.1000000015
9552  37.950  -76.219  28.655 0.1000000015
8683  36.923  -78.076  30.056 0.1000000015
11185  37.560  -74.378  27.184 0.1000000015
12019  40.953  -73.989  23.759 0.1000000015
19896  40.314  -64.404  23.779 0.1000000015
17919  41.274  -66.022  22.557 0.1000000015
16994  42.971  -67.272  22.385 0.1000000015
14808  43.968  -69.912  22.571 0.1000000015
14117  43.527  -70.508  22.444 0.1000000015
13430  42.241  -72.344  23.355 0.1000000015
18875  41.509  -65.439  22.846 0.1000000015
17918  41.986  -66.079  22.575 0.1000000015
16221  43.783  -68.523  22.424 0.1000000015
13432  42.713  -71.581  22.411 0.1000000015
19895  41.103  -64.433  23.758 0.1000000015
18863  41.987  -65.097  23.043 0.1000000015
18874  42.378  -65.641  22.637 0.1000000015
17001  42.896  -67.200  21.371 0.1000000015
15499  43.749  -69.127  21.817 0.1000000015
14118  43.151  -70.864  21.903 0.1000000015
19894  41.943  -64.596  23.598 0.1000000015
18862  42.692  -65.100  23.068 0.1000000015
17917  42.740  -66.384  22.020 0.1000000015
15500  43.490  -68.586  21.279 0.1000000015
17916  43.360  -66.229  21.626 0.1000000015
16224  43.219  -67.972  20.880 0.1000000015
18889  44.359  -65.819  21.710 0.1000000015
17931  44.922  -66.115  20.928 0.1000000015
9538  37.110  -77.536  31.604 0.1000000015
9541  37.241  -77.426  30.554 0.1000000015
9546  37.829  -76.665  29.220 0.1000000015
10358  37.887  -75.308  28.349 0.1000000015
11176  37.689  -74.408  27.968 0.1000000015
11999  40.047  -74.844  25.702 0.1000000015
12018  41.327  -73.491  24.418 0.1000000015
13429  42.872  -72.039  23.436 0.1000000015
12745  41.954  -73.069  23.470 0.1000000015
16996  41.777  -66.331  22.773 0.1000000015
15497  44.104  -69.014  22.980 0.1000000015
17920  40.550  -66.115  22.657 0.1000000015
18861  43.664  -64.985  23.196 0.1000000015
9537  37.798  -76.891  31.021 0.1000000015
10352  38.218  -75.763  29.267 0.1000000015
11156  38.378  -74.946  29.355 0.1000000015
9540  37.845  -76.756  29.989 0.1000000015
11166  38.178  -74.478  28.722 0.1000000015
11175  37.942  -74.052  27.652 0.1000000015
11184  38.461  -74.351  27.081 0.1000000015
11191  39.096  -74.523  26.353 0.1000000015
12008  40.758  -74.148  24.922 0.1000000015
12738  42.272  -72.331  24.221 0.1000000015
12739  41.907  -73.052  24.733 0.1000000015
16988  42.609  -67.113  23.181 0.1000000015
16215  44.092  -68.296  23.691 0.1000000015
14110  43.428  -71.183  23.779 0.1000000015
18845  40.080  -65.759  25.533 0.1000000015
16982  41.798  -66.663  23.473 0.1000000015
14114  43.265  -71.152  22.853 0.1000000015
19864  41.479  -65.140  24.948 0.1000000015
19881  40.530  -64.608  24.568 0.1000000015
10346  38.336  -76.101  30.362 0.1000000015
10351  38.542  -75.309  29.845 0.1000000015
11987  37.929  -73.880  28.141 0.1000000015
11986  38.731  -73.894  27.773 0.1000000015
11994  39.040  -74.297  27.133 0.1000000015
11993  39.779  -74.345  26.846 0.1000000015
11998  40.755  -74.141  25.985 0.1000000015
12730  41.790  -73.101  25.622 0.1000000015
12007  41.291  -73.520  25.303 0.1000000015
13424  43.044  -71.541  24.711 0.1000000015
19897  39.433  -64.296  23.722 0.1000000015
19879  42.109  -64.642  24.358 0.1000000015
18860  44.351  -64.626  23.231 0.1000000015
11155  38.639  -74.297  29.653 0.1000000015
11972  38.945  -73.330  28.883 0.1000000015
11165  38.374  -73.854  28.966 0.1000000015
11985  40.080  -73.794  27.965 0.1000000015
11973  38.289  -73.746  28.504 0.1000000015
11992  40.894  -74.029  27.015 0.1000000015
14805  44.108  -69.841  23.595 0.1000000015
14103  43.606  -71.068  24.404 0.1000000015
17908  39.654  -66.581  23.593 0.1000000015
16986  43.901  -67.856  23.673 0.1000000015
19892  43.872  -64.194  23.716 0.1000000015
11971  40.006  -73.150  28.728 0.1000000015
11991  41.454  -73.343  27.089 0.1000000015
11997  41.367  -73.505  26.229 0.1000000015
12729  42.074  -72.259  25.449 0.1000000015
19877  43.685  -64.305  24.277 0.1000000015
18843  41.496  -65.692  25.226 0.1000000015
15494  44.261  -69.009  24.051 0.1000000015
11984  41.039  -73.540  27.725 0.1000000015
12720  42.004  -71.923  26.746 0.1000000015
12712  42.012  -72.911  27.445 0.1000000015
13423  43.316  -71.003  25.558 0.1000000015
19862  42.968  -64.992  24.834 0.1000000015
18842  42.243  -65.662  25.156 0.1000000015
18827  37.845  -65.710  26.572 0.1000000015
16980  43.025  -67.215  24.093 0.1000000015
16212  44.221  -68.327  24.564 0.1000000015
14109  43.989  -70.644  24.108 0.1000000015
20936  44.064  -63.263  24.003 0.1000000015
17895  42.608  -66.761  24.643 0.1000000015
14793  44.056  -70.102  25.747 0.1000000015
13418  42.644  -71.395  25.889 0.1000000015
12721  42.016  -72.995  26.437 0.1000000015
14800  44.133  -69.722  24.771 0.1000000015
17894  43.407  -66.959  25.015 0.1000000015
14102  43.958  -70.889  25.034 0.1000000015
16979  43.926  -67.580  24.535 0.1000000015
10406  35.205  -74.293  21.684 0.1000000015
10405  35.103  -74.416  21.334 0.1000000015
13445  41.652  -71.628  17.637 0.1000000015
11239  35.540  -74.083  21.007 0.1000000015
11254  36.196  -74.399  20.431 0.1000000015
6111  33.631  -80.447  27.373 0.1000000015
7894  36.179  -78.179  24.218 0.1000000015
12773  41.411  -72.113  19.222 0.1000000015
6124  34.065  -80.748  26.421 0.1000000015
11238  36.508  -74.109  21.226 0.1000000015
7891  36.520  -78.137  25.789 0.1000000015
12034  36.409  -73.524  22.900 0.1000000015
12022  36.306  -73.539  23.696 0.1000000015
6989  35.314  -79.042  28.499 0.1000000015
9572  37.143  -76.372  25.838 0.1000000015
11200  35.977  -73.983  24.976 0.1000000015
15505  43.090  -68.968  19.712 0.1000000015
6955  34.192  -78.866  30.870 0.1000000015
6967  34.380  -79.302  30.039 0.1000000015
9571  37.180  -75.681  26.540 0.1000000015
14122  42.672  -71.009  20.668 0.1000000015
10364  37.118  -74.896  26.872 0.1000000015
11198  37.675  -74.340  25.398 0.1000000015
14816  43.358  -70.143  20.912 0.1000000015
8684  36.113  -78.268  30.265 0.1000000015
9558  37.790  -76.088  27.980 0.1000000015
12752  41.703  -72.539  22.404 0.1000000015
16226  43.011  -68.031  20.054 0.1000000015
14811  43.591  -70.076  21.661 0.1000000015
16219  43.600  -67.967  22.664 0.1000000015
12744  42.248  -72.366  23.621 0.1000000015
16222  43.446  -68.063  21.778 0.1000000015
19880  41.346  -64.609  24.472 0.1000000015
19893  42.836  -64.620  23.684 0.1000000015
18873  43.444  -65.668  22.311 0.1000000015
18890  43.747  -66.003  21.667 0.1000000015
18888  45.428  -65.513  21.622 0.1000000015
16218  43.919  -68.362  22.984 0.1000000015
14113  43.751  -70.567  23.213 0.1000000015
11183  39.132  -74.405  26.825 0.1000000015
19863  42.184  -65.144  24.814 0.1000000015
19878  42.889  -64.561  24.309 0.1000000015
21944  49.362  -61.602  20.003 0.4000000060
20969  48.986  -62.965  18.929 0.3000000119
21943  49.395  -61.290  19.423 0.4000000060
18038  45.578  -65.062  13.496 0.1000000015
18981  45.815  -64.577  13.839 0.1000000015
19983  46.152  -64.059  14.414 0.2000000030
25304  50.086  -59.067  17.360 0.4000000060
21972  47.271  -61.868  15.957 0.4000000060
23047  48.389  -61.547  15.996 0.4000000060
19968  46.249  -63.996  15.419 0.2000000030
21973  46.759  -62.394  15.952 0.3000000119
24154  49.249  -60.855  16.189 0.4000000060
24150  49.645  -60.249  16.944 0.4000000060
18028  45.123  -65.969  13.105 0.1000000015
21024  46.286  -63.193  14.678 0.3000000119
24151  49.386  -60.853  16.888 0.4000000060
18994  45.933  -64.662  12.754 0.1000000015
26456  50.133  -57.670  17.845 0.4000000060
24159  48.206  -60.136  15.383 0.4000000060
24153  49.338  -60.051  15.782 0.4000000060
25308  49.827  -59.235  16.176 0.4000000060
20035  46.578  -64.270  12.440 0.2000000030
20008  46.192  -64.246  13.098 0.2000000030
20007  46.230  -64.100  13.634 0.2000000030
18980  46.019  -64.329  14.072 0.2000000030
21986  46.519  -61.552  15.548 0.3000000119
23051  47.056  -60.839  15.537 0.3000000119
18995  46.137  -65.151  12.078 0.1000000015
24158  49.039  -59.944  15.100 0.4000000060
21987  46.338  -62.144  15.000 0.3000000119
27529  49.963  -56.449  17.785 0.4000000060
26461  50.131  -58.090  16.541 0.5000000000
20034  46.581  -63.864  12.907 0.2000000030
21044  46.528  -63.371  13.520 0.2000000030
22003  46.559  -62.247  13.868 0.2000000030
23056  46.246  -61.671  14.366 0.4000000060
27537  50.140  -56.848  16.894 0.5000000000
23055  46.274  -60.934  14.565 0.4000000060
27546  50.094  -57.191  15.813 0.5000000000
20056  46.992  -63.794  12.204 0.2000000030
28576  49.630  -55.535  18.231 0.4000000060
25313  48.750  -59.358  14.836 0.4000000060
25312  49.364  -59.331  15.326 0.4000000060
19004  46.530  -64.708  11.964 0.2000000030
22028  47.360  -62.668  12.756 0.2000000030
22002  46.710  -61.606  13.681 0.3000000119
23063  46.705  -61.073  13.560 0.4000000060
24163  46.919  -59.801  14.671 0.3000000119
26466  49.738  -58.326  15.252 0.5000000000
20057  46.943  -64.225  11.674 0.2000000030
21065  46.943  -63.372  12.640 0.2000000030
25319  47.820  -59.127  14.430 0.4000000060
26467  49.234  -58.902  14.849 0.4000000060
28585  49.956  -55.659  17.270 0.4000000060
29638  51.446  -54.552  19.866 0.4000000060
20078  47.258  -63.700  11.524 0.2000000030
21085  47.448  -63.270  12.025 0.2000000030
22027  47.304  -61.726  13.215 0.2000000030
27555  49.866  -57.255  14.908 0.5000000000
19016  46.655  -64.573  11.266 0.2000000030
25330  47.464  -59.266  13.696 0.4000000060
26476  49.424  -57.821  14.699 0.5000000000
20079  47.077  -63.990  10.603 0.2000000030
29644  51.532  -54.388  19.310 0.2000000030
29655  49.642  -54.652  17.754 0.4000000060
22056  47.986  -62.707  11.813 0.2000000030
30725  49.740  -53.938  18.409 0.4000000060
30735  49.890  -53.939  17.051 0.4000000060
26477  48.697  -58.307  14.379 0.3000000119
28607  49.994  -56.511  15.341 0.5000000000
28596  50.082  -55.962  16.123 0.5000000000
29665  50.002  -54.744  16.672 0.4000000060
24172  47.022  -60.071  13.434 0.4000000060
25320  47.600  -59.008  14.154 0.4000000060
26489  48.196  -57.765  13.885 0.3000000119
27556  49.150  -57.271  14.462 0.4000000060
28608  49.488  -56.177  14.742 0.5000000000
30734  50.653  -53.920  17.205 0.4000000060
29666  49.725  -54.988  15.561 0.5000000000
27565  48.417  -57.304  14.055 0.4000000060
28597  49.918  -55.906  15.400 0.5000000000
29679  49.030  -54.890  14.504 0.5000000000
28623  48.769  -56.656  14.230 0.5000000000
21947  49.194  -61.873  19.121 0.4000000060
23043  49.425  -60.843  17.211 0.4000000060
19934  48.059  -64.321  18.160 0.3000000119
19933  48.269  -63.730  18.198 0.3000000119
19925  48.345  -63.641  18.712 0.2000000030
18913  47.244  -65.026  17.880 0.2000000030
20984  48.063  -63.742  17.389 0.3000000119
20974  48.529  -63.228  17.887 0.3000000119
19945  47.433  -64.329  17.168 0.2000000030
20994  47.363  -63.317  16.488 0.2000000030
18951  45.898  -64.570  15.146 0.2000000030
20099  46.111  -64.233  9.328 0.1000000015
25364  48.785  -59.567  9.769 0.1000000015
18893  47.314  -64.495  19.780 0.1000000015
19926  47.988  -64.228  19.267 0.2000000030
18900  47.298  -64.866  18.844 0.2000000030
17952  46.432  -65.369  18.855 0.1000000015
17951  46.909  -65.265  18.340 0.1000000015
17029  46.011  -65.694  18.418 0.1000000015
17967  46.539  -65.556  18.034 0.1000000015
22082  48.302  -61.594  11.251 0.1000000015
23104  48.487  -61.011  11.281 0.1000000015
24193  48.658  -60.190  11.511 0.1000000015
25348  48.554  -59.241  11.745 0.1000000015
23126  48.127  -61.390  10.124 0.1000000015
24205  48.697  -60.361  10.802 0.1000000015
25355  48.869  -59.506  10.666 0.1000000015
26515  48.451  -58.371  10.942 0.1000000015
27588  48.111  -57.640  11.751 0.1000000015
27598  48.028  -57.355  11.264 0.1000000015
27599  47.721  -56.578  11.336 0.1000000015
26490  47.970  -58.202  13.650 0.3000000119
22055  48.152  -61.760  12.075 0.1000000015
24181  48.039  -60.067  12.381 0.1000000015
25340  47.932  -59.150  12.755 0.2000000030
25331  47.790  -58.763  13.602 0.3000000119
28610  47.836  -55.890  13.890 0.3000000119
29680  48.292  -55.282  13.817 0.3000000119
20098  46.609  -63.765  9.386 0.1000000015
21116  47.679  -62.807  10.342 0.1000000015
23091  48.338  -60.814  12.062 0.1000000015
26500  47.873  -58.105  12.942 0.2000000030
28625  46.959  -56.255  13.648 0.3000000119
26506  48.280  -58.181  11.967 0.1000000015
28646  46.936  -55.873  12.120 0.2000000030
29694  46.980  -55.449  13.090 0.3000000119
29714  47.289  -55.608  12.028 0.2000000030
29704  47.657  -55.199  12.469 0.4000000060
28651  47.825  -55.787  10.772 0.1000000015
28644  47.687  -55.679  11.238 0.1000000015
29713  48.045  -55.138  11.521 0.3000000119
19907  45.546  -64.615  22.772 0.1000000015
18871  45.914  -64.928  22.285 0.1000000015
28624  48.031  -56.549  13.895 0.3000000119
28609  48.624  -55.922  14.121 0.4000000060
39481  50.225  -47.632  9.064 0.4000000060
29692  48.495  -54.393  13.623 0.4000000060
30776  48.698  -53.055  13.218 0.4000000060
29693  48.010  -55.062  13.183 0.4000000060
29703  48.803  -54.293  12.582 0.5000000000
29712  48.889  -54.108  11.746 0.5000000000
28656  48.396  -55.100  10.082 0.2000000030
27607  47.817  -56.733  9.699 0.1000000015
28657  47.831  -55.789  9.918 0.1000000015
28650  48.366  -55.121  10.458 0.2000000030
29723  48.256  -55.144  10.934 0.2000000030
27616  48.039  -57.609  9.528 0.1000000015
27617  47.497  -56.983  9.118 0.1000000015
28658  47.487  -55.998  9.578 0.1000000015
30748  50.003  -53.824  15.903 0.4000000060
30763  48.499  -53.631  14.535 0.4000000060
30749  49.211  -53.724  15.452 0.4000000060
30764  48.130  -52.975  14.059 0.4000000060
31882  48.785  -52.683  15.504 0.4000000060
30791  49.015  -53.520  12.720 0.4000000060
30790  48.902  -53.031  12.290 0.4000000060
30775  48.781  -52.570  12.738 0.4000000060
29702  49.006  -53.879  12.222 0.5000000000
30801  49.082  -53.550  11.202 0.4000000060
29722  48.726  -54.412  10.586 0.4000000060
30809  49.068  -53.700  10.703 0.4000000060
28666  48.051  -55.430  9.131 0.2000000030
29727  48.816  -54.411  9.541 0.2000000030
26545  47.178  -58.834  6.990 0.1000000015
31881  49.723  -52.446  15.389 0.4000000060
31907  48.963  -51.723  12.990 0.4000000060
33124  49.460  -51.428  14.699 0.4000000060
30800  49.001  -52.657  11.565 0.4000000060
30789  48.855  -52.499  12.019 0.4000000060
29721  49.107  -53.799  10.213 0.4000000060
29726  49.152  -53.814  9.775 0.3000000119
28673  48.281  -55.100  8.242 0.2000000030
28672  48.615  -54.912  8.651 0.2000000030
28665  48.479  -54.998  9.332 0.2000000030
28667  47.167  -55.535  9.034 0.2000000030
26546  46.294  -58.352  6.670 0.1000000015
26541  46.326  -57.576  7.235 0.1000000015
31880  50.272  -53.129  15.483 0.4000000060
30747  50.577  -53.850  16.032 0.3000000119
31906  49.763  -51.313  13.493 0.4000000060
31894  49.737  -51.644  14.227 0.4000000060
33139  49.436  -51.266  13.917 0.4000000060
31920  48.912  -51.868  12.310 0.4000000060
31940  49.355  -52.004  10.784 0.4000000060
30827  49.617  -53.318  8.358 0.3000000119
30817  49.707  -53.357  9.242 0.3000000119
30816  49.972  -52.736  9.548 0.3000000119
30808  49.457  -53.114  10.425 0.3000000119
29741  48.717  -54.819  7.456 0.2000000030
29740  48.812  -54.411  7.855 0.2000000030
29739  49.104  -53.756  8.058 0.3000000119
29734  48.836  -54.361  8.704 0.2000000030
30746  51.575  -53.745  16.274 0.3000000119
31905  50.858  -52.117  13.469 0.3000000119
31892  51.432  -53.180  14.509 0.4000000060
31919  49.361  -50.980  12.745 0.4000000060
31893  50.477  -52.359  14.612 0.4000000060
31930  49.021  -51.127  11.160 0.3000000119
31931  49.022  -51.903  11.444 0.4000000060
31957  50.561  -52.083  8.405 0.3000000119
31947  50.505  -52.151  9.165 0.2000000030
31939  49.786  -51.931  10.116 0.2000000030
30836  49.852  -52.870  7.943 0.3000000119
30826  50.132  -52.755  8.589 0.3000000119
30807  49.808  -52.658  9.992 0.2000000030
29750  49.055  -54.446  6.854 0.2000000030
29749  49.264  -53.888  7.179 0.3000000119
30837  49.624  -53.284  7.529 0.3000000119
30733  51.672  -53.870  17.297 0.3000000119
30724  51.055  -54.094  18.122 0.3000000119
33164  48.993  -49.975  11.961 0.3000000119
33189  51.343  -50.628  9.113 0.2000000030
33178  50.104  -49.835  10.000 0.2000000030
33173  49.318  -50.342  10.352 0.2000000030
33205  51.293  -50.806  8.263 0.2000000030
33179  50.362  -51.097  9.502 0.2000000030
30717  51.703  -54.248  18.723 0.2000000030
28680  48.332  -55.087  7.587 0.2000000030
23077  47.633  -60.918  12.824 0.1000000015
25341  47.832  -58.760  13.049 0.2000000030
20975  48.233  -63.759  17.934 0.3000000119
22083  48.132  -62.178  10.866 0.1000000015
23125  48.419  -60.823  10.502 0.1000000015
27589  47.792  -57.362  12.036 0.1000000015
27566  47.649  -57.191  13.573 0.3000000119
26507  48.114  -58.001  12.426 0.2000000030
27576  47.289  -57.264  12.911 0.3000000119
29681  47.521  -55.519  13.599 0.4000000060
28634  47.241  -56.805  12.285 0.3000000119
28635  46.593  -56.378  12.615 0.3000000119
29705  46.943  -55.615  12.411 0.3000000119
31908  48.367  -51.755  13.360 0.4000000060
33140  48.935  -50.946  13.880 0.4000000060
29733  49.204  -53.821  8.919 0.3000000119
30762  50.744  -53.352  15.148 0.4000000060
30761  51.278  -53.625  15.434 0.4000000060
33206  50.849  -51.527  8.007 0.2000000030
33190  50.969  -51.507  8.709 0.2000000030
30745  52.190  -53.508  16.784 0.2000000030
19956  46.697  -64.098  16.358 0.1000000015
18937  46.214  -65.379  16.327 0.1000000015
18952  45.858  -65.168  15.609 0.1000000015
29643  51.988  -54.134  19.130 0.1000000015
31862  52.426  -52.766  17.983 0.1000000015
30722  52.295  -53.428  18.099 0.1000000015
30732  52.265  -53.456  17.514 0.1000000015
31879  51.950  -53.513  15.320 0.2000000030
31878  52.471  -53.127  15.967 0.1000000015
31890  52.838  -52.373  15.448 0.2000000030
31891  52.500  -52.925  14.689 0.2000000030
31904  51.955  -52.661  13.838 0.2000000030
33122  52.814  -51.631  14.534 0.2000000030
33123  52.456  -52.364  13.986 0.2000000030
33138  50.684  -51.357  13.028 0.2000000030
33156  50.460  -50.595  12.758 0.2000000030
33172  49.925  -49.230  10.930 0.1000000015
33137  51.832  -51.687  13.278 0.2000000030
33163  50.337  -49.558  12.290 0.1000000015
30723  52.060  -53.974  18.055 0.1000000015
29637  51.920  -54.060  19.665 0.1000000015
30716  52.299  -53.407  18.915 0.1000000015
31869  52.490  -52.841  16.996 0.1000000015
30847  49.556  -53.372  6.655 0.2000000030
31972  49.917  -52.832  7.557 0.2000000030
31995  49.909  -52.796  7.079 0.2000000030
30854  49.346  -53.459  5.749 0.2000000030
32014  49.636  -52.597  6.253 0.2000000030
31971  50.243  -52.304  7.723 0.2000000030
32013  49.859  -52.015  6.472 0.2000000030
32025  49.510  -52.962  5.326 0.2000000030
31994  50.136  -52.100  6.863 0.1000000015
33230  50.521  -51.278  7.375 0.2000000030
34522  49.813  -50.309  6.210 0.1000000015
33254  49.931  -51.269  6.570 0.1000000015
34483  50.492  -50.721  7.082 0.1000000015
35787  49.890  -49.746  5.527 0.1000000015
33229  51.091  -50.800  7.781 0.1000000015
34504  50.584  -50.197  6.817 0.1000000015
35773  50.491  -49.583  6.312 0.1000000015
37022  50.188  -49.338  4.944 0.1000000015
37021  50.374  -49.141  5.781 0.1000000015
38253  50.201  -48.950  4.582 0.1000000015
33107  53.290  -51.067  15.532 0.1000000015
33108  53.101  -51.664  15.855 0.1000000015
34503  51.014  -49.931  7.048 0.1000000015
34482  51.109  -50.232  7.306 0.1000000015
38252  50.051  -48.457  5.315 0.1000000015
38241  50.190  -47.982  6.049 0.1000000015
33121  53.100  -51.063  14.951 0.1000000015
33136  52.476  -51.054  13.391 0.1000000015
35760  52.118  -49.482  7.322 0.1000000015
37000  52.192  -49.140  6.880 0.1000000015
34468  51.717  -50.161  7.834 0.1000000015
37009  52.086  -48.785  6.499 0.1000000015
35772  51.359  -49.500  6.851 0.1000000015
39520  51.769  -47.374  6.112 0.1000000015
37010  51.110  -49.039  6.263 0.1000000015
44443  49.934  -44.993  6.644 0.1000000015
40845  50.964  -46.621  6.395 0.1000000015
38240  51.174  -48.283  6.137 0.1000000015
39521  50.566  -47.367  6.260 0.1000000015
34388  52.973  -50.931  14.626 0.1000000015
45587  50.500  -43.757  6.448 0.1000000015
40844  52.214  -46.509  6.130 0.1000000015
42068  51.248  -45.838  6.272 0.1000000015
38251  50.670  -48.767  5.998 0.1000000015
40846  49.920  -46.504  6.192 0.1000000015
28700  46.222  -56.588  3.769 0.1000000015
29784  46.048  -55.510  3.680 0.1000000015
27650  45.542  -57.549  3.677 0.1000000015
26568  44.546  -58.259  3.638 0.1000000015
26575  44.185  -58.239  2.864 0.1000000015
28691  46.516  -56.698  4.562 0.1000000015
29773  46.502  -55.764  4.302 0.1000000015
30876  46.766  -54.680  4.104 0.1000000015
30857  46.873  -55.418  5.022 0.1000000015
29764  46.637  -55.835  5.028 0.1000000015
29772  47.510  -55.317  5.085 0.1000000015
29763  46.937  -55.364  5.389 0.1000000015
30877  45.964  -54.470  3.487 0.1000000015
32041  46.580  -53.883  3.513 0.1000000015
26576  43.316  -58.522  2.607 0.1000000015
5137  30.194  -77.972  32.612 0.1000000015
10394  35.280  -74.184  21.883 0.1000000015
11226  35.421  -74.002  22.130 0.1000000015
11240  35.324  -74.087  21.629 0.1000000015
12035  35.813  -73.670  22.398 0.1000000015
12050  35.868  -73.802  21.652 0.1000000015
13438  42.568  -71.107  21.027 0.1000000015
15491  44.222  -68.829  24.881 0.1000000015
15502  43.621  -69.547  21.325 0.1000000015
16216  43.875  -67.989  23.237 0.1000000015
16227  41.589  -67.505  19.541 0.1000000015
16981  42.279  -66.829  23.750 0.1000000015
16983  35.036  -66.817  24.155 0.1000000015
16987  43.411  -67.634  23.375 0.1000000015
16989  42.022  -66.636  23.110 0.1000000015
16990  35.797  -67.071  23.680 0.1000000015
16991  35.523  -67.004  23.865 0.1000000015
16992  34.903  -67.005  23.990 0.1000000015
16995  42.328  -66.628  22.632 0.1000000015
16997  35.651  -67.211  23.412 0.1000000015
16998  35.130  -67.390  23.366 0.1000000015
16999  34.677  -67.339  23.255 0.1000000015
17002  35.319  -67.433  23.038 0.1000000015
17003  34.961  -67.632  23.038 0.1000000015
17004  34.590  -67.541  22.996 0.1000000015
17856  46.914  -66.071  28.659 0.1000000015
17867  38.414  -66.186  26.390 0.1000000015
17868  37.983  -66.241  26.483 0.1000000015
17869  37.291  -66.104  26.435 0.1000000015
17881  41.479  -66.230  24.955 0.1000000015
17882  40.542  -66.181  25.201 0.1000000015
17883  39.352  -66.235  25.474 0.1000000015
17884  38.332  -66.441  25.912 0.1000000015
17885  37.337  -66.440  25.896 0.1000000015
17886  36.325  -66.049  25.806 0.1000000015
17896  41.606  -66.666  24.110 0.1000000015
17897  40.585  -66.575  24.355 0.1000000015
17898  39.572  -66.535  24.600 0.1000000015
17899  38.484  -66.490  24.825 0.1000000015
17900  37.409  -66.483  24.937 0.1000000015
17901  36.505  -66.472  24.914 0.1000000015
17902  35.611  -66.510  24.633 0.1000000015
17906  41.348  -66.461  23.066 0.1000000015
17907  40.569  -66.540  23.363 0.1000000015
17909  38.621  -66.545  23.823 0.1000000015
17910  37.421  -66.584  23.936 0.1000000015
17911  36.267  -66.793  23.945 0.1000000015
17912  35.968  -66.718  24.286 0.1000000015
17921  39.733  -66.213  22.841 0.1000000015
17922  38.809  -66.240  23.070 0.1000000015
17923  37.648  -66.280  23.268 0.1000000015
17924  36.016  -66.950  23.038 0.1000000015
17925  34.770  -67.028  23.468 0.1000000015
17934  35.377  -67.536  22.826 0.1000000015
17935  34.839  -67.436  22.992 0.1000000015
17936  34.414  -67.350  22.961 0.1000000015
18789  47.271  -64.921  29.107 0.1000000015
18826  38.261  -66.048  26.572 0.1000000015
18828  36.754  -65.561  26.468 0.1000000015
18844  40.903  -65.617  25.314 0.1000000015
18846  38.850  -65.860  26.086 0.1000000015
18847  38.302  -65.405  26.105 0.1000000015
18848  36.154  -65.609  26.244 0.1000000015
18876  40.699  -65.476  22.832 0.1000000015
18877  39.909  -65.509  22.816 0.1000000015
18878  39.038  -65.584  22.805 0.1000000015
18879  38.076  -65.708  22.902 0.1000000015
18880  36.831  -65.677  23.069 0.1000000015
19824  47.442  -64.648  28.739 0.1000000015
19847  37.168  -65.214  26.477 0.1000000015
19848  36.394  -64.719  26.482 0.1000000015
19865  40.736  -65.147  25.124 0.1000000015
19866  39.805  -65.226  25.254 0.1000000015
19867  38.826  -65.005  25.500 0.1000000015
19868  37.567  -64.680  25.837 0.1000000015
19882  39.633  -64.518  24.621 0.1000000015
19883  38.513  -64.210  24.655 0.1000000015
19884  37.778  -64.152  24.987 0.1000000015
19898  38.405  -64.165  23.599 0.1000000015
19908  41.479  -64.829  23.228 0.1000000015
19909  40.873  -64.848  23.189 0.1000000015
19910  40.102  -64.841  23.145 0.1000000015
19911  39.239  -64.832  23.058 0.1000000015
19912  38.334  -64.975  22.995 0.1000000015
19913  37.670  -65.245  23.021 0.1000000015
20937  37.856  -63.978  24.647 0.1000000015
20949  37.963  -63.767  24.293 0.1000000015
22986  43.517  -60.378  23.790 0.1000000015
23037  49.279  -61.377  18.880 0.5000000000
23064  46.350  -61.469  13.988 0.3000000119
23105  48.285  -61.398  10.809 0.1000000015
25321  47.776  -58.877  14.071 0.4000000060
25332  47.713  -58.817  13.830 0.3000000119
26478  47.974  -58.756  14.135 0.4000000060
26479  47.820  -58.946  14.223 0.4000000060
26491  47.820  -58.701  13.989 0.4000000060
26499  48.072  -58.450  12.663 0.2000000030
27498  49.138  -57.837  22.512 0.5000000000
27567  46.877  -56.903  13.223 0.3000000119
27568  46.540  -56.882  13.047 0.3000000119
27577  46.739  -56.885  12.904 0.3000000119
27578  46.269  -56.881  12.837 0.3000000119
27619  46.119  -56.553  8.344 0.3000000119
28416  45.372  -56.889  30.975 0.1000000015
28626  46.482  -56.672  13.146 0.3000000119
28636  46.479  -56.801  12.883 0.3000000119
28645  47.273  -56.144  11.570 0.1000000015
28652  47.618  -56.180  11.198 0.1000000015
28675  45.977  -55.580  7.862 0.1000000015
29564  35.768  -54.241  25.315 0.1000000015
29581  37.981  -54.910  24.260 0.1000000015
29582  37.770  -55.776  24.660 0.1000000015
29618  52.190  -53.709  21.904 0.2000000030
29645  51.094  -54.503  19.519 0.2000000030
29715  47.064  -55.667  12.173 0.3000000119
29783  49.387  -54.369  4.469 0.3000000119
30629  37.960  -53.869  24.994 0.1000000015
30631  35.672  -53.756  25.888 0.1000000015
30649  37.615  -53.459  24.128 0.1000000015
30650  37.275  -52.811  23.828 0.1000000015
30651  35.627  -53.665  24.881 0.1000000015
30711  50.172  -54.243  19.656 0.4000000060
30777  47.971  -52.453  13.595 0.4000000060
30856  47.143  -55.331  4.932 0.1000000015
30863  49.513  -53.787  5.121 0.3000000119
31765  37.520  -53.049  25.310 0.1000000015
31766  36.966  -52.416  25.501 0.1000000015
31767  36.271  -52.400  25.766 0.1000000015
31768  35.827  -53.094  26.134 0.1000000015
31786  37.589  -53.150  24.749 0.1000000015
31787  37.044  -52.419  24.558 0.1000000015
31788  36.238  -52.303  24.867 0.1000000015
31789  35.752  -52.888  25.333 0.1000000015
31806  36.293  -52.455  23.741 0.1000000015
31807  35.742  -52.929  24.238 0.1000000015
31883  48.165  -52.312  15.123 0.4000000060
31895  48.270  -52.810  14.728 0.4000000060
31896  47.604  -52.368  14.311 0.4000000060
31897  47.004  -51.974  13.994 0.4000000060
31909  47.481  -51.734  13.639 0.4000000060
31910  46.995  -51.628  13.823 0.4000000060
31921  48.850  -52.114  12.451 0.4000000060
33007  36.778  -52.113  25.151 0.1000000015
33008  36.588  -52.093  25.365 0.1000000015
33023  36.559  -52.036  25.074 0.1000000015
33024  36.391  -52.083  25.290 0.1000000015
33109  49.206  -51.819  15.368 0.4000000060
33110  48.650  -51.617  15.523 0.4000000060
33111  47.632  -51.736  15.088 0.4000000060
33112  47.218  -51.332  15.054 0.4000000060
33125  49.034  -51.119  14.983 0.4000000060
33126  47.199  -51.920  14.364 0.4000000060
33127  46.988  -51.497  14.391 0.4000000060
33141  48.088  -50.845  13.443 0.4000000060
33142  47.256  -51.049  13.733 0.4000000060
33255  49.696  -51.958  6.230 0.2000000030
33270  49.530  -50.998  5.990 0.1000000015
33282  48.892  -52.961  2.823 0.1000000015
34375  48.857  -50.874  15.279 0.4000000060
34376  48.660  -50.856  15.041 0.4000000060
34377  47.703  -50.921  15.757 0.4000000060
34378  47.720  -50.228  16.265 0.4000000060
34389  48.694  -50.370  14.688 0.4000000060
34390  48.652  -49.909  14.576 0.4000000060
34391  47.047  -51.004  15.084 0.4000000060
34392  47.333  -50.550  15.649 0.4000000060
34401  48.578  -50.304  13.752 0.4000000060
34402  48.185  -50.150  13.909 0.4000000060
34403  47.058  -50.641  14.445 0.4000000060
34404  46.903  -50.648  15.126 0.4000000060
34429  48.678  -49.746  10.407 0.4000000060
34430  48.308  -49.307  10.099 0.4000000060
34440  50.728  -49.712  9.352 0.4000000060
34441  50.970  -49.983  9.382 0.4000000060
34442  48.711  -49.784  10.025 0.4000000060
34443  48.599  -49.663  9.978 0.4000000060
34448  51.023  -49.968  9.420 0.4000000060
34449  50.889  -50.161  9.504 0.4000000060
35653  48.863  -50.651  15.558 0.4000000060
35654  48.717  -50.441  15.898 0.4000000060
35655  48.148  -50.112  16.587 0.4000000060
35656  47.787  -49.695  16.973 0.4000000060
35666  48.812  -50.467  15.461 0.4000000060
35667  48.788  -49.985  15.284 0.4000000060
35668  48.259  -49.988  15.845 0.4000000060
35669  47.910  -49.782  16.411 0.4000000060
35679  48.774  -49.781  14.329 0.4000000060
35680  48.008  -50.154  14.489 0.4000000060
35681  47.198  -50.224  15.223 0.4000000060
35693  49.685  -49.122  11.796 0.4000000060
35694  49.343  -49.145  12.005 0.4000000060
35695  48.853  -49.843  12.855 0.4000000060
35696  47.962  -50.382  12.721 0.4000000060
35697  47.233  -50.201  12.118 0.4000000060
35710  49.778  -48.861  9.888 0.4000000060
35711  49.650  -48.981  9.990 0.4000000060
35712  48.623  -48.753  10.547 0.4000000060
35713  48.184  -49.178  11.013 0.4000000060
35714  48.177  -50.177  11.484 0.4000000060
35715  47.388  -50.233  11.595 0.4000000060
35716  46.956  -50.052  11.753 0.4000000060
35724  50.555  -48.745  9.517 0.4000000060
35725  50.325  -49.158  9.337 0.4000000060
35726  49.968  -49.462  9.523 0.4000000060
35727  48.801  -49.946  9.836 0.4000000060
35728  48.397  -49.834  10.300 0.4000000060
35729  47.723  -49.979  10.720 0.4000000060
35730  47.284  -49.727  11.039 0.4000000060
35735  50.737  -48.952  9.631 0.4000000060
35736  50.966  -49.306  9.307 0.4000000060
35737  50.954  -49.846  9.113 0.4000000060
35738  49.040  -49.836  9.496 0.4000000060
35789  50.448  -49.916  3.942 0.1000000015
35806  50.093  -50.862  4.250 0.1000000015
36873  47.716  -48.660  17.875 0.4000000060
36874  47.519  -48.572  18.208 0.4000000060
36875  46.474  -48.097  18.731 0.4000000060
36882  48.696  -49.760  16.308 0.4000000060
36883  48.071  -49.123  17.336 0.4000000060
36884  47.189  -48.889  17.853 0.4000000060
36885  45.296  -48.087  18.165 0.4000000060
36886  43.738  -47.360  17.541 0.4000000060
36887  42.736  -47.152  16.631 0.4000000060
36888  42.183  -47.307  16.065 0.4000000060
36896  48.594  -49.507  15.681 0.4000000060
36897  48.423  -49.694  16.498 0.4000000060
36898  46.951  -48.226  18.323 0.4000000060
36899  44.323  -47.288  17.974 0.4000000060
36900  43.107  -47.059  16.915 0.4000000060
36901  42.470  -47.114  16.140 0.4000000060
36902  42.111  -47.201  15.526 0.4000000060
36913  48.662  -49.470  14.315 0.4000000060
36914  48.424  -49.972  13.720 0.4000000060
36915  43.362  -46.984  16.964 0.4000000060
36916  42.794  -46.978  16.260 0.4000000060
36917  42.342  -47.045  15.627 0.4000000060
36918  42.057  -47.152  15.169 0.4000000060
36929  49.635  -48.784  11.717 0.4000000060
36930  49.160  -48.763  12.284 0.4000000060
36931  48.388  -49.217  12.869 0.4000000060
36932  47.509  -49.753  12.548 0.4000000060
36933  46.895  -49.955  12.018 0.4000000060
36945  49.961  -48.960  9.761 0.4000000060
36946  49.212  -48.479  10.063 0.4000000060
36947  49.319  -48.165  11.265 0.4000000060
36948  48.524  -48.302  11.964 0.4000000060
36949  47.689  -48.875  12.087 0.4000000060
36950  47.106  -49.541  11.655 0.4000000060
36951  46.817  -49.834  11.726 0.4000000060
36959  50.652  -48.769  9.292 0.4000000060
36960  49.828  -48.886  9.319 0.4000000060
36961  49.600  -48.483  9.452 0.4000000060
36962  48.594  -49.573  9.713 0.4000000060
36963  47.969  -49.480  10.036 0.4000000060
36964  47.618  -49.082  10.512 0.4000000060
36965  47.272  -49.292  11.055 0.4000000060
36974  51.175  -48.980  9.286 0.4000000060
36975  50.745  -49.077  9.202 0.4000000060
36976  49.717  -48.983  9.156 0.4000000060
36977  48.852  -48.943  9.327 0.4000000060
36978  48.265  -48.953  9.659 0.4000000060
36979  47.879  -49.002  9.953 0.4000000060
38117  47.541  -48.285  18.067 0.4000000060
38118  46.907  -47.980  18.666 0.4000000060
38119  45.467  -47.577  19.166 0.4000000060
38120  44.273  -46.921  18.436 0.4000000060
38129  47.343  -48.146  17.747 0.4000000060
38130  44.230  -47.470  18.287 0.4000000060
38131  43.246  -46.850  17.267 0.4000000060
38132  42.275  -47.041  16.196 0.4000000060
38133  41.917  -47.290  15.641 0.4000000060
38141  46.980  -48.166  18.121 0.4000000060
38142  45.110  -47.318  17.947 0.4000000060
38143  43.854  -47.033  17.391 0.4000000060
38144  42.632  -46.840  16.214 0.4000000060
38145  42.034  -47.117  15.462 0.4000000060
38146  41.896  -47.264  15.328 0.4000000060
38156  43.210  -46.951  16.519 0.4000000060
38157  42.651  -46.933  15.937 0.4000000060
38158  42.235  -47.009  15.286 0.4000000060
38159  41.894  -47.230  15.037 0.4000000060
38173  49.443  -47.396  9.901 0.4000000060
38174  48.829  -47.942  10.109 0.4000000060
38175  48.658  -47.477  10.977 0.4000000060
38176  47.812  -48.139  11.486 0.4000000060
38177  47.362  -48.740  11.624 0.4000000060
38186  50.033  -47.691  9.175 0.4000000060
38187  49.685  -47.762  9.272 0.4000000060
38188  48.468  -47.262  10.521 0.4000000060
38189  47.952  -47.876  10.599 0.4000000060
38190  47.429  -48.743  11.149 0.4000000060
38204  50.036  -47.864  9.084 0.4000000060
38205  49.651  -48.127  9.108 0.4000000060
38206  48.906  -48.140  9.034 0.4000000060
38207  48.465  -48.208  9.526 0.4000000060
38208  47.956  -48.425  9.937 0.4000000060
39395  47.029  -47.423  18.264 0.4000000060
39396  46.090  -46.811  18.567 0.4000000060
39397  44.989  -46.576  18.516 0.4000000060
39398  44.167  -46.272  18.051 0.4000000060
39407  46.684  -47.424  18.285 0.4000000060
39408  46.375  -46.782  18.133 0.4000000060
39409  43.726  -46.274  17.538 0.4000000060
39418  46.479  -47.757  18.336 0.4000000060
39419  45.982  -46.899  18.068 0.4000000060
39420  44.041  -46.855  17.537 0.4000000060
39421  43.415  -46.719  17.115 0.4000000060
39431  43.396  -46.982  16.984 0.4000000060
39432  43.019  -46.930  16.668 0.4000000060
39452  49.521  -46.994  9.780 0.4000000060
39453  49.162  -47.011  9.985 0.4000000060
39454  49.004  -47.120  10.498 0.4000000060
39465  50.022  -47.622  9.266 0.4000000060
39466  49.738  -47.346  9.428 0.4000000060
39467  49.517  -46.855  9.913 0.4000000060
39468  48.925  -46.925  10.232 0.4000000060
39469  48.408  -47.238  10.239 0.4000000060
39482  49.977  -47.628  9.210 0.4000000060
39483  49.421  -47.334  9.463 0.4000000060
39484  48.709  -47.462  9.706 0.4000000060
39485  48.256  -47.743  9.965 0.4000000060
40726  45.757  -46.472  18.331 0.4000000060
40727  45.404  -46.344  18.266 0.4000000060
40728  44.792  -46.154  18.138 0.4000000060
40735  45.818  -46.422  18.117 0.4000000060
40736  45.156  -46.164  18.031 0.4000000060
40737  44.382  -46.110  17.848 0.4000000060
40744  45.595  -46.482  18.174 0.4000000060
40745  44.786  -46.409  17.961 0.4000000060
40746  43.873  -46.388  17.745 0.4000000060
43326  50.914  -45.512  6.725 0.1000000015
163363  41.730  -67.260  19.618 0.1000000015
