#!ascii label  , from subject 3257 vox2ras=TkReg
143
25272  47.105  -58.983  22.966 0.0000000000
25313  48.750  -59.358  14.836 0.0000000000
20960  46.861  -63.639  22.635 0.0000000000
24144  50.047  -59.918  19.239 0.0000000000
19934  48.059  -64.321  18.160 0.0000000000
19922  47.930  -63.989  20.265 0.0000000000
17953  46.037  -65.431  19.251 0.0000000000
24150  49.645  -60.249  16.944 0.0000000000
26456  50.133  -57.670  17.845 0.0000000000
23016  48.069  -61.033  22.682 0.0000000000
20964  48.993  -62.741  21.256 0.0000000000
20969  48.986  -62.965  18.929 0.0000000000
21961  48.034  -62.475  16.291 0.0000000000
19956  46.697  -64.098  16.358 0.0000000000
24089  48.076  -60.095  24.315 0.0000000000
24108  46.927  -60.459  23.887 0.0000000000
21922  45.131  -61.874  23.444 0.0000000000
26450  49.935  -57.750  20.192 0.0000000000
17929  46.234  -65.238  20.289 0.0000000000
24153  49.338  -60.051  15.782 0.0000000000
25308  49.827  -59.235  16.176 0.0000000000
20959  47.285  -63.063  22.466 0.0000000000
20958  48.272  -62.930  21.906 0.0000000000
19926  47.988  -64.228  19.267 0.0000000000
19921  48.426  -63.453  19.678 0.0000000000
19933  48.269  -63.730  18.198 0.0000000000
21956  48.853  -62.507  16.896 0.0000000000
20984  48.063  -63.742  17.389 0.0000000000
21007  46.520  -63.181  15.722 0.0000000000
22984  45.064  -60.612  24.392 0.0000000000
23002  45.716  -61.004  23.584 0.0000000000
23003  44.652  -60.971  23.602 0.0000000000
23028  49.891  -60.554  20.698 0.0000000000
25298  50.140  -58.824  19.705 0.0000000000
28585  49.956  -55.659  17.270 0.0000000000
28576  49.630  -55.535  18.231 0.0000000000
18870  46.505  -64.565  22.137 0.0000000000
19918  47.175  -64.252  21.340 0.0000000000
18887  46.531  -64.917  21.287 0.0000000000
18901  46.788  -64.899  19.439 0.0000000000
17952  46.432  -65.369  18.855 0.0000000000
24147  49.980  -60.037  18.123 0.0000000000
25301  50.130  -58.894  18.565 0.0000000000
25304  50.086  -59.067  17.360 0.0000000000
27537  50.140  -56.848  16.894 0.0000000000
25320  47.600  -59.008  14.154 0.0000000000
24120  47.632  -59.837  22.795 0.0000000000
23029  49.440  -60.907  21.349 0.0000000000
21944  49.362  -61.602  20.003 0.0000000000
19916  48.492  -63.353  20.683 0.0000000000
20967  49.051  -62.612  20.092 0.0000000000
21946  49.300  -61.342  19.118 0.0000000000
23039  49.485  -60.814  17.791 0.0000000000
24154  49.249  -60.855  16.189 0.0000000000
24159  48.206  -60.136  15.383 0.0000000000
19945  47.433  -64.329  17.168 0.0000000000
20994  47.363  -63.317  16.488 0.0000000000
21972  47.271  -61.868  15.957 0.0000000000
23051  47.056  -60.839  15.537 0.0000000000
25256  48.501  -58.611  23.523 0.0000000000
25243  47.994  -59.320  23.800 0.0000000000
24090  47.229  -60.331  24.211 0.0000000000
24107  47.371  -59.910  23.534 0.0000000000
23017  47.459  -61.408  22.987 0.0000000000
21920  47.060  -62.237  22.988 0.0000000000
20946  46.592  -63.092  23.025 0.0000000000
19891  45.105  -64.032  23.176 0.0000000000
19906  46.258  -64.135  22.744 0.0000000000
27526  49.801  -56.559  18.636 0.0000000000
25271  47.902  -58.191  22.839 0.0000000000
25287  47.549  -58.961  22.520 0.0000000000
24158  49.039  -59.944  15.100 0.0000000000
25312  49.364  -59.331  15.326 0.0000000000
19904  47.664  -63.490  21.936 0.0000000000
18900  47.298  -64.866  18.844 0.0000000000
19925  48.345  -63.641  18.712 0.0000000000
20975  48.233  -63.759  17.934 0.0000000000
21024  46.286  -63.193  14.678 0.0000000000
23032  49.835  -60.812  19.872 0.0000000000
24141  50.062  -59.815  20.273 0.0000000000
29665  50.002  -54.744  16.672 0.0000000000
17940  45.786  -65.621  19.692 0.0000000000
17939  46.314  -65.190  19.611 0.0000000000
27546  50.094  -57.191  15.813 0.0000000000
28596  50.082  -55.962  16.123 0.0000000000
24119  48.332  -60.229  22.464 0.0000000000
23033  49.614  -61.177  20.565 0.0000000000
21941  49.293  -61.846  20.829 0.0000000000
18886  47.261  -64.372  20.707 0.0000000000
19917  47.904  -63.827  21.334 0.0000000000
21947  49.194  -61.873  19.121 0.0000000000
23040  49.281  -61.448  18.326 0.0000000000
21951  49.107  -62.288  18.050 0.0000000000
23047  48.389  -61.547  15.996 0.0000000000
17070  45.484  -66.709  15.405 0.0000000000
18936  46.211  -64.730  16.016 0.0000000000
18937  46.214  -65.379  16.327 0.0000000000
21987  46.338  -62.144  15.000 0.0000000000
21973  46.759  -62.394  15.952 0.0000000000
21986  46.519  -61.552  15.548 0.0000000000
25242  48.896  -59.473  24.104 0.0000000000
22983  46.411  -60.646  24.445 0.0000000000
23000  47.479  -60.620  23.136 0.0000000000
23001  46.823  -61.014  23.469 0.0000000000
21921  46.166  -61.975  23.233 0.0000000000
20945  47.015  -62.827  22.882 0.0000000000
20947  45.599  -62.918  23.340 0.0000000000
18860  44.351  -64.626  23.231 0.0000000000
19890  45.925  -63.581  23.142 0.0000000000
27529  49.963  -56.449  17.785 0.0000000000
21935  47.831  -62.139  22.574 0.0000000000
21934  48.545  -61.945  22.158 0.0000000000
18893  47.314  -64.495  19.780 0.0000000000
20974  48.529  -63.228  17.887 0.0000000000
20983  48.165  -63.079  16.869 0.0000000000
19968  46.249  -63.996  15.419 0.0000000000
29655  49.642  -54.652  17.754 0.0000000000
19905  47.096  -64.056  22.050 0.0000000000
18894  46.725  -64.827  20.191 0.0000000000
23036  49.552  -60.880  18.867 0.0000000000
26461  50.131  -58.090  16.541 0.0000000000
25319  47.820  -59.127  14.430 0.0000000000
24134  48.124  -59.485  22.493 0.0000000000
21943  49.395  -61.290  19.423 0.0000000000
23043  49.425  -60.843  17.211 0.0000000000
23044  49.261  -61.445  17.149 0.0000000000
24151  49.386  -60.853  16.888 0.0000000000
17951  46.909  -65.265  18.340 0.0000000000
18008  45.850  -65.702  15.933 0.0000000000
17981  46.829  -65.395  17.621 0.0000000000
18913  47.244  -65.026  17.880 0.0000000000
20993  47.769  -62.908  16.413 0.0000000000
21962  47.407  -62.603  16.162 0.0000000000
26409  49.462  -58.164  23.371 0.0000000000
25255  49.665  -58.843  23.914 0.0000000000
25257  47.522  -58.804  23.468 0.0000000000
22982  47.464  -60.622  24.928 0.0000000000
26453  50.052  -57.710  19.108 0.0000000000
23037  49.279  -61.377  18.880 0.0000000000
25321  47.776  -58.877  14.071 0.0000000000
26478  47.974  -58.756  14.135 0.0000000000
26479  47.820  -58.946  14.223 0.0000000000
26491  47.820  -58.701  13.989 0.0000000000
