#!ascii label  , from subject 3577 vox2ras=TkReg
1425
49427  -8.579  -61.464  57.580 0.0000000000
66081  -38.682  -47.433  48.856 0.0000000000
74853  -38.034  -42.994  46.454 0.0000000000
56326  -28.723  -57.281  48.933 0.0000000000
89732  -45.440  -29.255  38.928 0.0000000000
83590  -38.593  -35.062  42.425 0.0000000000
64922  -41.123  -48.340  52.776 0.0000000000
61297  -33.992  -52.438  50.029 0.0000000000
90952  -51.018  -28.484  40.663 0.0000000000
89825  -53.450  -28.900  37.452 0.0000000000
96963  -55.571  -24.212  36.647 0.0000000000
163671  -40.368  -37.863  49.516 0.0000000000
79754  -36.512  -38.734  44.717 0.0000000000
87291  -41.810  -32.502  47.813 0.0000000000
88490  -44.749  -28.768  46.658 0.0000000000
61247  -21.724  -52.754  51.973 0.0000000000
44959  -6.309  -64.869  60.026 0.0000000000
71064  -43.509  -45.047  45.884 0.0000000000
74766  -40.149  -42.581  51.863 0.0000000000
63773  -25.181  -51.826  47.617 0.0000000000
60107  -29.068  -53.827  45.180 0.0000000000
95743  -53.808  -25.220  32.078 0.0000000000
101689  -56.816  -19.953  34.835 0.0000000000
89688  -40.401  -30.638  41.444 0.0000000000
93339  -47.891  -27.094  44.141 0.0000000000
53576  -10.070  -58.782  55.016 0.0000000000
39032  -3.951  -69.364  55.088 0.0000000000
88571  -52.008  -29.701  39.049 0.0000000000
83493  -41.824  -35.432  48.060 0.0000000000
58759  -19.944  -54.581  50.441 0.0000000000
48029  -7.559  -63.227  58.694 0.0000000000
68607  -40.609  -46.905  44.847 0.0000000000
66147  -41.584  -47.357  46.381 0.0000000000
60047  -26.588  -54.220  48.219 0.0000000000
58837  -27.108  -54.746  45.665 0.0000000000
57608  -29.726  -55.733  46.697 0.0000000000
64944  -35.701  -49.455  50.689 0.0000000000
64971  -32.791  -50.081  48.387 0.0000000000
66106  -35.319  -48.110  48.828 0.0000000000
57505  -27.005  -56.036  51.754 0.0000000000
61249  -26.224  -53.011  51.485 0.0000000000
91066  -50.350  -29.668  34.322 0.0000000000
94552  -53.297  -26.556  32.676 0.0000000000
99363  -56.058  -22.603  36.036 0.0000000000
81090  -38.382  -37.471  43.159 0.0000000000
88511  -38.289  -32.061  42.357 0.0000000000
92126  -46.589  -27.968  45.523 0.0000000000
53637  -17.077  -57.651  53.922 0.0000000000
53579  -14.929  -56.946  54.835 0.0000000000
53526  -13.282  -58.474  56.524 0.0000000000
54919  -12.518  -57.767  53.450 0.0000000000
39034  -5.187  -68.701  54.194 0.0000000000
66045  -39.201  -48.010  51.214 0.0000000000
66113  -42.305  -48.114  48.571 0.0000000000
67241  -44.086  -48.800  50.602 0.0000000000
56274  -32.091  -56.472  50.735 0.0000000000
57594  -32.756  -55.376  48.178 0.0000000000
60036  -35.124  -53.458  52.168 0.0000000000
63746  -37.179  -50.111  52.268 0.0000000000
90966  -47.600  -28.492  40.423 0.0000000000
89756  -49.539  -29.413  38.365 0.0000000000
91039  -50.426  -29.104  35.978 0.0000000000
92288  -52.015  -28.028  34.999 0.0000000000
94531  -52.568  -26.247  35.428 0.0000000000
93409  -54.544  -26.927  37.238 0.0000000000
77186  -37.479  -40.843  48.584 0.0000000000
76056  -36.584  -41.427  45.917 0.0000000000
78405  -38.404  -38.229  47.278 0.0000000000
79744  -39.766  -36.468  45.743 0.0000000000
83555  -40.448  -34.676  44.931 0.0000000000
87330  -40.747  -31.726  44.644 0.0000000000
89653  -42.370  -30.317  47.141 0.0000000000
58710  -20.481  -54.408  54.682 0.0000000000
56242  -19.089  -56.194  52.236 0.0000000000
104102  -55.536  -18.578  31.110 0.0000000000
43392  -4.991  -65.559  60.914 0.0000000000
69860  -42.344  -46.266  43.380 0.0000000000
73617  -40.616  -44.032  46.426 0.0000000000
73611  -44.402  -44.082  48.048 0.0000000000
74826  -41.230  -44.176  48.375 0.0000000000
73573  -38.705  -43.377  49.306 0.0000000000
77138  -39.926  -40.323  51.692 0.0000000000
61320  -31.078  -53.140  47.401 0.0000000000
61219  -25.454  -52.130  53.783 0.0000000000
62488  -23.125  -51.727  50.544 0.0000000000
96985  -53.112  -23.999  34.366 0.0000000000
100509  -54.076  -22.324  33.334 0.0000000000
102902  -54.619  -20.173  32.322 0.0000000000
105188  -56.625  -17.422  34.067 0.0000000000
49473  -8.275  -62.098  54.314 0.0000000000
46584  -7.444  -64.093  55.577 0.0000000000
89711  -43.074  -29.352  39.521 0.0000000000
89678  -42.707  -29.118  44.508 0.0000000000
92177  -44.618  -27.656  43.083 0.0000000000
92199  -46.496  -27.716  41.369 0.0000000000
93371  -49.972  -26.848  42.108 0.0000000000
52192  -9.116  -59.852  56.611 0.0000000000
43457  -6.268  -65.646  56.879 0.0000000000
40464  -5.415  -67.355  56.965 0.0000000000
41944  -4.330  -67.029  57.092 0.0000000000
48030  -7.844  -62.226  59.012 0.0000000000
67281  -38.878  -47.136  47.754 0.0000000000
67303  -39.809  -47.353  46.850 0.0000000000
66133  -40.731  -47.529  47.225 0.0000000000
58782  -27.277  -55.884  49.059 0.0000000000
57589  -27.952  -55.915  47.201 0.0000000000
57590  -29.102  -56.464  47.359 0.0000000000
66060  -37.570  -47.866  50.148 0.0000000000
64956  -35.667  -48.652  50.125 0.0000000000
67255  -37.089  -47.203  48.899 0.0000000000
68558  -37.185  -46.764  47.773 0.0000000000
56273  -29.078  -58.131  50.965 0.0000000000
56220  -28.603  -56.731  52.281 0.0000000000
56300  -28.067  -56.646  50.114 0.0000000000
58761  -26.875  -55.651  49.944 0.0000000000
92300  -52.451  -28.061  33.036 0.0000000000
73646  -39.807  -43.378  44.859 0.0000000000
74886  -38.450  -43.599  45.224 0.0000000000
82375  -38.570  -36.280  42.453 0.0000000000
81111  -38.104  -36.733  41.781 0.0000000000
86127  -38.579  -33.894  42.417 0.0000000000
56212  -16.458  -57.450  52.324 0.0000000000
53612  -16.382  -57.296  54.227 0.0000000000
56191  -14.891  -57.356  53.102 0.0000000000
54920  -13.670  -57.647  53.823 0.0000000000
56209  -13.437  -57.653  52.299 0.0000000000
66028  -40.008  -47.994  51.770 0.0000000000
66047  -41.338  -48.262  50.790 0.0000000000
64935  -42.826  -48.442  51.640 0.0000000000
56276  -33.440  -55.951  52.074 0.0000000000
57546  -33.168  -54.695  50.782 0.0000000000
58763  -35.051  -54.543  52.353 0.0000000000
63723  -38.922  -50.913  53.550 0.0000000000
62473  -37.738  -51.589  52.934 0.0000000000
64920  -39.207  -49.258  52.259 0.0000000000
64933  -38.142  -49.147  51.627 0.0000000000
90950  -49.400  -28.183  40.767 0.0000000000
89735  -48.773  -28.809  38.776 0.0000000000
90981  -49.988  -28.626  39.650 0.0000000000
88605  -52.771  -29.692  37.818 0.0000000000
89804  -51.489  -29.403  37.660 0.0000000000
91025  -51.850  -28.950  37.136 0.0000000000
92273  -51.334  -28.695  35.439 0.0000000000
92274  -52.570  -28.414  36.093 0.0000000000
93421  -53.276  -27.588  35.992 0.0000000000
92276  -54.356  -28.143  37.258 0.0000000000
78352  -38.861  -39.540  49.599 0.0000000000
78390  -37.775  -39.313  48.098 0.0000000000
78374  -39.495  -38.267  48.566 0.0000000000
83494  -42.120  -35.555  46.939 0.0000000000
81032  -40.885  -36.353  46.909 0.0000000000
82326  -42.114  -36.222  45.733 0.0000000000
82338  -40.427  -35.476  45.260 0.0000000000
84789  -40.910  -34.700  45.819 0.0000000000
86071  -40.904  -32.870  46.224 0.0000000000
87290  -41.854  -31.674  47.603 0.0000000000
61204  -22.526  -52.776  54.792 0.0000000000
59951  -21.756  -54.300  55.231 0.0000000000
59988  -21.485  -53.622  53.533 0.0000000000
57502  -19.300  -55.621  51.589 0.0000000000
107391  -55.942  -16.233  32.409 0.0000000000
108465  -56.702  -15.063  31.775 0.0000000000
43421  -6.107  -65.811  59.825 0.0000000000
68609  -42.072  -47.200  44.866 0.0000000000
68633  -42.052  -47.085  43.873 0.0000000000
71098  -43.151  -45.633  43.924 0.0000000000
72341  -41.871  -44.560  44.950 0.0000000000
73631  -42.149  -43.905  45.822 0.0000000000
67261  -44.236  -47.148  49.046 0.0000000000
68559  -44.349  -46.781  47.985 0.0000000000
72308  -43.820  -44.914  49.082 0.0000000000
73524  -41.577  -44.362  51.481 0.0000000000
73552  -42.218  -44.541  49.992 0.0000000000
73550  -40.600  -43.806  50.654 0.0000000000
74807  -40.050  -43.788  49.531 0.0000000000
74787  -39.863  -43.632  50.766 0.0000000000
75988  -38.508  -42.100  50.496 0.0000000000
75971  -39.464  -41.594  51.581 0.0000000000
60105  -27.897  -54.382  44.618 0.0000000000
60049  -33.160  -53.939  48.990 0.0000000000
58843  -32.138  -54.857  47.420 0.0000000000
61309  -32.469  -52.687  49.210 0.0000000000
62569  -31.046  -51.056  46.823 0.0000000000
58719  -26.420  -53.849  54.093 0.0000000000
62508  -25.379  -52.243  49.776 0.0000000000
62489  -24.739  -51.890  50.913 0.0000000000
62527  -24.556  -51.732  48.801 0.0000000000
62525  -22.631  -52.070  48.368 0.0000000000
95703  -54.137  -25.149  36.468 0.0000000000
96973  -52.652  -24.546  35.124 0.0000000000
96962  -54.595  -24.108  36.262 0.0000000000
101681  -56.834  -21.117  35.226 0.0000000000
99369  -54.853  -22.074  35.103 0.0000000000
101687  -55.425  -20.631  34.351 0.0000000000
101694  -54.814  -20.852  32.885 0.0000000000
102896  -55.561  -19.405  33.650 0.0000000000
104094  -55.841  -18.329  33.374 0.0000000000
104090  -56.903  -18.371  34.525 0.0000000000
77227  -36.217  -40.412  45.504 0.0000000000
76066  -35.567  -41.916  44.151 0.0000000000
89710  -42.160  -29.963  39.692 0.0000000000
89699  -42.255  -29.534  40.808 0.0000000000
89660  -42.679  -30.104  45.922 0.0000000000
88502  -41.443  -30.690  44.040 0.0000000000
89668  -42.968  -29.354  45.312 0.0000000000
92148  -47.242  -27.456  44.874 0.0000000000
92146  -45.237  -27.874  44.668 0.0000000000
92167  -46.305  -27.293  43.635 0.0000000000
92178  -45.508  -27.501  42.522 0.0000000000
93352  -46.859  -27.230  43.016 0.0000000000
92181  -48.000  -27.697  41.822 0.0000000000
93354  -48.524  -27.132  43.291 0.0000000000
53551  -12.289  -58.167  55.867 0.0000000000
53524  -10.710  -58.972  57.011 0.0000000000
52194  -10.129  -58.943  57.792 0.0000000000
53549  -9.819  -58.959  56.011 0.0000000000
52229  -8.745  -60.423  54.995 0.0000000000
53607  -9.427  -59.403  54.148 0.0000000000
45043  -6.684  -65.260  54.462 0.0000000000
45006  -6.925  -64.883  55.914 0.0000000000
41977  -6.026  -66.509  54.566 0.0000000000
39013  -4.639  -68.790  54.809 0.0000000000
40481  -5.388  -67.546  56.278 0.0000000000
38994  -5.099  -67.928  55.695 0.0000000000
40462  -5.150  -67.332  57.349 0.0000000000
38992  -4.613  -67.901  56.097 0.0000000000
58749  -36.800  -54.027  54.141 0.0000000000
92222  -52.882  -28.310  40.751 0.0000000000
90983  -51.360  -29.287  39.746 0.0000000000
89719  -52.918  -29.616  40.383 0.0000000000
80998  -40.754  -37.362  49.111 0.0000000000
62469  -21.498  -52.654  50.641 0.0000000000
60004  -20.609  -53.692  51.797 0.0000000000
46492  -7.040  -62.888  60.591 0.0000000000
46509  -6.971  -64.194  59.320 0.0000000000
67320  -39.646  -47.062  45.650 0.0000000000
67339  -41.527  -47.189  45.341 0.0000000000
68611  -42.798  -46.892  46.069 0.0000000000
75960  -40.305  -41.583  52.594 0.0000000000
61295  -26.155  -53.048  48.189 0.0000000000
61319  -26.505  -53.337  46.179 0.0000000000
60088  -27.193  -54.668  46.855 0.0000000000
58839  -28.177  -55.114  46.294 0.0000000000
58862  -29.021  -54.780  45.691 0.0000000000
63756  -35.380  -50.736  50.960 0.0000000000
63774  -33.692  -51.229  49.515 0.0000000000
64955  -34.516  -49.357  50.227 0.0000000000
64973  -34.451  -48.600  49.380 0.0000000000
68555  -34.813  -46.772  47.450 0.0000000000
57486  -26.800  -55.457  53.257 0.0000000000
58730  -26.646  -54.675  52.694 0.0000000000
58745  -26.593  -54.953  51.544 0.0000000000
60032  -25.917  -53.935  49.243 0.0000000000
89838  -49.573  -29.849  34.689 0.0000000000
95737  -53.776  -25.856  32.305 0.0000000000
96977  -57.604  -23.961  36.006 0.0000000000
98172  -55.972  -23.366  36.509 0.0000000000
79778  -37.015  -38.365  43.279 0.0000000000
87374  -38.657  -32.643  40.815 0.0000000000
88513  -39.657  -31.361  42.037 0.0000000000
90880  -46.439  -28.405  47.386 0.0000000000
90899  -45.063  -28.496  45.967 0.0000000000
90902  -47.677  -27.803  46.481 0.0000000000
54925  -18.288  -57.117  54.349 0.0000000000
53582  -17.102  -57.398  55.378 0.0000000000
52197  -15.432  -58.025  56.591 0.0000000000
53527  -14.064  -58.489  56.009 0.0000000000
54873  -12.623  -57.923  55.420 0.0000000000
54918  -11.060  -58.091  53.733 0.0000000000
53634  -10.088  -59.050  52.672 0.0000000000
54978  -11.779  -58.555  51.765 0.0000000000
66062  -39.446  -47.687  50.068 0.0000000000
67258  -41.228  -47.162  49.037 0.0000000000
66064  -41.335  -48.051  49.943 0.0000000000
66087  -42.903  -47.889  49.839 0.0000000000
56303  -29.879  -57.578  49.580 0.0000000000
56349  -30.763  -56.848  48.251 0.0000000000
57567  -32.299  -55.983  49.156 0.0000000000
58801  -33.472  -54.109  50.152 0.0000000000
61282  -34.466  -52.710  50.633 0.0000000000
61250  -36.708  -52.726  53.406 0.0000000000
61284  -36.108  -52.141  51.415 0.0000000000
62510  -35.410  -51.912  50.688 0.0000000000
63757  -36.009  -49.855  51.256 0.0000000000
66044  -38.208  -48.017  51.074 0.0000000000
55015  -30.289  -56.535  51.042 0.0000000000
89733  -46.551  -29.129  38.925 0.0000000000
89753  -46.174  -29.513  38.207 0.0000000000
89734  -47.710  -29.153  38.884 0.0000000000
89778  -48.277  -29.701  37.185 0.0000000000
89802  -49.115  -29.955  36.553 0.0000000000
89757  -50.516  -29.586  38.701 0.0000000000
89780  -50.343  -29.574  37.963 0.0000000000
89823  -49.681  -29.589  35.776 0.0000000000
91056  -50.286  -29.482  35.109 0.0000000000
91057  -50.885  -29.140  34.650 0.0000000000
92287  -51.716  -28.470  34.205 0.0000000000
93441  -52.338  -27.647  33.486 0.0000000000
93420  -52.691  -27.362  35.201 0.0000000000
94515  -53.432  -26.141  36.519 0.0000000000
94517  -55.156  -26.071  37.220 0.0000000000
93411  -56.163  -27.167  37.434 0.0000000000
95706  -57.012  -25.367  36.974 0.0000000000
74822  -37.507  -42.437  48.076 0.0000000000
74852  -37.347  -42.705  46.218 0.0000000000
76034  -36.817  -41.102  47.281 0.0000000000
78403  -37.124  -39.709  46.573 0.0000000000
78427  -37.575  -38.783  45.793 0.0000000000
79708  -39.639  -37.425  48.004 0.0000000000
79730  -38.588  -37.636  46.780 0.0000000000
79742  -38.432  -37.664  45.517 0.0000000000
79758  -38.979  -36.750  44.681 0.0000000000
82356  -39.513  -35.624  44.090 0.0000000000
84801  -39.661  -34.705  43.910 0.0000000000
86109  -39.620  -33.818  43.702 0.0000000000
86081  -40.660  -33.075  45.079 0.0000000000
88487  -41.627  -30.886  46.388 0.0000000000
89654  -43.671  -29.644  46.860 0.0000000000
89647  -44.279  -29.597  47.640 0.0000000000
89649  -45.647  -28.487  47.619 0.0000000000
57457  -19.824  -54.738  55.505 0.0000000000
58728  -20.127  -54.421  52.571 0.0000000000
57473  -19.522  -55.106  53.417 0.0000000000
56193  -19.269  -55.883  54.068 0.0000000000
54954  -18.290  -56.741  53.097 0.0000000000
73647  -41.016  -43.692  44.781 0.0000000000
74855  -39.744  -44.023  46.752 0.0000000000
66135  -41.869  -47.509  47.248 0.0000000000
68590  -43.400  -46.824  46.935 0.0000000000
72315  -44.198  -44.794  46.755 0.0000000000
73595  -43.380  -43.877  48.212 0.0000000000
73608  -42.414  -44.045  47.371 0.0000000000
74841  -41.060  -43.897  47.643 0.0000000000
74840  -40.097  -43.668  47.748 0.0000000000
74838  -38.040  -43.205  47.437 0.0000000000
76022  -37.679  -41.882  49.128 0.0000000000
77172  -38.592  -40.488  50.152 0.0000000000
78334  -39.755  -39.496  50.697 0.0000000000
77139  -40.328  -39.325  52.024 0.0000000000
77140  -40.767  -38.377  51.966 0.0000000000
57609  -30.735  -55.886  46.902 0.0000000000
58864  -30.246  -54.380  46.800 0.0000000000
60108  -29.621  -53.688  46.154 0.0000000000
62551  -31.627  -51.789  48.588 0.0000000000
61336  -30.611  -52.414  46.421 0.0000000000
61206  -24.584  -52.447  54.852 0.0000000000
62437  -23.543  -51.866  53.570 0.0000000000
61231  -25.620  -52.325  52.718 0.0000000000
63736  -24.406  -51.619  52.238 0.0000000000
62470  -21.988  -52.096  51.222 0.0000000000
62505  -22.114  -52.410  49.160 0.0000000000
94546  -52.467  -26.526  33.681 0.0000000000
95731  -52.893  -25.584  33.465 0.0000000000
96991  -53.207  -24.502  33.366 0.0000000000
99362  -55.110  -22.689  35.655 0.0000000000
98192  -54.083  -23.104  34.095 0.0000000000
98197  -53.949  -23.510  32.809 0.0000000000
99375  -54.260  -22.570  32.335 0.0000000000
99384  -54.729  -22.483  31.663 0.0000000000
100513  -55.223  -21.526  31.252 0.0000000000
102903  -54.894  -19.654  31.704 0.0000000000
105191  -55.607  -17.500  32.782 0.0000000000
49440  -8.037  -62.257  56.090 0.0000000000
48062  -7.533  -63.374  56.371 0.0000000000
48076  -8.018  -63.054  55.196 0.0000000000
74884  -36.863  -43.263  44.826 0.0000000000
89712  -44.430  -28.873  39.681 0.0000000000
87340  -40.103  -32.232  43.735 0.0000000000
88501  -40.420  -30.916  43.516 0.0000000000
89676  -41.274  -30.028  43.016 0.0000000000
92144  -44.042  -28.593  44.938 0.0000000000
90924  -43.001  -28.536  43.912 0.0000000000
89690  -42.376  -29.144  42.263 0.0000000000
90944  -43.790  -28.206  41.905 0.0000000000
90945  -44.571  -28.274  41.178 0.0000000000
89702  -45.220  -28.335  40.392 0.0000000000
90948  -47.318  -28.076  40.839 0.0000000000
92201  -48.383  -27.983  41.163 0.0000000000
92203  -49.932  -27.880  41.219 0.0000000000
50812  -8.975  -60.347  58.939 0.0000000000
52161  -9.802  -59.680  58.849 0.0000000000
50819  -9.016  -60.719  57.685 0.0000000000
50837  -8.718  -61.184  56.054 0.0000000000
50868  -8.704  -61.559  53.790 0.0000000000
48045  -7.153  -63.768  56.904 0.0000000000
46527  -6.853  -64.319  58.425 0.0000000000
44993  -6.247  -65.398  57.899 0.0000000000
41976  -5.667  -67.010  55.097 0.0000000000
41945  -5.660  -66.902  56.879 0.0000000000
43439  -5.719  -66.143  58.524 0.0000000000
43420  -5.388  -66.194  59.458 0.0000000000
43419  -4.734  -66.099  59.081 0.0000000000
37606  -3.978  -69.061  54.908 0.0000000000
40495  -3.990  -67.760  55.990 0.0000000000
49416  -8.483  -61.443  58.701 0.0000000000
49415  -8.072  -62.395  58.096 0.0000000000
66108  -39.285  -47.193  48.036 0.0000000000
67282  -39.504  -47.230  47.632 0.0000000000
66109  -39.907  -47.219  47.870 0.0000000000
57543  -28.206  -56.774  48.972 0.0000000000
57564  -27.776  -56.246  48.462 0.0000000000
57565  -28.425  -56.753  48.112 0.0000000000
66080  -37.375  -47.504  49.481 0.0000000000
67256  -37.989  -47.393  48.519 0.0000000000
56302  -29.165  -57.671  50.015 0.0000000000
56271  -28.191  -56.916  50.587 0.0000000000
56301  -28.375  -57.095  49.882 0.0000000000
57542  -27.850  -56.407  49.523 0.0000000000
74870  -38.631  -43.239  45.811 0.0000000000
74887  -39.070  -43.288  45.209 0.0000000000
74869  -37.912  -43.115  45.665 0.0000000000
82376  -38.748  -35.699  43.123 0.0000000000
82394  -38.591  -35.750  42.358 0.0000000000
84836  -38.503  -34.338  41.658 0.0000000000
84837  -38.652  -34.414  42.454 0.0000000000
56211  -15.472  -57.355  52.481 0.0000000000
56192  -15.368  -57.364  53.150 0.0000000000
56210  -14.391  -57.334  52.231 0.0000000000
64921  -40.028  -48.510  52.676 0.0000000000
66029  -40.989  -48.325  51.718 0.0000000000
56277  -34.114  -55.925  52.859 0.0000000000
57525  -34.255  -55.027  52.342 0.0000000000
57508  -35.524  -55.212  53.294 0.0000000000
64904  -39.376  -49.793  53.129 0.0000000000
56250  -33.858  -56.372  52.803 0.0000000000
90951  -50.246  -28.316  40.726 0.0000000000
90968  -49.661  -28.518  40.115 0.0000000000
90969  -50.510  -28.572  40.172 0.0000000000
89805  -52.715  -29.300  37.470 0.0000000000
89824  -52.970  -28.881  37.306 0.0000000000
92260  -52.079  -28.782  36.687 0.0000000000
91042  -53.148  -28.491  37.146 0.0000000000
92275  -53.580  -27.901  36.891 0.0000000000
91043  -53.928  -28.483  37.384 0.0000000000
78335  -39.977  -38.504  49.773 0.0000000000
79660  -39.169  -38.605  48.877 0.0000000000
163669  -39.803  -38.291  49.303 0.0000000000
84741  -41.970  -34.852  47.335 0.0000000000
83510  -42.736  -35.739  46.036 0.0000000000
84758  -41.816  -35.458  46.533 0.0000000000
84775  -41.260  -35.016  46.101 0.0000000000
84757  -41.211  -34.577  46.776 0.0000000000
86070  -41.072  -33.172  46.590 0.0000000000
62436  -22.426  -52.206  53.213 0.0000000000
61218  -21.966  -53.011  53.906 0.0000000000
61230  -21.541  -52.821  52.906 0.0000000000
107388  -56.531  -15.486  32.830 0.0000000000
107392  -56.196  -15.748  32.079 0.0000000000
108460  -57.044  -14.695  32.573 0.0000000000
44960  -6.648  -64.373  60.502 0.0000000000
43408  -6.728  -64.417  60.965 0.0000000000
43407  -6.247  -65.118  60.633 0.0000000000
69841  -43.353  -46.309  44.989 0.0000000000
69861  -42.926  -46.749  44.176 0.0000000000
71078  -43.344  -45.307  45.368 0.0000000000
72323  -42.427  -44.306  45.526 0.0000000000
72324  -43.204  -44.539  45.875 0.0000000000
69792  -44.682  -46.063  49.131 0.0000000000
72297  -43.907  -44.981  49.833 0.0000000000
74767  -40.876  -43.586  52.011 0.0000000000
73523  -40.661  -43.688  51.249 0.0000000000
74765  -39.529  -42.284  51.495 0.0000000000
63795  -24.640  -51.859  47.403 0.0000000000
62549  -25.532  -52.292  47.112 0.0000000000
61296  -33.281  -52.934  49.699 0.0000000000
60070  -32.880  -53.444  49.315 0.0000000000
62528  -25.567  -52.087  48.272 0.0000000000
63772  -24.733  -51.493  47.962 0.0000000000
63771  -23.913  -51.326  48.176 0.0000000000
97009  -54.134  -24.893  31.846 0.0000000000
95704  -54.942  -25.132  36.746 0.0000000000
96961  -53.830  -24.507  35.978 0.0000000000
101688  -56.344  -20.546  34.823 0.0000000000
100504  -55.894  -21.175  34.799 0.0000000000
102892  -55.815  -19.915  34.422 0.0000000000
102893  -56.344  -19.324  34.386 0.0000000000
78426  -36.258  -39.503  45.084 0.0000000000
77235  -36.214  -40.420  44.383 0.0000000000
78440  -36.452  -39.543  44.016 0.0000000000
88524  -39.647  -31.235  41.146 0.0000000000
88533  -39.763  -31.261  40.256 0.0000000000
89697  -40.298  -30.603  40.480 0.0000000000
89698  -41.282  -30.254  40.662 0.0000000000
89661  -43.615  -28.984  46.238 0.0000000000
93338  -46.987  -27.051  43.957 0.0000000000
93353  -47.681  -27.346  43.207 0.0000000000
53577  -11.406  -58.205  55.135 0.0000000000
53550  -11.080  -58.533  55.965 0.0000000000
53575  -9.669  -59.237  54.449 0.0000000000
43489  -6.284  -65.785  55.175 0.0000000000
37607  -4.494  -69.192  54.638 0.0000000000
39012  -4.389  -68.509  55.216 0.0000000000
38993  -4.600  -67.765  55.910 0.0000000000
82269  -42.417  -36.310  49.786 0.0000000000
61263  -21.125  -53.266  50.295 0.0000000000
48013  -7.646  -62.645  60.014 0.0000000000
48012  -7.323  -63.601  59.296 0.0000000000
46510  -7.175  -63.650  59.785 0.0000000000
48011  -7.200  -64.032  58.982 0.0000000000
68585  -38.287  -46.966  45.961 0.0000000000
67304  -40.712  -47.506  46.618 0.0000000000
67322  -41.394  -47.330  46.161 0.0000000000
67340  -42.034  -47.295  45.579 0.0000000000
67324  -42.455  -47.335  46.095 0.0000000000
61307  -26.572  -53.188  47.304 0.0000000000
60068  -26.908  -54.813  47.488 0.0000000000
57606  -28.119  -55.424  46.564 0.0000000000
57607  -28.665  -55.358  46.573 0.0000000000
57629  -28.738  -55.208  45.919 0.0000000000
57630  -29.192  -55.360  46.156 0.0000000000
64943  -34.844  -50.306  50.838 0.0000000000
66078  -35.358  -48.438  49.529 0.0000000000
66131  -33.405  -48.445  47.874 0.0000000000
66105  -33.955  -48.063  48.568 0.0000000000
67278  -35.329  -47.272  48.255 0.0000000000
68568  -36.529  -46.475  46.574 0.0000000000
56247  -27.548  -56.405  51.711 0.0000000000
56219  -27.878  -56.207  52.461 0.0000000000
57487  -27.123  -55.983  52.841 0.0000000000
57504  -26.777  -55.534  52.412 0.0000000000
58746  -26.862  -55.580  50.934 0.0000000000
60033  -26.486  -54.715  49.428 0.0000000000
60020  -26.639  -54.904  50.073 0.0000000000
60046  -25.985  -53.602  48.653 0.0000000000
81068  -38.429  -37.699  43.589 0.0000000000
79779  -37.941  -38.012  42.616 0.0000000000
86126  -37.907  -33.386  41.496 0.0000000000
87365  -37.870  -32.250  41.803 0.0000000000
88523  -38.683  -31.761  41.683 0.0000000000
88512  -38.793  -31.789  42.442 0.0000000000
90890  -47.185  -28.405  46.905 0.0000000000
92149  -48.224  -27.422  45.044 0.0000000000
54924  -17.854  -57.429  54.230 0.0000000000
53615  -18.012  -57.214  55.235 0.0000000000
53638  -17.510  -57.518  54.232 0.0000000000
53580  -15.759  -57.387  54.997 0.0000000000
53581  -16.480  -57.414  55.259 0.0000000000
53555  -15.914  -57.404  55.669 0.0000000000
53528  -14.749  -58.135  56.007 0.0000000000
53553  -14.171  -57.542  55.528 0.0000000000
56189  -13.300  -57.516  53.084 0.0000000000
54894  -13.261  -57.610  54.563 0.0000000000
54893  -12.241  -58.039  54.668 0.0000000000
54947  -11.399  -58.288  52.606 0.0000000000
54948  -12.529  -58.061  52.295 0.0000000000
66063  -40.443  -47.663  50.104 0.0000000000
66066  -42.769  -48.363  50.345 0.0000000000
67259  -43.414  -47.884  50.203 0.0000000000
55052  -30.809  -56.643  49.651 0.0000000000
56329  -31.381  -56.867  49.035 0.0000000000
56305  -31.656  -56.202  49.887 0.0000000000
57547  -34.129  -54.642  51.351 0.0000000000
58783  -33.981  -54.117  50.957 0.0000000000
60034  -33.993  -53.546  50.417 0.0000000000
60035  -34.509  -53.429  51.273 0.0000000000
60008  -37.206  -53.504  54.205 0.0000000000
60022  -36.369  -53.581  53.136 0.0000000000
62492  -36.957  -51.199  52.813 0.0000000000
62491  -36.342  -51.110  52.138 0.0000000000
62511  -35.671  -50.949  51.496 0.0000000000
63745  -36.331  -50.191  51.824 0.0000000000
55017  -32.017  -56.699  51.528 0.0000000000
55036  -31.577  -56.541  50.728 0.0000000000
55034  -30.400  -57.228  50.006 0.0000000000
89714  -47.040  -28.711  39.726 0.0000000000
89755  -48.486  -29.500  38.157 0.0000000000
89779  -49.283  -29.537  37.567 0.0000000000
89738  -51.645  -29.616  39.504 0.0000000000
89737  -50.864  -29.399  39.305 0.0000000000
89758  -51.272  -29.685  39.008 0.0000000000
91024  -50.952  -28.688  37.202 0.0000000000
89803  -49.918  -28.683  37.093 0.0000000000
93432  -52.180  -27.470  34.235 0.0000000000
93408  -53.844  -27.033  36.559 0.0000000000
94516  -54.042  -25.868  37.160 0.0000000000
76021  -37.389  -41.679  48.353 0.0000000000
76035  -37.108  -41.420  47.572 0.0000000000
78391  -38.589  -38.845  47.905 0.0000000000
77217  -37.570  -39.820  47.294 0.0000000000
78404  -37.739  -39.248  47.141 0.0000000000
78416  -37.409  -39.218  46.157 0.0000000000
78417  -37.854  -38.656  46.370 0.0000000000
81019  -40.739  -36.512  48.193 0.0000000000
79709  -40.160  -37.293  48.459 0.0000000000
79732  -39.746  -36.760  46.349 0.0000000000
79722  -39.641  -37.012  47.192 0.0000000000
79731  -39.207  -37.327  46.447 0.0000000000
79743  -39.170  -36.958  45.485 0.0000000000
79757  -38.637  -37.385  44.493 0.0000000000
83537  -40.535  -35.230  45.144 0.0000000000
81071  -39.900  -35.771  44.788 0.0000000000
83554  -40.157  -35.088  44.657 0.0000000000
84802  -39.962  -34.253  44.428 0.0000000000
86092  -40.306  -33.890  44.827 0.0000000000
88481  -41.610  -30.930  47.265 0.0000000000
87318  -41.004  -31.811  45.773 0.0000000000
89641  -44.895  -29.361  48.353 0.0000000000
89642  -45.462  -28.672  48.283 0.0000000000
89648  -45.077  -29.128  47.642 0.0000000000
90877  -46.233  -28.244  48.213 0.0000000000
59962  -21.302  -54.227  54.699 0.0000000000
57464  -19.734  -54.930  54.509 0.0000000000
60018  -20.492  -53.760  50.809 0.0000000000
58744  -19.971  -54.352  51.475 0.0000000000
57485  -19.566  -54.986  52.125 0.0000000000
57484  -19.265  -55.606  52.656 0.0000000000
57472  -19.281  -55.684  53.352 0.0000000000
56216  -19.058  -56.116  53.168 0.0000000000
54926  -18.731  -56.454  53.774 0.0000000000
56215  -18.734  -56.400  52.754 0.0000000000
43391  -4.621  -65.509  60.284 0.0000000000
68653  -41.546  -46.810  43.465 0.0000000000
71097  -42.333  -45.522  43.130 0.0000000000
73648  -41.553  -43.968  45.336 0.0000000000
73630  -41.177  -43.826  45.790 0.0000000000
73629  -40.203  -44.161  45.680 0.0000000000
66112  -41.888  -48.298  48.147 0.0000000000
66111  -41.494  -47.716  47.964 0.0000000000
66136  -42.359  -47.862  47.804 0.0000000000
71050  -43.941  -45.629  48.151 0.0000000000
69820  -44.488  -46.402  47.191 0.0000000000
71058  -44.723  -45.340  47.114 0.0000000000
71066  -44.220  -45.985  46.538 0.0000000000
72316  -44.352  -44.831  47.353 0.0000000000
74809  -41.594  -44.568  49.027 0.0000000000
73575  -42.530  -44.364  48.769 0.0000000000
74827  -41.925  -44.283  48.385 0.0000000000
73594  -42.528  -44.217  48.011 0.0000000000
74842  -41.813  -44.007  47.842 0.0000000000
73607  -41.787  -43.849  47.263 0.0000000000
73574  -39.015  -43.546  49.286 0.0000000000
74825  -40.463  -43.809  48.529 0.0000000000
74824  -39.308  -43.603  48.801 0.0000000000
74839  -39.079  -43.456  47.662 0.0000000000
74823  -38.253  -43.237  48.692 0.0000000000
74805  -38.479  -42.642  49.871 0.0000000000
77153  -39.070  -40.565  50.781 0.0000000000
77152  -38.491  -41.207  50.370 0.0000000000
77112  -40.901  -40.835  53.275 0.0000000000
77123  -40.527  -40.541  52.678 0.0000000000
77124  -41.119  -39.205  52.794 0.0000000000
78323  -41.142  -37.658  51.202 0.0000000000
60087  -27.100  -54.246  46.260 0.0000000000
61333  -26.455  -53.694  45.797 0.0000000000
57593  -32.030  -56.391  48.140 0.0000000000
57591  -30.174  -56.085  47.799 0.0000000000
57610  -31.743  -55.932  47.104 0.0000000000
60089  -31.217  -53.877  47.621 0.0000000000
58865  -30.883  -54.364  47.410 0.0000000000
60109  -30.439  -53.499  46.947 0.0000000000
63798  -33.227  -50.650  49.025 0.0000000000
62552  -32.651  -51.574  49.236 0.0000000000
63797  -32.263  -50.903  48.769 0.0000000000
62426  -23.990  -51.805  54.462 0.0000000000
62438  -24.439  -51.614  53.937 0.0000000000
59990  -26.892  -54.167  52.096 0.0000000000
59989  -26.317  -53.462  52.447 0.0000000000
60005  -26.320  -53.111  51.823 0.0000000000
62471  -23.476  -51.715  51.669 0.0000000000
62487  -21.949  -52.340  50.107 0.0000000000
62506  -22.850  -51.884  49.471 0.0000000000
94541  -52.435  -26.458  34.555 0.0000000000
96984  -52.740  -24.867  34.265 0.0000000000
96990  -52.873  -25.162  33.807 0.0000000000
99356  -55.494  -22.981  36.197 0.0000000000
100502  -54.800  -21.720  34.556 0.0000000000
99368  -54.453  -22.432  34.938 0.0000000000
99372  -54.330  -22.668  34.110 0.0000000000
98191  -53.692  -23.428  33.657 0.0000000000
99374  -53.905  -22.715  33.025 0.0000000000
100510  -54.183  -21.785  32.691 0.0000000000
101697  -54.436  -20.727  32.062 0.0000000000
100512  -54.495  -21.593  31.835 0.0000000000
101698  -54.987  -20.586  31.409 0.0000000000
102900  -54.931  -19.593  32.608 0.0000000000
105187  -56.013  -17.416  33.496 0.0000000000
106276  -56.283  -16.534  33.605 0.0000000000
106277  -57.064  -16.541  34.115 0.0000000000
49454  -8.162  -61.682  55.435 0.0000000000
76057  -36.824  -42.357  45.961 0.0000000000
74868  -37.157  -42.982  45.519 0.0000000000
74867  -36.461  -42.471  45.294 0.0000000000
86080  -40.291  -32.781  44.409 0.0000000000
87355  -39.631  -33.140  43.560 0.0000000000
89677  -42.142  -29.235  43.652 0.0000000000
90900  -45.930  -28.419  46.156 0.0000000000
90888  -45.252  -28.400  45.830 0.0000000000
92125  -45.674  -28.183  45.373 0.0000000000
92165  -44.552  -27.799  44.062 0.0000000000
92176  -43.740  -27.922  43.529 0.0000000000
90936  -42.470  -28.776  43.031 0.0000000000
90937  -43.166  -28.519  42.844 0.0000000000
89691  -43.221  -28.676  41.990 0.0000000000
92196  -43.913  -27.843  42.654 0.0000000000
92198  -45.643  -27.713  41.686 0.0000000000
92197  -44.691  -27.733  41.995 0.0000000000
92214  -45.244  -28.068  41.277 0.0000000000
90946  -45.012  -28.305  40.718 0.0000000000
92215  -45.960  -27.988  41.104 0.0000000000
90965  -46.544  -28.130  40.627 0.0000000000
90947  -46.968  -27.774  40.955 0.0000000000
92182  -48.702  -27.504  41.726 0.0000000000
92183  -49.502  -27.348  41.630 0.0000000000
92202  -49.130  -27.801  41.190 0.0000000000
92184  -50.309  -27.379  41.569 0.0000000000
52193  -9.521  -59.605  57.221 0.0000000000
52176  -9.626  -59.556  58.051 0.0000000000
50828  -9.251  -60.181  57.607 0.0000000000
50820  -9.282  -60.265  58.208 0.0000000000
50827  -8.894  -60.601  56.903 0.0000000000
50854  -8.848  -60.302  53.966 0.0000000000
50853  -8.584  -60.931  54.479 0.0000000000
50869  -9.381  -61.012  53.334 0.0000000000
48061  -7.259  -63.951  56.575 0.0000000000
43471  -6.458  -65.863  56.072 0.0000000000
45005  -6.791  -64.914  56.683 0.0000000000
44994  -6.476  -65.075  57.551 0.0000000000
40529  -5.561  -68.143  53.652 0.0000000000
40513  -5.352  -67.799  54.656 0.0000000000
43456  -5.953  -66.032  57.561 0.0000000000
41930  -5.528  -66.834  57.469 0.0000000000
41929  -5.386  -66.852  57.632 0.0000000000
41928  -4.933  -67.033  57.556 0.0000000000
43437  -4.522  -66.260  57.912 0.0000000000
37605  -3.553  -68.807  54.993 0.0000000000
39010  -3.547  -68.410  55.514 0.0000000000
67302  -38.766  -46.987  46.574 0.0000000000
66132  -40.346  -47.468  47.122 0.0000000000
66134  -41.323  -47.576  46.999 0.0000000000
58781  -26.757  -55.234  48.779 0.0000000000
60048  -26.752  -54.949  47.937 0.0000000000
58799  -27.135  -55.485  48.003 0.0000000000
64945  -36.843  -49.011  50.589 0.0000000000
66059  -36.541  -48.239  50.305 0.0000000000
66079  -36.369  -47.849  49.406 0.0000000000
67254  -36.644  -47.493  48.970 0.0000000000
67279  -36.463  -47.374  48.552 0.0000000000
67280  -37.833  -46.988  47.741 0.0000000000
54992  -29.242  -57.082  51.836 0.0000000000
56249  -28.662  -57.189  51.781 0.0000000000
56248  -28.096  -56.770  51.429 0.0000000000
57506  -27.489  -56.293  51.253 0.0000000000
57522  -27.146  -56.019  50.860 0.0000000000
58762  -27.330  -56.171  49.701 0.0000000000
91067  -51.114  -29.476  33.684 0.0000000000
93445  -52.791  -27.510  32.850 0.0000000000
73668  -40.342  -43.734  44.156 0.0000000000
81091  -38.416  -37.080  42.713 0.0000000000
79780  -37.987  -37.416  41.958 0.0000000000
86107  -38.255  -33.210  42.528 0.0000000000
54952  -16.936  -57.643  53.198 0.0000000000
53636  -16.710  -57.510  53.665 0.0000000000
54951  -16.247  -57.401  53.280 0.0000000000
54922  -15.331  -57.274  53.682 0.0000000000
53610  -15.134  -57.192  54.203 0.0000000000
54895  -14.000  -57.285  54.746 0.0000000000
54921  -14.614  -57.448  53.942 0.0000000000
56190  -14.035  -57.343  53.079 0.0000000000
56208  -12.931  -57.690  52.768 0.0000000000
56235  -13.431  -57.972  51.744 0.0000000000
66046  -40.352  -48.303  50.890 0.0000000000
67228  -40.730  -48.304  51.211 0.0000000000
66048  -42.238  -48.372  51.227 0.0000000000
66049  -43.276  -48.656  51.141 0.0000000000
56275  -32.606  -56.240  51.321 0.0000000000
56306  -32.312  -56.015  50.461 0.0000000000
57524  -33.435  -55.332  51.561 0.0000000000
58785  -35.161  -54.147  52.285 0.0000000000
62474  -38.324  -51.782  53.331 0.0000000000
63738  -38.529  -50.623  52.841 0.0000000000
63737  -37.740  -50.688  52.649 0.0000000000
64919  -38.211  -49.750  52.380 0.0000000000
64934  -38.884  -49.129  51.661 0.0000000000
90967  -48.596  -28.427  40.515 0.0000000000
89715  -48.130  -28.763  39.661 0.0000000000
89716  -49.063  -28.617  39.570 0.0000000000
89736  -49.851  -28.917  39.112 0.0000000000
88588  -52.331  -29.770  38.274 0.0000000000
89781  -51.323  -29.757  38.420 0.0000000000
88604  -52.340  -29.598  37.777 0.0000000000
92258  -50.855  -28.766  36.166 0.0000000000
92259  -51.246  -28.653  36.571 0.0000000000
92261  -54.230  -27.581  37.054 0.0000000000
78371  -37.873  -39.441  48.995 0.0000000000
78389  -37.557  -39.913  48.491 0.0000000000
78372  -38.563  -38.956  48.672 0.0000000000
78392  -39.280  -38.395  47.941 0.0000000000
82297  -41.726  -35.944  47.125 0.0000000000
82298  -42.818  -36.081  46.400 0.0000000000
82312  -41.800  -36.366  46.113 0.0000000000
81041  -40.366  -36.224  46.252 0.0000000000
81054  -40.017  -36.028  45.400 0.0000000000
82324  -40.773  -35.765  45.921 0.0000000000
83538  -40.913  -35.239  45.504 0.0000000000
84788  -40.605  -34.430  45.365 0.0000000000
87305  -41.300  -31.877  47.013 0.0000000000
88480  -41.944  -31.245  47.487 0.0000000000
59952  -22.091  -53.644  55.618 0.0000000000
59963  -22.110  -53.874  54.628 0.0000000000
59977  -21.671  -53.910  54.101 0.0000000000
59976  -21.169  -54.348  53.904 0.0000000000
57503  -19.408  -54.917  51.035 0.0000000000
56241  -18.593  -56.706  52.043 0.0000000000
106287  -55.859  -16.694  31.989 0.0000000000
105201  -55.606  -17.639  31.288 0.0000000000
106288  -56.023  -16.112  31.511 0.0000000000
107400  -56.386  -15.629  31.302 0.0000000000
108476  -56.790  -14.954  31.091 0.0000000000
43406  -5.631  -65.848  60.430 0.0000000000
68608  -41.486  -47.046  44.655 0.0000000000
68634  -42.452  -47.109  44.533 0.0000000000
72363  -43.061  -45.086  43.852 0.0000000000
72342  -43.068  -44.910  44.438 0.0000000000
73618  -41.393  -43.804  46.681 0.0000000000
67285  -43.322  -47.594  49.016 0.0000000000
67309  -43.559  -47.370  48.206 0.0000000000
68536  -44.383  -46.612  48.476 0.0000000000
69810  -44.418  -45.863  48.576 0.0000000000
72307  -43.722  -44.780  48.224 0.0000000000
74789  -41.298  -44.151  49.752 0.0000000000
74808  -40.842  -44.111  49.184 0.0000000000
74806  -39.157  -43.411  49.835 0.0000000000
74786  -38.960  -42.644  51.006 0.0000000000
75989  -38.831  -41.608  50.918 0.0000000000
77125  -41.536  -38.437  53.161 0.0000000000
58860  -27.324  -55.047  45.219 0.0000000000
58821  -33.047  -54.577  48.440 0.0000000000
58820  -33.067  -54.874  47.673 0.0000000000
58844  -32.713  -54.371  47.877 0.0000000000
60090  -31.873  -53.648  47.914 0.0000000000
61308  -31.979  -52.909  48.387 0.0000000000
63823  -31.745  -50.573  47.928 0.0000000000
59964  -25.833  -53.028  54.471 0.0000000000
61266  -26.063  -52.855  50.807 0.0000000000
61265  -25.514  -52.395  51.054 0.0000000000
62507  -24.080  -51.524  49.766 0.0000000000
62526  -23.528  -51.651  48.806 0.0000000000
62546  -23.266  -52.011  47.591 0.0000000000
95701  -52.925  -25.516  36.130 0.0000000000
95725  -52.312  -25.467  34.890 0.0000000000
95719  -53.123  -24.644  35.771 0.0000000000
96974  -53.536  -23.874  35.302 0.0000000000
100496  -55.737  -22.206  35.472 0.0000000000
100503  -55.395  -21.700  34.949 0.0000000000
101686  -55.077  -21.268  34.463 0.0000000000
100507  -54.479  -21.918  33.759 0.0000000000
101691  -54.742  -21.009  33.988 0.0000000000
101692  -55.069  -20.287  33.376 0.0000000000
101695  -54.974  -20.259  32.830 0.0000000000
104095  -56.282  -18.276  33.957 0.0000000000
105180  -57.360  -17.498  34.493 0.0000000000
48094  -8.124  -63.185  53.910 0.0000000000
76067  -35.921  -41.605  44.634 0.0000000000
76077  -35.681  -41.004  43.854 0.0000000000
89709  -41.164  -30.710  39.660 0.0000000000
88494  -41.480  -30.739  45.271 0.0000000000
87341  -40.690  -31.393  43.993 0.0000000000
89667  -42.181  -29.828  44.795 0.0000000000
92147  -46.211  -27.668  44.546 0.0000000000
92166  -45.485  -27.565  43.656 0.0000000000
93351  -46.129  -27.373  42.898 0.0000000000
93366  -46.075  -27.424  42.388 0.0000000000
93367  -46.640  -27.467  42.168 0.0000000000
93381  -47.129  -27.533  41.857 0.0000000000
93368  -47.473  -27.513  42.222 0.0000000000
93369  -48.245  -27.443  42.450 0.0000000000
93370  -49.033  -27.024  42.338 0.0000000000
53525  -12.095  -58.361  56.806 0.0000000000
53502  -11.935  -58.591  57.878 0.0000000000
53523  -9.554  -59.387  56.580 0.0000000000
53522  -9.152  -59.674  56.321 0.0000000000
52210  -8.910  -60.020  55.883 0.0000000000
52231  -9.428  -59.385  55.461 0.0000000000
52230  -9.194  -59.870  54.751 0.0000000000
52249  -9.251  -59.808  53.740 0.0000000000
45025  -6.808  -64.659  55.070 0.0000000000
43490  -6.544  -65.251  55.321 0.0000000000
41960  -6.038  -66.443  55.457 0.0000000000
39014  -5.023  -68.297  54.990 0.0000000000
40497  -5.398  -67.601  55.541 0.0000000000
38995  -5.000  -67.907  55.549 0.0000000000
40463  -5.312  -67.373  57.202 0.0000000000
40480  -5.115  -67.670  56.573 0.0000000000
40479  -4.740  -67.623  56.693 0.0000000000
57509  -36.088  -55.098  53.658 0.0000000000
63704  -39.265  -51.129  54.017 0.0000000000
92221  -51.872  -28.414  40.789 0.0000000000
90970  -51.436  -28.900  40.217 0.0000000000
90971  -52.513  -28.860  40.326 0.0000000000
89718  -52.083  -29.613  40.056 0.0000000000
88552  -52.197  -30.050  39.784 0.0000000000
89782  -53.246  -29.557  37.747 0.0000000000
89806  -53.660  -29.257  37.618 0.0000000000
89826  -54.181  -28.938  37.507 0.0000000000
163674  -41.288  -37.037  49.902 0.0000000000
163673  -41.186  -37.095  49.682 0.0000000000
82268  -41.550  -36.378  49.280 0.0000000000
83465  -42.157  -35.637  48.695 0.0000000000
84713  -42.476  -34.852  48.622 0.0000000000
61229  -21.258  -53.314  52.182 0.0000000000
61246  -21.201  -53.050  51.289 0.0000000000
46491  -6.914  -63.727  60.230 0.0000000000
46489  -6.541  -64.652  59.556 0.0000000000
68586  -40.026  -46.861  45.197 0.0000000000
67321  -40.650  -47.261  45.718 0.0000000000
67338  -41.126  -47.115  45.120 0.0000000000
68610  -42.588  -46.998  45.433 0.0000000000
71079  -43.290  -45.834  46.145 0.0000000000
62529  -26.060  -52.603  47.536 0.0000000000
62550  -26.284  -52.645  46.719 0.0000000000
60067  -27.067  -53.942  47.052 0.0000000000
58819  -27.395  -55.173  47.187 0.0000000000
58838  -27.681  -54.933  46.367 0.0000000000
58861  -28.125  -54.671  45.600 0.0000000000
63755  -34.746  -51.250  50.611 0.0000000000
62531  -34.072  -51.633  50.130 0.0000000000
63775  -34.238  -50.697  50.239 0.0000000000
64954  -33.809  -50.289  49.661 0.0000000000
64972  -33.565  -49.400  49.165 0.0000000000
66104  -33.229  -49.103  48.091 0.0000000000
68557  -36.460  -46.750  47.638 0.0000000000
58720  -26.535  -54.708  53.671 0.0000000000
60006  -26.556  -53.639  51.527 0.0000000000
58760  -26.653  -55.073  50.572 0.0000000000
60019  -26.442  -54.149  50.361 0.0000000000
61280  -26.289  -53.069  49.763 0.0000000000
61294  -25.723  -53.048  48.993 0.0000000000
89837  -48.927  -30.647  34.372 0.0000000000
96964  -56.763  -24.181  36.598 0.0000000000
96976  -57.200  -23.645  36.234 0.0000000000
98181  -57.424  -23.256  35.832 0.0000000000
102894  -57.239  -19.395  34.834 0.0000000000
79755  -37.060  -38.257  44.387 0.0000000000
79777  -36.481  -38.676  43.848 0.0000000000
89664  -45.694  -28.563  46.711 0.0000000000
89663  -45.175  -28.583  46.494 0.0000000000
90901  -46.926  -28.264  46.253 0.0000000000
92127  -47.522  -27.626  45.784 0.0000000000
93340  -48.762  -26.934  44.264 0.0000000000
53613  -17.058  -57.410  54.651 0.0000000000
52232  -16.749  -57.474  55.698 0.0000000000
54875  -13.837  -57.313  55.243 0.0000000000
53552  -13.312  -58.123  55.728 0.0000000000
53578  -12.145  -58.106  55.286 0.0000000000
53609  -10.704  -58.281  54.474 0.0000000000
53608  -10.067  -59.029  53.861 0.0000000000
54946  -10.657  -58.459  52.932 0.0000000000
53635  -10.697  -58.678  52.475 0.0000000000
66082  -39.663  -47.020  49.107 0.0000000000
66083  -40.662  -47.054  49.295 0.0000000000
66084  -41.414  -47.768  48.985 0.0000000000
66085  -41.945  -48.210  49.131 0.0000000000
66065  -42.065  -48.265  50.094 0.0000000000
66086  -42.398  -48.039  49.496 0.0000000000
66114  -42.685  -47.736  48.890 0.0000000000
67260  -43.860  -47.476  49.558 0.0000000000
66031  -43.600  -48.623  51.813 0.0000000000
56327  -29.507  -57.462  48.896 0.0000000000
56348  -29.876  -57.139  48.039 0.0000000000
56328  -30.426  -57.359  48.972 0.0000000000
56350  -31.331  -56.642  48.278 0.0000000000
57545  -32.361  -55.375  50.104 0.0000000000
57568  -32.382  -54.653  49.246 0.0000000000
57595  -32.856  -54.928  48.525 0.0000000000
58800  -33.123  -54.206  49.346 0.0000000000
61281  -33.894  -53.092  50.024 0.0000000000
58765  -36.264  -54.182  53.203 0.0000000000
58764  -35.770  -54.297  52.844 0.0000000000
60021  -35.857  -53.275  52.581 0.0000000000
61269  -36.901  -51.926  53.325 0.0000000000
61268  -36.324  -52.313  52.646 0.0000000000
61267  -35.655  -52.733  52.095 0.0000000000
61283  -35.031  -52.595  51.529 0.0000000000
62509  -34.497  -51.990  50.485 0.0000000000
64932  -37.154  -49.266  51.337 0.0000000000
66043  -37.559  -48.208  50.766 0.0000000000
66061  -38.554  -47.840  49.950 0.0000000000
54993  -29.885  -56.623  51.845 0.0000000000
55014  -29.531  -57.382  50.897 0.0000000000
55033  -29.829  -57.706  50.142 0.0000000000
90991  -46.456  -29.637  37.698 0.0000000000
89754  -47.230  -29.514  37.897 0.0000000000
89777  -47.348  -29.842  36.873 0.0000000000
90982  -50.617  -28.913  39.710 0.0000000000
89822  -48.561  -29.835  35.249 0.0000000000
91040  -50.633  -29.106  35.238 0.0000000000
93440  -51.984  -28.141  33.693 0.0000000000
93431  -51.963  -27.900  33.866 0.0000000000
94532  -53.147  -26.807  35.903 0.0000000000
94514  -52.839  -25.937  36.148 0.0000000000
94504  -53.677  -25.602  36.643 0.0000000000
95705  -55.973  -25.281  36.668 0.0000000000
91044  -54.730  -28.732  37.170 0.0000000000
92277  -54.806  -28.260  37.223 0.0000000000
93410  -55.347  -27.062  37.427 0.0000000000
94518  -56.152  -26.243  37.114 0.0000000000
96965  -57.750  -24.669  36.536 0.0000000000
74837  -37.359  -42.578  47.081 0.0000000000
76046  -36.986  -41.934  46.613 0.0000000000
76045  -36.635  -41.166  46.945 0.0000000000
77204  -37.416  -40.213  47.701 0.0000000000
77216  -37.361  -40.076  47.024 0.0000000000
77215  -36.625  -40.309  46.562 0.0000000000
78415  -36.652  -39.545  46.054 0.0000000000
79739  -36.762  -39.001  45.478 0.0000000000
79740  -37.192  -38.496  45.278 0.0000000000
163672  -40.091  -37.943  49.001 0.0000000000
78393  -39.616  -37.942  48.335 0.0000000000
78406  -39.026  -37.971  47.650 0.0000000000
81018  -40.062  -36.686  47.721 0.0000000000
79721  -39.175  -37.549  47.403 0.0000000000
79720  -38.764  -37.783  47.363 0.0000000000
78418  -38.174  -38.086  46.205 0.0000000000
78429  -38.076  -38.069  45.595 0.0000000000
79756  -38.130  -38.211  44.091 0.0000000000
81053  -39.467  -36.481  45.156 0.0000000000
81070  -39.394  -36.302  44.455 0.0000000000
81069  -38.786  -37.051  43.748 0.0000000000
82355  -38.909  -36.369  43.427 0.0000000000
83571  -39.063  -35.066  43.583 0.0000000000
84818  -39.077  -34.341  43.206 0.0000000000
84819  -39.599  -34.282  43.817 0.0000000000
86091  -40.003  -33.302  44.310 0.0000000000
87329  -40.457  -32.459  44.460 0.0000000000
88488  -43.934  -29.273  46.580 0.0000000000
88476  -42.408  -31.605  48.057 0.0000000000
89644  -42.300  -31.220  47.652 0.0000000000
89646  -43.404  -30.303  47.703 0.0000000000
90875  -44.419  -29.519  48.561 0.0000000000
89640  -43.992  -29.785  48.332 0.0000000000
89655  -44.537  -29.302  47.111 0.0000000000
89656  -45.155  -28.735  47.033 0.0000000000
89657  -45.873  -28.557  47.129 0.0000000000
59987  -20.963  -53.893  52.917 0.0000000000
58718  -20.374  -54.626  53.656 0.0000000000
56194  -19.186  -55.219  54.439 0.0000000000
54897  -18.615  -56.302  54.707 0.0000000000
54953  -17.698  -57.439  53.438 0.0000000000
56240  -17.783  -57.133  51.837 0.0000000000
56214  -17.650  -57.270  52.628 0.0000000000
56213  -17.248  -57.446  52.456 0.0000000000
72340  -41.436  -43.978  44.484 0.0000000000
73669  -40.861  -43.764  44.220 0.0000000000
74871  -39.231  -43.782  45.747 0.0000000000
74854  -38.842  -43.323  46.638 0.0000000000
66110  -40.811  -47.169  48.185 0.0000000000
67308  -42.988  -47.474  47.940 0.0000000000
68572  -43.057  -47.042  47.077 0.0000000000
68571  -42.749  -47.043  46.626 0.0000000000
69827  -43.310  -46.590  46.471 0.0000000000
72325  -43.823  -44.835  46.342 0.0000000000
73596  -44.266  -43.719  48.478 0.0000000000
73610  -44.045  -43.999  47.728 0.0000000000
72305  -43.760  -44.574  47.343 0.0000000000
72314  -43.463  -44.514  46.855 0.0000000000
73620  -42.938  -44.065  46.719 0.0000000000
73619  -42.256  -43.809  46.676 0.0000000000
74856  -40.607  -43.881  47.085 0.0000000000
77187  -37.650  -41.008  49.185 0.0000000000
76007  -38.192  -41.731  49.933 0.0000000000
77171  -38.068  -40.774  49.687 0.0000000000
75959  -39.900  -41.040  52.261 0.0000000000
77122  -40.141  -40.637  52.202 0.0000000000
78321  -40.044  -39.391  51.400 0.0000000000
78322  -40.418  -38.607  51.022 0.0000000000
79620  -40.846  -37.605  50.033 0.0000000000
58842  -31.123  -55.143  46.740 0.0000000000
58841  -30.249  -55.193  46.504 0.0000000000
58840  -29.703  -55.266  46.060 0.0000000000
58863  -29.806  -54.605  45.947 0.0000000000
62530  -33.353  -52.109  49.653 0.0000000000
61321  -31.357  -52.487  47.572 0.0000000000
62570  -31.227  -51.462  47.303 0.0000000000
61337  -31.011  -51.924  46.956 0.0000000000
61335  -29.871  -52.975  45.848 0.0000000000
61334  -29.560  -53.287  45.143 0.0000000000
61193  -23.568  -52.531  55.752 0.0000000000
61205  -23.404  -52.262  55.058 0.0000000000
62424  -22.723  -52.385  53.967 0.0000000000
58729  -26.361  -54.022  53.270 0.0000000000
59978  -25.956  -53.213  53.456 0.0000000000
61248  -25.773  -52.517  51.676 0.0000000000
62455  -24.487  -51.876  52.858 0.0000000000
63722  -24.051  -51.631  52.306 0.0000000000
62454  -23.382  -51.838  52.551 0.0000000000
62453  -22.184  -51.946  52.284 0.0000000000
94551  -52.695  -26.868  33.134 0.0000000000
95730  -52.542  -25.658  34.087 0.0000000000
94547  -52.864  -26.178  33.095 0.0000000000
95736  -53.384  -25.466  32.734 0.0000000000
98171  -55.187  -23.362  36.239 0.0000000000
98170  -54.776  -23.492  36.003 0.0000000000
98177  -53.907  -23.318  35.034 0.0000000000
98186  -54.158  -23.022  34.698 0.0000000000
98185  -53.703  -23.394  34.528 0.0000000000
96995  -54.043  -24.425  32.324 0.0000000000
96996  -54.528  -23.918  31.918 0.0000000000
98210  -54.841  -23.374  31.551 0.0000000000
104099  -55.145  -18.552  31.849 0.0000000000
104097  -55.349  -18.478  32.708 0.0000000000
105194  -55.413  -17.622  31.983 0.0000000000
106284  -55.706  -16.515  32.967 0.0000000000
107381  -56.688  -15.844  33.579 0.0000000000
107382  -57.206  -15.532  34.095 0.0000000000
49426  -8.044  -62.403  57.031 0.0000000000
46601  -7.779  -64.087  54.578 0.0000000000
45044  -7.395  -64.786  54.020 0.0000000000
74885  -37.665  -43.627  44.931 0.0000000000
77244  -35.971  -40.356  43.377 0.0000000000
86108  -39.213  -33.545  42.947 0.0000000000
87354  -39.220  -32.780  42.990 0.0000000000
87339  -39.239  -32.102  42.946 0.0000000000
88500  -39.605  -31.472  42.930 0.0000000000
89675  -40.413  -30.696  42.517 0.0000000000
89689  -41.336  -30.051  41.803 0.0000000000
90898  -44.143  -28.520  46.031 0.0000000000
92122  -43.801  -28.652  45.137 0.0000000000
90911  -43.342  -28.729  44.793 0.0000000000
92145  -44.701  -28.037  44.708 0.0000000000
92164  -43.849  -28.233  44.380 0.0000000000
90923  -42.643  -28.719  43.371 0.0000000000
89700  -43.500  -28.714  40.935 0.0000000000
89701  -44.717  -28.459  40.430 0.0000000000
89713  -45.667  -28.449  39.815 0.0000000000
92200  -47.452  -27.697  41.415 0.0000000000
92217  -47.953  -28.202  40.882 0.0000000000
92218  -48.314  -28.211  40.844 0.0000000000
90949  -48.873  -28.054  40.859 0.0000000000
92204  -51.038  -27.908  41.240 0.0000000000
93355  -49.540  -26.692  43.266 0.0000000000
50811  -8.896  -60.879  58.200 0.0000000000
49441  -8.435  -61.600  56.561 0.0000000000
49455  -8.570  -61.776  56.037 0.0000000000
50836  -8.583  -60.742  55.397 0.0000000000
52250  -9.853  -59.967  53.172 0.0000000000
48046  -7.456  -63.271  57.524 0.0000000000
46549  -7.181  -63.738  58.125 0.0000000000
46566  -7.063  -64.242  56.765 0.0000000000
46548  -6.915  -64.158  57.413 0.0000000000
46528  -7.243  -63.785  58.524 0.0000000000
46508  -6.585  -64.805  58.928 0.0000000000
41990  -5.858  -67.267  54.100 0.0000000000
41959  -5.899  -66.919  56.055 0.0000000000
43470  -5.973  -66.305  56.681 0.0000000000
44978  -6.272  -65.424  58.410 0.0000000000
44969  -6.303  -65.379  59.271 0.0000000000
43438  -5.146  -66.409  58.358 0.0000000000
43405  -4.909  -65.932  60.026 0.0000000000
43404  -4.464  -65.681  59.516 0.0000000000
37626  -4.471  -69.859  54.552 0.0000000000
37625  -3.914  -69.568  54.656 0.0000000000
39031  -4.127  -68.788  54.925 0.0000000000
39011  -4.024  -68.404  55.590 0.0000000000
40478  -4.051  -67.957  56.042 0.0000000000
41958  -4.131  -67.118  56.627 0.0000000000
40496  -4.357  -67.441  56.584 0.0000000000
43472  -6.593  -65.295  55.605 0.0000000000
43488  -6.302  -65.652  54.970 0.0000000000
43503  -6.375  -65.636  54.686 0.0000000000
44979  -6.442  -65.001  58.127 0.0000000000
45023  -6.387  -65.522  55.128 0.0000000000
45024  -6.497  -65.282  55.059 0.0000000000
45042  -6.421  -65.454  54.872 0.0000000000
46490  -6.737  -64.214  59.959 0.0000000000
46511  -7.266  -63.251  59.953 0.0000000000
46526  -6.543  -64.884  58.464 0.0000000000
46567  -7.238  -64.299  56.313 0.0000000000
48028  -7.267  -63.806  58.805 0.0000000000
52195  -13.989  -58.757  56.531 0.0000000000
52209  -8.874  -60.273  55.274 0.0000000000
52211  -9.287  -59.397  55.834 0.0000000000
52233  -17.025  -57.591  55.979 0.0000000000
53548  -9.266  -59.433  56.136 0.0000000000
53583  -17.557  -57.319  55.816 0.0000000000
53611  -15.588  -57.140  54.291 0.0000000000
53614  -17.666  -57.350  54.849 0.0000000000
54874  -13.294  -57.607  55.216 0.0000000000
54892  -11.334  -58.054  54.524 0.0000000000
54917  -10.400  -58.607  53.293 0.0000000000
54923  -15.882  -57.131  53.739 0.0000000000
54949  -13.087  -58.153  51.846 0.0000000000
54950  -15.683  -57.330  53.280 0.0000000000
54955  -18.692  -56.409  53.205 0.0000000000
54980  -13.310  -58.328  51.312 0.0000000000
54985  -17.887  -57.069  52.699 0.0000000000
54986  -18.133  -56.878  52.427 0.0000000000
55013  -29.103  -57.893  51.361 0.0000000000
55016  -31.142  -56.664  51.283 0.0000000000
55035  -30.893  -56.428  50.294 0.0000000000
55051  -30.773  -57.090  49.392 0.0000000000
56160  -13.623  -57.405  55.158 0.0000000000
56161  -13.839  -57.234  55.019 0.0000000000
56175  -13.422  -57.434  54.996 0.0000000000
56176  -13.652  -57.365  54.914 0.0000000000
56195  -27.716  -56.190  53.384 0.0000000000
56272  -28.625  -57.649  51.064 0.0000000000
56304  -31.092  -56.391  49.702 0.0000000000
56307  -32.873  -55.612  51.051 0.0000000000
56330  -31.850  -56.430  49.202 0.0000000000
56347  -29.079  -57.187  48.156 0.0000000000
57519  -19.566  -55.013  50.443 0.0000000000
57523  -27.605  -56.392  50.415 0.0000000000
57526  -35.195  -54.804  52.694 0.0000000000
57544  -32.081  -55.838  49.893 0.0000000000
57566  -31.929  -56.478  48.848 0.0000000000
57569  -32.999  -54.372  49.867 0.0000000000
57592  -31.138  -56.362  47.701 0.0000000000
57611  -32.313  -55.715  47.597 0.0000000000
58747  -35.986  -54.827  53.440 0.0000000000
58748  -36.414  -54.529  53.721 0.0000000000
58758  -19.768  -55.088  50.060 0.0000000000
58784  -34.670  -54.250  51.762 0.0000000000
58798  -26.720  -55.030  48.204 0.0000000000
60003  -20.753  -53.433  51.175 0.0000000000
60007  -36.796  -53.503  53.770 0.0000000000
60017  -20.696  -53.483  50.943 0.0000000000
60050  -33.415  -53.641  49.692 0.0000000000
60069  -32.551  -53.756  48.617 0.0000000000
60104  -26.551  -54.195  45.678 0.0000000000
61245  -20.891  -53.309  50.901 0.0000000000
61262  -20.797  -53.460  50.729 0.0000000000
61264  -21.517  -52.809  50.035 0.0000000000
61332  -26.233  -53.745  45.678 0.0000000000
62400  -22.851  -52.436  55.748 0.0000000000
62412  -22.558  -52.562  55.929 0.0000000000
62413  -23.003  -52.541  55.935 0.0000000000
62414  -23.260  -52.564  56.110 0.0000000000
62425  -23.358  -52.016  54.322 0.0000000000
62472  -24.795  -51.644  51.979 0.0000000000
62486  -21.495  -52.753  50.278 0.0000000000
62490  -25.458  -52.318  50.672 0.0000000000
63685  -23.767  -51.653  53.988 0.0000000000
63686  -23.824  -51.710  54.215 0.0000000000
63700  -23.987  -51.548  53.850 0.0000000000
63701  -24.054  -51.549  54.087 0.0000000000
63721  -23.762  -51.604  52.098 0.0000000000
63735  -24.149  -51.525  52.018 0.0000000000
63770  -23.277  -51.515  48.125 0.0000000000
63793  -23.566  -51.472  47.848 0.0000000000
63794  -23.996  -51.542  47.581 0.0000000000
63796  -25.043  -52.058  47.293 0.0000000000
63822  -31.226  -50.547  46.991 0.0000000000
64936  -43.132  -48.472  51.910 0.0000000000
66027  -39.430  -48.411  51.602 0.0000000000
66030  -41.719  -48.320  52.032 0.0000000000
66067  -43.512  -48.636  50.475 0.0000000000
66107  -35.957  -48.156  48.969 0.0000000000
66137  -42.595  -47.797  48.288 0.0000000000
66148  -41.731  -47.377  46.583 0.0000000000
67209  -40.233  -48.149  51.577 0.0000000000
67210  -40.461  -48.236  51.537 0.0000000000
67227  -40.344  -48.276  51.326 0.0000000000
67257  -40.989  -46.921  49.121 0.0000000000
67277  -34.471  -47.139  47.722 0.0000000000
67283  -41.023  -47.004  48.786 0.0000000000
67284  -41.313  -47.324  48.546 0.0000000000
67286  -44.032  -47.255  48.501 0.0000000000
67287  -44.232  -47.133  48.643 0.0000000000
67305  -41.075  -47.548  46.731 0.0000000000
67306  -42.086  -47.321  46.518 0.0000000000
67307  -42.501  -47.265  46.919 0.0000000000
67319  -38.972  -46.846  45.574 0.0000000000
67323  -41.930  -47.326  46.080 0.0000000000
67337  -39.332  -46.753  45.337 0.0000000000
67341  -42.316  -47.328  45.786 0.0000000000
68537  -44.466  -46.680  49.283 0.0000000000
68560  -44.341  -46.935  48.573 0.0000000000
68573  -43.755  -46.974  47.525 0.0000000000
68587  -40.229  -46.998  45.356 0.0000000000
68588  -42.689  -47.202  46.203 0.0000000000
68589  -43.023  -46.786  46.514 0.0000000000
69791  -44.465  -46.373  48.712 0.0000000000
69809  -44.342  -46.199  48.113 0.0000000000
69828  -43.704  -46.553  46.652 0.0000000000
69842  -43.104  -46.523  46.139 0.0000000000
69843  -43.428  -46.533  46.471 0.0000000000
71051  -44.224  -45.476  48.993 0.0000000000
71057  -44.581  -44.995  46.605 0.0000000000
71065  -44.014  -45.138  46.301 0.0000000000
71080  -43.562  -46.318  46.419 0.0000000000
72286  -44.216  -44.422  50.126 0.0000000000
72296  -44.473  -44.450  49.245 0.0000000000
72306  -43.987  -44.552  47.593 0.0000000000
73551  -41.189  -43.956  50.507 0.0000000000
73592  -38.711  -43.490  48.932 0.0000000000
73593  -38.902  -43.559  49.064 0.0000000000
73609  -43.176  -44.432  47.520 0.0000000000
73632  -42.733  -43.869  46.206 0.0000000000
74785  -38.641  -42.488  50.467 0.0000000000
74788  -40.669  -43.836  50.065 0.0000000000
74882  -35.690  -42.305  43.973 0.0000000000
75972  -39.923  -41.717  52.104 0.0000000000
76076  -35.471  -41.765  43.685 0.0000000000
77170  -37.702  -40.467  49.226 0.0000000000
77203  -36.887  -40.722  47.227 0.0000000000
77205  -37.617  -39.640  47.521 0.0000000000
78350  -37.710  -40.164  49.269 0.0000000000
78351  -37.875  -39.989  49.408 0.0000000000
78353  -39.386  -38.490  49.077 0.0000000000
78370  -37.634  -40.081  49.039 0.0000000000
78373  -39.167  -38.661  48.414 0.0000000000
78394  -39.850  -37.691  48.483 0.0000000000
78402  -36.764  -39.814  46.454 0.0000000000
78428  -37.833  -38.402  45.679 0.0000000000
79659  -38.960  -38.780  48.922 0.0000000000
79685  -38.865  -38.845  48.617 0.0000000000
79686  -39.150  -38.689  48.662 0.0000000000
79707  -39.404  -37.913  47.895 0.0000000000
79728  -37.037  -39.179  45.843 0.0000000000
79729  -37.235  -38.934  45.701 0.0000000000
79741  -37.779  -38.133  45.077 0.0000000000
81031  -40.105  -36.524  46.929 0.0000000000
81042  -41.178  -36.073  46.241 0.0000000000
82313  -42.514  -36.243  45.962 0.0000000000
82325  -41.536  -35.878  45.911 0.0000000000
82339  -40.947  -35.505  45.755 0.0000000000
82357  -40.019  -35.474  44.705 0.0000000000
83524  -41.529  -35.611  46.016 0.0000000000
83525  -41.889  -35.747  45.856 0.0000000000
83539  -41.152  -35.056  45.681 0.0000000000
83553  -39.689  -35.136  44.007 0.0000000000
84742  -42.079  -35.687  46.741 0.0000000000
84755  -40.828  -33.646  46.740 0.0000000000
84756  -40.744  -33.886  46.810 0.0000000000
84772  -40.770  -33.512  46.530 0.0000000000
84773  -40.654  -33.698  46.568 0.0000000000
84774  -40.499  -34.147  46.212 0.0000000000
84803  -40.363  -34.321  44.867 0.0000000000
86054  -40.758  -33.549  46.536 0.0000000000
86055  -41.017  -33.537  46.817 0.0000000000
86056  -41.284  -33.459  47.144 0.0000000000
86069  -40.960  -33.394  46.623 0.0000000000
86105  -37.639  -32.576  42.032 0.0000000000
86106  -37.694  -32.798  42.187 0.0000000000
86124  -37.550  -32.487  41.753 0.0000000000
86125  -37.622  -32.664  41.799 0.0000000000
86145  -37.551  -32.492  41.489 0.0000000000
86146  -37.444  -32.660  41.612 0.0000000000
87304  -41.618  -31.386  47.348 0.0000000000
87338  -38.861  -31.992  42.735 0.0000000000
87351  -37.793  -32.395  42.095 0.0000000000
87352  -37.927  -32.260  42.235 0.0000000000
87353  -38.438  -32.366  42.610 0.0000000000
87364  -37.674  -32.389  41.896 0.0000000000
87366  -38.076  -32.381  41.304 0.0000000000
87372  -37.728  -32.370  41.647 0.0000000000
87373  -37.551  -32.512  41.728 0.0000000000
87387  -52.338  -30.213  39.658 0.0000000000
88475  -42.177  -31.453  47.683 0.0000000000
88477  -42.903  -30.821  48.109 0.0000000000
88482  -43.919  -29.448  46.744 0.0000000000
88483  -44.177  -29.351  46.786 0.0000000000
88484  -44.620  -29.040  46.848 0.0000000000
88489  -44.265  -28.995  46.575 0.0000000000
88499  -39.126  -31.831  42.755 0.0000000000
88522  -38.222  -31.943  42.125 0.0000000000
88535  -52.210  -30.023  40.076 0.0000000000
88536  -52.538  -30.213  40.136 0.0000000000
88553  -52.356  -30.280  39.965 0.0000000000
89633  -45.086  -29.149  48.653 0.0000000000
89634  -45.277  -28.939  48.673 0.0000000000
89645  -42.590  -30.824  47.734 0.0000000000
89652  -42.116  -30.852  47.468 0.0000000000
89662  -44.485  -28.671  46.361 0.0000000000
89717  -49.590  -28.617  39.559 0.0000000000
89783  -53.897  -29.485  37.898 0.0000000000
89827  -54.629  -29.074  37.303 0.0000000000
90876  -44.608  -29.369  48.705 0.0000000000
90886  -44.048  -28.548  45.565 0.0000000000
90887  -44.532  -28.460  45.701 0.0000000000
90889  -46.358  -28.529  46.744 0.0000000000
90897  -43.704  -28.717  45.482 0.0000000000
90963  -45.081  -28.236  40.961 0.0000000000
90964  -45.523  -28.191  40.679 0.0000000000
91007  -50.894  -28.641  36.395 0.0000000000
91022  -50.670  -28.655  36.426 0.0000000000
91023  -50.638  -28.550  36.647 0.0000000000
91041  -52.535  -28.752  37.057 0.0000000000
92103  -44.095  -28.647  45.349 0.0000000000
92104  -44.271  -28.508  45.352 0.0000000000
92105  -44.667  -28.411  45.426 0.0000000000
92123  -44.481  -28.422  45.089 0.0000000000
92124  -45.014  -28.278  45.300 0.0000000000
92179  -46.056  -27.487  41.995 0.0000000000
92180  -47.663  -27.621  41.818 0.0000000000
92216  -46.321  -27.932  41.001 0.0000000000
92219  -50.120  -28.547  39.944 0.0000000000
92220  -50.390  -28.633  39.968 0.0000000000
92228  -50.215  -28.661  39.793 0.0000000000
92229  -50.430  -28.775  39.785 0.0000000000
92245  -51.072  -28.525  37.057 0.0000000000
92262  -54.770  -27.733  37.291 0.0000000000
92272  -50.782  -28.903  35.708 0.0000000000
93380  -46.929  -27.546  41.670 0.0000000000
94505  -53.922  -25.489  36.734 0.0000000000
95691  -53.590  -25.426  36.478 0.0000000000
95692  -53.799  -25.352  36.532 0.0000000000
95702  -53.405  -25.345  36.279 0.0000000000
95718  -52.634  -25.336  35.778 0.0000000000
95744  -54.314  -25.535  31.840 0.0000000000
96975  -54.107  -23.935  35.770 0.0000000000
98178  -54.468  -23.321  35.461 0.0000000000
98179  -54.892  -23.221  35.864 0.0000000000
98180  -56.775  -23.180  36.359 0.0000000000
98198  -54.400  -23.380  32.101 0.0000000000
99355  -55.255  -23.015  36.074 0.0000000000
99361  -54.660  -22.806  35.371 0.0000000000
99371  -54.147  -22.831  33.627 0.0000000000
100506  -54.289  -22.465  33.693 0.0000000000
102897  -56.031  -18.843  33.812 0.0000000000
102899  -54.824  -20.218  32.623 0.0000000000
106275  -56.041  -16.279  33.230 0.0000000000
106283  -55.854  -16.261  33.068 0.0000000000
106295  -55.664  -17.101  31.497 0.0000000000
107379  -56.037  -16.093  33.055 0.0000000000
107380  -56.249  -15.988  33.210 0.0000000000
107386  -55.894  -16.201  32.878 0.0000000000
107387  -56.046  -16.000  32.767 0.0000000000
107389  -56.897  -15.202  33.357 0.0000000000
108459  -56.620  -15.223  32.289 0.0000000000
163677  -41.072  -37.183  49.486 0.0000000000
163826  -50.893  -28.565  36.626 0.0000000000
163827  -51.074  -28.644  36.268 0.0000000000
163828  -50.843  -28.476  37.048 0.0000000000
163829  -50.885  -28.640  36.116 0.0000000000
