#!ascii label  , from subject 3577 vox2ras=TkReg
1803
90656  49.775  -26.714  40.298 0.0000000000
63705  43.837  -48.051  47.541 0.0000000000
53318  28.473  -54.820  50.882 0.0000000000
43669  21.998  -62.216  53.207 0.0000000000
52011  38.372  -54.003  52.139 0.0000000000
57236  34.747  -52.020  44.041 0.0000000000
85414  49.596  -30.356  37.618 0.0000000000
95697  53.164  -22.158  33.319 0.0000000000
82583  47.879  -32.158  47.035 0.0000000000
72367  44.285  -40.575  39.707 0.0000000000
68410  37.572  -43.257  41.647 0.0000000000
50652  30.311  -57.237  55.346 0.0000000000
48034  25.009  -59.378  51.370 0.0000000000
46546  26.554  -61.140  56.914 0.0000000000
53287  33.948  -55.229  51.512 0.0000000000
85266  52.353  -29.838  47.117 0.0000000000
61060  45.820  -49.526  49.724 0.0000000000
66088  48.469  -45.861  46.868 0.0000000000
70972  48.296  -41.491  44.323 0.0000000000
67276  45.142  -43.990  43.480 0.0000000000
69636  40.638  -41.835  40.707 0.0000000000
66145  40.315  -45.337  44.881 0.0000000000
58616  29.258  -50.656  42.374 0.0000000000
61228  32.975  -49.065  41.001 0.0000000000
93229  50.288  -24.290  36.936 0.0000000000
92054  48.056  -25.265  32.303 0.0000000000
55881  25.587  -53.254  45.858 0.0000000000
50770  23.372  -57.858  45.022 0.0000000000
55799  42.241  -52.553  49.340 0.0000000000
59904  39.079  -50.469  47.020 0.0000000000
54620  37.370  -53.663  48.396 0.0000000000
55860  31.909  -52.676  47.252 0.0000000000
86764  53.378  -29.400  39.714 0.0000000000
40588  23.246  -64.153  60.124 0.0000000000
42168  18.455  -63.448  57.306 0.0000000000
95564  54.722  -22.262  41.374 0.0000000000
90638  53.764  -25.934  43.463 0.0000000000
85345  53.243  -30.270  42.462 0.0000000000
85349  49.248  -31.215  42.387 0.0000000000
82679  44.902  -32.957  41.411 0.0000000000
77720  51.879  -36.237  47.836 0.0000000000
77769  46.376  -36.808  44.063 0.0000000000
79079  42.113  -35.769  39.062 0.0000000000
75263  39.966  -38.804  37.170 0.0000000000
63765  36.543  -47.575  44.677 0.0000000000
49359  31.338  -58.024  57.367 0.0000000000
49375  27.993  -58.926  56.358 0.0000000000
49330  28.657  -58.731  58.835 0.0000000000
50663  32.268  -56.586  54.791 0.0000000000
59882  45.838  -50.386  47.938 0.0000000000
63722  46.740  -47.242  47.099 0.0000000000
66138  47.113  -45.186  44.640 0.0000000000
66120  45.093  -45.396  45.699 0.0000000000
67256  43.045  -44.069  44.742 0.0000000000
64963  42.376  -46.311  46.328 0.0000000000
58650  27.119  -51.367  40.558 0.0000000000
60007  28.950  -50.650  39.341 0.0000000000
93197  49.740  -25.107  39.174 0.0000000000
92018  48.351  -25.699  36.455 0.0000000000
89408  49.308  -27.264  38.277 0.0000000000
54600  27.119  -54.349  48.627 0.0000000000
53367  23.697  -55.515  44.932 0.0000000000
52063  24.920  -56.415  47.992 0.0000000000
43681  23.172  -61.172  52.098 0.0000000000
46657  22.101  -60.072  48.271 0.0000000000
45202  20.663  -60.692  49.190 0.0000000000
45183  18.598  -61.311  50.661 0.0000000000
54525  42.217  -52.807  51.391 0.0000000000
54544  40.254  -53.827  50.520 0.0000000000
54617  39.778  -53.502  48.126 0.0000000000
54546  38.182  -54.466  50.181 0.0000000000
53290  31.405  -55.205  51.355 0.0000000000
54572  33.093  -54.069  49.358 0.0000000000
54575  29.798  -53.918  49.296 0.0000000000
57194  28.866  -52.752  46.657 0.0000000000
85381  52.509  -30.277  39.162 0.0000000000
86794  52.805  -29.832  37.428 0.0000000000
85427  51.337  -30.231  36.155 0.0000000000
42134  16.065  -62.986  59.271 0.0000000000
88020  54.436  -28.406  43.513 0.0000000000
88004  54.259  -27.898  44.724 0.0000000000
85216  49.974  -30.519  47.966 0.0000000000
85288  50.883  -30.535  45.354 0.0000000000
83888  48.271  -31.253  45.655 0.0000000000
83945  47.311  -31.757  42.696 0.0000000000
83891  45.656  -31.767  45.057 0.0000000000
72317  46.476  -40.777  42.122 0.0000000000
75189  47.518  -38.754  43.630 0.0000000000
75211  45.510  -38.819  41.852 0.0000000000
79058  44.228  -36.467  41.547 0.0000000000
76608  43.363  -37.687  39.614 0.0000000000
76625  41.488  -37.563  37.737 0.0000000000
73807  42.210  -39.615  38.383 0.0000000000
71040  39.088  -41.591  39.119 0.0000000000
58576  37.148  -51.328  45.386 0.0000000000
62442  37.591  -48.893  45.820 0.0000000000
61189  36.067  -49.985  44.313 0.0000000000
65015  33.619  -46.636  41.016 0.0000000000
98170  52.194  -20.406  29.752 0.0000000000
95713  51.237  -22.028  31.294 0.0000000000
53245  28.717  -55.772  53.053 0.0000000000
50716  26.708  -57.265  51.581 0.0000000000
49404  27.540  -58.201  54.420 0.0000000000
46586  26.212  -60.447  54.668 0.0000000000
42214  24.425  -62.365  55.227 0.0000000000
53242  36.203  -54.699  53.454 0.0000000000
53285  35.849  -55.053  51.463 0.0000000000
51993  34.292  -55.725  52.763 0.0000000000
51972  31.722  -56.263  53.454 0.0000000000
87973  53.155  -28.705  46.298 0.0000000000
83807  50.058  -31.803  49.355 0.0000000000
68356  48.746  -43.515  44.845 0.0000000000
68387  47.390  -43.269  42.733 0.0000000000
69611  45.326  -42.649  40.810 0.0000000000
71020  42.930  -42.123  39.801 0.0000000000
68392  42.980  -42.745  42.439 0.0000000000
68393  41.242  -43.090  43.062 0.0000000000
67278  39.310  -44.338  43.732 0.0000000000
58594  32.162  -51.072  43.411 0.0000000000
59928  33.911  -50.372  42.526 0.0000000000
59948  31.154  -50.419  41.313 0.0000000000
94438  51.480  -23.347  35.272 0.0000000000
94479  49.889  -23.588  32.709 0.0000000000
93254  49.256  -24.430  34.625 0.0000000000
48060  24.368  -58.440  48.442 0.0000000000
57137  44.909  -51.748  49.969 0.0000000000
58556  43.674  -50.842  48.031 0.0000000000
61168  41.984  -49.407  48.153 0.0000000000
58543  41.173  -51.978  47.937 0.0000000000
55852  39.291  -52.892  46.918 0.0000000000
55876  35.990  -52.753  45.842 0.0000000000
54549  35.357  -54.333  50.111 0.0000000000
54622  34.901  -53.434  47.864 0.0000000000
57208  33.576  -52.212  45.704 0.0000000000
57228  30.083  -51.551  45.209 0.0000000000
58585  27.250  -51.267  44.194 0.0000000000
88052  51.821  -28.231  41.035 0.0000000000
88086  51.169  -28.385  39.201 0.0000000000
88101  53.986  -28.746  38.441 0.0000000000
42128  25.252  -62.788  59.187 0.0000000000
42181  23.029  -63.327  56.725 0.0000000000
40605  20.382  -64.002  58.796 0.0000000000
42219  19.579  -62.739  54.643 0.0000000000
94409  53.619  -22.810  37.146 0.0000000000
94397  52.501  -23.508  38.551 0.0000000000
94372  51.563  -24.269  40.367 0.0000000000
91936  51.767  -26.111  42.293 0.0000000000
88035  53.028  -28.522  42.290 0.0000000000
86745  53.495  -29.652  41.879 0.0000000000
85369  51.299  -30.432  40.457 0.0000000000
85308  52.771  -30.216  44.914 0.0000000000
85347  50.898  -30.941  42.469 0.0000000000
85371  49.543  -31.145  40.220 0.0000000000
83985  47.163  -31.614  39.568 0.0000000000
83997  45.082  -31.919  38.822 0.0000000000
80192  49.607  -34.593  47.865 0.0000000000
75173  49.231  -38.498  46.026 0.0000000000
77737  48.344  -36.374  46.092 0.0000000000
80208  47.112  -34.762  46.307 0.0000000000
80239  44.901  -34.536  44.163 0.0000000000
81477  43.074  -34.079  41.381 0.0000000000
71065  40.333  -41.086  38.082 0.0000000000
62440  40.096  -48.027  46.562 0.0000000000
64981  38.214  -46.583  45.113 0.0000000000
66161  36.950  -44.901  43.703 0.0000000000
62469  34.104  -48.552  43.332 0.0000000000
65002  34.786  -46.281  43.105 0.0000000000
49346  29.543  -58.497  58.280 0.0000000000
49309  29.204  -57.985  59.623 0.0000000000
61165  45.384  -49.541  47.706 0.0000000000
61135  46.438  -48.732  47.882 0.0000000000
63724  45.230  -47.678  47.163 0.0000000000
64960  45.601  -46.231  46.229 0.0000000000
64943  44.853  -46.934  46.750 0.0000000000
64962  43.445  -46.057  46.390 0.0000000000
63726  43.191  -47.433  47.241 0.0000000000
91975  49.578  -25.813  39.581 0.0000000000
91988  49.286  -25.716  38.596 0.0000000000
89392  49.635  -27.210  39.310 0.0000000000
54577  27.780  -54.514  49.473 0.0000000000
53347  26.222  -55.400  48.236 0.0000000000
53330  26.565  -55.508  49.548 0.0000000000
43683  22.254  -61.913  52.397 0.0000000000
45165  22.432  -61.182  50.983 0.0000000000
45167  21.119  -61.781  51.091 0.0000000000
45182  19.528  -61.346  50.516 0.0000000000
43702  19.775  -62.052  51.659 0.0000000000
51944  38.442  -53.978  53.486 0.0000000000
53240  40.069  -54.142  52.689 0.0000000000
53262  41.037  -53.955  52.028 0.0000000000
54529  39.742  -54.164  51.300 0.0000000000
54545  39.130  -54.401  50.516 0.0000000000
53308  38.280  -54.309  50.865 0.0000000000
53317  29.192  -54.489  51.032 0.0000000000
54554  30.444  -54.048  50.394 0.0000000000
54555  29.259  -54.229  50.323 0.0000000000
54599  28.124  -53.859  48.605 0.0000000000
85397  50.534  -30.523  38.482 0.0000000000
85412  51.672  -30.140  37.255 0.0000000000
85413  50.589  -30.341  37.471 0.0000000000
90606  53.375  -26.272  45.570 0.0000000000
89325  54.561  -27.133  44.585 0.0000000000
89319  53.708  -26.979  45.440 0.0000000000
83850  48.743  -31.621  47.518 0.0000000000
83887  49.198  -31.066  45.835 0.0000000000
83871  47.846  -31.716  46.512 0.0000000000
83908  46.850  -31.622  44.644 0.0000000000
82614  46.772  -32.478  45.817 0.0000000000
72351  45.500  -40.673  40.833 0.0000000000
73741  46.123  -39.773  42.381 0.0000000000
73780  44.966  -39.825  40.921 0.0000000000
75232  44.121  -38.407  40.365 0.0000000000
75243  44.229  -39.035  40.108 0.0000000000
73806  42.864  -39.074  38.713 0.0000000000
72368  43.413  -40.613  39.458 0.0000000000
57221  36.421  -51.767  45.136 0.0000000000
59914  36.442  -50.438  44.707 0.0000000000
58590  35.539  -51.270  43.817 0.0000000000
96937  52.482  -21.757  31.677 0.0000000000
95708  52.224  -22.157  32.283 0.0000000000
51950  29.831  -56.318  54.255 0.0000000000
50684  27.711  -57.219  53.597 0.0000000000
49403  28.235  -57.625  54.758 0.0000000000
47967  27.276  -59.829  56.636 0.0000000000
47984  26.736  -59.752  55.699 0.0000000000
46577  26.426  -60.604  55.514 0.0000000000
45136  25.401  -61.267  54.920 0.0000000000
43627  25.975  -61.949  56.199 0.0000000000
53223  35.170  -54.708  53.460 0.0000000000
51968  35.520  -55.177  53.050 0.0000000000
51969  34.246  -55.511  53.249 0.0000000000
50651  31.137  -56.982  55.473 0.0000000000
50680  32.161  -56.649  53.870 0.0000000000
50665  30.950  -56.673  54.686 0.0000000000
51973  30.798  -55.936  53.643 0.0000000000
63703  47.939  -46.939  47.743 0.0000000000
64895  49.084  -45.433  48.163 0.0000000000
66102  49.700  -44.711  46.995 0.0000000000
67233  49.733  -43.909  46.536 0.0000000000
66117  48.829  -44.735  46.111 0.0000000000
67253  46.040  -44.525  44.035 0.0000000000
67273  47.284  -44.030  43.282 0.0000000000
67291  46.197  -43.973  42.879 0.0000000000
68406  46.205  -42.915  41.784 0.0000000000
68390  44.819  -43.280  42.132 0.0000000000
69594  44.186  -42.837  41.536 0.0000000000
68375  44.139  -43.518  43.017 0.0000000000
66144  41.361  -45.045  45.057 0.0000000000
68359  42.483  -43.526  44.125 0.0000000000
67258  40.812  -44.299  44.421 0.0000000000
68379  39.879  -43.757  43.311 0.0000000000
67259  39.761  -44.822  44.305 0.0000000000
58595  31.054  -50.736  43.447 0.0000000000
58614  31.524  -50.646  42.355 0.0000000000
59949  30.000  -50.422  41.432 0.0000000000
94424  51.197  -23.563  36.657 0.0000000000
94439  50.247  -23.765  35.504 0.0000000000
93242  49.957  -24.252  36.177 0.0000000000
90727  47.702  -26.409  35.323 0.0000000000
55890  24.597  -52.874  43.485 0.0000000000
55887  24.310  -53.554  44.082 0.0000000000
49446  25.985  -58.316  51.479 0.0000000000
49455  25.632  -57.884  50.088 0.0000000000
48038  24.923  -59.101  49.959 0.0000000000
46659  20.726  -60.132  47.530 0.0000000000
48111  21.386  -59.612  46.575 0.0000000000
54562  42.370  -52.775  50.259 0.0000000000
55764  43.628  -52.371  50.561 0.0000000000
55787  43.739  -52.465  49.341 0.0000000000
57164  44.104  -51.719  48.662 0.0000000000
57166  42.613  -51.960  48.572 0.0000000000
58558  42.322  -51.122  47.761 0.0000000000
57167  41.512  -52.269  48.313 0.0000000000
54618  38.888  -53.640  48.130 0.0000000000
55828  39.128  -53.237  47.508 0.0000000000
55829  38.194  -53.305  47.507 0.0000000000
55854  37.479  -53.112  46.713 0.0000000000
55855  36.557  -53.209  46.634 0.0000000000
53286  34.940  -55.301  51.458 0.0000000000
53311  35.631  -54.762  50.808 0.0000000000
53312  34.678  -54.877  50.790 0.0000000000
54596  32.316  -53.459  48.876 0.0000000000
54594  33.662  -53.631  48.776 0.0000000000
55834  33.199  -53.015  47.386 0.0000000000
57169  34.113  -52.572  47.014 0.0000000000
55858  32.761  -52.808  46.812 0.0000000000
57210  31.755  -52.234  45.773 0.0000000000
57191  31.470  -52.452  46.774 0.0000000000
55880  26.656  -52.952  46.185 0.0000000000
57230  27.832  -51.846  45.004 0.0000000000
57231  26.734  -52.011  44.700 0.0000000000
88067  53.030  -28.759  40.376 0.0000000000
88084  53.145  -28.645  39.410 0.0000000000
88083  53.483  -28.965  39.505 0.0000000000
86806  53.914  -29.365  36.594 0.0000000000
42129  24.340  -63.519  59.720 0.0000000000
42164  23.800  -63.248  57.536 0.0000000000
42149  22.707  -63.677  58.907 0.0000000000
40607  18.632  -63.711  59.269 0.0000000000
42167  19.320  -63.671  57.175 0.0000000000
40624  20.715  -63.700  56.762 0.0000000000
42203  19.006  -62.875  55.546 0.0000000000
43657  18.870  -62.447  53.971 0.0000000000
43641  17.979  -62.768  54.905 0.0000000000
95639  54.962  -22.493  36.681 0.0000000000
94380  54.286  -22.888  38.942 0.0000000000
95594  54.097  -22.732  39.903 0.0000000000
94383  51.655  -24.085  39.818 0.0000000000
94370  53.221  -23.331  40.305 0.0000000000
93156  53.798  -24.289  43.458 0.0000000000
93168  52.252  -24.560  41.933 0.0000000000
90639  53.035  -26.386  43.169 0.0000000000
89355  52.005  -27.231  42.524 0.0000000000
89340  53.342  -27.087  43.375 0.0000000000
86733  54.569  -29.011  43.409 0.0000000000
88034  53.774  -28.804  42.551 0.0000000000
85356  53.273  -30.306  41.077 0.0000000000
85357  52.275  -30.408  41.386 0.0000000000
85265  52.865  -29.491  46.686 0.0000000000
85285  53.166  -29.575  46.381 0.0000000000
85286  52.695  -30.062  46.119 0.0000000000
85311  49.658  -30.585  44.088 0.0000000000
85310  50.704  -30.644  44.299 0.0000000000
85348  49.942  -31.024  42.416 0.0000000000
85359  50.251  -31.181  41.611 0.0000000000
83942  49.467  -31.309  41.726 0.0000000000
83984  48.229  -31.366  39.347 0.0000000000
83962  47.972  -31.541  41.346 0.0000000000
82677  46.303  -32.153  41.857 0.0000000000
83975  46.238  -31.990  40.532 0.0000000000
82705  45.226  -32.380  40.115 0.0000000000
82706  44.405  -32.590  39.895 0.0000000000
80191  50.624  -35.021  47.892 0.0000000000
70960  48.836  -41.422  45.044 0.0000000000
72274  49.511  -40.365  45.976 0.0000000000
73714  48.788  -39.427  44.930 0.0000000000
76536  47.109  -37.553  43.997 0.0000000000
76534  48.370  -37.787  44.470 0.0000000000
77768  47.437  -37.123  44.470 0.0000000000
78986  47.873  -35.390  46.281 0.0000000000
79002  46.588  -35.760  45.210 0.0000000000
80220  45.734  -35.011  45.249 0.0000000000
79014  45.433  -35.848  44.243 0.0000000000
77832  42.921  -36.412  39.986 0.0000000000
79040  43.624  -35.415  41.956 0.0000000000
80286  41.976  -34.828  39.806 0.0000000000
81499  42.456  -33.989  39.539 0.0000000000
79080  41.728  -35.294  38.851 0.0000000000
79088  41.450  -35.755  38.392 0.0000000000
75262  40.835  -38.508  37.461 0.0000000000
76635  40.236  -37.458  36.624 0.0000000000
71021  42.346  -41.756  40.221 0.0000000000
71053  41.617  -41.261  38.769 0.0000000000
71038  40.942  -41.513  39.437 0.0000000000
71067  38.512  -41.378  37.543 0.0000000000
59901  40.784  -50.232  47.686 0.0000000000
62421  40.518  -48.203  47.073 0.0000000000
61170  39.795  -49.394  47.365 0.0000000000
62455  36.971  -48.604  45.229 0.0000000000
63763  38.254  -47.630  45.552 0.0000000000
63764  37.588  -47.585  44.984 0.0000000000
66147  37.847  -45.450  44.239 0.0000000000
64983  36.198  -46.663  44.184 0.0000000000
61215  32.815  -49.734  41.297 0.0000000000
61200  33.754  -49.451  42.994 0.0000000000
62485  33.370  -48.553  41.806 0.0000000000
65003  34.255  -46.522  42.448 0.0000000000
66168  35.784  -44.972  42.569 0.0000000000
93264  49.247  -24.201  32.155 0.0000000000
94487  49.567  -23.334  31.470 0.0000000000
88123  50.874  -28.082  37.399 0.0000000000
49386  30.640  -57.673  56.009 0.0000000000
49387  29.672  -57.766  55.897 0.0000000000
49361  29.351  -58.396  57.414 0.0000000000
49347  28.674  -58.797  58.060 0.0000000000
47933  27.737  -59.748  58.247 0.0000000000
49371  31.991  -57.601  56.486 0.0000000000
59830  46.245  -50.125  49.173 0.0000000000
61072  47.073  -48.801  49.490 0.0000000000
59854  47.028  -48.989  48.412 0.0000000000
62387  46.937  -48.065  47.769 0.0000000000
63742  47.589  -46.707  46.667 0.0000000000
64977  47.677  -45.874  45.462 0.0000000000
64959  46.562  -46.222  45.751 0.0000000000
66119  46.091  -45.412  45.533 0.0000000000
66141  44.592  -44.802  45.013 0.0000000000
67255  44.140  -44.104  44.557 0.0000000000
66142  43.535  -44.943  44.984 0.0000000000
66122  42.924  -45.411  45.830 0.0000000000
66123  41.866  -45.653  45.675 0.0000000000
59951  28.065  -50.332  41.303 0.0000000000
59966  29.288  -50.130  40.584 0.0000000000
58664  28.146  -51.058  39.676 0.0000000000
93218  50.335  -24.542  37.878 0.0000000000
93230  49.514  -24.715  36.554 0.0000000000
92004  49.123  -25.416  37.783 0.0000000000
90701  48.610  -26.456  37.678 0.0000000000
55866  26.250  -53.463  46.722 0.0000000000
54639  24.628  -54.219  45.593 0.0000000000
54628  25.716  -54.849  47.533 0.0000000000
52064  24.562  -55.984  47.509 0.0000000000
50757  24.066  -57.433  46.751 0.0000000000
46609  24.185  -60.278  51.746 0.0000000000
48039  24.024  -59.657  50.483 0.0000000000
45178  23.099  -60.813  50.261 0.0000000000
46630  21.370  -60.425  49.046 0.0000000000
45222  18.077  -61.429  49.340 0.0000000000
55779  41.785  -53.303  50.954 0.0000000000
54563  41.856  -52.913  49.904 0.0000000000
55800  41.368  -52.785  48.907 0.0000000000
54565  39.880  -53.882  49.591 0.0000000000
54566  38.905  -54.359  49.473 0.0000000000
54567  37.924  -54.304  49.429 0.0000000000
53289  32.167  -55.466  51.279 0.0000000000
53314  32.790  -54.933  50.735 0.0000000000
53315  31.898  -54.974  50.651 0.0000000000
54574  30.905  -53.710  49.452 0.0000000000
55805  30.958  -53.198  48.314 0.0000000000
55837  30.240  -52.793  47.539 0.0000000000
55838  29.306  -53.296  47.720 0.0000000000
55864  27.737  -53.404  47.415 0.0000000000
85380  53.212  -29.776  39.012 0.0000000000
85394  53.319  -29.667  38.451 0.0000000000
85395  52.628  -29.970  38.149 0.0000000000
86808  52.183  -29.950  36.792 0.0000000000
42115  17.579  -63.409  59.808 0.0000000000
42153  17.275  -63.321  58.304 0.0000000000
42205  16.954  -63.079  55.755 0.0000000000
43620  16.036  -62.950  57.374 0.0000000000
91926  54.464  -25.345  43.997 0.0000000000
89339  53.937  -27.493  43.416 0.0000000000
89338  54.647  -27.283  43.907 0.0000000000
88003  54.815  -28.140  44.230 0.0000000000
86720  54.427  -29.235  43.760 0.0000000000
85245  50.823  -30.351  47.489 0.0000000000
85268  50.903  -30.330  46.430 0.0000000000
85269  50.020  -30.649  46.096 0.0000000000
83906  49.012  -31.031  44.831 0.0000000000
85332  48.562  -31.181  43.488 0.0000000000
83944  47.974  -31.486  42.282 0.0000000000
83924  47.984  -31.541  43.217 0.0000000000
82643  46.756  -32.111  42.965 0.0000000000
81458  45.435  -32.780  42.768 0.0000000000
72306  47.315  -40.570  43.418 0.0000000000
73725  47.700  -39.560  43.765 0.0000000000
73726  46.954  -39.642  43.093 0.0000000000
75198  46.489  -38.664  42.830 0.0000000000
77797  46.062  -37.661  42.590 0.0000000000
77783  45.496  -36.640  43.122 0.0000000000
76557  45.303  -37.667  42.045 0.0000000000
77830  44.027  -37.200  40.710 0.0000000000
76609  42.936  -37.354  39.323 0.0000000000
77858  41.709  -36.771  38.279 0.0000000000
76617  42.577  -37.543  38.807 0.0000000000
75260  42.247  -38.782  38.183 0.0000000000
73814  41.364  -39.557  37.708 0.0000000000
71001  39.925  -42.098  40.776 0.0000000000
71039  39.972  -41.519  39.342 0.0000000000
71024  39.099  -41.826  40.120 0.0000000000
69667  38.296  -41.757  38.940 0.0000000000
69684  36.473  -41.897  37.725 0.0000000000
58572  38.195  -51.376  46.393 0.0000000000
61179  38.220  -49.474  46.346 0.0000000000
59906  37.659  -50.579  45.865 0.0000000000
61181  36.802  -49.527  45.407 0.0000000000
61186  35.794  -49.014  44.605 0.0000000000
63819  33.007  -47.463  40.389 0.0000000000
63844  33.352  -47.437  39.290 0.0000000000
96940  53.501  -21.005  30.799 0.0000000000
96942  51.604  -21.520  30.563 0.0000000000
96943  50.298  -21.823  30.294 0.0000000000
53293  28.163  -55.592  51.768 0.0000000000
53294  27.608  -56.104  51.363 0.0000000000
52000  27.571  -56.466  52.558 0.0000000000
49436  26.517  -58.015  52.221 0.0000000000
48028  26.375  -58.724  52.853 0.0000000000
49389  27.454  -58.912  55.434 0.0000000000
48018  26.698  -58.949  53.794 0.0000000000
46603  25.729  -59.770  53.180 0.0000000000
45152  24.684  -60.651  53.185 0.0000000000
45147  23.542  -61.565  53.452 0.0000000000
42230  23.046  -62.470  54.143 0.0000000000
51966  37.155  -54.459  53.087 0.0000000000
52013  36.847  -54.751  51.978 0.0000000000
51991  36.193  -55.084  52.545 0.0000000000
52015  35.145  -55.526  52.071 0.0000000000
52016  34.145  -55.479  52.246 0.0000000000
50679  32.861  -56.341  54.011 0.0000000000
51994  33.288  -56.143  52.979 0.0000000000
52018  32.334  -55.723  52.055 0.0000000000
52019  31.553  -55.602  51.938 0.0000000000
53265  29.894  -55.309  52.158 0.0000000000
85415  48.519  -30.405  37.702 0.0000000000
86811  49.300  -30.073  36.480 0.0000000000
85430  48.743  -30.178  36.581 0.0000000000
87989  52.758  -28.341  45.671 0.0000000000
85213  51.533  -30.074  48.516 0.0000000000
85215  50.495  -30.535  48.527 0.0000000000
83825  49.698  -31.370  48.675 0.0000000000
82565  48.784  -32.109  48.118 0.0000000000
69562  49.588  -42.611  45.949 0.0000000000
69564  48.721  -42.562  44.683 0.0000000000
67250  48.188  -44.246  44.838 0.0000000000
68372  47.701  -43.302  43.553 0.0000000000
69579  47.456  -42.465  43.221 0.0000000000
69592  46.957  -42.443  42.541 0.0000000000
69630  46.033  -41.832  40.710 0.0000000000
69650  44.736  -41.738  40.128 0.0000000000
71035  43.876  -41.426  39.578 0.0000000000
69633  44.012  -42.299  40.310 0.0000000000
69614  42.930  -42.102  41.244 0.0000000000
69615  42.042  -41.905  41.381 0.0000000000
68376  43.006  -43.203  43.165 0.0000000000
69580  42.243  -42.662  42.841 0.0000000000
69597  41.398  -42.486  42.374 0.0000000000
69598  40.203  -42.664  42.077 0.0000000000
68395  39.547  -43.247  42.648 0.0000000000
68381  38.126  -43.773  43.054 0.0000000000
57237  34.024  -52.323  44.016 0.0000000000
58611  34.424  -51.175  42.926 0.0000000000
58613  32.648  -50.989  42.528 0.0000000000
59930  32.573  -50.689  41.927 0.0000000000
59963  32.090  -49.826  40.531 0.0000000000
59965  30.297  -50.143  40.439 0.0000000000
59982  31.073  -49.729  39.463 0.0000000000
94455  52.238  -22.762  34.383 0.0000000000
95685  51.387  -22.648  33.084 0.0000000000
94457  50.717  -23.513  34.368 0.0000000000
94470  50.151  -23.744  33.644 0.0000000000
93260  48.577  -24.950  33.501 0.0000000000
92032  48.430  -25.281  35.599 0.0000000000
92046  47.676  -25.832  34.583 0.0000000000
52045  25.721  -56.626  49.963 0.0000000000
50739  25.029  -57.414  48.772 0.0000000000
49492  23.854  -57.877  46.755 0.0000000000
48062  23.095  -59.495  48.637 0.0000000000
48109  23.057  -58.593  46.627 0.0000000000
58470  45.775  -50.653  50.239 0.0000000000
58520  45.799  -50.880  48.631 0.0000000000
59883  45.037  -50.331  47.907 0.0000000000
61166  44.374  -49.638  47.845 0.0000000000
62419  42.870  -48.305  47.768 0.0000000000
59899  42.713  -50.364  48.181 0.0000000000
59900  41.757  -50.434  48.017 0.0000000000
58560  40.200  -51.239  47.485 0.0000000000
55826  40.699  -52.925  48.324 0.0000000000
57185  40.025  -52.186  47.425 0.0000000000
58562  38.904  -51.747  46.743 0.0000000000
57203  37.630  -52.031  45.987 0.0000000000
57204  37.024  -52.316  45.571 0.0000000000
55884  35.511  -52.331  45.456 0.0000000000
53309  37.425  -54.394  50.804 0.0000000000
54547  37.256  -54.359  50.107 0.0000000000
54569  36.044  -53.962  49.351 0.0000000000
54571  34.052  -53.977  49.445 0.0000000000
54570  35.027  -54.124  49.292 0.0000000000
55802  36.276  -53.485  48.168 0.0000000000
55832  35.271  -53.200  47.216 0.0000000000
55857  34.933  -52.715  46.513 0.0000000000
57224  33.887  -52.224  44.859 0.0000000000
57225  33.063  -52.057  44.811 0.0000000000
58581  31.656  -51.193  44.324 0.0000000000
58596  29.901  -50.755  43.435 0.0000000000
57212  29.697  -52.297  45.824 0.0000000000
57229  28.956  -51.680  45.175 0.0000000000
58597  28.802  -50.887  43.395 0.0000000000
58618  27.203  -50.627  42.446 0.0000000000
89369  50.880  -27.868  41.187 0.0000000000
89378  50.208  -27.723  40.089 0.0000000000
88069  51.419  -28.370  40.286 0.0000000000
86778  53.837  -29.239  38.524 0.0000000000
88119  54.487  -28.665  37.826 0.0000000000
86825  49.896  -30.010  35.731 0.0000000000
49290  28.233  -58.296  59.951 0.0000000000
47923  27.407  -60.070  59.665 0.0000000000
45083  26.680  -60.839  59.264 0.0000000000
43591  26.121  -61.773  60.412 0.0000000000
45100  25.661  -61.581  57.969 0.0000000000
43629  25.114  -62.374  56.723 0.0000000000
42199  23.215  -62.896  55.738 0.0000000000
42216  22.519  -62.674  54.796 0.0000000000
40589  22.254  -63.990  59.764 0.0000000000
40615  21.407  -63.598  57.450 0.0000000000
42201  21.001  -63.474  55.581 0.0000000000
43655  20.855  -62.641  54.101 0.0000000000
43686  19.428  -62.115  52.399 0.0000000000
95681  54.160  -22.090  34.499 0.0000000000
95653  53.829  -22.376  35.616 0.0000000000
94423  52.668  -23.143  36.116 0.0000000000
94410  52.514  -23.349  37.422 0.0000000000
95608  55.164  -22.419  38.651 0.0000000000
94396  53.420  -23.082  38.225 0.0000000000
94411  51.572  -23.646  37.932 0.0000000000
93206  50.952  -24.233  39.324 0.0000000000
93196  50.297  -24.763  39.798 0.0000000000
91957  50.837  -25.167  40.902 0.0000000000
94358  52.343  -23.920  41.554 0.0000000000
93169  51.723  -24.841  41.516 0.0000000000
91945  50.590  -26.280  41.236 0.0000000000
89368  51.881  -27.672  41.857 0.0000000000
88051  52.474  -28.412  41.176 0.0000000000
88050  53.028  -28.888  41.493 0.0000000000
89353  53.592  -28.150  43.120 0.0000000000
88049  53.392  -29.301  41.433 0.0000000000
86755  53.506  -29.682  40.746 0.0000000000
85367  53.104  -29.963  39.990 0.0000000000
85382  51.488  -30.443  39.362 0.0000000000
85383  50.379  -30.597  39.531 0.0000000000
87988  53.475  -28.064  45.239 0.0000000000
85307  53.495  -29.650  45.383 0.0000000000
85327  53.712  -29.858  43.958 0.0000000000
85287  51.842  -30.264  45.702 0.0000000000
85309  51.761  -30.546  44.561 0.0000000000
85346  51.977  -30.619  42.506 0.0000000000
85358  51.141  -30.698  41.524 0.0000000000
85370  50.145  -30.920  40.564 0.0000000000
85398  49.460  -30.561  38.628 0.0000000000
85399  48.425  -30.878  38.710 0.0000000000
85400  47.787  -31.050  38.417 0.0000000000
83974  46.952  -31.795  40.735 0.0000000000
83996  46.188  -31.352  38.779 0.0000000000
81367  49.823  -33.720  48.761 0.0000000000
81390  48.757  -33.835  47.908 0.0000000000
76513  49.668  -37.998  46.851 0.0000000000
75181  48.599  -38.601  44.621 0.0000000000
76523  48.864  -37.765  45.781 0.0000000000
77723  49.490  -36.612  47.017 0.0000000000
78970  49.192  -35.339  47.308 0.0000000000
80207  48.026  -34.670  46.767 0.0000000000
81411  47.565  -33.713  46.693 0.0000000000
81425  46.449  -33.501  45.798 0.0000000000
81436  45.815  -33.629  44.809 0.0000000000
81459  45.050  -33.281  42.497 0.0000000000
79039  44.064  -35.950  42.358 0.0000000000
80272  43.852  -34.486  42.332 0.0000000000
81476  44.002  -33.564  41.673 0.0000000000
81498  42.903  -33.247  39.283 0.0000000000
77867  40.664  -36.592  36.963 0.0000000000
77879  39.997  -36.514  36.269 0.0000000000
72369  42.687  -40.675  39.080 0.0000000000
72379  41.480  -40.569  38.320 0.0000000000
72388  40.479  -40.491  37.693 0.0000000000
71055  39.813  -41.421  38.480 0.0000000000
72389  39.436  -40.478  37.429 0.0000000000
63727  42.149  -47.533  47.246 0.0000000000
63748  40.802  -47.354  46.423 0.0000000000
64965  40.384  -46.658  45.942 0.0000000000
62423  38.935  -48.311  46.627 0.0000000000
64966  39.446  -46.735  45.812 0.0000000000
66125  39.918  -46.088  45.391 0.0000000000
67260  38.884  -45.007  44.087 0.0000000000
67279  38.274  -44.430  43.644 0.0000000000
67280  37.326  -44.267  43.113 0.0000000000
59918  34.814  -50.444  43.459 0.0000000000
61191  34.446  -49.456  43.584 0.0000000000
63774  35.309  -47.623  44.150 0.0000000000
63798  33.613  -47.902  42.173 0.0000000000
64995  34.375  -46.859  43.265 0.0000000000
64993  35.720  -47.012  43.869 0.0000000000
66149  35.751  -45.961  43.947 0.0000000000
67281  36.646  -44.640  43.161 0.0000000000
94478  50.445  -23.063  32.169 0.0000000000
95715  49.783  -22.534  30.654 0.0000000000
95719  48.807  -22.535  29.745 0.0000000000
89391  50.183  -27.873  38.834 0.0000000000
62417  44.816  -48.605  47.558 0.0000000000
62416  45.720  -48.419  47.540 0.0000000000
63725  44.181  -47.737  47.280 0.0000000000
64944  43.875  -46.789  46.853 0.0000000000
63706  43.632  -47.831  47.457 0.0000000000
91959  49.654  -26.150  40.079 0.0000000000
90669  49.528  -26.564  39.708 0.0000000000
89379  49.648  -27.117  39.902 0.0000000000
53328  27.879  -54.935  50.241 0.0000000000
53329  27.316  -55.284  49.891 0.0000000000
43700  21.555  -61.814  51.661 0.0000000000
43684  21.324  -62.111  52.376 0.0000000000
43701  20.595  -62.037  51.373 0.0000000000
51988  38.560  -54.205  52.712 0.0000000000
53241  39.248  -54.128  52.956 0.0000000000
53264  39.425  -54.170  52.144 0.0000000000
53282  38.615  -54.241  51.399 0.0000000000
54556  28.424  -54.505  50.064 0.0000000000
89320  52.828  -27.251  45.588 0.0000000000
83851  48.159  -31.842  47.150 0.0000000000
83870  48.545  -31.376  46.598 0.0000000000
82601  47.576  -32.575  46.582 0.0000000000
72352  44.811  -40.621  40.351 0.0000000000
73781  44.512  -39.753  40.222 0.0000000000
73797  43.906  -39.696  39.652 0.0000000000
57222  35.479  -51.824  44.888 0.0000000000
58578  36.093  -51.425  44.533 0.0000000000
57235  35.203  -51.738  43.979 0.0000000000
96922  52.676  -22.021  32.363 0.0000000000
95698  52.530  -22.150  32.936 0.0000000000
50666  30.053  -57.012  54.654 0.0000000000
50667  28.986  -57.181  54.561 0.0000000000
50653  29.507  -57.451  55.189 0.0000000000
46545  26.973  -60.651  57.252 0.0000000000
47968  26.702  -60.194  56.301 0.0000000000
46565  26.560  -60.825  56.401 0.0000000000
45128  26.182  -61.398  55.894 0.0000000000
45120  26.295  -61.532  56.616 0.0000000000
54493  34.426  -54.461  53.699 0.0000000000
53224  34.092  -54.990  53.532 0.0000000000
51948  33.388  -55.548  54.160 0.0000000000
51949  30.595  -56.445  54.320 0.0000000000
64923  48.236  -46.439  47.081 0.0000000000
63702  48.061  -46.725  48.327 0.0000000000
64922  48.481  -45.814  47.703 0.0000000000
64921  49.214  -45.364  47.773 0.0000000000
64940  48.861  -45.388  46.969 0.0000000000
64956  49.039  -45.068  46.520 0.0000000000
66103  48.556  -45.316  46.456 0.0000000000
67254  45.088  -44.445  44.029 0.0000000000
67274  46.480  -44.297  43.271 0.0000000000
67275  45.710  -44.052  43.221 0.0000000000
68389  45.884  -43.563  42.440 0.0000000000
68374  45.173  -43.599  43.041 0.0000000000
68357  44.568  -43.826  43.710 0.0000000000
58615  30.358  -50.616  42.500 0.0000000000
58634  29.869  -50.612  42.003 0.0000000000
94425  50.367  -23.881  36.342 0.0000000000
57216  25.499  -52.744  45.070 0.0000000000
55886  24.862  -53.167  44.770 0.0000000000
48033  25.659  -58.940  51.607 0.0000000000
49452  25.386  -58.600  50.718 0.0000000000
46680  20.693  -59.890  46.643 0.0000000000
55789  42.275  -52.631  49.654 0.0000000000
55788  42.790  -52.595  49.698 0.0000000000
55798  43.293  -52.431  49.057 0.0000000000
55825  42.811  -52.373  49.003 0.0000000000
57150  42.038  -52.382  48.903 0.0000000000
54619  37.968  -53.632  48.267 0.0000000000
55830  37.140  -53.437  47.703 0.0000000000
53313  33.710  -54.892  50.786 0.0000000000
55804  32.019  -53.131  48.521 0.0000000000
55803  32.745  -53.156  48.130 0.0000000000
55835  32.297  -52.863  47.661 0.0000000000
55859  32.344  -52.787  47.018 0.0000000000
57190  32.363  -52.540  46.423 0.0000000000
57215  26.198  -52.575  45.282 0.0000000000
57232  25.472  -52.085  44.285 0.0000000000
42114  24.638  -63.402  60.712 0.0000000000
40587  23.813  -64.123  60.029 0.0000000000
42148  23.615  -63.407  58.677 0.0000000000
42131  22.939  -63.849  59.638 0.0000000000
42152  18.334  -63.475  58.322 0.0000000000
42151  19.085  -63.537  57.911 0.0000000000
42185  18.715  -63.299  56.480 0.0000000000
42204  17.910  -63.066  55.728 0.0000000000
95638  55.681  -22.074  36.955 0.0000000000
95622  56.356  -21.940  37.673 0.0000000000
95579  54.966  -22.485  40.528 0.0000000000
95580  53.936  -22.658  40.909 0.0000000000
91934  53.371  -25.259  43.168 0.0000000000
86734  54.197  -29.506  42.935 0.0000000000
85267  51.792  -30.256  46.839 0.0000000000
85331  49.311  -30.883  43.163 0.0000000000
85330  50.342  -30.683  43.282 0.0000000000
83961  48.819  -31.335  41.078 0.0000000000
83943  48.712  -31.358  41.924 0.0000000000
82678  45.570  -32.716  41.816 0.0000000000
82691  45.380  -32.525  40.945 0.0000000000
82692  44.522  -32.851  40.748 0.0000000000
78968  50.882  -35.738  47.770 0.0000000000
72291  49.119  -40.373  45.233 0.0000000000
72292  48.616  -40.431  44.579 0.0000000000
77753  47.137  -36.429  44.860 0.0000000000
77754  46.622  -36.241  44.653 0.0000000000
79013  46.219  -35.989  44.605 0.0000000000
77770  45.638  -36.425  43.793 0.0000000000
79072  42.974  -35.779  40.525 0.0000000000
79073  42.470  -35.756  39.903 0.0000000000
80287  41.767  -34.975  39.188 0.0000000000
75270  40.207  -38.094  37.166 0.0000000000
71000  41.739  -41.781  40.803 0.0000000000
71022  41.234  -41.645  40.336 0.0000000000
59902  39.722  -50.387  47.358 0.0000000000
61177  39.352  -50.029  47.158 0.0000000000
64982  37.099  -46.532  44.717 0.0000000000
61214  33.174  -49.319  41.418 0.0000000000
62500  32.948  -48.511  41.020 0.0000000000
93265  48.616  -24.781  32.652 0.0000000000
93268  48.449  -24.599  31.377 0.0000000000
49372  31.041  -58.053  56.632 0.0000000000
49373  30.048  -58.089  56.681 0.0000000000
49360  30.415  -58.276  57.563 0.0000000000
47947  28.083  -59.336  57.817 0.0000000000
47932  28.112  -59.455  58.630 0.0000000000
49385  31.471  -57.549  55.959 0.0000000000
59856  46.122  -50.356  48.484 0.0000000000
59855  46.720  -49.479  48.648 0.0000000000
59881  46.355  -49.682  48.014 0.0000000000
62415  46.458  -48.134  47.628 0.0000000000
62388  46.613  -48.511  47.878 0.0000000000
62414  46.833  -47.653  47.401 0.0000000000
63721  47.076  -47.136  47.085 0.0000000000
63743  47.205  -46.733  46.549 0.0000000000
64958  47.227  -46.370  45.853 0.0000000000
63744  46.690  -46.752  46.481 0.0000000000
66140  45.608  -44.754  44.955 0.0000000000
66121  44.015  -45.393  45.751 0.0000000000
59952  27.412  -50.624  41.301 0.0000000000
58649  27.753  -50.799  40.318 0.0000000000
93207  50.311  -24.598  38.808 0.0000000000
93208  49.673  -24.969  38.290 0.0000000000
90685  48.940  -26.446  38.295 0.0000000000
91989  48.818  -25.940  37.976 0.0000000000
89409  48.808  -26.857  37.961 0.0000000000
89431  48.706  -27.136  37.467 0.0000000000
54635  26.659  -53.900  47.298 0.0000000000
54636  25.619  -54.247  46.888 0.0000000000
54627  26.407  -54.681  47.834 0.0000000000
52062  25.897  -56.013  48.437 0.0000000000
53348  25.713  -55.506  47.839 0.0000000000
52072  24.320  -56.432  47.000 0.0000000000
52071  24.532  -56.869  47.457 0.0000000000
45163  23.424  -60.742  51.796 0.0000000000
46610  23.667  -60.546  51.241 0.0000000000
45164  23.141  -60.913  51.053 0.0000000000
45180  21.716  -60.817  50.183 0.0000000000
45219  20.268  -60.613  47.980 0.0000000000
45220  19.469  -60.911  48.305 0.0000000000
45204  18.639  -61.169  49.766 0.0000000000
43740  17.509  -61.931  49.093 0.0000000000
45205  17.949  -61.517  49.933 0.0000000000
54504  40.954  -52.766  52.719 0.0000000000
54528  40.645  -53.931  51.396 0.0000000000
54527  41.197  -53.637  51.434 0.0000000000
54543  41.247  -53.564  50.667 0.0000000000
54542  41.902  -53.206  50.666 0.0000000000
54564  40.920  -53.547  49.728 0.0000000000
54589  38.494  -54.090  48.756 0.0000000000
54553  31.520  -54.228  50.161 0.0000000000
55790  31.349  -53.495  48.871 0.0000000000
55791  30.721  -53.549  48.810 0.0000000000
55806  29.983  -53.391  48.523 0.0000000000
54625  27.979  -53.761  48.028 0.0000000000
54626  27.400  -53.931  47.843 0.0000000000
54634  27.195  -53.644  47.391 0.0000000000
42133  17.081  -63.027  59.132 0.0000000000
42132  17.889  -63.474  59.131 0.0000000000
42170  16.513  -63.134  57.556 0.0000000000
42154  16.291  -63.150  58.341 0.0000000000
90627  54.429  -26.306  44.238 0.0000000000
86699  54.706  -28.574  44.241 0.0000000000
86719  54.767  -28.750  43.962 0.0000000000
86700  54.286  -28.844  44.641 0.0000000000
85246  50.015  -30.493  47.096 0.0000000000
83907  47.992  -31.328  44.385 0.0000000000
83890  46.304  -31.675  45.245 0.0000000000
83926  46.449  -31.971  44.157 0.0000000000
82644  46.248  -32.193  43.520 0.0000000000
82627  45.686  -32.300  44.373 0.0000000000
72316  46.823  -40.721  42.740 0.0000000000
73740  46.590  -40.216  42.573 0.0000000000
73742  45.734  -39.292  42.105 0.0000000000
75199  45.983  -38.747  42.395 0.0000000000
76555  46.332  -37.996  42.662 0.0000000000
76556  45.749  -38.061  42.293 0.0000000000
76573  45.320  -38.185  41.819 0.0000000000
76591  44.290  -37.852  40.829 0.0000000000
76592  43.787  -37.761  40.303 0.0000000000
77847  43.088  -36.975  39.721 0.0000000000
76616  43.015  -37.901  39.036 0.0000000000
73813  41.988  -39.126  37.934 0.0000000000
69617  39.761  -42.295  41.291 0.0000000000
71002  39.468  -42.010  40.791 0.0000000000
69668  37.497  -42.066  38.831 0.0000000000
58575  37.530  -51.339  45.798 0.0000000000
59912  37.339  -51.044  45.555 0.0000000000
61185  36.253  -49.462  44.797 0.0000000000
61190  35.377  -49.538  44.243 0.0000000000
96938  51.732  -21.898  31.338 0.0000000000
96941  52.807  -21.212  30.886 0.0000000000
95714  50.634  -22.186  30.945 0.0000000000
52021  27.924  -56.125  52.311 0.0000000000
53246  28.358  -56.019  52.996 0.0000000000
49421  26.874  -58.014  53.282 0.0000000000
49374  28.978  -58.243  56.542 0.0000000000
49388  28.511  -57.993  55.436 0.0000000000
46576  26.588  -60.065  54.984 0.0000000000
48002  26.959  -59.458  54.666 0.0000000000
48003  26.469  -59.739  54.147 0.0000000000
48019  26.197  -59.418  53.357 0.0000000000
46595  25.952  -60.008  53.873 0.0000000000
46596  25.378  -60.304  53.533 0.0000000000
46587  25.561  -60.517  54.245 0.0000000000
43651  24.701  -61.963  55.208 0.0000000000
45137  24.508  -61.529  54.500 0.0000000000
43652  24.097  -62.085  54.716 0.0000000000
43653  23.440  -62.019  54.155 0.0000000000
53222  36.069  -54.373  53.657 0.0000000000
53202  36.621  -53.797  53.995 0.0000000000
51947  36.608  -54.381  53.446 0.0000000000
51967  36.348  -54.819  53.094 0.0000000000
51990  36.969  -54.624  52.527 0.0000000000
51992  35.256  -55.362  52.596 0.0000000000
50662  32.660  -56.359  54.844 0.0000000000
50678  33.217  -56.002  54.056 0.0000000000
50681  31.732  -56.593  54.025 0.0000000000
51971  32.409  -56.335  53.505 0.0000000000
51995  32.439  -55.972  52.861 0.0000000000
51996  31.607  -55.871  52.741 0.0000000000
51974  29.555  -55.845  53.304 0.0000000000
51997  30.623  -55.598  52.467 0.0000000000
51998  29.818  -55.541  52.622 0.0000000000
53266  29.085  -55.342  52.552 0.0000000000
85214  51.220  -30.257  48.734 0.0000000000
85189  50.701  -30.423  49.454 0.0000000000
83824  50.189  -31.174  49.197 0.0000000000
83826  49.183  -31.729  48.176 0.0000000000
82551  49.716  -32.141  49.185 0.0000000000
61082  47.405  -48.468  48.967 0.0000000000
67249  49.360  -43.531  45.567 0.0000000000
68354  49.487  -43.026  45.733 0.0000000000
68355  49.324  -43.169  45.112 0.0000000000
66137  47.728  -45.267  44.880 0.0000000000
67272  47.909  -44.001  43.928 0.0000000000
68407  45.614  -43.074  41.476 0.0000000000
69610  46.205  -42.365  41.005 0.0000000000
69631  45.620  -42.006  40.562 0.0000000000
69632  44.835  -42.152  40.369 0.0000000000
69612  44.501  -42.632  40.835 0.0000000000
69595  43.381  -42.489  41.800 0.0000000000
69613  43.709  -42.420  40.996 0.0000000000
69596  42.540  -42.192  42.118 0.0000000000
68358  43.617  -43.505  44.010 0.0000000000
68377  41.838  -43.194  43.473 0.0000000000
69581  41.656  -42.799  42.994 0.0000000000
68394  40.512  -43.174  42.850 0.0000000000
68380  38.946  -43.780  43.174 0.0000000000
68396  38.584  -43.265  42.487 0.0000000000
58593  33.239  -51.646  43.561 0.0000000000
58633  31.802  -50.532  41.720 0.0000000000
58632  32.182  -50.648  41.956 0.0000000000
59947  32.315  -50.269  41.285 0.0000000000
59964  31.369  -49.948  40.199 0.0000000000
59985  28.795  -50.433  39.926 0.0000000000
59984  29.526  -50.234  39.725 0.0000000000
61266  30.726  -49.778  38.841 0.0000000000
61265  31.263  -49.567  38.441 0.0000000000
61246  31.467  -49.178  39.371 0.0000000000
94437  52.276  -22.840  34.962 0.0000000000
94456  51.698  -23.065  34.115 0.0000000000
94440  49.660  -24.149  35.040 0.0000000000
94458  49.902  -24.004  34.436 0.0000000000
93259  49.299  -24.324  33.488 0.0000000000
93255  48.718  -24.881  34.227 0.0000000000
92017  48.975  -25.254  36.981 0.0000000000
92031  48.922  -25.120  36.233 0.0000000000
54640  24.034  -54.858  45.257 0.0000000000
54643  23.873  -54.377  44.294 0.0000000000
50728  26.830  -57.015  50.994 0.0000000000
52035  26.740  -56.496  50.702 0.0000000000
50729  26.165  -57.397  50.791 0.0000000000
49456  25.365  -58.263  49.557 0.0000000000
49460  24.560  -58.094  48.370 0.0000000000
50749  24.190  -57.689  47.457 0.0000000000
49474  24.015  -58.097  47.542 0.0000000000
46638  22.926  -60.008  49.483 0.0000000000
48049  23.421  -59.736  49.733 0.0000000000
48063  22.439  -59.819  48.366 0.0000000000
48128  21.269  -59.278  45.239 0.0000000000
48110  22.348  -58.928  46.317 0.0000000000
48127  22.087  -58.869  45.471 0.0000000000
55757  42.344  -52.290  51.584 0.0000000000
57117  42.932  -51.658  51.288 0.0000000000
57128  44.333  -52.155  50.339 0.0000000000
57116  43.933  -51.749  50.923 0.0000000000
57127  44.702  -51.503  50.482 0.0000000000
58491  45.440  -51.265  50.232 0.0000000000
58505  45.447  -51.339  49.554 0.0000000000
57146  44.834  -51.680  49.377 0.0000000000
58540  44.197  -51.058  48.316 0.0000000000
59884  44.276  -50.396  48.023 0.0000000000
61137  44.639  -50.095  47.846 0.0000000000
59898  43.623  -50.344  48.149 0.0000000000
61167  43.308  -49.406  48.290 0.0000000000
58557  43.092  -50.973  47.725 0.0000000000
57184  41.566  -51.886  47.886 0.0000000000
58559  41.353  -51.353  47.747 0.0000000000
58544  40.689  -51.856  47.742 0.0000000000
54587  40.535  -53.483  48.802 0.0000000000
54616  40.273  -53.291  48.206 0.0000000000
55827  39.961  -52.943  47.705 0.0000000000
57186  39.354  -52.283  46.930 0.0000000000
57187  38.528  -52.305  46.587 0.0000000000
55875  36.848  -52.823  45.989 0.0000000000
57205  36.261  -52.308  45.484 0.0000000000
53284  36.711  -54.732  51.432 0.0000000000
53283  37.562  -54.357  51.402 0.0000000000
54548  36.329  -54.301  50.112 0.0000000000
54568  37.001  -54.175  49.375 0.0000000000
54551  33.428  -54.536  50.048 0.0000000000
54623  34.011  -53.427  48.002 0.0000000000
54593  34.576  -53.710  48.636 0.0000000000
54592  35.652  -53.624  48.412 0.0000000000
54621  35.482  -53.394  47.747 0.0000000000
55831  36.088  -53.381  47.522 0.0000000000
57188  34.099  -52.430  46.584 0.0000000000
57207  34.453  -52.278  45.717 0.0000000000
57227  31.168  -51.680  45.106 0.0000000000
57226  32.156  -51.849  44.979 0.0000000000
58582  30.560  -50.973  44.417 0.0000000000
55862  29.373  -52.896  47.067 0.0000000000
57192  30.330  -52.514  46.635 0.0000000000
57193  29.441  -52.624  46.496 0.0000000000
58584  28.324  -51.258  44.265 0.0000000000
58598  27.764  -50.994  43.346 0.0000000000
58599  26.769  -51.117  43.242 0.0000000000
88085  52.351  -28.404  39.359 0.0000000000
88102  53.220  -28.486  38.461 0.0000000000
86779  53.336  -29.668  38.033 0.0000000000
86793  53.728  -29.536  37.506 0.0000000000
86792  54.587  -29.002  37.516 0.0000000000
86827  49.108  -29.858  36.159 0.0000000000
86810  49.630  -30.009  36.296 0.0000000000
85450  49.397  -30.076  35.151 0.0000000000
50550  29.404  -57.791  60.485 0.0000000000
47915  27.378  -59.834  60.165 0.0000000000
46487  26.841  -60.557  60.197 0.0000000000
43599  25.908  -62.190  59.336 0.0000000000
43608  25.664  -62.030  58.538 0.0000000000
42145  25.401  -62.315  58.388 0.0000000000
43617  25.455  -62.270  57.243 0.0000000000
42146  25.143  -62.499  58.109 0.0000000000
42180  23.997  -63.097  56.453 0.0000000000
42200  21.969  -63.253  55.912 0.0000000000
40591  19.925  -64.319  59.831 0.0000000000
40590  20.996  -64.074  59.831 0.0000000000
40604  21.515  -63.791  58.669 0.0000000000
40616  20.655  -63.581  57.793 0.0000000000
42202  20.152  -63.082  55.544 0.0000000000
42183  20.619  -63.458  56.115 0.0000000000
42218  20.499  -62.936  54.719 0.0000000000
43656  20.323  -62.823  54.079 0.0000000000
43671  20.093  -62.633  53.394 0.0000000000
42233  19.554  -62.629  53.859 0.0000000000
43673  18.178  -62.153  53.278 0.0000000000
43643  16.392  -62.959  55.046 0.0000000000
96893  54.842  -21.783  34.844 0.0000000000
95668  53.590  -22.300  34.843 0.0000000000
95667  54.316  -22.077  35.191 0.0000000000
95624  54.428  -22.566  37.063 0.0000000000
95640  54.023  -22.510  36.417 0.0000000000
95607  56.049  -22.186  38.370 0.0000000000
94381  53.364  -23.297  39.246 0.0000000000
93217  50.939  -24.125  38.399 0.0000000000
94398  51.655  -23.832  38.938 0.0000000000
93195  51.067  -24.444  40.124 0.0000000000
93184  50.655  -24.831  40.512 0.0000000000
94357  53.049  -23.295  41.499 0.0000000000
94344  52.618  -23.785  42.248 0.0000000000
91935  52.338  -25.509  42.415 0.0000000000
91943  51.915  -25.147  41.829 0.0000000000
91944  51.241  -25.657  41.616 0.0000000000
90647  50.941  -26.916  41.640 0.0000000000
90646  51.571  -26.716  42.198 0.0000000000
89354  52.848  -27.703  42.839 0.0000000000
89367  52.588  -28.309  41.996 0.0000000000
88021  53.946  -28.291  43.244 0.0000000000
85368  52.413  -30.350  40.233 0.0000000000
85329  51.442  -30.775  43.464 0.0000000000
85328  52.618  -30.595  43.656 0.0000000000
83960  49.574  -31.239  40.950 0.0000000000
85384  49.328  -30.966  39.613 0.0000000000
83983  48.842  -31.224  39.629 0.0000000000
83973  48.070  -31.569  40.358 0.0000000000
83995  47.286  -31.271  38.509 0.0000000000
83963  47.198  -31.748  41.797 0.0000000000
83986  46.031  -31.959  39.812 0.0000000000
80166  50.211  -34.430  48.496 0.0000000000
80167  49.713  -34.184  48.438 0.0000000000
82581  48.951  -33.232  48.159 0.0000000000
75160  49.431  -38.972  46.115 0.0000000000
73690  50.207  -39.465  46.713 0.0000000000
75159  49.805  -38.704  46.417 0.0000000000
75172  49.514  -38.282  46.390 0.0000000000
73715  48.316  -39.485  44.308 0.0000000000
75188  48.136  -38.673  44.052 0.0000000000
77752  48.143  -36.821  45.253 0.0000000000
76524  48.667  -37.495  45.115 0.0000000000
77751  48.615  -37.232  45.579 0.0000000000
76514  49.242  -37.419  46.609 0.0000000000
77736  48.746  -36.782  46.288 0.0000000000
78984  49.235  -35.990  46.893 0.0000000000
81410  48.195  -33.801  47.260 0.0000000000
81412  46.891  -33.872  46.400 0.0000000000
81424  47.053  -33.205  46.301 0.0000000000
80209  46.577  -34.226  46.154 0.0000000000
80230  45.486  -34.749  44.808 0.0000000000
80229  45.777  -34.374  45.139 0.0000000000
81437  45.174  -33.916  44.229 0.0000000000
81447  44.894  -34.054  43.403 0.0000000000
77799  44.896  -36.890  42.087 0.0000000000
77784  44.724  -36.389  42.778 0.0000000000
80282  43.095  -34.836  40.974 0.0000000000
80273  43.410  -34.725  41.774 0.0000000000
81487  43.856  -33.244  40.811 0.0000000000
81488  43.082  -33.706  40.467 0.0000000000
81511  41.581  -34.045  38.123 0.0000000000
76618  42.004  -37.556  38.336 0.0000000000
77866  41.250  -36.647  37.640 0.0000000000
76626  40.786  -37.479  37.300 0.0000000000
76636  39.440  -37.405  36.029 0.0000000000
77880  39.658  -36.741  35.582 0.0000000000
69652  43.527  -42.100  39.754 0.0000000000
71036  42.866  -41.537  39.480 0.0000000000
72380  40.853  -40.756  38.098 0.0000000000
72387  41.198  -40.318  37.890 0.0000000000
71056  38.965  -41.633  38.260 0.0000000000
71080  37.919  -40.872  37.142 0.0000000000
71066  39.649  -41.216  37.801 0.0000000000
72390  38.563  -40.430  37.102 0.0000000000
62420  41.595  -48.341  47.570 0.0000000000
63728  41.247  -47.528  47.118 0.0000000000
63749  39.927  -47.499  46.358 0.0000000000
61172  38.564  -48.781  46.566 0.0000000000
62441  38.212  -48.310  46.157 0.0000000000
64967  38.770  -46.984  45.614 0.0000000000
63750  38.908  -47.518  46.287 0.0000000000
64980  38.971  -46.424  45.386 0.0000000000
66146  39.138  -45.702  44.895 0.0000000000
66160  37.585  -44.730  43.707 0.0000000000
58610  34.959  -51.107  43.158 0.0000000000
59927  34.583  -50.836  42.931 0.0000000000
62460  34.812  -48.556  43.983 0.0000000000
63799  33.240  -47.522  41.560 0.0000000000
63782  33.662  -47.216  42.219 0.0000000000
64994  35.077  -46.709  43.731 0.0000000000
66150  35.489  -46.298  43.696 0.0000000000
66163  35.390  -46.008  43.363 0.0000000000
67294  35.652  -44.821  42.160 0.0000000000
67293  36.393  -44.375  42.385 0.0000000000
99385  53.055  -19.628  29.341 0.0000000000
94469  50.830  -23.106  33.264 0.0000000000
95700  51.098  -22.598  32.478 0.0000000000
94490  49.314  -23.064  30.727 0.0000000000
95716  49.226  -22.832  30.311 0.0000000000
88104  51.042  -28.234  38.150 0.0000000000
47946  30.887  -58.090  57.992 0.0000000000
49345  30.454  -58.314  58.557 0.0000000000
49329  29.492  -58.375  59.056 0.0000000000
59897  45.660  -50.054  47.799 0.0000000000
59895  46.225  -49.677  47.798 0.0000000000
63723  46.090  -47.325  47.148 0.0000000000
63745  46.152  -46.738  46.431 0.0000000000
64942  45.616  -46.988  46.742 0.0000000000
64961  44.503  -46.062  46.391 0.0000000000
64945  43.063  -46.727  46.695 0.0000000000
63746  42.485  -46.997  46.797 0.0000000000
90684  49.333  -26.486  38.979 0.0000000000
54578  26.864  -54.814  49.286 0.0000000000
53336  26.309  -55.540  48.810 0.0000000000
52050  26.002  -56.055  49.312 0.0000000000
43682  23.046  -61.691  52.290 0.0000000000
43698  22.859  -61.241  51.695 0.0000000000
43699  22.339  -61.573  51.688 0.0000000000
45166  21.650  -61.489  50.997 0.0000000000
45181  20.620  -61.421  50.444 0.0000000000
45203  19.523  -60.980  49.498 0.0000000000
43717  20.132  -61.815  50.785 0.0000000000
43718  19.840  -61.894  51.048 0.0000000000
45168  19.284  -61.474  51.258 0.0000000000
53217  40.389  -53.760  52.907 0.0000000000
53239  40.652  -53.828  52.362 0.0000000000
54517  40.565  -54.134  51.798 0.0000000000
53291  30.502  -54.932  51.605 0.0000000000
53316  31.109  -54.557  50.939 0.0000000000
54531  29.849  -54.266  51.149 0.0000000000
54598  29.016  -53.845  48.799 0.0000000000
54576  28.748  -54.143  49.412 0.0000000000
85396  51.602  -30.367  38.305 0.0000000000
85428  50.387  -30.156  36.388 0.0000000000
90605  53.978  -26.293  45.293 0.0000000000
90615  54.338  -26.319  44.760 0.0000000000
89326  54.102  -27.331  45.032 0.0000000000
83849  49.465  -31.074  47.707 0.0000000000
83869  49.250  -30.926  46.821 0.0000000000
83889  47.286  -31.622  45.640 0.0000000000
72331  46.229  -40.768  41.440 0.0000000000
73758  45.897  -40.285  41.667 0.0000000000
72332  45.885  -40.533  41.227 0.0000000000
73759  45.584  -39.804  41.541 0.0000000000
75230  45.326  -39.107  41.182 0.0000000000
75212  45.193  -38.531  41.374 0.0000000000
75231  44.794  -38.754  40.710 0.0000000000
75244  43.641  -38.670  39.776 0.0000000000
75251  43.192  -38.558  39.074 0.0000000000
73798  43.023  -39.627  39.154 0.0000000000
73799  42.536  -40.161  38.770 0.0000000000
57220  37.058  -51.739  45.373 0.0000000000
58577  36.662  -51.245  44.879 0.0000000000
58589  36.193  -51.006  44.269 0.0000000000
59917  35.808  -50.480  44.042 0.0000000000
96936  53.855  -21.240  31.507 0.0000000000
95709  51.614  -22.215  31.900 0.0000000000
51951  29.027  -56.415  54.008 0.0000000000
51975  28.396  -56.311  53.420 0.0000000000
50683  28.417  -56.852  54.039 0.0000000000
50668  28.112  -57.347  54.345 0.0000000000
47966  27.958  -59.425  57.098 0.0000000000
49376  27.272  -59.286  56.061 0.0000000000
47985  26.481  -60.318  55.972 0.0000000000
45135  26.099  -61.118  55.274 0.0000000000
45129  25.790  -61.541  55.529 0.0000000000
42196  24.950  -61.986  55.382 0.0000000000
54492  35.284  -54.186  53.647 0.0000000000
53243  35.796  -54.985  53.460 0.0000000000
53244  35.023  -55.048  53.224 0.0000000000
50650  31.844  -57.041  55.430 0.0000000000
50664  31.709  -56.672  54.741 0.0000000000
50682  31.205  -56.435  54.020 0.0000000000
62369  47.760  -47.391  48.562 0.0000000000
63685  47.959  -46.949  48.702 0.0000000000
64896  48.236  -46.052  48.551 0.0000000000
67220  50.051  -44.117  47.318 0.0000000000
67234  49.310  -44.112  45.837 0.0000000000
67235  48.675  -44.298  45.515 0.0000000000
66139  46.438  -44.963  44.739 0.0000000000
67252  46.826  -44.555  44.048 0.0000000000
67290  46.651  -43.883  42.702 0.0000000000
68388  46.717  -43.194  42.322 0.0000000000
68408  44.893  -43.052  41.257 0.0000000000
68391  43.776  -42.968  42.365 0.0000000000
66143  42.444  -44.915  45.133 0.0000000000
67257  41.933  -44.284  44.599 0.0000000000
68360  41.474  -43.766  44.109 0.0000000000
68378  40.837  -43.636  43.682 0.0000000000
67277  40.119  -44.192  43.879 0.0000000000
59931  30.657  -50.502  41.918 0.0000000000
93243  49.312  -24.530  35.593 0.0000000000
90714  47.960  -26.188  36.130 0.0000000000
92019  47.870  -25.803  35.825 0.0000000000
52080  23.765  -56.488  45.787 0.0000000000
50717  26.349  -57.744  51.364 0.0000000000
50736  25.694  -57.668  50.395 0.0000000000
49451  25.672  -58.006  50.536 0.0000000000
48047  24.573  -58.620  48.964 0.0000000000
46658  21.572  -60.139  47.937 0.0000000000
48083  22.242  -59.689  47.569 0.0000000000
48112  21.043  -59.651  46.977 0.0000000000
46688  21.008  -59.800  46.078 0.0000000000
54541  42.450  -52.937  50.832 0.0000000000
55765  42.939  -52.358  50.957 0.0000000000
55778  42.985  -52.610  50.358 0.0000000000
55777  43.662  -52.494  49.961 0.0000000000
57138  44.378  -52.207  49.632 0.0000000000
57147  44.342  -51.974  48.981 0.0000000000
57148  43.853  -52.177  48.835 0.0000000000
57165  43.508  -51.843  48.676 0.0000000000
58541  43.280  -51.327  48.144 0.0000000000
58542  42.672  -51.410  47.947 0.0000000000
57183  42.048  -51.730  47.896 0.0000000000
54588  39.502  -53.996  48.715 0.0000000000
55853  38.369  -52.972  46.719 0.0000000000
54595  32.767  -53.534  48.745 0.0000000000
54624  33.304  -53.364  48.214 0.0000000000
55833  34.340  -52.842  47.282 0.0000000000
57170  33.802  -52.628  47.009 0.0000000000
57189  33.199  -52.563  46.517 0.0000000000
57209  32.682  -52.254  45.688 0.0000000000
57211  30.750  -52.077  45.926 0.0000000000
55879  27.733  -52.890  46.563 0.0000000000
57213  28.532  -52.472  45.958 0.0000000000
57214  27.262  -52.415  45.641 0.0000000000
58586  26.327  -51.415  44.008 0.0000000000
57239  25.151  -52.221  42.763 0.0000000000
88068  52.460  -28.415  40.284 0.0000000000
86807  52.998  -29.779  36.684 0.0000000000
42147  24.419  -62.916  58.460 0.0000000000
42165  22.924  -63.512  57.810 0.0000000000
40606  19.347  -63.826  58.875 0.0000000000
40617  19.831  -63.617  57.949 0.0000000000
40625  20.073  -63.683  57.190 0.0000000000
42184  19.827  -63.404  56.419 0.0000000000
42220  18.699  -62.642  54.647 0.0000000000
43658  18.026  -62.501  54.086 0.0000000000
95652  54.747  -22.296  35.877 0.0000000000
95651  55.398  -22.176  36.306 0.0000000000
95623  55.173  -22.354  37.618 0.0000000000
95593  55.125  -22.540  39.598 0.0000000000
94382  52.405  -23.612  39.591 0.0000000000
94371  52.152  -23.876  40.680 0.0000000000
93157  52.824  -24.360  42.816 0.0000000000
90640  52.195  -26.619  42.660 0.0000000000
88033  54.478  -28.981  43.018 0.0000000000
86667  52.543  -29.330  46.816 0.0000000000
86666  53.243  -29.199  46.575 0.0000000000
83972  49.037  -31.328  40.199 0.0000000000
82658  46.738  -32.023  42.298 0.0000000000
82689  46.666  -31.922  41.463 0.0000000000
82690  46.108  -32.096  41.125 0.0000000000
82704  45.817  -32.195  40.492 0.0000000000
83987  45.325  -32.141  39.551 0.0000000000
82715  44.885  -32.293  39.474 0.0000000000
70944  49.613  -41.283  46.180 0.0000000000
72273  49.866  -40.682  46.422 0.0000000000
73705  49.216  -39.348  45.676 0.0000000000
76544  47.353  -38.082  43.697 0.0000000000
76543  47.865  -38.166  43.969 0.0000000000
76535  47.708  -37.689  44.188 0.0000000000
77767  47.965  -37.350  44.552 0.0000000000
79000  48.055  -36.050  46.026 0.0000000000
79001  47.422  -35.800  45.668 0.0000000000
80218  46.788  -35.320  45.773 0.0000000000
80219  46.103  -34.723  45.594 0.0000000000
79003  45.857  -35.405  45.039 0.0000000000
80231  44.941  -35.129  44.266 0.0000000000
77815  43.993  -36.653  40.989 0.0000000000
79059  43.626  -35.826  41.281 0.0000000000
80283  42.533  -34.864  40.426 0.0000000000
81489  42.515  -34.319  40.063 0.0000000000
80293  42.019  -34.378  39.135 0.0000000000
80294  41.624  -34.639  38.627 0.0000000000
79095  40.900  -35.738  37.481 0.0000000000
71037  41.897  -41.522  39.471 0.0000000000
71054  40.739  -41.262  38.579 0.0000000000
69682  38.181  -41.836  38.241 0.0000000000
61139  41.232  -49.590  47.770 0.0000000000
61169  41.057  -49.315  47.614 0.0000000000
62422  39.670  -48.419  46.790 0.0000000000
62454  37.888  -48.236  45.421 0.0000000000
66148  36.610  -45.734  44.086 0.0000000000
59946  33.255  -50.101  41.620 0.0000000000
59945  33.647  -49.835  41.794 0.0000000000
61213  33.720  -49.386  42.071 0.0000000000
62484  33.668  -48.589  42.556 0.0000000000
65004  33.682  -46.745  41.826 0.0000000000
66169  35.169  -45.580  42.443 0.0000000000
88103  52.170  -28.457  38.339 0.0000000000
88122  51.867  -28.501  37.297 0.0000000000
49362  28.500  -58.833  57.222 0.0000000000
47948  27.550  -59.874  57.581 0.0000000000
50648  32.754  -56.541  55.665 0.0000000000
50636  32.686  -57.208  56.159 0.0000000000
50649  32.344  -57.037  55.585 0.0000000000
59811  46.159  -49.934  49.717 0.0000000000
59829  46.732  -49.524  49.215 0.0000000000
61083  47.280  -49.174  49.072 0.0000000000
61103  47.203  -48.487  48.516 0.0000000000
61134  46.499  -48.959  48.069 0.0000000000
61133  46.841  -48.685  48.204 0.0000000000
62386  47.346  -47.866  48.004 0.0000000000
63704  47.475  -47.408  47.564 0.0000000000
63720  47.720  -46.848  47.130 0.0000000000
64941  48.068  -46.522  46.578 0.0000000000
66104  48.247  -45.928  46.358 0.0000000000
64957  47.779  -46.246  46.119 0.0000000000
64978  47.221  -45.891  45.136 0.0000000000
64979  46.719  -45.620  45.069 0.0000000000
66124  40.858  -45.872  45.504 0.0000000000
59933  28.443  -50.467  41.924 0.0000000000
59950  28.982  -50.340  41.436 0.0000000000
59967  28.340  -50.425  40.531 0.0000000000
58691  28.894  -51.150  38.735 0.0000000000
58665  27.454  -51.808  39.515 0.0000000000
57295  28.325  -52.127  38.982 0.0000000000
93228  50.901  -24.094  37.543 0.0000000000
93219  49.661  -24.880  37.398 0.0000000000
92005  48.567  -25.831  37.341 0.0000000000
90713  48.349  -26.516  36.820 0.0000000000
53359  24.963  -54.945  46.499 0.0000000000
53355  25.244  -55.101  47.263 0.0000000000
53360  24.435  -55.499  45.934 0.0000000000
50769  23.565  -57.476  45.352 0.0000000000
46608  24.839  -59.894  52.138 0.0000000000
48035  24.268  -59.864  51.188 0.0000000000
46615  23.984  -60.205  51.028 0.0000000000
46627  23.201  -60.398  50.009 0.0000000000
46628  22.687  -60.546  49.859 0.0000000000
45179  22.693  -60.900  50.245 0.0000000000
46618  22.367  -60.655  50.013 0.0000000000
46640  21.762  -60.291  48.657 0.0000000000
46641  21.062  -60.376  48.384 0.0000000000
45235  20.157  -60.495  47.402 0.0000000000
45221  18.343  -61.330  48.648 0.0000000000
54516  41.155  -53.530  51.938 0.0000000000
54526  41.734  -53.246  51.300 0.0000000000
54586  41.373  -53.063  49.350 0.0000000000
54590  37.596  -53.947  48.826 0.0000000000
53288  33.018  -55.348  51.425 0.0000000000
54552  32.482  -54.467  50.028 0.0000000000
54573  32.085  -53.706  49.306 0.0000000000
55836  31.403  -52.689  47.590 0.0000000000
57172  30.938  -52.483  47.168 0.0000000000
55807  29.159  -53.616  48.341 0.0000000000
55839  28.461  -53.618  47.897 0.0000000000
55863  28.555  -53.076  47.147 0.0000000000
55865  27.037  -53.362  46.947 0.0000000000
85411  52.354  -29.993  37.521 0.0000000000
40593  18.297  -63.709  59.990 0.0000000000
42169  17.497  -63.263  57.460 0.0000000000
42186  17.702  -63.211  56.571 0.0000000000
42187  16.604  -62.962  56.676 0.0000000000
42171  15.535  -63.092  57.483 0.0000000000
91927  54.162  -25.209  43.670 0.0000000000
90629  53.746  -26.629  43.417 0.0000000000
90628  54.214  -26.293  43.767 0.0000000000
85244  51.500  -30.236  47.864 0.0000000000
85289  49.926  -30.737  45.081 0.0000000000
85312  48.817  -30.743  43.968 0.0000000000
83923  48.668  -31.336  42.749 0.0000000000
83925  47.174  -31.902  43.662 0.0000000000
82659  45.955  -32.371  42.642 0.0000000000
82660  45.517  -32.784  42.403 0.0000000000
77721  50.875  -36.342  48.021 0.0000000000
70973  47.624  -41.519  43.699 0.0000000000
72305  47.975  -40.489  44.021 0.0000000000
73727  46.609  -39.150  42.935 0.0000000000
75190  46.918  -38.668  43.311 0.0000000000
76545  46.719  -37.858  43.371 0.0000000000
77782  46.229  -37.318  42.975 0.0000000000
77798  45.661  -37.359  42.510 0.0000000000
77814  44.412  -37.122  41.236 0.0000000000
76574  44.872  -37.855  41.452 0.0000000000
77831  43.495  -36.772  40.367 0.0000000000
77848  42.667  -36.645  39.337 0.0000000000
79087  41.873  -36.275  38.648 0.0000000000
77857  42.240  -36.740  38.700 0.0000000000
75252  42.654  -38.507  38.628 0.0000000000
75253  42.251  -38.176  38.393 0.0000000000
75261  41.825  -38.468  37.857 0.0000000000
73815  40.201  -39.572  37.412 0.0000000000
71023  40.175  -41.680  40.345 0.0000000000
69653  38.469  -41.844  39.620 0.0000000000
59905  38.551  -50.489  46.487 0.0000000000
61178  39.015  -49.843  46.820 0.0000000000
61180  37.422  -49.669  45.712 0.0000000000
59913  37.002  -50.860  45.303 0.0000000000
59907  36.892  -50.222  45.450 0.0000000000
62443  37.178  -49.181  45.571 0.0000000000
62456  36.149  -48.505  44.736 0.0000000000
62501  32.643  -48.410  40.118 0.0000000000
63820  32.799  -47.873  39.649 0.0000000000
65035  33.733  -46.635  39.990 0.0000000000
65058  33.947  -46.845  39.426 0.0000000000
98165  53.066  -20.718  30.431 0.0000000000
98166  52.404  -20.979  30.408 0.0000000000
96946  51.353  -20.863  29.890 0.0000000000
96947  50.636  -21.120  29.843 0.0000000000
96948  49.458  -21.486  29.540 0.0000000000
92055  47.624  -25.695  31.662 0.0000000000
53319  27.492  -55.651  50.843 0.0000000000
52022  27.345  -56.376  51.917 0.0000000000
51976  27.756  -56.680  53.009 0.0000000000
50703  26.933  -56.996  52.700 0.0000000000
49437  26.212  -58.597  52.203 0.0000000000
48029  25.794  -59.211  52.321 0.0000000000
48030  25.277  -59.634  52.140 0.0000000000
46604  25.222  -59.995  52.721 0.0000000000
46605  24.485  -60.320  52.542 0.0000000000
45153  23.657  -60.925  52.681 0.0000000000
45145  25.010  -60.976  53.966 0.0000000000
45146  24.245  -61.276  53.615 0.0000000000
45154  23.214  -61.493  52.891 0.0000000000
43668  22.847  -61.911  53.315 0.0000000000
53221  37.749  -53.849  53.880 0.0000000000
51965  37.921  -54.325  53.183 0.0000000000
51989  37.768  -54.329  52.594 0.0000000000
52012  37.643  -54.271  51.972 0.0000000000
52014  36.049  -55.225  52.018 0.0000000000
50701  33.486  -56.009  53.403 0.0000000000
50702  33.122  -56.201  53.496 0.0000000000
52017  33.187  -55.608  52.220 0.0000000000
52020  31.060  -55.344  51.852 0.0000000000
53292  29.314  -54.946  51.612 0.0000000000
85451  48.621  -30.069  35.463 0.0000000000
87974  52.335  -28.894  46.421 0.0000000000
86653  51.937  -29.600  47.822 0.0000000000
85243  51.765  -29.999  48.176 0.0000000000
85190  50.386  -30.866  49.241 0.0000000000
69546  49.788  -42.084  46.203 0.0000000000
69563  49.345  -42.281  45.516 0.0000000000
66118  48.206  -45.228  45.720 0.0000000000
67251  47.480  -44.491  44.300 0.0000000000
68371  48.238  -43.377  44.268 0.0000000000
69578  47.940  -42.473  43.999 0.0000000000
70984  47.041  -41.573  43.027 0.0000000000
70985  46.647  -41.597  42.292 0.0000000000
69593  46.527  -42.370  41.866 0.0000000000
70998  46.473  -41.571  41.512 0.0000000000
71018  45.852  -41.391  40.622 0.0000000000
71019  45.153  -41.431  40.377 0.0000000000
71034  44.588  -41.327  39.909 0.0000000000
69651  44.320  -41.958  39.870 0.0000000000
69634  43.131  -42.232  40.343 0.0000000000
69635  42.546  -41.946  40.778 0.0000000000
70999  42.178  -41.818  40.791 0.0000000000
69616  40.904  -42.073  41.235 0.0000000000
69599  39.154  -42.689  42.028 0.0000000000
69600  38.570  -42.850  41.950 0.0000000000
58591  34.870  -51.535  43.501 0.0000000000
58592  34.157  -51.659  43.446 0.0000000000
58612  33.625  -51.214  42.707 0.0000000000
59929  33.111  -50.727  41.985 0.0000000000
61229  32.594  -49.306  40.718 0.0000000000
59983  30.460  -49.977  39.368 0.0000000000
61230  31.982  -49.502  40.083 0.0000000000
61245  32.224  -48.966  39.849 0.0000000000
95683  52.691  -22.379  33.689 0.0000000000
95684  51.934  -22.518  33.459 0.0000000000
95670  52.276  -22.679  34.009 0.0000000000
94468  51.448  -22.836  33.483 0.0000000000
93244  48.707  -24.795  34.975 0.0000000000
92033  47.839  -25.674  35.263 0.0000000000
92045  48.228  -25.312  34.780 0.0000000000
92048  48.215  -25.462  33.986 0.0000000000
54642  24.257  -53.730  44.757 0.0000000000
53320  26.830  -55.738  50.299 0.0000000000
52044  26.253  -56.133  50.119 0.0000000000
52051  25.451  -56.641  49.088 0.0000000000
50737  25.528  -57.386  49.932 0.0000000000
50748  24.469  -57.371  47.724 0.0000000000
49516  23.892  -57.951  46.143 0.0000000000
49517  23.448  -58.142  45.581 0.0000000000
48048  23.984  -59.133  49.359 0.0000000000
48061  23.939  -58.656  48.274 0.0000000000
48082  23.276  -58.877  47.355 0.0000000000
49494  23.024  -58.437  46.115 0.0000000000
49538  23.021  -58.072  44.788 0.0000000000
58471  45.105  -50.924  50.713 0.0000000000
59791  45.555  -50.135  50.250 0.0000000000
58490  45.979  -50.768  49.749 0.0000000000
58504  45.901  -50.856  49.076 0.0000000000
58538  45.712  -50.847  48.337 0.0000000000
58522  44.602  -51.378  48.595 0.0000000000
58539  45.164  -50.939  48.235 0.0000000000
61136  44.860  -49.934  47.779 0.0000000000
62418  43.881  -48.549  47.752 0.0000000000
62389  43.530  -48.119  47.633 0.0000000000
59885  41.365  -49.822  47.931 0.0000000000
58570  39.390  -50.955  47.246 0.0000000000
57168  40.685  -52.418  47.913 0.0000000000
58561  39.445  -51.597  47.128 0.0000000000
58571  38.874  -51.103  46.880 0.0000000000
55874  37.593  -52.720  46.141 0.0000000000
53310  36.543  -54.591  50.807 0.0000000000
54591  36.730  -53.702  48.573 0.0000000000
54550  34.384  -54.457  50.090 0.0000000000
55801  36.579  -53.445  48.020 0.0000000000
55856  35.696  -53.084  46.511 0.0000000000
55877  35.236  -52.541  45.726 0.0000000000
57223  34.695  -52.150  44.931 0.0000000000
57238  33.491  -52.050  44.247 0.0000000000
58580  32.588  -51.582  44.216 0.0000000000
58583  29.418  -51.130  44.343 0.0000000000
58617  28.200  -50.625  42.587 0.0000000000
59935  27.239  -50.495  41.809 0.0000000000
58636  26.836  -50.870  41.592 0.0000000000
58619  26.290  -51.058  42.296 0.0000000000
58651  26.405  -51.749  40.774 0.0000000000
90655  50.282  -26.914  40.937 0.0000000000
86777  54.449  -28.816  38.164 0.0000000000
88100  54.378  -28.574  38.172 0.0000000000
85429  49.713  -30.230  36.800 0.0000000000
85449  50.326  -30.164  35.329 0.0000000000
49289  29.609  -57.646  60.486 0.0000000000
49310  28.498  -58.506  59.499 0.0000000000
47914  27.929  -59.074  60.167 0.0000000000
47922  27.979  -59.416  59.471 0.0000000000
46504  27.718  -60.048  59.065 0.0000000000
46526  27.254  -60.285  58.408 0.0000000000
45110  26.576  -60.830  58.105 0.0000000000
45067  26.836  -61.268  60.764 0.0000000000
45084  26.454  -61.177  59.544 0.0000000000
45099  26.171  -61.423  58.577 0.0000000000
45111  26.230  -61.365  57.415 0.0000000000
43616  26.072  -62.081  56.879 0.0000000000
43628  25.576  -62.195  56.451 0.0000000000
42197  24.784  -62.260  55.546 0.0000000000
42163  24.647  -62.682  57.262 0.0000000000
42179  24.616  -62.498  56.236 0.0000000000
42198  24.155  -62.639  55.626 0.0000000000
42215  23.564  -62.449  54.931 0.0000000000
43654  21.754  -62.485  54.052 0.0000000000
40603  22.158  -63.817  58.997 0.0000000000
42166  22.138  -63.651  58.076 0.0000000000
42182  22.127  -63.473  57.061 0.0000000000
40623  21.373  -63.593  56.508 0.0000000000
42217  21.437  -62.966  54.863 0.0000000000
43670  21.077  -62.425  53.242 0.0000000000
43685  20.384  -62.321  52.373 0.0000000000
45155  19.199  -61.720  51.814 0.0000000000
43672  19.112  -62.251  53.218 0.0000000000
43687  18.391  -61.950  52.287 0.0000000000
43642  17.112  -62.993  55.017 0.0000000000
43659  17.157  -62.653  54.265 0.0000000000
96905  53.648  -22.024  33.409 0.0000000000
96904  54.493  -21.797  33.718 0.0000000000
95682  53.526  -22.285  33.962 0.0000000000
95654  53.046  -22.575  35.345 0.0000000000
95641  53.359  -22.631  36.000 0.0000000000
95606  56.545  -21.864  38.253 0.0000000000
94395  54.297  -22.600  38.023 0.0000000000
91974  49.883  -25.288  39.799 0.0000000000
91958  50.209  -25.708  40.517 0.0000000000
95565  53.788  -22.473  41.872 0.0000000000
93182  51.934  -24.327  41.318 0.0000000000
93183  51.346  -24.613  40.907 0.0000000000
88066  53.381  -29.155  40.529 0.0000000000
86681  53.627  -29.002  45.898 0.0000000000
85385  48.714  -31.114  39.338 0.0000000000
83994  47.958  -31.204  38.716 0.0000000000
82564  49.412  -32.675  48.577 0.0000000000
82582  48.391  -32.678  47.580 0.0000000000
76503  50.206  -37.534  47.533 0.0000000000
77722  50.165  -36.522  47.553 0.0000000000
75180  48.918  -38.558  45.299 0.0000000000
76533  48.925  -37.960  44.896 0.0000000000
76522  49.237  -38.014  46.371 0.0000000000
76504  49.723  -37.224  47.147 0.0000000000
78969  49.912  -35.679  47.490 0.0000000000
78985  48.563  -35.650  46.608 0.0000000000
80193  48.695  -34.676  47.360 0.0000000000
82600  48.016  -33.181  46.938 0.0000000000
82615  45.980  -32.422  45.086 0.0000000000
81446  45.361  -32.941  43.561 0.0000000000
79026  45.301  -36.230  43.658 0.0000000000
79027  44.708  -35.880  43.417 0.0000000000
80240  44.576  -34.947  43.693 0.0000000000
80253  44.143  -35.021  42.935 0.0000000000
81448  44.548  -34.549  43.155 0.0000000000
81460  44.488  -34.189  42.630 0.0000000000
81475  44.956  -33.203  41.819 0.0000000000
82693  43.871  -32.987  40.331 0.0000000000
82707  43.626  -32.871  39.649 0.0000000000
71052  42.278  -41.249  38.960 0.0000000000
72378  42.151  -40.640  38.647 0.0000000000
73808  41.560  -40.006  38.087 0.0000000000
62390  43.316  -47.900  47.548 0.0000000000
63747  41.710  -47.030  46.609 0.0000000000
64964  41.349  -46.534  45.997 0.0000000000
61171  38.995  -49.034  46.852 0.0000000000
63730  39.466  -47.953  46.529 0.0000000000
68397  37.681  -43.584  42.447 0.0000000000
59919  34.160  -49.978  43.173 0.0000000000
62459  35.515  -48.516  44.434 0.0000000000
63766  35.873  -47.887  44.498 0.0000000000
63781  33.980  -47.591  42.828 0.0000000000
63775  34.535  -47.621  43.626 0.0000000000
63773  35.969  -47.365  44.194 0.0000000000
66162  36.055  -45.233  43.243 0.0000000000
67292  37.117  -43.999  42.518 0.0000000000
68398  37.078  -43.745  42.134 0.0000000000
95699  51.766  -22.329  32.698 0.0000000000
95710  50.708  -22.423  31.718 0.0000000000
94486  50.232  -22.893  31.650 0.0000000000
95711  50.151  -22.641  31.302 0.0000000000
96944  49.698  -22.009  30.172 0.0000000000
96949  48.856  -21.982  29.232 0.0000000000
93269  47.774  -25.182  31.033 0.0000000000
89407  50.108  -27.955  37.840 0.0000000000
40634  21.265  -63.552  56.024 0.0000000000
40635  21.011  -63.678  56.157 0.0000000000
42127  25.503  -62.452  58.749 0.0000000000
42130  23.473  -63.798  59.548 0.0000000000
42150  22.134  -63.753  58.653 0.0000000000
42162  25.107  -62.453  57.454 0.0000000000
42213  24.786  -62.158  55.389 0.0000000000
42231  22.510  -62.412  53.883 0.0000000000
42232  19.998  -62.954  54.085 0.0000000000
43600  25.514  -62.563  59.689 0.0000000000
43609  25.430  -62.082  57.938 0.0000000000
43618  25.099  -62.433  57.176 0.0000000000
43619  16.242  -62.885  57.127 0.0000000000
43630  16.088  -62.791  56.846 0.0000000000
43631  15.878  -62.867  57.092 0.0000000000
43638  25.838  -61.772  55.826 0.0000000000
43639  25.302  -61.976  55.657 0.0000000000
43640  25.103  -62.281  56.078 0.0000000000
43697  23.049  -60.965  51.733 0.0000000000
45068  26.523  -61.135  60.276 0.0000000000
45098  26.704  -60.857  58.878 0.0000000000
45112  25.769  -61.905  57.415 0.0000000000
45138  23.909  -61.678  54.128 0.0000000000
45156  18.881  -61.792  52.046 0.0000000000
45199  23.028  -60.795  49.992 0.0000000000
45200  22.903  -60.978  50.021 0.0000000000
45201  21.432  -60.588  49.481 0.0000000000
46488  26.524  -60.881  59.995 0.0000000000
46505  26.936  -60.506  59.354 0.0000000000
46506  26.659  -60.743  59.775 0.0000000000
46525  27.737  -59.899  58.649 0.0000000000
46564  26.917  -60.421  56.668 0.0000000000
46585  26.553  -59.933  54.597 0.0000000000
46616  23.524  -60.412  50.615 0.0000000000
46617  22.632  -60.781  50.030 0.0000000000
46629  21.958  -60.436  49.483 0.0000000000
46639  22.400  -60.064  48.979 0.0000000000
46660  20.214  -60.397  46.981 0.0000000000
46679  21.020  -59.721  46.417 0.0000000000
47931  31.043  -58.041  58.459 0.0000000000
48040  23.530  -60.057  50.221 0.0000000000
48081  23.754  -58.502  47.635 0.0000000000
48084  21.313  -59.792  47.340 0.0000000000
48085  20.899  -59.790  47.189 0.0000000000
49384  31.969  -57.427  55.826 0.0000000000
49445  26.403  -57.863  51.648 0.0000000000
49447  25.546  -58.796  51.299 0.0000000000
49461  24.253  -58.335  48.181 0.0000000000
49473  24.284  -57.838  47.796 0.0000000000
49475  23.647  -58.405  47.327 0.0000000000
49493  23.541  -58.246  46.681 0.0000000000
50730  25.784  -57.036  50.372 0.0000000000
50756  24.435  -57.087  47.186 0.0000000000
51929  36.704  -54.032  53.754 0.0000000000
51945  38.050  -54.095  53.555 0.0000000000
51964  38.535  -54.127  53.243 0.0000000000
51970  32.813  -56.304  53.607 0.0000000000
51999  28.058  -56.249  52.813 0.0000000000
52034  27.198  -56.550  51.178 0.0000000000
52036  26.099  -56.746  50.439 0.0000000000
53263  40.440  -54.144  52.130 0.0000000000
53267  28.357  -55.796  52.611 0.0000000000
53280  41.000  -53.926  51.691 0.0000000000
53281  40.826  -54.089  51.827 0.0000000000
53307  38.703  -54.398  50.929 0.0000000000
53349  24.962  -55.679  47.604 0.0000000000
53356  24.646  -55.558  47.024 0.0000000000
54505  40.792  -53.331  52.507 0.0000000000
54518  40.195  -54.156  51.771 0.0000000000
54530  30.504  -54.348  51.087 0.0000000000
54579  26.559  -55.189  49.054 0.0000000000
54597  29.488  -53.715  48.740 0.0000000000
54601  26.559  -54.994  48.596 0.0000000000
55766  41.528  -53.407  51.156 0.0000000000
55767  41.340  -53.511  51.028 0.0000000000
55780  41.559  -53.402  50.890 0.0000000000
55792  30.364  -53.690  49.003 0.0000000000
55797  43.849  -52.422  49.002 0.0000000000
55808  28.701  -53.747  48.400 0.0000000000
55824  43.105  -52.187  48.872 0.0000000000
55840  27.894  -53.663  47.819 0.0000000000
55851  39.667  -52.639  47.248 0.0000000000
55861  29.842  -52.740  46.903 0.0000000000
55873  37.995  -52.563  46.376 0.0000000000
55878  28.407  -52.753  46.600 0.0000000000
55885  35.193  -52.195  45.275 0.0000000000
57149  42.473  -52.388  48.983 0.0000000000
57171  31.283  -52.516  47.180 0.0000000000
57206  35.787  -52.294  45.446 0.0000000000
57219  37.338  -51.626  45.595 0.0000000000
58521  45.246  -51.278  48.808 0.0000000000
58579  33.120  -51.816  44.203 0.0000000000
58635  29.526  -50.545  41.808 0.0000000000
58637  26.136  -51.513  41.334 0.0000000000
59810  46.547  -49.375  49.469 0.0000000000
59880  46.684  -49.162  48.298 0.0000000000
59886  41.066  -49.762  47.749 0.0000000000
59896  46.039  -49.839  47.764 0.0000000000
59908  36.521  -49.950  45.153 0.0000000000
59932  30.220  -50.572  41.959 0.0000000000
59934  27.736  -50.382  41.911 0.0000000000
59968  27.686  -50.643  40.770 0.0000000000
61104  47.284  -48.980  48.669 0.0000000000
61138  41.434  -49.519  47.864 0.0000000000
61163  46.318  -49.467  47.931 0.0000000000
61164  46.191  -49.166  47.837 0.0000000000
61247  30.909  -49.548  39.094 0.0000000000
62385  47.925  -47.188  48.121 0.0000000000
62439  40.349  -47.773  46.573 0.0000000000
62453  38.112  -48.071  45.636 0.0000000000
63729  39.827  -48.005  46.513 0.0000000000
64939  49.291  -45.250  47.337 0.0000000000
64955  49.360  -45.091  46.811 0.0000000000
64984  35.657  -46.520  43.862 0.0000000000
66089  48.291  -46.246  46.667 0.0000000000
66116  49.379  -44.628  46.439 0.0000000000
66126  39.367  -46.236  45.361 0.0000000000
67248  49.512  -43.507  45.997 0.0000000000
67289  47.085  -43.662  42.655 0.0000000000
68339  48.990  -43.733  45.347 0.0000000000
68340  48.599  -43.890  45.185 0.0000000000
68361  41.013  -43.850  44.127 0.0000000000
68373  45.597  -43.704  42.896 0.0000000000
69547  49.547  -41.778  45.877 0.0000000000
69637  40.283  -42.065  40.842 0.0000000000
70959  49.326  -41.281  45.639 0.0000000000
71017  46.250  -41.478  40.919 0.0000000000
72350  46.094  -40.929  40.857 0.0000000000
73691  49.683  -39.465  46.211 0.0000000000
79015  44.848  -35.475  43.957 0.0000000000
80254  43.694  -35.123  42.336 0.0000000000
81389  49.322  -33.749  48.384 0.0000000000
82616  45.513  -32.067  45.035 0.0000000000
82628  45.610  -32.165  44.835 0.0000000000
82676  46.734  -31.947  41.850 0.0000000000
83909  45.958  -31.672  44.714 0.0000000000
83910  45.527  -31.928  44.815 0.0000000000
83971  49.585  -31.179  40.488 0.0000000000
84008  46.914  -31.127  37.855 0.0000000000
86795  52.261  -29.987  37.250 0.0000000000
86809  49.848  -29.924  36.062 0.0000000000
86826  49.414  -29.872  35.793 0.0000000000
89318  54.278  -26.731  45.125 0.0000000000
90604  54.251  -26.313  45.082 0.0000000000
94408  54.362  -22.561  37.466 0.0000000000
94422  53.396  -22.764  36.427 0.0000000000
95669  52.786  -22.526  34.457 0.0000000000
95718  49.378  -22.274  30.095 0.0000000000
