#!ascii label  , from subject 3577 vox2ras=TkReg
919
127947  32.657  6.769  38.301 0.0000000000
128047  35.203  6.451  26.740 0.0000000000
136267  38.514  14.465  24.105 0.0000000000
127110  40.688  5.476  19.519 0.0000000000
121457  32.648  0.293  34.889 0.0000000000
134234  43.484  11.951  28.158 0.0000000000
131244  39.629  9.272  19.925 0.0000000000
132244  32.955  10.109  27.609 0.0000000000
131165  38.419  9.995  31.130 0.0000000000
127993  33.992  6.713  32.948 0.0000000000
122702  37.783  1.815  29.737 0.0000000000
136215  36.969  14.664  28.404 0.0000000000
133268  33.736  10.940  22.851 0.0000000000
132265  36.302  11.111  24.783 0.0000000000
133300  36.104  12.129  19.375 0.0000000000
134229  33.741  12.321  29.267 0.0000000000
129002  36.434  7.640  34.761 0.0000000000
126918  34.271  5.995  36.113 0.0000000000
121492  35.796  1.194  31.795 0.0000000000
136245  42.563  14.247  26.276 0.0000000000
135248  41.154  14.049  28.779 0.0000000000
136249  37.754  14.838  26.200 0.0000000000
134262  35.105  12.994  25.526 0.0000000000
135302  35.845  13.745  23.646 0.0000000000
130144  36.408  8.816  29.060 0.0000000000
132240  37.617  10.398  27.774 0.0000000000
131196  35.194  9.191  26.159 0.0000000000
131277  41.420  9.978  17.474 0.0000000000
133297  38.348  12.019  18.801 0.0000000000
130246  38.094  8.989  18.377 0.0000000000
129172  36.402  7.723  20.465 0.0000000000
127099  38.522  5.468  20.713 0.0000000000
122776  38.089  1.208  22.512 0.0000000000
124846  29.868  3.944  39.351 0.0000000000
124872  32.174  3.875  36.090 0.0000000000
134256  42.644  12.869  25.231 0.0000000000
127019  38.061  5.312  24.602 0.0000000000
129117  37.353  7.513  23.127 0.0000000000
128122  40.258  6.690  21.642 0.0000000000
129185  43.090  8.660  19.194 0.0000000000
131132  41.247  8.686  33.893 0.0000000000
129015  38.792  7.644  34.290 0.0000000000
131147  35.697  9.492  32.456 0.0000000000
128015  34.341  6.620  29.254 0.0000000000
124896  33.425  3.485  33.334 0.0000000000
124931  34.818  3.761  30.298 0.0000000000
126013  36.375  4.139  27.418 0.0000000000
124987  39.756  3.563  27.428 0.0000000000
123673  29.563  2.318  42.669 0.0000000000
135209  39.695  12.872  31.281 0.0000000000
135239  35.693  14.224  29.914 0.0000000000
134237  34.763  12.810  27.743 0.0000000000
132268  32.607  9.721  24.320 0.0000000000
129120  32.556  7.785  23.873 0.0000000000
132207  40.806  10.371  29.608 0.0000000000
133233  40.469  11.428  26.928 0.0000000000
134259  38.869  13.492  24.781 0.0000000000
131224  36.481  9.591  22.197 0.0000000000
133280  36.307  12.498  21.109 0.0000000000
135318  36.132  14.192  21.852 0.0000000000
133281  34.709  11.909  21.169 0.0000000000
129154  34.529  7.724  21.802 0.0000000000
134222  33.201  12.517  29.696 0.0000000000
135227  34.138  14.054  30.497 0.0000000000
128982  34.808  7.074  36.932 0.0000000000
126904  33.189  6.071  37.216 0.0000000000
136259  40.551  14.470  24.895 0.0000000000
136247  39.946  14.743  25.763 0.0000000000
136261  38.013  14.945  25.013 0.0000000000
136269  37.239  14.629  24.546 0.0000000000
136277  37.141  14.566  23.773 0.0000000000
129073  34.924  7.368  27.371 0.0000000000
131190  35.594  9.149  26.920 0.0000000000
129092  35.301  7.582  25.154 0.0000000000
129202  40.953  7.764  18.246 0.0000000000
130254  39.387  9.680  17.785 0.0000000000
129188  39.801  7.587  19.143 0.0000000000
129170  38.011  7.250  19.769 0.0000000000
127098  39.565  5.545  20.144 0.0000000000
125058  39.444  3.350  21.452 0.0000000000
126112  40.308  4.613  20.218 0.0000000000
123740  30.336  2.304  38.259 0.0000000000
134254  44.060  13.218  26.048 0.0000000000
134243  43.035  11.880  26.302 0.0000000000
126063  40.231  4.580  24.630 0.0000000000
127055  39.370  5.656  23.271 0.0000000000
127053  41.220  5.369  23.192 0.0000000000
129145  43.629  7.662  20.990 0.0000000000
130213  44.590  8.379  19.418 0.0000000000
129199  43.897  7.940  18.720 0.0000000000
129018  35.266  7.930  33.914 0.0000000000
130100  36.371  8.569  33.826 0.0000000000
129027  34.944  7.990  33.005 0.0000000000
130127  35.116  8.181  30.617 0.0000000000
129034  34.505  7.323  31.424 0.0000000000
123768  32.076  2.294  35.574 0.0000000000
125935  32.572  4.104  35.012 0.0000000000
123799  33.303  2.562  33.574 0.0000000000
122680  36.491  1.884  30.660 0.0000000000
123822  35.624  2.567  31.176 0.0000000000
123865  36.122  2.869  29.631 0.0000000000
125983  34.978  4.003  29.350 0.0000000000
124948  36.985  2.853  28.658 0.0000000000
124989  37.908  3.345  27.469 0.0000000000
124971  38.408  3.169  28.194 0.0000000000
123879  41.741  3.042  28.718 0.0000000000
135250  39.133  13.870  28.389 0.0000000000
135235  40.165  13.446  29.429 0.0000000000
134220  38.498  13.442  29.586 0.0000000000
135223  38.230  13.279  30.276 0.0000000000
136202  36.530  14.420  28.914 0.0000000000
136217  35.228  14.375  28.563 0.0000000000
136236  35.673  14.265  27.815 0.0000000000
133260  34.472  11.790  24.095 0.0000000000
133254  33.801  11.198  24.808 0.0000000000
132273  33.070  10.281  23.435 0.0000000000
130176  32.164  8.423  24.007 0.0000000000
131228  32.652  9.137  22.892 0.0000000000
131143  39.673  9.336  32.295 0.0000000000
132188  40.928  10.142  31.846 0.0000000000
132209  39.131  10.253  30.710 0.0000000000
132250  37.006  10.500  26.874 0.0000000000
132239  38.910  11.050  27.542 0.0000000000
133245  37.985  11.858  26.219 0.0000000000
134246  39.581  12.647  25.587 0.0000000000
133258  37.236  12.284  24.703 0.0000000000
129151  38.172  7.934  21.833 0.0000000000
130189  36.946  8.501  22.600 0.0000000000
131233  38.274  9.252  20.797 0.0000000000
135349  37.240  13.011  18.642 0.0000000000
133288  37.156  12.431  19.978 0.0000000000
134309  36.738  13.421  20.059 0.0000000000
134291  36.398  13.549  21.774 0.0000000000
134310  35.795  13.390  20.095 0.0000000000
134300  35.191  12.616  21.580 0.0000000000
132297  35.446  10.878  20.068 0.0000000000
128125  36.641  6.487  21.250 0.0000000000
129153  35.121  7.764  21.263 0.0000000000
127074  35.540  5.579  22.361 0.0000000000
128089  34.431  5.973  22.834 0.0000000000
133203  42.690  11.355  30.521 0.0000000000
132220  33.388  10.792  29.599 0.0000000000
132231  33.614  10.941  28.597 0.0000000000
128979  37.424  8.014  36.310 0.0000000000
128981  35.654  7.428  36.645 0.0000000000
127959  35.241  6.856  35.770 0.0000000000
127969  33.624  6.409  34.800 0.0000000000
121465  34.416  0.592  33.285 0.0000000000
136230  41.769  14.262  27.445 0.0000000000
136212  39.808  14.566  27.538 0.0000000000
136234  37.395  14.706  27.358 0.0000000000
136251  35.947  14.355  27.056 0.0000000000
135277  36.547  14.485  25.816 0.0000000000
135291  35.428  13.311  24.483 0.0000000000
134283  34.872  12.606  23.404 0.0000000000
131167  36.757  9.188  30.209 0.0000000000
131181  38.278  9.825  29.462 0.0000000000
131183  36.839  9.340  28.605 0.0000000000
131195  36.002  9.889  26.299 0.0000000000
131202  35.950  10.204  25.597 0.0000000000
131267  41.358  10.084  18.425 0.0000000000
132302  39.212  10.205  18.999 0.0000000000
133304  40.161  11.215  17.872 0.0000000000
132327  38.611  10.976  17.438 0.0000000000
131271  37.056  10.253  18.881 0.0000000000
131261  35.698  10.187  19.797 0.0000000000
130235  37.104  8.905  19.496 0.0000000000
128141  36.960  6.991  20.531 0.0000000000
126103  37.308  4.884  21.787 0.0000000000
123937  39.121  1.694  21.451 0.0000000000
126901  31.192  5.503  38.683 0.0000000000
126905  32.481  5.481  37.254 0.0000000000
125916  30.732  4.076  38.218 0.0000000000
123770  31.047  2.660  36.726 0.0000000000
121422  31.999  0.828  36.598 0.0000000000
136228  44.731  14.235  27.167 0.0000000000
136257  42.842  13.969  25.491 0.0000000000
135287  41.095  13.899  24.652 0.0000000000
127021  36.637  5.569  25.277 0.0000000000
128070  36.361  6.617  24.561 0.0000000000
128068  37.931  6.174  24.127 0.0000000000
128105  39.193  6.522  22.540 0.0000000000
129148  40.123  7.320  21.053 0.0000000000
128102  42.534  6.368  22.076 0.0000000000
129167  41.685  7.604  20.460 0.0000000000
130230  41.356  8.594  19.472 0.0000000000
130242  42.649  9.329  18.420 0.0000000000
129201  41.846  7.990  17.988 0.0000000000
127109  41.790  5.659  19.279 0.0000000000
126122  41.472  4.783  19.717 0.0000000000
131134  39.661  7.935  32.958 0.0000000000
131145  38.363  9.177  32.781 0.0000000000
129001  37.708  7.632  34.648 0.0000000000
130108  37.054  8.939  33.395 0.0000000000
131157  36.333  9.603  31.345 0.0000000000
130116  36.109  8.894  30.591 0.0000000000
129055  35.282  7.887  29.597 0.0000000000
129074  34.637  6.867  28.128 0.0000000000
126913  32.932  5.113  36.269 0.0000000000
126925  33.447  5.342  34.322 0.0000000000
126932  33.424  5.263  33.264 0.0000000000
123809  34.273  2.539  32.576 0.0000000000
125950  34.261  4.351  32.294 0.0000000000
126951  34.418  5.402  31.334 0.0000000000
126959  34.575  5.484  30.372 0.0000000000
126982  34.704  5.429  28.715 0.0000000000
127008  35.713  5.485  26.325 0.0000000000
126047  37.185  4.820  25.618 0.0000000000
126027  38.822  4.211  26.208 0.0000000000
125020  40.596  3.872  25.958 0.0000000000
123880  40.783  3.112  28.852 0.0000000000
124985  41.841  4.070  27.245 0.0000000000
126895  29.835  5.377  40.540 0.0000000000
124835  29.240  3.300  41.110 0.0000000000
122488  32.213  1.178  43.064 0.0000000000
135208  41.035  13.096  31.268 0.0000000000
134206  39.024  12.788  31.798 0.0000000000
136218  34.618  14.218  29.099 0.0000000000
133224  34.525  11.955  28.156 0.0000000000
132243  33.809  11.183  27.515 0.0000000000
134250  35.213  12.575  26.805 0.0000000000
133247  33.988  11.257  25.832 0.0000000000
132252  32.609  10.017  26.293 0.0000000000
132197  41.610  10.788  29.788 0.0000000000
132218  39.808  10.456  29.240 0.0000000000
132226  40.654  10.580  27.899 0.0000000000
133231  41.626  11.418  27.342 0.0000000000
133242  41.018  12.077  26.438 0.0000000000
134258  40.342  13.374  24.781 0.0000000000
135299  38.830  14.188  24.249 0.0000000000
130174  35.831  8.083  24.111 0.0000000000
130183  35.580  9.105  23.748 0.0000000000
132272  35.966  10.658  23.564 0.0000000000
132295  37.445  10.778  20.361 0.0000000000
132286  36.505  10.828  21.323 0.0000000000
133265  36.377  11.752  23.322 0.0000000000
134281  36.804  12.818  22.765 0.0000000000
134280  37.064  13.778  22.543 0.0000000000
135310  37.379  14.060  23.298 0.0000000000
135312  35.957  14.203  22.441 0.0000000000
134293  35.013  12.543  22.503 0.0000000000
132280  34.033  10.744  22.071 0.0000000000
131248  35.238  9.837  20.510 0.0000000000
131237  34.066  9.620  21.699 0.0000000000
131226  33.535  9.242  22.168 0.0000000000
129135  33.620  7.527  22.860 0.0000000000
122764  36.869  1.201  23.337 0.0000000000
128972  33.187  7.788  38.363 0.0000000000
128977  33.671  7.182  37.803 0.0000000000
127952  32.955  6.309  37.663 0.0000000000
136260  39.081  14.602  24.665 0.0000000000
136268  37.915  14.636  23.950 0.0000000000
129083  35.084  7.461  26.170 0.0000000000
129187  40.396  7.191  18.722 0.0000000000
130232  40.026  8.104  18.830 0.0000000000
128153  39.921  6.463  19.221 0.0000000000
128154  39.349  7.121  19.426 0.0000000000
127111  39.932  5.748  19.626 0.0000000000
127097  40.152  5.395  19.929 0.0000000000
166986  43.456  12.122  30.245 0.0000000000
126062  41.194  4.546  24.618 0.0000000000
126076  40.723  4.815  23.829 0.0000000000
126075  41.674  4.736  23.837 0.0000000000
130212  45.175  8.511  19.862 0.0000000000
130227  45.059  8.127  19.313 0.0000000000
130240  44.630  7.929  18.977 0.0000000000
131198  31.227  8.895  26.256 0.0000000000
129019  34.268  7.435  33.528 0.0000000000
129028  34.413  7.512  32.381 0.0000000000
130110  34.526  7.950  31.759 0.0000000000
128000  34.061  6.376  31.918 0.0000000000
121458  32.359  1.016  34.551 0.0000000000
122625  32.564  1.810  34.463 0.0000000000
121467  32.696  1.274  34.127 0.0000000000
122703  37.292  2.027  29.899 0.0000000000
123840  36.408  2.274  30.273 0.0000000000
123864  37.178  2.461  29.374 0.0000000000
124949  36.439  3.192  28.999 0.0000000000
123884  37.416  2.740  28.732 0.0000000000
124972  37.470  3.072  28.196 0.0000000000
123883  37.966  2.684  28.711 0.0000000000
136214  38.034  14.334  28.306 0.0000000000
136201  38.416  13.900  28.840 0.0000000000
135251  37.330  14.353  28.969 0.0000000000
136216  36.125  14.404  28.408 0.0000000000
136235  36.467  14.518  27.599 0.0000000000
133261  33.749  11.037  23.783 0.0000000000
131217  32.732  9.701  22.956 0.0000000000
131155  38.916  9.700  31.874 0.0000000000
132200  39.105  10.073  31.310 0.0000000000
132258  36.613  10.804  25.674 0.0000000000
132257  37.452  11.137  26.207 0.0000000000
133251  37.433  11.761  25.501 0.0000000000
134248  37.942  12.232  25.671 0.0000000000
133252  36.823  11.595  24.981 0.0000000000
130216  39.301  8.578  20.765 0.0000000000
130202  38.439  8.583  21.287 0.0000000000
130217  38.731  9.049  20.864 0.0000000000
134320  36.437  12.659  19.052 0.0000000000
135340  37.115  13.326  19.301 0.0000000000
135333  36.280  13.275  19.486 0.0000000000
134321  35.968  12.870  19.473 0.0000000000
133291  35.165  12.335  20.489 0.0000000000
133290  35.466  12.067  19.838 0.0000000000
128107  36.344  5.911  21.761 0.0000000000
128108  35.871  6.229  21.970 0.0000000000
126093  35.345  4.892  22.708 0.0000000000
134221  33.690  12.870  29.438 0.0000000000
133216  33.416  11.694  29.509 0.0000000000
133225  33.968  11.823  28.770 0.0000000000
130064  36.450  8.131  36.824 0.0000000000
130057  35.788  8.490  37.339 0.0000000000
127956  34.691  6.654  36.467 0.0000000000
127960  34.798  6.540  35.848 0.0000000000
128991  34.476  6.770  35.412 0.0000000000
127961  34.115  6.262  35.584 0.0000000000
136248  38.787  14.845  25.859 0.0000000000
136232  39.415  14.716  26.812 0.0000000000
136233  38.412  14.729  27.061 0.0000000000
136250  36.720  14.569  26.517 0.0000000000
136262  37.150  14.666  25.519 0.0000000000
135301  36.520  14.347  24.156 0.0000000000
135289  36.568  14.311  25.178 0.0000000000
135303  35.454  13.190  24.001 0.0000000000
134272  35.311  13.156  23.622 0.0000000000
130134  36.510  8.818  29.651 0.0000000000
131175  36.983  9.169  29.364 0.0000000000
130154  36.195  8.969  28.393 0.0000000000
131203  35.464  9.639  25.208 0.0000000000
132323  41.592  10.359  17.844 0.0000000000
132312  40.768  10.767  18.098 0.0000000000
132324  40.673  10.621  17.730 0.0000000000
130245  39.053  9.048  18.364 0.0000000000
131280  38.908  10.108  17.672 0.0000000000
131269  38.317  9.632  17.992 0.0000000000
132315  37.879  10.964  17.763 0.0000000000
131270  37.653  9.928  18.307 0.0000000000
131259  37.239  9.583  19.066 0.0000000000
130234  37.591  8.910  18.835 0.0000000000
128140  37.696  6.509  20.543 0.0000000000
128124  37.395  6.068  21.030 0.0000000000
127085  37.930  5.296  21.045 0.0000000000
126102  38.226  4.695  21.568 0.0000000000
123945  39.516  2.356  21.176 0.0000000000
123946  39.279  2.939  21.681 0.0000000000
125908  30.593  4.707  38.757 0.0000000000
125907  31.129  4.908  38.434 0.0000000000
123756  30.626  2.618  37.316 0.0000000000
122580  31.270  1.346  37.474 0.0000000000
122599  31.302  1.727  36.743 0.0000000000
134255  43.576  12.946  25.752 0.0000000000
135284  43.847  13.582  25.860 0.0000000000
135286  42.170  13.641  25.061 0.0000000000
127020  37.510  5.353  24.977 0.0000000000
127038  37.045  5.815  24.562 0.0000000000
127036  38.289  5.782  24.148 0.0000000000
127072  39.882  5.912  22.739 0.0000000000
128085  38.823  6.063  23.188 0.0000000000
128104  40.012  6.290  22.383 0.0000000000
128123  39.468  6.927  21.827 0.0000000000
127069  42.755  5.937  22.815 0.0000000000
128119  43.074  6.888  21.574 0.0000000000
129166  42.960  7.922  20.117 0.0000000000
129146  42.595  7.391  20.998 0.0000000000
129186  42.315  8.325  19.563 0.0000000000
130214  40.994  8.045  20.148 0.0000000000
130229  42.338  9.065  18.906 0.0000000000
128162  43.104  7.345  18.708 0.0000000000
129200  42.765  8.490  18.400 0.0000000000
128163  42.162  7.371  18.382 0.0000000000
128151  42.400  6.469  18.783 0.0000000000
129014  39.346  7.694  34.656 0.0000000000
130084  40.365  8.132  34.524 0.0000000000
130097  39.758  7.958  34.008 0.0000000000
130098  38.852  7.844  33.562 0.0000000000
128988  36.737  7.452  35.653 0.0000000000
128987  37.788  7.782  35.744 0.0000000000
131137  36.102  9.348  33.269 0.0000000000
131136  36.591  9.159  33.364 0.0000000000
131146  36.926  9.438  32.745 0.0000000000
131158  35.529  9.210  31.725 0.0000000000
129045  34.679  7.502  30.389 0.0000000000
129044  35.140  8.040  30.193 0.0000000000
129056  34.506  7.070  29.364 0.0000000000
129064  35.067  7.491  28.548 0.0000000000
129065  34.446  6.747  28.835 0.0000000000
125922  32.042  4.601  36.705 0.0000000000
124887  33.114  3.834  34.048 0.0000000000
125934  33.057  4.501  34.755 0.0000000000
125943  33.354  4.447  33.772 0.0000000000
125951  33.632  4.338  32.890 0.0000000000
121478  34.785  1.133  32.670 0.0000000000
122645  34.465  1.856  32.583 0.0000000000
122644  35.241  1.621  32.162 0.0000000000
124914  34.861  3.550  31.122 0.0000000000
123823  35.045  3.096  31.612 0.0000000000
125958  34.524  4.403  31.571 0.0000000000
126941  34.209  4.988  31.915 0.0000000000
125970  34.687  4.535  30.756 0.0000000000
125984  34.701  4.534  29.748 0.0000000000
124974  35.854  3.686  28.422 0.0000000000
125999  34.994  4.353  28.751 0.0000000000
126014  35.706  4.458  27.639 0.0000000000
126995  35.313  5.510  27.362 0.0000000000
126030  35.776  4.961  26.956 0.0000000000
126029  36.513  4.499  26.567 0.0000000000
124988  38.841  3.285  27.415 0.0000000000
125007  38.330  3.643  26.755 0.0000000000
125006  39.229  3.618  26.705 0.0000000000
126045  39.688  4.305  25.617 0.0000000000
125005  40.079  3.907  26.590 0.0000000000
124968  41.274  3.599  28.151 0.0000000000
127937  30.565  6.251  40.232 0.0000000000
124823  29.153  3.284  42.135 0.0000000000
125895  29.225  4.223  41.611 0.0000000000
123703  29.449  2.281  40.732 0.0000000000
122501  29.461  1.742  42.103 0.0000000000
135221  40.320  13.095  30.422 0.0000000000
135191  41.133  13.978  32.246 0.0000000000
135192  40.056  13.122  32.286 0.0000000000
135224  37.262  13.598  30.473 0.0000000000
135225  36.202  14.057  30.725 0.0000000000
136193  34.901  14.423  30.036 0.0000000000
136204  35.120  14.458  29.503 0.0000000000
135267  34.955  13.485  27.640 0.0000000000
135254  34.712  13.734  28.298 0.0000000000
132242  34.316  11.566  27.789 0.0000000000
133235  34.444  11.937  27.269 0.0000000000
134261  35.448  13.728  25.758 0.0000000000
134249  35.385  13.462  26.469 0.0000000000
132267  33.183  10.416  24.503 0.0000000000
132260  33.295  10.538  25.536 0.0000000000
132251  33.429  10.754  26.575 0.0000000000
132261  32.625  9.864  25.232 0.0000000000
131204  32.089  9.301  24.970 0.0000000000
132178  41.182  9.406  32.973 0.0000000000
132198  41.249  10.077  30.617 0.0000000000
132229  37.782  10.025  28.441 0.0000000000
132219  38.987  10.366  29.790 0.0000000000
132228  38.613  10.261  28.685 0.0000000000
133234  39.678  11.418  26.987 0.0000000000
132227  39.786  10.596  28.258 0.0000000000
132238  40.058  10.899  27.463 0.0000000000
132225  41.231  10.870  27.657 0.0000000000
132236  41.210  11.125  27.346 0.0000000000
133241  41.847  11.774  26.612 0.0000000000
134269  38.448  13.791  24.046 0.0000000000
128088  36.591  7.195  24.011 0.0000000000
129102  36.252  7.633  24.086 0.0000000000
129118  36.689  7.634  23.603 0.0000000000
131223  37.079  9.155  21.849 0.0000000000
130190  36.460  8.992  22.799 0.0000000000
131215  36.239  9.369  22.915 0.0000000000
131216  35.789  9.702  23.258 0.0000000000
131225  36.067  9.951  22.649 0.0000000000
132314  38.816  11.268  18.603 0.0000000000
132303  38.525  10.679  19.342 0.0000000000
132304  37.769  11.700  19.519 0.0000000000
133289  36.689  12.928  20.502 0.0000000000
132296  36.704  11.902  20.561 0.0000000000
133273  36.203  11.712  22.298 0.0000000000
133274  36.164  11.179  22.670 0.0000000000
134271  36.828  12.518  23.474 0.0000000000
134290  36.895  14.132  22.006 0.0000000000
135316  36.984  14.172  22.439 0.0000000000
135311  36.727  14.218  23.099 0.0000000000
133275  34.323  11.333  22.188 0.0000000000
132287  34.179  10.698  21.618 0.0000000000
131247  35.864  9.460  19.993 0.0000000000
130219  35.759  8.742  20.427 0.0000000000
130205  34.649  8.653  21.543 0.0000000000
130191  34.061  8.599  22.088 0.0000000000
130192  33.396  8.522  22.649 0.0000000000
129134  34.012  7.662  22.337 0.0000000000
127057  34.316  5.428  23.242 0.0000000000
125051  37.666  3.123  22.873 0.0000000000
122763  37.498  0.955  22.856 0.0000000000
135243  32.919  12.824  30.050 0.0000000000
135242  33.198  13.154  29.895 0.0000000000
128975  35.299  7.854  37.357 0.0000000000
128976  34.474  7.528  37.579 0.0000000000
127950  34.425  6.776  37.082 0.0000000000
126912  33.577  5.883  36.626 0.0000000000
136246  41.235  14.669  25.941 0.0000000000
130145  35.745  8.376  28.828 0.0000000000
130155  35.563  8.499  27.780 0.0000000000
130164  35.093  8.381  26.675 0.0000000000
130169  35.041  8.482  25.600 0.0000000000
130243  40.891  8.396  17.876 0.0000000000
131278  40.496  10.034  17.445 0.0000000000
130244  40.188  8.424  18.140 0.0000000000
130233  39.529  8.202  18.746 0.0000000000
129204  38.384  8.496  18.581 0.0000000000
129205  37.978  8.344  18.704 0.0000000000
129189  38.692  7.837  19.115 0.0000000000
128139  38.914  6.529  19.843 0.0000000000
126114  38.855  4.791  21.107 0.0000000000
126113  39.407  4.737  20.749 0.0000000000
125068  39.804  3.546  20.797 0.0000000000
123952  40.243  2.371  20.590 0.0000000000
124854  29.760  3.106  39.276 0.0000000000
124853  30.194  3.480  38.596 0.0000000000
123722  30.183  2.101  39.032 0.0000000000
135274  45.418  13.578  27.337 0.0000000000
134233  44.998  12.919  27.612 0.0000000000
134242  44.300  12.883  26.624 0.0000000000
126064  39.230  4.693  24.523 0.0000000000
126078  39.013  5.184  23.876 0.0000000000
126077  39.795  4.999  23.860 0.0000000000
127054  40.273  5.449  23.240 0.0000000000
127071  40.637  5.894  22.446 0.0000000000
128118  43.919  7.033  21.749 0.0000000000
129164  44.970  8.399  20.403 0.0000000000
129165  44.218  8.405  20.037 0.0000000000
129184  43.909  8.485  19.078 0.0000000000
129198  44.363  7.616  18.888 0.0000000000
129000  38.762  7.682  35.079 0.0000000000
129003  35.449  7.547  34.813 0.0000000000
129017  36.005  7.901  34.290 0.0000000000
130101  35.355  8.874  33.244 0.0000000000
130109  34.969  8.570  32.115 0.0000000000
130117  35.492  8.712  31.111 0.0000000000
130118  34.771  8.115  31.205 0.0000000000
128014  34.440  6.440  29.866 0.0000000000
123782  31.883  2.892  35.489 0.0000000000
124880  32.263  3.570  35.347 0.0000000000
123781  32.301  2.619  34.932 0.0000000000
123789  32.688  2.586  34.115 0.0000000000
122657  36.286  1.601  31.163 0.0000000000
122658  35.731  1.883  31.668 0.0000000000
123821  36.218  2.098  30.835 0.0000000000
123841  35.672  2.846  30.219 0.0000000000
124930  35.298  3.360  29.984 0.0000000000
124951  34.989  3.788  29.712 0.0000000000
124950  35.576  3.570  29.346 0.0000000000
124991  36.298  3.854  27.836 0.0000000000
124990  36.964  3.732  27.534 0.0000000000
124970  39.332  3.309  28.198 0.0000000000
123878  42.681  2.928  28.618 0.0000000000
135249  39.886  14.029  28.299 0.0000000000
135236  38.939  13.462  29.067 0.0000000000
135222  39.164  13.058  30.111 0.0000000000
134213  38.299  13.450  29.817 0.0000000000
135238  36.732  14.161  29.587 0.0000000000
136203  35.901  14.375  29.149 0.0000000000
135253  35.120  14.174  27.955 0.0000000000
133253  34.509  11.966  25.139 0.0000000000
132274  32.553  9.572  23.635 0.0000000000
131218  32.394  9.105  23.439 0.0000000000
130185  32.752  8.444  23.240 0.0000000000
132179  40.216  8.630  32.638 0.0000000000
132189  40.188  9.454  32.304 0.0000000000
132199  39.950  9.815  31.356 0.0000000000
132208  40.058  10.037  30.199 0.0000000000
132249  38.114  11.065  26.855 0.0000000000
132248  38.655  11.298  27.025 0.0000000000
133244  38.914  11.773  26.586 0.0000000000
133243  40.070  11.880  26.239 0.0000000000
134247  38.529  12.466  25.672 0.0000000000
134260  38.018  12.526  24.950 0.0000000000
129133  37.741  7.786  22.380 0.0000000000
130181  36.821  8.081  23.242 0.0000000000
130203  37.643  8.547  21.839 0.0000000000
131234  37.579  9.484  21.145 0.0000000000
134318  38.145  12.446  18.510 0.0000000000
133298  37.611  12.509  19.338 0.0000000000
134319  37.662  12.863  18.954 0.0000000000
134308  37.210  13.151  19.560 0.0000000000
134298  36.275  13.343  20.732 0.0000000000
134299  35.770  13.383  21.088 0.0000000000
134292  35.833  13.472  21.997 0.0000000000
134311  35.223  12.900  20.831 0.0000000000
132298  34.801  11.160  20.588 0.0000000000
129152  35.780  7.321  20.959 0.0000000000
129173  35.587  8.009  20.737 0.0000000000
128126  35.481  6.921  21.532 0.0000000000
128109  34.716  6.605  22.260 0.0000000000
128110  33.961  7.025  22.545 0.0000000000
127075  34.870  5.408  22.743 0.0000000000
133217  32.993  12.093  29.838 0.0000000000
128980  36.890  7.801  36.320 0.0000000000
128989  35.730  7.185  35.598 0.0000000000
128990  35.025  7.022  35.405 0.0000000000
129004  34.346  7.280  34.733 0.0000000000
127981  33.944  6.803  33.544 0.0000000000
120359  33.907  -0.064  33.899 0.0000000000
120358  34.661  -0.356  33.731 0.0000000000
121464  35.063  0.004  33.309 0.0000000000
121477  35.555  0.409  32.607 0.0000000000
121491  36.457  0.684  31.764 0.0000000000
122656  37.039  1.027  31.223 0.0000000000
122679  37.111  1.627  30.427 0.0000000000
123863  38.337  2.321  29.271 0.0000000000
136211  42.491  14.286  28.819 0.0000000000
135264  40.677  14.176  27.783 0.0000000000
136231  40.454  14.655  26.968 0.0000000000
135265  40.211  14.446  27.663 0.0000000000
136213  39.053  14.321  27.828 0.0000000000
135278  35.849  14.233  26.107 0.0000000000
135290  35.859  13.785  24.976 0.0000000000
134273  34.949  12.761  24.320 0.0000000000
131166  37.503  9.675  30.731 0.0000000000
131173  38.309  9.940  30.257 0.0000000000
131174  37.613  9.489  29.806 0.0000000000
131182  37.692  9.560  28.898 0.0000000000
131188  37.288  9.796  28.276 0.0000000000
131189  36.531  9.676  27.622 0.0000000000
132241  37.045  10.192  27.431 0.0000000000
132259  35.914  10.496  25.175 0.0000000000
131243  40.240  9.132  19.492 0.0000000000
131258  39.100  9.782  19.416 0.0000000000
131268  40.505  10.195  18.548 0.0000000000
132313  39.573  10.803  18.500 0.0000000000
134326  39.408  12.054  17.647 0.0000000000
131279  39.682  10.193  17.619 0.0000000000
132326  39.342  10.990  17.442 0.0000000000
134336  38.600  12.026  17.752 0.0000000000
133307  37.741  11.882  18.089 0.0000000000
133308  37.138  11.882  18.437 0.0000000000
133299  36.579  11.781  18.808 0.0000000000
132306  36.019  11.101  19.463 0.0000000000
132305  36.602  10.802  18.952 0.0000000000
131260  36.473  9.868  19.446 0.0000000000
130218  36.458  8.822  20.018 0.0000000000
129190  37.556  8.004  19.274 0.0000000000
129171  37.285  7.462  20.120 0.0000000000
127087  36.693  5.378  21.754 0.0000000000
126091  37.476  4.213  22.464 0.0000000000
123939  38.228  2.230  22.461 0.0000000000
125059  38.860  3.595  21.856 0.0000000000
123938  38.964  2.477  21.941 0.0000000000
122775  38.736  1.291  21.837 0.0000000000
127948  31.926  6.267  38.458 0.0000000000
127953  32.345  6.112  37.893 0.0000000000
126906  31.924  5.562  38.038 0.0000000000
125915  31.501  4.599  37.836 0.0000000000
125923  31.414  4.266  37.004 0.0000000000
124863  30.704  3.477  37.771 0.0000000000
124874  30.774  3.315  36.991 0.0000000000
124873  31.475  3.591  36.557 0.0000000000
123769  31.650  2.583  36.126 0.0000000000
121441  32.075  0.848  35.438 0.0000000000
136229  43.763  14.533  28.001 0.0000000000
135276  44.390  13.842  26.228 0.0000000000
136244  43.814  14.074  26.321 0.0000000000
136258  41.772  14.197  25.202 0.0000000000
135288  39.869  14.104  24.373 0.0000000000
127022  36.040  5.751  25.627 0.0000000000
128057  35.647  6.542  25.582 0.0000000000
128056  36.207  6.147  25.293 0.0000000000
128069  37.354  6.283  24.127 0.0000000000
128087  37.007  6.882  23.723 0.0000000000
127056  38.698  5.751  23.642 0.0000000000
128086  38.101  6.476  23.401 0.0000000000
129116  38.047  7.199  22.809 0.0000000000
129132  38.510  7.328  22.294 0.0000000000
129149  39.444  7.488  21.300 0.0000000000
129169  39.911  7.821  20.689 0.0000000000
127052  42.224  5.372  23.325 0.0000000000
127070  41.759  5.905  22.385 0.0000000000
127083  41.568  6.320  21.886 0.0000000000
129147  41.990  7.208  21.158 0.0000000000
128121  41.458  6.791  21.432 0.0000000000
129168  40.620  7.610  20.626 0.0000000000
130231  40.655  8.837  19.452 0.0000000000
131256  40.782  9.345  18.889 0.0000000000
131266  42.129  10.034  18.335 0.0000000000
131276  42.240  10.029  17.728 0.0000000000
129209  42.484  9.070  17.781 0.0000000000
129210  42.011  8.716  17.659 0.0000000000
128164  41.526  7.427  18.295 0.0000000000
128152  41.181  6.628  18.630 0.0000000000
126110  42.088  4.088  20.159 0.0000000000
131133  40.563  8.346  33.300 0.0000000000
132191  39.121  9.010  32.636 0.0000000000
131156  37.731  9.649  31.779 0.0000000000
130075  38.329  8.195  35.825 0.0000000000
128986  38.479  7.893  35.558 0.0000000000
129016  38.308  7.772  34.010 0.0000000000
130087  36.948  7.955  34.192 0.0000000000
130099  37.778  8.304  33.607 0.0000000000
130107  37.532  8.986  33.155 0.0000000000
130135  35.966  8.505  29.572 0.0000000000
130126  35.614  8.428  30.241 0.0000000000
125929  32.711  4.575  35.621 0.0000000000
125928  33.115  4.796  35.293 0.0000000000
126919  33.488  5.307  35.538 0.0000000000
127982  33.557  6.242  33.657 0.0000000000
127994  33.512  5.981  32.660 0.0000000000
122635  33.818  1.692  33.232 0.0000000000
123798  33.747  2.625  32.913 0.0000000000
124903  34.165  3.383  32.590 0.0000000000
123808  34.928  2.641  32.099 0.0000000000
126942  33.688  5.178  32.385 0.0000000000
128001  33.633  5.799  32.131 0.0000000000
128005  34.501  6.434  30.904 0.0000000000
126968  34.603  5.522  29.510 0.0000000000
128024  34.476  6.321  29.104 0.0000000000
128036  34.662  6.252  28.421 0.0000000000
128035  34.812  6.356  27.648 0.0000000000
127007  36.227  5.183  25.855 0.0000000000
126048  36.596  4.957  25.780 0.0000000000
125008  37.471  3.823  26.871 0.0000000000
126028  37.770  4.295  26.220 0.0000000000
126046  38.321  4.690  25.217 0.0000000000
126044  40.790  4.208  25.329 0.0000000000
123882  38.875  2.885  28.814 0.0000000000
123881  39.830  2.943  28.802 0.0000000000
124969  40.288  3.416  28.167 0.0000000000
124986  40.727  3.734  27.379 0.0000000000
125004  41.066  3.887  26.576 0.0000000000
125018  41.756  4.148  25.896 0.0000000000
127942  32.208  6.881  38.873 0.0000000000
126898  30.992  6.012  39.201 0.0000000000
126899  30.519  5.563  39.421 0.0000000000
125904  29.910  4.754  39.798 0.0000000000
126896  29.598  4.944  40.767 0.0000000000
125902  29.520  4.449  40.575 0.0000000000
125905  29.511  4.172  39.859 0.0000000000
124847  29.556  3.337  40.068 0.0000000000
122500  30.265  1.588  42.453 0.0000000000
122499  31.464  1.360  42.306 0.0000000000
134194  38.711  12.648  32.444 0.0000000000
135210  38.679  12.914  31.056 0.0000000000
134207  38.249  12.665  31.770 0.0000000000
134208  37.478  12.658  31.852 0.0000000000
135226  35.075  14.229  30.590 0.0000000000
136205  34.525  14.287  29.805 0.0000000000
135241  34.104  13.562  29.581 0.0000000000
134228  34.329  12.689  28.804 0.0000000000
132230  34.159  11.412  28.192 0.0000000000
135266  35.271  13.956  27.294 0.0000000000
133246  34.638  11.954  26.224 0.0000000000
133236  33.950  11.501  26.676 0.0000000000
131197  31.787  9.536  25.820 0.0000000000
131210  32.048  9.111  24.235 0.0000000000
133204  41.717  10.468  31.314 0.0000000000
133208  42.166  11.265  29.053 0.0000000000
132217  40.611  10.571  28.719 0.0000000000
132206  41.335  10.781  29.003 0.0000000000
133215  41.687  11.120  28.516 0.0000000000
133222  42.285  11.511  28.205 0.0000000000
133240  42.293  11.691  27.027 0.0000000000
134244  41.829  12.379  25.736 0.0000000000
134245  40.751  12.598  25.506 0.0000000000
134257  41.523  13.194  24.991 0.0000000000
128071  35.660  7.023  24.904 0.0000000000
129103  35.689  7.546  24.479 0.0000000000
130175  35.351  8.555  24.392 0.0000000000
130182  36.111  8.525  23.419 0.0000000000
131209  35.578  9.681  24.090 0.0000000000
132266  35.853  10.460  24.482 0.0000000000
131245  38.699  9.545  20.218 0.0000000000
131246  37.979  9.779  20.481 0.0000000000
132285  36.995  10.147  20.998 0.0000000000
132278  36.217  10.544  22.241 0.0000000000
132279  36.028  10.698  22.795 0.0000000000
132271  36.250  11.181  24.073 0.0000000000
133259  36.626  12.061  24.207 0.0000000000
134270  37.673  13.158  23.731 0.0000000000
135300  38.215  14.135  23.755 0.0000000000
136276  37.289  14.376  23.519 0.0000000000
134282  35.368  13.449  22.867 0.0000000000
133276  33.859  10.833  22.458 0.0000000000
131249  34.584  10.153  21.117 0.0000000000
130204  35.179  8.726  20.945 0.0000000000
131236  34.757  9.409  21.190 0.0000000000
132288  33.665  10.158  21.841 0.0000000000
131238  33.397  9.801  21.978 0.0000000000
131227  33.004  9.416  22.433 0.0000000000
130184  33.303  8.042  23.124 0.0000000000
129119  33.196  7.428  23.484 0.0000000000
128090  33.852  6.468  23.065 0.0000000000
126123  40.885  4.683  19.804 0.0000000000
125067  40.708  3.329  20.441 0.0000000000
121423  31.557  1.194  37.082 0.0000000000
121440  32.670  0.302  35.855 0.0000000000
121466  33.128  0.684  33.885 0.0000000000
122581  30.767  1.848  37.444 0.0000000000
122598  31.991  1.673  35.991 0.0000000000
122600  30.817  2.170  36.984 0.0000000000
122615  32.227  1.686  35.163 0.0000000000
122634  34.359  1.305  32.923 0.0000000000
122636  32.996  1.755  33.846 0.0000000000
122646  34.050  2.171  32.785 0.0000000000
123692  29.220  2.311  41.695 0.0000000000
123741  30.017  2.624  38.950 0.0000000000
123807  35.398  2.194  31.786 0.0000000000
123839  37.011  2.116  30.004 0.0000000000
123866  35.654  3.153  29.786 0.0000000000
123924  37.368  2.011  22.909 0.0000000000
124862  31.070  3.910  37.187 0.0000000000
124881  31.851  3.309  35.899 0.0000000000
124888  32.628  3.526  34.523 0.0000000000
124897  32.968  3.212  33.860 0.0000000000
124902  34.684  3.589  31.928 0.0000000000
124913  35.269  3.224  30.582 0.0000000000
124973  36.600  3.274  28.202 0.0000000000
125019  41.319  3.937  25.878 0.0000000000
125050  38.329  3.307  22.416 0.0000000000
125901  29.689  4.884  40.275 0.0000000000
125914  32.062  4.861  37.314 0.0000000000
126000  34.658  4.930  29.169 0.0000000000
126026  39.463  4.006  26.269 0.0000000000
126065  38.536  5.068  24.315 0.0000000000
126079  38.618  5.421  23.978 0.0000000000
126094  34.987  4.926  22.814 0.0000000000
126101  39.234  4.214  21.398 0.0000000000
126111  41.171  4.094  20.148 0.0000000000
126888  29.555  4.942  41.210 0.0000000000
126902  30.752  5.270  38.935 0.0000000000
126911  34.187  6.215  36.495 0.0000000000
126920  33.097  4.963  35.820 0.0000000000
126952  33.971  5.550  31.894 0.0000000000
126981  34.977  5.027  28.044 0.0000000000
126996  34.794  5.687  28.009 0.0000000000
127037  37.705  5.788  24.424 0.0000000000
127073  36.119  5.539  21.996 0.0000000000
127084  41.132  6.186  21.851 0.0000000000
127086  37.417  5.500  21.328 0.0000000000
127100  37.744  5.716  20.861 0.0000000000
127943  31.535  6.553  39.262 0.0000000000
127946  33.280  6.885  37.945 0.0000000000
127951  33.763  6.567  37.396 0.0000000000
127955  35.297  6.817  36.084 0.0000000000
127957  34.141  6.403  36.816 0.0000000000
127968  33.893  6.864  34.066 0.0000000000
128025  34.300  6.575  29.112 0.0000000000
128103  41.916  6.445  21.872 0.0000000000
128106  38.457  6.862  22.752 0.0000000000
128120  42.260  6.856  21.535 0.0000000000
128127  34.875  7.192  21.606 0.0000000000
128136  40.882  7.065  20.972 0.0000000000
128137  40.467  7.154  21.080 0.0000000000
128138  39.531  6.016  19.618 0.0000000000
128999  39.392  7.667  34.950 0.0000000000
129005  33.992  6.801  35.242 0.0000000000
129057  34.135  6.753  29.110 0.0000000000
129066  34.318  6.612  29.088 0.0000000000
129131  39.076  7.194  21.930 0.0000000000
129150  38.754  7.740  21.633 0.0000000000
129183  44.826  7.534  19.264 0.0000000000
129191  36.947  8.160  19.868 0.0000000000
129203  40.285  7.802  18.639 0.0000000000
129211  41.369  8.382  17.801 0.0000000000
130085  39.913  7.677  34.890 0.0000000000
130088  36.446  7.943  34.212 0.0000000000
130125  36.252  8.679  30.067 0.0000000000
130193  32.827  8.882  22.711 0.0000000000
130201  39.004  8.110  21.284 0.0000000000
130215  40.334  8.481  20.083 0.0000000000
130228  44.443  8.181  18.990 0.0000000000
130241  44.358  7.951  18.839 0.0000000000
130250  42.683  9.499  17.905 0.0000000000
130251  42.054  9.416  17.585 0.0000000000
130252  41.064  9.047  17.437 0.0000000000
130253  39.965  9.385  17.676 0.0000000000
131135  38.864  8.389  33.060 0.0000000000
131144  39.232  9.367  32.425 0.0000000000
131154  39.605  9.572  32.098 0.0000000000
131235  36.830  9.768  21.442 0.0000000000
131254  42.379  9.633  18.437 0.0000000000
131255  41.746  9.422  18.645 0.0000000000
131257  39.866  9.813  19.102 0.0000000000
131265  42.595  10.023  18.134 0.0000000000
131281  38.190  10.282  17.675 0.0000000000
132180  39.426  8.566  32.701 0.0000000000
132181  38.944  8.770  32.789 0.0000000000
132190  39.655  9.043  32.471 0.0000000000
132216  41.242  10.686  28.252 0.0000000000
132237  40.813  10.965  27.364 0.0000000000
132281  33.506  10.400  22.330 0.0000000000
132294  38.140  10.168  20.091 0.0000000000
132310  42.265  10.157  18.170 0.0000000000
132311  41.799  10.314  18.119 0.0000000000
132316  37.209  11.084  18.429 0.0000000000
132322  42.191  10.258  17.960 0.0000000000
132325  39.990  10.797  17.660 0.0000000000
133223  41.671  11.208  27.948 0.0000000000
133230  42.194  11.573  27.622 0.0000000000
133232  41.163  11.449  27.018 0.0000000000
133266  36.119  11.194  22.926 0.0000000000
133267  34.412  11.654  23.132 0.0000000000
133305  39.714  11.663  17.818 0.0000000000
133306  39.053  11.615  18.238 0.0000000000
133314  40.094  11.062  17.709 0.0000000000
133315  39.699  11.597  17.472 0.0000000000
133316  39.046  11.719  17.187 0.0000000000
133317  38.415  11.570  17.606 0.0000000000
134193  39.341  12.795  32.308 0.0000000000
134205  39.520  12.896  31.926 0.0000000000
134212  38.569  13.253  29.897 0.0000000000
134219  38.778  13.256  29.662 0.0000000000
134223  32.788  12.436  30.138 0.0000000000
134227  42.676  11.710  27.831 0.0000000000
134235  42.764  11.737  27.346 0.0000000000
134236  35.310  13.185  27.255 0.0000000000
134241  45.052  13.281  26.990 0.0000000000
134327  38.828  12.113  18.001 0.0000000000
134328  37.842  12.575  18.436 0.0000000000
134329  37.060  12.558  18.527 0.0000000000
134334  39.654  12.031  17.480 0.0000000000
134335  39.289  12.087  17.430 0.0000000000
135237  37.995  13.856  29.479 0.0000000000
135240  35.193  14.395  30.016 0.0000000000
135252  36.895  14.414  28.971 0.0000000000
135275  45.029  13.769  26.627 0.0000000000
135283  44.412  13.473  26.174 0.0000000000
135285  43.103  13.516  25.376 0.0000000000
135317  36.545  14.230  22.110 0.0000000000
135331  37.000  13.455  19.706 0.0000000000
135332  36.652  13.406  19.628 0.0000000000
135341  36.767  13.262  18.989 0.0000000000
135342  36.291  12.984  19.252 0.0000000000
135348  37.326  13.124  18.849 0.0000000000
136194  34.648  14.312  30.232 0.0000000000
136200  38.716  13.967  28.488 0.0000000000
136243  44.563  14.040  26.504 0.0000000000
136256  43.385  13.815  25.699 0.0000000000
