#!ascii label  , from subject 3577 vox2ras=TkReg
1364
58437  19.534  -50.844  55.248 0.0000000000
60948  33.470  -48.597  60.766 0.0000000000
95587  37.454  -22.723  40.926 0.0000000000
78994  31.692  -35.987  46.818 0.0000000000
70850  36.761  -40.045  52.089 0.0000000000
108444  47.868  -10.935  33.641 0.0000000000
89358  40.062  -26.332  42.361 0.0000000000
88062  33.924  -28.427  41.308 0.0000000000
53251  16.614  -54.333  53.099 0.0000000000
59711  26.460  -49.219  57.463 0.0000000000
62297  30.433  -46.776  55.134 0.0000000000
63644  22.275  -46.996  52.440 0.0000000000
100461  41.953  -17.775  35.917 0.0000000000
55666  23.048  -51.875  60.377 0.0000000000
51899  18.465  -55.242  58.098 0.0000000000
100417  41.433  -18.400  41.356 0.0000000000
53163  13.014  -54.639  58.105 0.0000000000
49381  9.144  -58.225  56.151 0.0000000000
85276  34.234  -30.018  47.143 0.0000000000
77743  35.925  -37.834  47.462 0.0000000000
70910  33.280  -39.728  48.354 0.0000000000
66026  32.411  -43.952  52.439 0.0000000000
90609  40.179  -25.843  44.630 0.0000000000
88059  36.986  -27.426  41.789 0.0000000000
89334  36.582  -27.003  44.381 0.0000000000
91905  42.820  -24.877  44.804 0.0000000000
57121  19.370  -51.849  51.640 0.0000000000
54535  18.222  -53.584  51.633 0.0000000000
54507  19.057  -53.180  54.235 0.0000000000
59715  22.665  -49.643  56.854 0.0000000000
62303  24.558  -47.791  55.114 0.0000000000
62324  20.778  -48.463  53.370 0.0000000000
61078  19.826  -49.710  50.011 0.0000000000
96845  36.662  -21.186  39.463 0.0000000000
95544  39.780  -22.192  43.193 0.0000000000
98035  39.094  -20.621  41.565 0.0000000000
98060  39.357  -19.795  39.094 0.0000000000
49298  17.097  -56.480  60.840 0.0000000000
50629  16.297  -54.979  57.927 0.0000000000
51834  14.093  -55.228  61.257 0.0000000000
45078  8.302  -60.265  60.037 0.0000000000
49354  9.667  -58.557  58.822 0.0000000000
46558  8.918  -59.963  57.938 0.0000000000
43634  6.798  -62.073  56.171 0.0000000000
42159  5.617  -63.437  58.470 0.0000000000
78923  37.087  -37.283  50.900 0.0000000000
72239  37.380  -39.036  49.304 0.0000000000
73698  35.684  -39.373  47.276 0.0000000000
70866  34.912  -39.725  51.307 0.0000000000
63640  27.308  -45.586  52.312 0.0000000000
63616  31.528  -45.789  53.090 0.0000000000
64862  29.453  -45.416  50.485 0.0000000000
67185  29.958  -43.691  50.278 0.0000000000
81400  31.690  -33.260  47.574 0.0000000000
83914  31.093  -31.337  44.377 0.0000000000
80246  30.070  -34.615  43.844 0.0000000000
111843  50.477  -8.489  30.888 0.0000000000
109588  47.386  -9.876  31.059 0.0000000000
91965  38.915  -25.109  41.092 0.0000000000
89417  36.929  -27.010  40.119 0.0000000000
94337  41.722  -23.569  43.398 0.0000000000
59683  29.403  -49.291  59.204 0.0000000000
61000  31.881  -47.239  57.743 0.0000000000
61022  28.051  -48.357  56.445 0.0000000000
63603  25.798  -46.589  53.772 0.0000000000
66042  23.714  -45.445  50.354 0.0000000000
100434  44.760  -18.248  38.010 0.0000000000
101647  44.412  -16.130  35.268 0.0000000000
106250  44.719  -14.012  34.715 0.0000000000
107380  44.799  -12.243  32.664 0.0000000000
58381  20.747  -50.776  57.898 0.0000000000
55722  19.215  -52.687  56.556 0.0000000000
54431  19.801  -52.632  59.453 0.0000000000
58361  24.272  -50.872  58.653 0.0000000000
99296  41.709  -18.833  37.866 0.0000000000
51954  17.922  -54.367  56.124 0.0000000000
51938  15.729  -54.324  55.285 0.0000000000
54500  12.486  -54.202  54.985 0.0000000000
51869  12.005  -56.296  59.812 0.0000000000
51924  10.730  -56.393  56.783 0.0000000000
36033  4.047  -67.035  57.784 0.0000000000
89312  36.747  -27.248  47.412 0.0000000000
80174  33.268  -34.613  48.871 0.0000000000
80145  35.127  -35.938  50.005 0.0000000000
78991  34.518  -36.853  47.732 0.0000000000
76540  34.904  -38.338  45.773 0.0000000000
72284  33.324  -39.751  45.748 0.0000000000
72263  31.601  -39.789  46.534 0.0000000000
63576  33.294  -45.982  56.214 0.0000000000
66003  33.911  -44.605  54.616 0.0000000000
70839  34.359  -40.866  53.291 0.0000000000
69497  31.597  -41.171  51.534 0.0000000000
70897  30.135  -41.119  48.817 0.0000000000
88015  33.687  -28.155  44.642 0.0000000000
85364  31.614  -30.315  40.926 0.0000000000
91909  39.380  -25.623  45.193 0.0000000000
90623  38.346  -25.952  44.322 0.0000000000
91924  37.968  -25.925  45.436 0.0000000000
91895  41.207  -25.325  46.064 0.0000000000
58453  19.301  -51.078  53.294 0.0000000000
57112  18.882  -51.919  52.752 0.0000000000
57103  19.218  -51.927  53.879 0.0000000000
61030  20.944  -49.429  56.012 0.0000000000
61041  21.682  -48.649  55.120 0.0000000000
59772  19.974  -49.596  54.315 0.0000000000
59789  19.587  -50.260  52.814 0.0000000000
96833  36.323  -21.811  39.928 0.0000000000
95571  38.092  -22.689  41.640 0.0000000000
98021  39.425  -21.075  42.627 0.0000000000
96815  37.902  -21.212  41.411 0.0000000000
96831  37.649  -20.967  40.743 0.0000000000
45094  7.838  -61.150  59.634 0.0000000000
46542  8.796  -60.398  58.937 0.0000000000
45107  7.603  -61.141  58.712 0.0000000000
46560  7.437  -60.866  56.864 0.0000000000
43612  6.888  -61.908  58.274 0.0000000000
43635  6.166  -62.828  56.563 0.0000000000
72224  38.699  -38.553  50.507 0.0000000000
70875  37.197  -39.284  50.997 0.0000000000
70877  36.125  -40.018  50.267 0.0000000000
70865  35.971  -40.166  51.093 0.0000000000
60970  34.023  -47.613  59.494 0.0000000000
63672  26.693  -45.416  50.618 0.0000000000
63658  28.195  -45.314  51.194 0.0000000000
64881  27.159  -44.786  49.558 0.0000000000
64880  27.949  -44.537  49.680 0.0000000000
80201  31.509  -34.249  47.064 0.0000000000
81418  30.981  -33.667  45.907 0.0000000000
108430  47.471  -12.062  35.014 0.0000000000
109564  49.232  -10.855  34.676 0.0000000000
109576  48.493  -10.595  33.703 0.0000000000
110681  48.948  -9.843  32.045 0.0000000000
109585  47.777  -10.293  32.446 0.0000000000
91964  39.426  -25.658  41.180 0.0000000000
91997  37.732  -26.383  40.468 0.0000000000
89415  38.543  -26.992  40.426 0.0000000000
88043  35.798  -27.701  42.001 0.0000000000
88076  35.710  -28.218  40.669 0.0000000000
88077  34.521  -28.596  40.366 0.0000000000
90643  41.501  -25.722  43.377 0.0000000000
91939  41.491  -25.348  43.067 0.0000000000
93162  40.452  -24.378  42.618 0.0000000000
54523  18.008  -54.105  52.173 0.0000000000
53252  15.930  -53.961  52.952 0.0000000000
59684  28.271  -49.735  58.756 0.0000000000
60989  28.632  -48.575  58.009 0.0000000000
61006  26.760  -48.623  56.987 0.0000000000
63606  23.647  -47.638  53.529 0.0000000000
62320  24.730  -47.191  54.458 0.0000000000
63624  24.280  -46.796  52.988 0.0000000000
64829  24.849  -46.021  52.166 0.0000000000
64847  23.238  -46.273  52.025 0.0000000000
63662  21.330  -46.823  51.094 0.0000000000
76549  34.948  -38.118  43.547 0.0000000000
100450  42.640  -17.960  36.651 0.0000000000
100458  44.293  -17.563  36.278 0.0000000000
100471  43.116  -17.088  35.649 0.0000000000
105121  43.352  -14.425  34.373 0.0000000000
106256  43.596  -13.745  33.797 0.0000000000
107370  44.987  -12.647  34.184 0.0000000000
57027  21.661  -50.944  59.276 0.0000000000
55682  20.509  -52.273  58.729 0.0000000000
55668  21.094  -52.153  59.889 0.0000000000
57013  23.552  -51.631  59.753 0.0000000000
58379  22.715  -50.084  58.273 0.0000000000
100425  42.873  -18.497  39.438 0.0000000000
100427  41.900  -18.648  39.747 0.0000000000
98086  39.246  -19.517  37.533 0.0000000000
53178  18.673  -53.927  57.872 0.0000000000
53207  18.711  -53.935  55.716 0.0000000000
51916  18.395  -55.282  57.188 0.0000000000
51883  15.619  -53.984  58.538 0.0000000000
51920  15.770  -54.706  56.512 0.0000000000
53193  14.927  -53.573  57.054 0.0000000000
53210  14.297  -53.901  55.447 0.0000000000
53194  12.953  -54.686  56.351 0.0000000000
50579  11.310  -57.220  60.958 0.0000000000
49367  9.428  -58.340  57.073 0.0000000000
51888  10.475  -56.985  58.236 0.0000000000
50657  10.173  -57.048  56.333 0.0000000000
51959  10.948  -55.997  55.111 0.0000000000
81397  33.973  -32.818  48.631 0.0000000000
77712  36.762  -37.819  49.655 0.0000000000
78924  35.979  -37.126  50.843 0.0000000000
78974  35.379  -37.316  49.174 0.0000000000
78976  34.818  -36.519  48.422 0.0000000000
77744  35.154  -37.244  47.301 0.0000000000
77761  34.515  -37.758  45.698 0.0000000000
77759  35.760  -38.047  46.815 0.0000000000
70909  34.099  -39.687  48.071 0.0000000000
72260  34.494  -39.558  46.700 0.0000000000
70928  33.491  -39.732  47.418 0.0000000000
72285  32.309  -39.933  45.483 0.0000000000
72242  32.168  -39.967  47.412 0.0000000000
62278  30.979  -47.201  55.974 0.0000000000
62262  32.839  -47.012  57.267 0.0000000000
62296  31.506  -47.233  54.795 0.0000000000
64825  32.023  -45.363  52.356 0.0000000000
64812  32.509  -44.944  54.167 0.0000000000
66015  32.918  -43.887  54.226 0.0000000000
69447  33.754  -42.186  54.143 0.0000000000
69460  32.867  -42.265  53.248 0.0000000000
70854  32.776  -41.131  52.697 0.0000000000
68265  31.804  -42.767  52.739 0.0000000000
67214  28.404  -43.415  48.361 0.0000000000
68302  29.489  -42.136  49.643 0.0000000000
86672  34.676  -28.500  47.435 0.0000000000
87997  34.375  -27.945  45.706 0.0000000000
86689  33.364  -28.611  46.261 0.0000000000
83952  30.338  -32.238  42.902 0.0000000000
85354  30.950  -30.797  42.547 0.0000000000
111856  51.129  -8.375  30.231 0.0000000000
89345  39.804  -26.561  43.245 0.0000000000
88072  38.668  -27.153  42.009 0.0000000000
89346  38.815  -26.501  43.109 0.0000000000
89348  36.837  -27.105  43.436 0.0000000000
89365  35.135  -27.452  43.045 0.0000000000
91893  42.846  -24.813  45.609 0.0000000000
90607  41.256  -25.770  44.572 0.0000000000
55772  18.548  -52.690  51.101 0.0000000000
55762  18.824  -53.143  52.342 0.0000000000
54509  18.077  -53.747  53.056 0.0000000000
59713  24.399  -49.579  57.620 0.0000000000
61025  25.122  -48.354  56.308 0.0000000000
62285  23.344  -48.468  55.539 0.0000000000
62305  22.417  -48.333  54.735 0.0000000000
62330  21.918  -47.562  52.903 0.0000000000
62342  21.248  -47.871  51.671 0.0000000000
61065  20.146  -48.844  51.826 0.0000000000
59806  19.331  -49.980  51.740 0.0000000000
101626  40.383  -17.380  35.466 0.0000000000
54405  21.715  -52.424  61.109 0.0000000000
97998  40.731  -20.689  44.138 0.0000000000
99243  40.285  -19.679  42.573 0.0000000000
99256  40.080  -19.594  41.488 0.0000000000
99267  40.453  -19.376  40.385 0.0000000000
98048  39.060  -20.204  40.302 0.0000000000
98073  36.941  -20.593  38.723 0.0000000000
49351  17.850  -56.347  59.766 0.0000000000
50627  17.387  -55.586  57.963 0.0000000000
50594  16.865  -55.824  59.585 0.0000000000
50596  15.527  -54.626  59.522 0.0000000000
51867  14.266  -54.985  59.584 0.0000000000
49319  10.127  -58.370  60.776 0.0000000000
47926  8.997  -59.293  59.755 0.0000000000
46557  9.240  -59.559  57.969 0.0000000000
47979  8.946  -58.997  56.695 0.0000000000
46571  8.143  -60.479  55.900 0.0000000000
76497  37.771  -37.768  49.433 0.0000000000
75151  37.036  -38.403  48.758 0.0000000000
75176  36.329  -38.663  47.160 0.0000000000
73682  36.271  -39.217  48.276 0.0000000000
70892  34.856  -39.702  48.631 0.0000000000
70893  34.063  -39.605  49.143 0.0000000000
64827  28.670  -46.389  53.343 0.0000000000
62313  31.300  -47.351  53.842 0.0000000000
63618  30.010  -46.501  52.411 0.0000000000
63636  30.660  -46.093  51.408 0.0000000000
66028  31.768  -45.028  51.288 0.0000000000
67177  31.401  -43.749  51.101 0.0000000000
64878  29.300  -44.539  49.778 0.0000000000
66073  28.188  -44.214  48.686 0.0000000000
83859  32.995  -31.569  47.352 0.0000000000
83897  32.499  -30.830  46.116 0.0000000000
82607  31.642  -32.227  46.304 0.0000000000
82634  30.539  -32.721  44.310 0.0000000000
110679  50.647  -9.310  32.599 0.0000000000
110691  49.434  -9.399  31.424 0.0000000000
94375  37.731  -23.636  41.065 0.0000000000
94377  36.158  -23.599  40.167 0.0000000000
91968  36.507  -25.097  40.399 0.0000000000
88092  37.167  -27.575  40.693 0.0000000000
88111  35.789  -28.057  39.586 0.0000000000
94319  43.594  -23.544  44.972 0.0000000000
95523  43.104  -22.618  44.780 0.0000000000
95524  42.552  -22.259  44.924 0.0000000000
94338  41.014  -23.163  43.236 0.0000000000
94350  39.474  -23.399  42.355 0.0000000000
59670  31.734  -48.776  59.762 0.0000000000
60972  32.386  -48.113  59.022 0.0000000000
60974  30.903  -48.761  58.350 0.0000000000
61002  30.184  -47.499  57.153 0.0000000000
62280  28.995  -47.487  55.872 0.0000000000
62283  25.905  -47.518  55.852 0.0000000000
62301  26.451  -47.018  54.910 0.0000000000
62317  28.286  -46.768  54.734 0.0000000000
63621  27.125  -46.392  52.996 0.0000000000
64844  25.805  -45.528  51.237 0.0000000000
64884  24.612  -44.887  50.230 0.0000000000
102778  46.550  -16.497  35.503 0.0000000000
102789  43.425  -15.829  35.069 0.0000000000
103972  44.467  -15.292  35.308 0.0000000000
105115  46.238  -14.729  35.530 0.0000000000
106253  45.914  -13.262  34.954 0.0000000000
108440  46.135  -12.276  33.891 0.0000000000
108446  45.952  -11.764  33.346 0.0000000000
108452  46.336  -11.169  32.224 0.0000000000
58425  20.009  -50.536  56.182 0.0000000000
57080  19.921  -51.885  55.892 0.0000000000
55721  20.085  -52.294  57.162 0.0000000000
54461  19.435  -52.593  57.979 0.0000000000
53162  19.219  -53.895  58.985 0.0000000000
54406  20.846  -53.349  61.181 0.0000000000
51866  18.778  -55.430  59.798 0.0000000000
49333  18.188  -56.439  60.634 0.0000000000
59650  32.078  -49.514  61.340 0.0000000000
59660  30.661  -49.538  60.904 0.0000000000
59673  28.667  -49.672  59.766 0.0000000000
58358  27.296  -50.485  59.214 0.0000000000
58351  26.620  -50.800  59.764 0.0000000000
58376  25.513  -50.381  58.394 0.0000000000
58404  23.113  -49.799  57.657 0.0000000000
58405  21.972  -49.670  57.703 0.0000000000
101572  44.595  -17.428  39.274 0.0000000000
101590  43.242  -17.782  38.195 0.0000000000
100444  42.108  -18.581  37.102 0.0000000000
99290  40.052  -19.314  38.270 0.0000000000
99297  40.812  -19.158  37.665 0.0000000000
100452  40.459  -18.238  36.550 0.0000000000
54497  18.838  -53.170  55.178 0.0000000000
53228  18.204  -54.239  54.803 0.0000000000
53229  17.212  -54.488  54.324 0.0000000000
51918  17.330  -55.371  57.137 0.0000000000
51937  16.427  -54.697  55.835 0.0000000000
53230  16.440  -54.291  54.060 0.0000000000
53232  15.122  -53.792  54.280 0.0000000000
53254  14.246  -54.132  53.076 0.0000000000
51852  13.060  -55.572  60.626 0.0000000000
51886  12.289  -55.531  58.510 0.0000000000
51887  10.948  -56.448  58.728 0.0000000000
51905  12.068  -55.532  57.394 0.0000000000
53213  11.584  -55.178  55.742 0.0000000000
38980  4.984  -65.667  57.845 0.0000000000
90599  37.393  -26.543  47.183 0.0000000000
85252  34.474  -30.565  47.687 0.0000000000
82589  33.200  -32.232  47.812 0.0000000000
80175  32.630  -33.927  48.724 0.0000000000
78979  32.377  -35.505  47.585 0.0000000000
78928  34.234  -35.476  49.260 0.0000000000
78978  33.256  -35.787  48.019 0.0000000000
78993  32.582  -36.537  47.070 0.0000000000
77762  33.443  -37.460  45.573 0.0000000000
76541  34.844  -38.146  44.889 0.0000000000
75194  34.903  -38.584  44.120 0.0000000000
73710  35.335  -39.164  46.241 0.0000000000
72299  34.479  -39.424  45.610 0.0000000000
73723  34.010  -39.577  44.381 0.0000000000
72301  33.096  -40.146  44.746 0.0000000000
72286  30.822  -39.726  45.000 0.0000000000
70818  37.360  -40.831  54.169 0.0000000000
62250  33.053  -47.644  57.901 0.0000000000
63569  33.862  -46.767  57.364 0.0000000000
64793  35.063  -45.536  55.974 0.0000000000
63584  32.410  -46.489  54.978 0.0000000000
64801  34.274  -45.624  55.064 0.0000000000
65990  35.025  -44.724  55.655 0.0000000000
68224  34.418  -42.966  55.160 0.0000000000
70820  34.862  -40.872  54.150 0.0000000000
70838  35.358  -40.342  53.236 0.0000000000
70852  34.606  -40.237  52.427 0.0000000000
70867  33.666  -39.922  51.817 0.0000000000
70895  31.868  -40.303  49.688 0.0000000000
68286  30.284  -42.167  51.242 0.0000000000
70882  30.688  -41.088  50.631 0.0000000000
70912  31.455  -40.414  48.825 0.0000000000
72244  30.368  -40.416  48.175 0.0000000000
89322  35.841  -27.017  45.651 0.0000000000
88014  34.911  -27.418  44.576 0.0000000000
88029  33.279  -28.260  43.439 0.0000000000
85318  32.419  -29.965  44.820 0.0000000000
86742  32.068  -29.400  42.749 0.0000000000
86752  32.438  -29.288  41.508 0.0000000000
109599  46.582  -10.453  30.485 0.0000000000
91897  39.350  -25.188  46.389 0.0000000000
91923  38.356  -25.748  45.058 0.0000000000
91910  38.416  -26.010  45.949 0.0000000000
93129  39.917  -24.674  45.974 0.0000000000
58438  19.605  -51.095  54.267 0.0000000000
59754  20.199  -49.903  55.329 0.0000000000
59755  19.612  -50.319  54.603 0.0000000000
59773  19.517  -50.272  53.770 0.0000000000
95588  36.557  -22.716  40.337 0.0000000000
95601  35.651  -22.562  39.535 0.0000000000
96803  37.802  -21.888  41.612 0.0000000000
95572  37.623  -22.267  41.374 0.0000000000
96817  36.727  -21.973  40.739 0.0000000000
45117  7.512  -61.194  57.568 0.0000000000
70849  37.723  -39.999  52.067 0.0000000000
72203  38.123  -39.579  51.423 0.0000000000
70864  36.766  -39.892  51.287 0.0000000000
60957  34.262  -48.396  60.144 0.0000000000
64882  26.186  -44.687  49.739 0.0000000000
63671  27.289  -45.119  50.488 0.0000000000
78995  31.101  -35.138  46.452 0.0000000000
108438  47.931  -11.287  34.311 0.0000000000
108437  48.563  -11.150  34.687 0.0000000000
109565  48.586  -10.996  34.315 0.0000000000
90660  39.659  -26.337  41.383 0.0000000000
90691  39.295  -26.610  40.613 0.0000000000
89384  39.567  -27.120  41.278 0.0000000000
88061  35.145  -28.049  41.299 0.0000000000
88078  33.844  -28.677  40.584 0.0000000000
86759  33.855  -28.911  40.279 0.0000000000
90644  40.807  -26.013  42.801 0.0000000000
90650  40.045  -26.081  42.024 0.0000000000
91949  39.700  -25.780  41.713 0.0000000000
53272  17.260  -54.332  51.610 0.0000000000
53273  16.652  -54.357  52.057 0.0000000000
53274  16.039  -54.334  52.089 0.0000000000
59694  27.382  -49.415  57.827 0.0000000000
59693  28.121  -49.226  58.005 0.0000000000
63626  22.531  -47.281  52.877 0.0000000000
63625  23.264  -47.161  52.876 0.0000000000
63643  22.777  -46.692  52.376 0.0000000000
64848  22.435  -46.613  51.927 0.0000000000
64867  22.303  -46.306  51.099 0.0000000000
64868  21.931  -46.674  51.614 0.0000000000
73747  34.838  -38.928  42.690 0.0000000000
99307  42.956  -17.591  36.268 0.0000000000
101624  42.151  -17.504  35.656 0.0000000000
106261  43.429  -13.476  33.044 0.0000000000
57014  22.438  -51.147  60.021 0.0000000000
57015  21.463  -51.496  59.747 0.0000000000
55667  21.890  -51.681  60.478 0.0000000000
57026  22.955  -50.752  59.446 0.0000000000
101551  41.922  -17.873  40.853 0.0000000000
100420  42.264  -18.286  40.321 0.0000000000
100421  41.837  -18.486  40.456 0.0000000000
51898  18.616  -54.808  57.527 0.0000000000
51915  18.631  -54.892  57.079 0.0000000000
51904  14.043  -53.844  58.384 0.0000000000
51903  14.845  -53.855  57.868 0.0000000000
53179  14.363  -53.595  57.281 0.0000000000
54448  14.010  -53.596  56.929 0.0000000000
53180  13.473  -54.252  57.500 0.0000000000
49318  10.745  -57.581  61.192 0.0000000000
50644  9.700  -57.627  56.615 0.0000000000
51940  10.294  -56.533  55.608 0.0000000000
77727  36.373  -37.908  48.440 0.0000000000
77713  35.764  -37.654  49.349 0.0000000000
77728  35.674  -37.522  48.519 0.0000000000
78975  35.213  -36.836  48.617 0.0000000000
77729  35.280  -37.033  48.095 0.0000000000
70929  32.787  -39.780  47.640 0.0000000000
70911  32.281  -40.061  48.444 0.0000000000
66017  32.420  -44.855  52.625 0.0000000000
66016  32.320  -44.235  53.367 0.0000000000
67169  32.168  -43.464  52.988 0.0000000000
67164  32.490  -43.351  53.663 0.0000000000
68255  32.452  -42.752  53.216 0.0000000000
85295  34.444  -29.283  47.059 0.0000000000
86688  34.248  -28.639  46.602 0.0000000000
85296  33.892  -29.523  46.571 0.0000000000
90635  39.979  -26.308  43.717 0.0000000000
90636  39.408  -26.284  43.530 0.0000000000
89333  37.612  -26.581  43.990 0.0000000000
89349  36.199  -27.513  43.296 0.0000000000
88026  36.024  -27.573  43.770 0.0000000000
93126  43.760  -24.667  46.412 0.0000000000
91907  41.441  -25.598  45.018 0.0000000000
90608  40.896  -25.825  44.615 0.0000000000
89330  40.626  -26.319  43.622 0.0000000000
55751  19.219  -52.895  53.292 0.0000000000
55752  18.834  -53.299  52.970 0.0000000000
54522  18.479  -53.582  52.649 0.0000000000
54508  18.552  -53.435  53.662 0.0000000000
59714  23.585  -49.540  57.177 0.0000000000
59735  24.218  -48.963  56.833 0.0000000000
59736  23.384  -49.145  56.469 0.0000000000
61049  21.269  -48.679  54.415 0.0000000000
62306  21.760  -48.531  54.502 0.0000000000
62323  21.605  -48.392  53.747 0.0000000000
62331  20.967  -48.269  52.760 0.0000000000
61055  20.297  -48.847  52.973 0.0000000000
58467  18.846  -50.964  52.271 0.0000000000
58485  19.061  -51.014  51.161 0.0000000000
96773  40.635  -21.700  43.891 0.0000000000
96774  39.940  -21.725  43.342 0.0000000000
98020  39.674  -20.249  42.215 0.0000000000
98034  39.584  -20.104  41.649 0.0000000000
99257  39.549  -19.997  41.368 0.0000000000
99268  39.592  -19.800  40.809 0.0000000000
98062  37.187  -20.893  39.542 0.0000000000
98061  37.945  -20.458  39.774 0.0000000000
49335  17.654  -56.488  59.981 0.0000000000
49352  17.569  -55.976  59.659 0.0000000000
49317  16.806  -56.248  60.228 0.0000000000
50577  15.185  -55.736  60.259 0.0000000000
51851  13.964  -55.267  60.545 0.0000000000
46482  8.960  -60.012  61.148 0.0000000000
47919  9.036  -58.998  60.723 0.0000000000
45115  8.672  -60.285  58.516 0.0000000000
46541  9.042  -60.204  58.724 0.0000000000
47961  9.161  -59.107  57.607 0.0000000000
47962  8.683  -59.600  57.157 0.0000000000
47980  8.565  -59.749  56.287 0.0000000000
46559  8.138  -60.393  57.040 0.0000000000
45124  7.216  -61.439  56.635 0.0000000000
46572  7.686  -60.984  56.278 0.0000000000
42175  5.558  -63.434  57.311 0.0000000000
42176  5.157  -64.030  57.749 0.0000000000
73668  38.002  -38.626  49.802 0.0000000000
75141  38.326  -38.099  49.505 0.0000000000
75150  37.763  -38.225  49.099 0.0000000000
76507  37.248  -37.969  48.887 0.0000000000
73695  36.782  -38.753  48.651 0.0000000000
73681  36.859  -39.082  48.911 0.0000000000
70878  35.232  -39.883  49.899 0.0000000000
72216  35.825  -39.996  49.658 0.0000000000
70879  33.907  -39.752  50.434 0.0000000000
63620  28.136  -46.278  52.998 0.0000000000
63619  29.062  -46.195  52.866 0.0000000000
63639  28.263  -45.574  52.177 0.0000000000
63657  28.998  -45.499  50.666 0.0000000000
63638  29.080  -46.062  51.650 0.0000000000
63656  29.645  -45.855  50.508 0.0000000000
64842  31.192  -45.587  51.362 0.0000000000
64861  30.092  -45.415  50.442 0.0000000000
66040  30.533  -44.936  50.535 0.0000000000
64879  28.890  -44.742  50.015 0.0000000000
64903  27.971  -44.412  48.699 0.0000000000
82590  32.210  -32.194  47.316 0.0000000000
82606  32.184  -31.816  46.644 0.0000000000
82591  31.570  -32.666  47.060 0.0000000000
80235  30.448  -34.255  44.746 0.0000000000
81431  30.611  -33.499  45.215 0.0000000000
81440  30.324  -33.512  44.208 0.0000000000
110692  48.406  -9.543  31.329 0.0000000000
110708  48.160  -9.490  30.209 0.0000000000
93188  38.269  -24.362  41.230 0.0000000000
93189  37.469  -24.407  40.847 0.0000000000
91967  37.151  -25.275  40.676 0.0000000000
90694  37.380  -26.736  40.261 0.0000000000
91999  36.653  -26.251  40.002 0.0000000000
90695  36.486  -26.485  39.806 0.0000000000
89418  35.970  -27.387  39.398 0.0000000000
88058  37.867  -27.478  42.082 0.0000000000
88091  37.980  -27.567  41.026 0.0000000000
88074  37.525  -27.598  41.364 0.0000000000
88094  35.327  -28.430  39.853 0.0000000000
88093  36.220  -27.960  40.228 0.0000000000
88112  34.864  -28.174  39.032 0.0000000000
93135  43.717  -24.418  45.346 0.0000000000
93145  43.200  -24.299  44.563 0.0000000000
94336  42.396  -23.712  43.649 0.0000000000
94326  43.143  -23.573  44.297 0.0000000000
95530  42.876  -23.036  43.948 0.0000000000
95541  42.398  -23.011  43.609 0.0000000000
95542  41.513  -22.543  43.713 0.0000000000
91951  39.286  -24.722  41.506 0.0000000000
93163  39.881  -24.012  42.426 0.0000000000
93187  38.910  -24.526  41.490 0.0000000000
93175  38.685  -24.067  41.649 0.0000000000
59671  31.217  -49.300  59.538 0.0000000000
59681  31.158  -49.235  58.739 0.0000000000
59682  30.463  -49.367  58.962 0.0000000000
61004  28.402  -48.184  57.111 0.0000000000
61003  29.136  -47.655  57.451 0.0000000000
62266  29.057  -47.537  56.687 0.0000000000
62265  29.597  -47.472  56.879 0.0000000000
62267  28.597  -48.033  56.312 0.0000000000
61038  24.661  -48.177  55.658 0.0000000000
61024  26.320  -48.195  56.364 0.0000000000
62284  25.119  -47.760  55.688 0.0000000000
62319  25.562  -46.872  54.450 0.0000000000
62318  26.172  -46.741  54.311 0.0000000000
62300  27.615  -46.812  55.063 0.0000000000
63602  26.804  -46.523  54.042 0.0000000000
63622  26.122  -46.257  53.059 0.0000000000
64846  24.142  -45.737  51.633 0.0000000000
64845  25.138  -45.607  51.558 0.0000000000
64865  24.157  -45.049  50.713 0.0000000000
64864  25.106  -45.012  50.717 0.0000000000
66041  23.890  -45.389  50.112 0.0000000000
61077  20.318  -48.678  50.273 0.0000000000
100433  45.096  -18.171  38.177 0.0000000000
100469  44.202  -17.040  35.891 0.0000000000
100457  45.310  -17.597  36.215 0.0000000000
101623  45.634  -16.923  35.813 0.0000000000
101622  46.404  -17.249  35.926 0.0000000000
102779  45.644  -16.264  35.386 0.0000000000
102783  42.583  -16.045  34.864 0.0000000000
102790  42.897  -16.261  35.033 0.0000000000
105118  43.873  -14.807  34.914 0.0000000000
103973  43.989  -14.799  35.097 0.0000000000
105117  44.468  -14.625  35.178 0.0000000000
103971  45.318  -15.604  35.356 0.0000000000
105116  45.245  -14.695  35.485 0.0000000000
106248  46.009  -13.856  35.502 0.0000000000
106249  45.252  -13.963  35.117 0.0000000000
107376  45.059  -12.376  33.394 0.0000000000
107369  45.857  -12.533  34.456 0.0000000000
107375  45.627  -12.332  33.842 0.0000000000
58406  20.581  -50.154  57.378 0.0000000000
57079  20.055  -51.370  56.646 0.0000000000
57066  20.361  -51.161  57.547 0.0000000000
55681  20.469  -52.428  59.198 0.0000000000
55701  20.166  -52.223  58.402 0.0000000000
54445  19.713  -52.702  58.775 0.0000000000
54446  19.059  -53.118  58.359 0.0000000000
54420  19.394  -53.378  59.780 0.0000000000
53132  20.174  -54.651  60.787 0.0000000000
51849  19.591  -55.141  60.195 0.0000000000
51850  19.065  -55.690  60.606 0.0000000000
50592  18.473  -56.162  60.128 0.0000000000
59674  28.328  -50.122  59.537 0.0000000000
57024  24.494  -51.032  59.199 0.0000000000
58360  25.070  -50.610  59.071 0.0000000000
58359  26.252  -50.415  58.906 0.0000000000
58377  24.733  -50.408  58.314 0.0000000000
59697  24.535  -50.137  57.933 0.0000000000
58378  23.864  -50.258  58.055 0.0000000000
58380  21.390  -50.320  58.288 0.0000000000
93202  36.014  -24.670  39.851 0.0000000000
99287  42.450  -18.892  38.903 0.0000000000
100435  43.123  -18.650  39.040 0.0000000000
99295  42.283  -18.667  38.360 0.0000000000
98059  40.084  -19.587  39.261 0.0000000000
99281  40.256  -19.473  38.860 0.0000000000
99299  39.132  -19.336  37.119 0.0000000000
99298  39.868  -19.264  37.462 0.0000000000
99310  39.785  -18.970  36.746 0.0000000000
99309  40.690  -18.862  36.983 0.0000000000
100453  39.535  -18.474  36.197 0.0000000000
55737  19.507  -52.449  55.832 0.0000000000
54480  19.083  -53.347  56.189 0.0000000000
53208  18.314  -54.298  56.267 0.0000000000
51955  17.433  -54.328  55.693 0.0000000000
50628  16.691  -55.274  58.039 0.0000000000
50642  17.696  -55.558  57.407 0.0000000000
51900  16.912  -55.312  57.451 0.0000000000
51957  16.175  -54.373  54.814 0.0000000000
51958  15.746  -54.107  54.582 0.0000000000
53231  15.820  -53.909  53.940 0.0000000000
54499  13.070  -53.681  55.055 0.0000000000
53233  13.856  -53.598  54.513 0.0000000000
53234  12.811  -54.330  54.231 0.0000000000
50578  12.056  -56.976  61.161 0.0000000000
51853  12.348  -56.249  60.919 0.0000000000
51868  13.040  -55.211  59.707 0.0000000000
49339  10.024  -58.061  59.872 0.0000000000
50599  10.295  -57.649  59.324 0.0000000000
51907  10.675  -56.743  57.726 0.0000000000
51906  11.500  -56.191  57.635 0.0000000000
51923  11.658  -55.757  56.835 0.0000000000
53195  12.144  -55.053  56.801 0.0000000000
53196  11.612  -55.424  56.373 0.0000000000
40612  4.945  -64.529  58.357 0.0000000000
38973  4.804  -65.457  58.608 0.0000000000
37498  4.304  -66.545  58.304 0.0000000000
37497  4.910  -66.204  58.199 0.0000000000
86670  36.122  -28.646  48.407 0.0000000000
83857  34.677  -31.312  48.189 0.0000000000
83858  33.791  -31.357  47.615 0.0000000000
82588  34.067  -32.224  48.066 0.0000000000
81371  33.623  -33.537  48.893 0.0000000000
81372  32.998  -33.547  48.942 0.0000000000
80200  32.213  -34.391  48.064 0.0000000000
80199  32.765  -35.104  48.170 0.0000000000
78925  35.351  -36.484  50.197 0.0000000000
80146  34.931  -35.478  49.921 0.0000000000
78977  34.026  -36.476  48.417 0.0000000000
78992  33.579  -36.769  47.487 0.0000000000
77746  33.180  -37.011  46.470 0.0000000000
77745  34.052  -37.317  46.768 0.0000000000
76529  34.891  -38.059  46.017 0.0000000000
75186  34.748  -38.562  45.248 0.0000000000
73697  35.967  -39.292  47.171 0.0000000000
73709  36.218  -39.071  46.848 0.0000000000
72281  35.484  -39.362  46.698 0.0000000000
72283  34.065  -39.539  46.042 0.0000000000
72300  33.889  -39.621  45.070 0.0000000000
72311  33.563  -39.752  44.273 0.0000000000
60985  32.237  -47.554  58.391 0.0000000000
60984  33.036  -47.649  58.646 0.0000000000
62251  32.464  -47.216  57.656 0.0000000000
62276  32.604  -47.028  56.319 0.0000000000
62275  33.142  -46.755  57.044 0.0000000000
63568  34.685  -46.110  56.872 0.0000000000
63575  34.177  -45.497  56.450 0.0000000000
63598  30.820  -47.163  53.161 0.0000000000
63597  31.791  -46.889  53.726 0.0000000000
66004  32.874  -44.496  54.380 0.0000000000
64811  33.314  -45.210  54.538 0.0000000000
65991  34.864  -45.069  54.799 0.0000000000
66002  34.671  -44.403  54.947 0.0000000000
67141  34.332  -43.763  55.790 0.0000000000
67154  33.784  -43.816  55.198 0.0000000000
70822  33.706  -41.805  53.799 0.0000000000
69446  34.489  -42.004  54.574 0.0000000000
70868  32.813  -40.532  52.311 0.0000000000
70880  32.527  -40.421  51.034 0.0000000000
67184  30.518  -43.775  50.842 0.0000000000
68278  30.583  -43.305  51.149 0.0000000000
69511  29.775  -41.578  49.816 0.0000000000
69499  30.106  -41.536  50.697 0.0000000000
70896  30.733  -40.834  49.626 0.0000000000
72231  30.566  -40.731  48.802 0.0000000000
72230  30.893  -40.466  48.660 0.0000000000
90600  36.861  -26.833  46.623 0.0000000000
89313  36.049  -27.359  46.656 0.0000000000
87998  33.606  -28.246  45.569 0.0000000000
89336  35.236  -27.386  45.361 0.0000000000
88028  34.431  -27.562  43.451 0.0000000000
83898  31.635  -31.087  45.551 0.0000000000
85298  32.250  -30.231  45.646 0.0000000000
85319  31.703  -30.527  44.595 0.0000000000
85353  31.560  -30.125  42.009 0.0000000000
86743  31.460  -30.080  42.861 0.0000000000
88046  32.796  -28.666  42.554 0.0000000000
111873  50.934  -8.317  29.224 0.0000000000
111872  52.013  -8.292  29.394 0.0000000000
111889  51.840  -8.394  28.364 0.0000000000
109589  46.860  -10.620  31.582 0.0000000000
108456  46.059  -11.126  30.970 0.0000000000
90622  39.459  -25.986  44.155 0.0000000000
91922  38.884  -25.755  44.630 0.0000000000
90624  37.382  -26.175  45.071 0.0000000000
91908  40.454  -25.446  45.407 0.0000000000
61009  21.550  -49.315  56.262 0.0000000000
61028  22.082  -48.863  55.962 0.0000000000
61029  21.149  -49.309  55.735 0.0000000000
61042  20.834  -49.194  54.776 0.0000000000
61050  20.571  -48.843  53.887 0.0000000000
59788  19.961  -49.544  53.371 0.0000000000
95570  38.950  -22.600  42.128 0.0000000000
96786  39.452  -21.789  43.018 0.0000000000
96801  39.100  -21.730  42.363 0.0000000000
96802  38.436  -21.646  41.846 0.0000000000
98036  38.393  -20.953  41.522 0.0000000000
98049  38.319  -20.667  40.913 0.0000000000
96832  37.125  -21.284  40.194 0.0000000000
50557  16.530  -56.445  61.301 0.0000000000
50575  16.770  -56.403  60.607 0.0000000000
50540  16.086  -55.685  62.183 0.0000000000
45106  8.471  -60.539  58.947 0.0000000000
45116  7.999  -60.265  58.202 0.0000000000
43623  6.811  -62.008  57.164 0.0000000000
43624  6.186  -62.647  57.780 0.0000000000
72212  38.479  -39.142  50.913 0.0000000000
72213  37.705  -39.176  50.957 0.0000000000
72214  37.121  -39.295  50.592 0.0000000000
70890  36.575  -39.544  49.919 0.0000000000
70876  36.728  -39.524  50.585 0.0000000000
63660  26.578  -45.511  51.388 0.0000000000
63659  27.403  -45.349  51.395 0.0000000000
63670  28.008  -44.714  50.504 0.0000000000
63669  28.495  -44.715  50.328 0.0000000000
64904  27.154  -44.521  48.601 0.0000000000
81417  31.310  -33.315  46.610 0.0000000000
80212  30.936  -34.221  46.337 0.0000000000
78996  30.519  -34.720  45.976 0.0000000000
107364  48.829  -12.768  35.712 0.0000000000
108429  48.521  -11.634  35.293 0.0000000000
109583  50.130  -9.598  33.143 0.0000000000
109584  49.183  -10.083  32.863 0.0000000000
90675  37.898  -25.456  40.670 0.0000000000
91979  39.055  -25.949  40.812 0.0000000000
90693  38.209  -26.802  40.386 0.0000000000
89416  37.994  -27.148  40.369 0.0000000000
88042  36.385  -27.564  41.893 0.0000000000
88075  36.612  -27.800  41.033 0.0000000000
88095  34.501  -28.802  39.447 0.0000000000
91920  42.165  -25.502  44.258 0.0000000000
91919  42.908  -24.980  44.075 0.0000000000
93160  42.000  -24.794  43.354 0.0000000000
93161  41.369  -24.526  43.041 0.0000000000
94348  41.003  -23.812  43.031 0.0000000000
91941  39.944  -24.938  42.549 0.0000000000
91950  39.739  -25.025  41.742 0.0000000000
54536  17.735  -54.188  50.764 0.0000000000
53275  15.434  -54.978  52.102 0.0000000000
60976  29.152  -48.734  58.671 0.0000000000
60990  28.147  -49.002  57.477 0.0000000000
61023  27.326  -48.368  56.282 0.0000000000
62321  24.022  -47.815  54.189 0.0000000000
63605  24.210  -47.309  53.583 0.0000000000
63604  24.901  -46.725  53.782 0.0000000000
63623  25.124  -46.418  52.922 0.0000000000
64830  24.238  -46.288  52.395 0.0000000000
64866  23.331  -45.791  50.690 0.0000000000
64885  22.998  -45.732  50.054 0.0000000000
63661  21.770  -46.574  50.343 0.0000000000
77788  34.644  -37.841  43.343 0.0000000000
100442  43.726  -17.903  37.409 0.0000000000
100448  44.470  -18.088  36.690 0.0000000000
99319  43.496  -17.509  36.280 0.0000000000
99329  43.609  -17.212  35.977 0.0000000000
101634  43.469  -16.499  35.448 0.0000000000
103978  42.358  -15.242  34.322 0.0000000000
105122  42.454  -14.521  33.906 0.0000000000
105120  44.172  -14.332  34.661 0.0000000000
106255  44.315  -13.567  34.227 0.0000000000
106260  43.975  -13.241  33.599 0.0000000000
107371  44.489  -12.878  33.717 0.0000000000
107377  44.177  -12.743  33.030 0.0000000000
57044  21.451  -50.729  58.729 0.0000000000
57045  20.710  -51.370  58.400 0.0000000000
57028  21.018  -51.939  58.940 0.0000000000
57016  21.099  -52.099  59.392 0.0000000000
54419  20.169  -52.767  60.249 0.0000000000
57025  23.928  -51.269  59.161 0.0000000000
58362  23.372  -50.715  58.663 0.0000000000
58363  22.266  -50.435  58.846 0.0000000000
101574  42.806  -18.202  39.761 0.0000000000
99277  42.575  -18.618  39.418 0.0000000000
99288  41.684  -19.059  38.674 0.0000000000
98071  39.268  -19.660  38.040 0.0000000000
54462  18.775  -52.962  57.233 0.0000000000
53190  18.730  -54.217  56.816 0.0000000000
53191  18.514  -54.784  56.830 0.0000000000
51935  17.887  -54.973  56.477 0.0000000000
51901  16.339  -55.124  57.379 0.0000000000
51902  15.813  -54.599  57.698 0.0000000000
51921  15.403  -54.124  57.132 0.0000000000
53192  15.138  -54.011  56.484 0.0000000000
53209  14.917  -54.092  55.580 0.0000000000
54481  14.475  -54.085  55.846 0.0000000000
54482  13.866  -54.004  55.629 0.0000000000
54483  13.067  -54.340  55.639 0.0000000000
50560  11.594  -56.963  61.629 0.0000000000
50597  11.940  -57.035  60.513 0.0000000000
49366  9.890  -58.360  57.873 0.0000000000
50617  10.353  -57.539  58.568 0.0000000000
50630  10.298  -57.460  57.799 0.0000000000
50643  10.172  -57.115  57.121 0.0000000000
51939  11.202  -55.935  56.081 0.0000000000
82569  34.558  -32.090  48.888 0.0000000000
82557  34.570  -32.712  49.761 0.0000000000
81370  34.132  -33.358  49.200 0.0000000000
80173  33.802  -34.039  49.166 0.0000000000
77695  37.115  -37.487  50.405 0.0000000000
78954  35.617  -37.486  49.975 0.0000000000
78955  35.255  -36.672  49.371 0.0000000000
78956  35.156  -36.149  48.908 0.0000000000
78990  35.102  -36.783  47.983 0.0000000000
77760  35.306  -37.880  46.634 0.0000000000
76528  35.431  -38.303  46.423 0.0000000000
70908  34.699  -39.631  47.723 0.0000000000
72259  35.189  -39.445  47.170 0.0000000000
70927  34.192  -39.649  47.272 0.0000000000
72261  33.748  -39.680  46.619 0.0000000000
72262  32.788  -39.832  46.677 0.0000000000
61001  31.200  -47.254  57.364 0.0000000000
62263  32.083  -46.677  56.975 0.0000000000
62264  31.437  -47.010  56.578 0.0000000000
62277  31.872  -47.511  56.003 0.0000000000
63577  32.661  -46.779  55.688 0.0000000000
63596  32.214  -45.689  54.073 0.0000000000
64824  32.348  -45.132  53.301 0.0000000000
67155  33.379  -43.606  54.528 0.0000000000
67163  32.980  -43.284  54.053 0.0000000000
69459  33.220  -42.089  53.709 0.0000000000
69471  33.130  -41.713  53.169 0.0000000000
70853  33.482  -40.921  52.785 0.0000000000
69472  32.744  -41.923  52.809 0.0000000000
69484  32.046  -41.401  52.412 0.0000000000
67201  28.667  -43.373  49.173 0.0000000000
68288  29.554  -43.173  49.927 0.0000000000
68303  28.977  -42.579  49.152 0.0000000000
69527  28.808  -41.636  48.307 0.0000000000
70913  29.440  -40.924  47.825 0.0000000000
69528  28.572  -41.757  47.615 0.0000000000
87983  35.221  -27.702  47.438 0.0000000000
89314  35.322  -27.595  46.716 0.0000000000
87984  34.733  -27.851  46.733 0.0000000000
86710  33.222  -28.542  45.524 0.0000000000
83932  30.639  -31.607  43.296 0.0000000000
85338  31.261  -30.503  43.599 0.0000000000
111857  50.041  -8.549  30.097 0.0000000000
89344  40.398  -26.456  43.022 0.0000000000
89373  39.210  -26.591  42.005 0.0000000000
89359  39.429  -26.412  42.583 0.0000000000
88040  38.291  -27.121  42.365 0.0000000000
88041  37.894  -27.217  42.391 0.0000000000
89332  38.622  -26.331  43.677 0.0000000000
89347  37.975  -26.772  43.223 0.0000000000
89376  37.190  -27.294  42.219 0.0000000000
89363  36.595  -27.386  42.472 0.0000000000
89364  35.709  -27.580  42.753 0.0000000000
88044  34.822  -27.778  42.310 0.0000000000
91894  42.055  -25.148  45.773 0.0000000000
91906  42.220  -25.327  45.013 0.0000000000
90619  41.779  -25.751  44.073 0.0000000000
90634  41.100  -26.076  43.482 0.0000000000
55761  19.175  -52.513  52.103 0.0000000000
53250  17.494  -54.151  53.113 0.0000000000
59712  25.464  -49.350  57.615 0.0000000000
61007  25.842  -48.834  56.928 0.0000000000
59734  24.929  -48.741  57.310 0.0000000000
61026  23.974  -48.612  55.843 0.0000000000
61039  24.233  -48.228  55.379 0.0000000000
61040  22.410  -48.478  55.462 0.0000000000
62286  22.941  -48.406  55.355 0.0000000000
62304  23.552  -48.193  55.021 0.0000000000
62322  22.942  -47.963  53.685 0.0000000000
62329  22.701  -47.571  53.039 0.0000000000
62341  21.743  -47.327  52.267 0.0000000000
61066  19.783  -49.481  50.868 0.0000000000
59805  19.750  -49.445  52.568 0.0000000000
101625  41.481  -17.499  35.825 0.0000000000
101636  41.429  -16.718  35.088 0.0000000000
55653  22.565  -52.002  60.930 0.0000000000
54404  22.694  -52.403  61.183 0.0000000000
99221  41.130  -19.851  44.225 0.0000000000
100407  40.734  -19.020  43.855 0.0000000000
98007  40.013  -20.736  43.256 0.0000000000
99231  40.615  -19.827  43.503 0.0000000000
99230  40.859  -19.019  42.946 0.0000000000
99242  40.846  -19.012  41.936 0.0000000000
99255  41.181  -19.207  40.966 0.0000000000
98047  39.927  -19.762  39.828 0.0000000000
98072  38.283  -20.053  38.432 0.0000000000
50625  17.924  -55.275  58.708 0.0000000000
50626  17.833  -55.543  58.368 0.0000000000
50612  17.451  -55.477  59.027 0.0000000000
50613  16.892  -55.532  58.892 0.0000000000
50576  16.191  -56.319  60.396 0.0000000000
50595  16.276  -55.594  59.644 0.0000000000
50614  16.305  -54.668  58.721 0.0000000000
50615  15.715  -54.031  59.082 0.0000000000
51884  14.776  -53.817  59.048 0.0000000000
51885  13.419  -54.610  58.653 0.0000000000
49320  9.422  -58.641  60.102 0.0000000000
49355  9.408  -58.875  59.064 0.0000000000
47941  9.309  -59.408  58.956 0.0000000000
47960  9.374  -59.096  58.201 0.0000000000
47997  8.652  -60.030  55.151 0.0000000000
77710  38.581  -37.562  50.037 0.0000000000
77711  38.086  -37.498  49.911 0.0000000000
76517  36.227  -38.264  47.563 0.0000000000
75165  36.290  -38.558  47.832 0.0000000000
73696  36.300  -38.965  47.888 0.0000000000
73683  35.742  -39.373  47.939 0.0000000000
72228  36.442  -39.760  49.364 0.0000000000
72229  35.736  -39.843  48.948 0.0000000000
72241  35.241  -39.602  48.071 0.0000000000
70894  32.992  -39.942  49.494 0.0000000000
62315  29.761  -46.624  54.331 0.0000000000
62314  30.646  -47.100  54.065 0.0000000000
63599  29.826  -47.077  53.336 0.0000000000
63617  30.960  -46.370  52.268 0.0000000000
64826  31.463  -45.835  52.254 0.0000000000
64841  31.871  -45.150  51.646 0.0000000000
66027  32.262  -44.463  51.757 0.0000000000
67176  32.039  -43.640  51.435 0.0000000000
66039  31.180  -44.580  50.822 0.0000000000
66052  30.382  -44.199  50.589 0.0000000000
66053  30.092  -44.432  50.069 0.0000000000
64901  28.773  -44.146  49.498 0.0000000000
66071  29.081  -43.992  49.588 0.0000000000
66072  28.353  -43.867  48.917 0.0000000000
83877  33.423  -31.093  46.927 0.0000000000
83896  33.199  -30.841  46.356 0.0000000000
83878  32.727  -31.453  46.649 0.0000000000
83879  32.121  -31.457  46.292 0.0000000000
82621  30.838  -32.319  45.111 0.0000000000
81430  31.116  -33.021  45.809 0.0000000000
82633  30.700  -32.138  44.002 0.0000000000
82650  30.392  -32.703  43.459 0.0000000000
110690  50.402  -9.077  31.619 0.0000000000
110680  49.839  -9.701  32.221 0.0000000000
110706  49.843  -8.844  30.937 0.0000000000
110721  48.909  -8.942  29.336 0.0000000000
94376  37.046  -23.586  40.609 0.0000000000
93190  36.662  -24.464  40.544 0.0000000000
91981  37.250  -26.014  40.389 0.0000000000
91982  36.514  -25.812  39.996 0.0000000000
89399  38.373  -27.365  40.841 0.0000000000
88109  37.809  -27.415  40.624 0.0000000000
89400  36.624  -27.487  40.129 0.0000000000
89401  36.218  -27.798  39.771 0.0000000000
96764  41.713  -21.759  44.650 0.0000000000
96772  41.335  -21.974  44.245 0.0000000000
95543  40.340  -22.557  43.314 0.0000000000
94349  40.303  -23.329  42.762 0.0000000000
95555  39.634  -22.590  42.821 0.0000000000
94363  38.794  -23.450  41.882 0.0000000000
95586  37.920  -23.150  41.204 0.0000000000
60959  32.379  -48.421  59.783 0.0000000000
60958  33.238  -47.979  60.152 0.0000000000
60960  31.907  -48.703  59.343 0.0000000000
60973  31.666  -48.557  58.739 0.0000000000
60986  31.386  -47.787  58.180 0.0000000000
60988  29.516  -47.886  58.231 0.0000000000
60987  30.514  -47.882  58.080 0.0000000000
61021  30.485  -47.087  56.535 0.0000000000
62279  29.877  -46.975  56.262 0.0000000000
62298  29.444  -46.850  55.256 0.0000000000
62302  25.377  -47.314  55.140 0.0000000000
62282  26.973  -47.884  55.502 0.0000000000
62281  28.070  -47.858  55.729 0.0000000000
62299  28.554  -46.963  55.292 0.0000000000
62316  28.865  -46.870  54.498 0.0000000000
63601  28.035  -46.859  53.866 0.0000000000
63642  25.527  -46.047  52.356 0.0000000000
63641  26.236  -45.693  52.210 0.0000000000
64863  25.907  -45.363  50.485 0.0000000000
64883  25.037  -44.677  49.761 0.0000000000
62352  20.855  -47.619  50.529 0.0000000000
79007  32.001  -36.781  45.951 0.0000000000
103970  46.441  -15.644  35.425 0.0000000000
101635  42.608  -16.782  35.304 0.0000000000
101650  43.066  -16.096  34.966 0.0000000000
102788  43.900  -15.757  34.502 0.0000000000
103977  43.411  -15.407  34.902 0.0000000000
103976  44.098  -15.766  34.329 0.0000000000
103975  44.440  -15.886  34.691 0.0000000000
103969  47.407  -15.735  35.611 0.0000000000
105114  47.258  -14.740  35.741 0.0000000000
106247  47.055  -13.735  35.406 0.0000000000
106252  46.570  -13.292  35.106 0.0000000000
106254  45.161  -13.295  34.649 0.0000000000
107368  46.556  -12.666  34.838 0.0000000000
108431  47.004  -12.378  34.813 0.0000000000
108439  46.855  -12.123  34.159 0.0000000000
108445  47.305  -11.281  33.168 0.0000000000
108451  47.144  -10.934  32.505 0.0000000000
57093  19.637  -51.802  55.038 0.0000000000
57092  19.731  -51.365  55.818 0.0000000000
55736  20.040  -52.083  56.332 0.0000000000
51881  18.592  -54.588  58.483 0.0000000000
54418  21.234  -52.239  60.423 0.0000000000
53131  20.364  -54.039  61.441 0.0000000000
53149  20.295  -53.804  60.706 0.0000000000
53150  19.652  -54.064  60.056 0.0000000000
51865  18.938  -54.665  59.456 0.0000000000
51882  18.163  -54.903  59.086 0.0000000000
50610  18.123  -55.571  59.513 0.0000000000
49334  18.039  -56.666  60.136 0.0000000000
49314  17.842  -56.555  60.957 0.0000000000
49296  17.856  -56.576  62.003 0.0000000000
49297  17.273  -56.575  61.421 0.0000000000
60940  32.847  -48.982  61.205 0.0000000000
59659  31.776  -49.049  60.323 0.0000000000
59672  29.806  -49.696  60.034 0.0000000000
59685  27.021  -50.121  58.498 0.0000000000
59686  26.520  -50.251  58.454 0.0000000000
59695  26.261  -50.088  57.988 0.0000000000
58403  23.721  -49.800  57.673 0.0000000000
59716  21.509  -49.510  56.848 0.0000000000
59717  21.162  -49.420  56.399 0.0000000000
94390  35.391  -23.642  39.531 0.0000000000
101571  45.318  -17.018  39.333 0.0000000000
101588  44.520  -17.896  38.548 0.0000000000
101573  43.474  -17.884  39.489 0.0000000000
101589  43.697  -18.147  38.579 0.0000000000
101602  43.811  -17.701  38.001 0.0000000000
100443  42.695  -17.923  37.705 0.0000000000
100451  41.610  -18.240  36.449 0.0000000000
99266  41.254  -18.846  39.997 0.0000000000
99279  41.746  -18.906  39.275 0.0000000000
99289  40.893  -19.204  38.432 0.0000000000
99308  41.408  -18.817  37.191 0.0000000000
101614  41.048  -17.879  36.340 0.0000000000
100462  40.026  -17.888  36.075 0.0000000000
55745  19.291  -52.608  54.555 0.0000000000
54498  18.585  -53.514  54.607 0.0000000000
53249  17.954  -53.695  53.702 0.0000000000
50641  17.997  -55.657  57.597 0.0000000000
51917  17.823  -55.391  56.993 0.0000000000
51936  17.236  -55.059  56.259 0.0000000000
51919  16.676  -55.133  56.757 0.0000000000
51956  16.817  -54.526  55.200 0.0000000000
53253  15.195  -54.055  53.009 0.0000000000
53133  13.590  -55.304  60.841 0.0000000000
53164  12.820  -54.922  58.281 0.0000000000
49338  10.601  -57.598  60.610 0.0000000000
50598  10.877  -57.042  60.088 0.0000000000
51870  11.053  -56.634  59.535 0.0000000000
53181  12.637  -54.999  57.785 0.0000000000
53212  12.290  -54.830  55.944 0.0000000000
54484  12.387  -54.522  55.476 0.0000000000
54502  11.700  -54.896  55.246 0.0000000000
53235  12.192  -54.934  54.421 0.0000000000
42160  5.182  -63.957  58.313 0.0000000000
40620  5.217  -64.865  57.388 0.0000000000
91898  38.490  -25.745  46.980 0.0000000000
85275  34.851  -29.512  47.811 0.0000000000
85253  33.829  -30.635  47.284 0.0000000000
81398  33.439  -32.903  48.429 0.0000000000
81399  32.581  -33.165  48.210 0.0000000000
78980  31.733  -35.101  47.258 0.0000000000
80147  34.246  -34.656  49.611 0.0000000000
80148  33.837  -35.163  49.258 0.0000000000
78957  34.576  -35.924  48.798 0.0000000000
78958  33.839  -35.631  48.836 0.0000000000
77747  32.597  -36.933  46.312 0.0000000000
77775  34.443  -37.966  44.091 0.0000000000
73733  34.756  -39.084  43.331 0.0000000000
76527  36.060  -38.274  46.911 0.0000000000
75177  35.879  -38.725  46.555 0.0000000000
75185  35.110  -38.676  46.068 0.0000000000
72282  34.958  -39.549  46.231 0.0000000000
73711  34.802  -39.293  45.777 0.0000000000
73721  34.742  -38.923  45.647 0.0000000000
73722  34.481  -39.093  44.888 0.0000000000
73734  33.815  -39.517  43.440 0.0000000000
72312  32.913  -39.832  43.788 0.0000000000
72302  32.105  -39.956  44.306 0.0000000000
70836  37.646  -40.162  53.015 0.0000000000
60971  33.042  -47.626  59.393 0.0000000000
60983  33.637  -47.434  58.897 0.0000000000
62248  34.743  -47.836  58.392 0.0000000000
63559  34.099  -47.669  57.568 0.0000000000
63558  34.919  -47.402  57.685 0.0000000000
64792  35.421  -45.309  56.386 0.0000000000
63585  32.179  -47.192  54.586 0.0000000000
63583  33.101  -45.837  54.852 0.0000000000
64794  34.032  -45.207  56.089 0.0000000000
64800  35.015  -45.366  55.195 0.0000000000
65989  34.873  -44.453  56.825 0.0000000000
67140  34.950  -43.530  56.656 0.0000000000
68240  33.757  -42.924  54.677 0.0000000000
69430  35.049  -42.244  55.144 0.0000000000
69445  35.421  -41.364  54.861 0.0000000000
70819  36.023  -40.638  54.170 0.0000000000
70837  36.523  -40.188  53.165 0.0000000000
70851  35.739  -40.084  52.173 0.0000000000
68266  31.627  -43.448  52.226 0.0000000000
68276  31.457  -42.224  52.384 0.0000000000
69485  31.251  -41.821  52.044 0.0000000000
68287  29.909  -42.692  50.540 0.0000000000
69498  30.799  -41.582  51.341 0.0000000000
70881  31.309  -40.738  50.703 0.0000000000
72243  31.288  -40.142  47.833 0.0000000000
72264  30.124  -39.874  46.823 0.0000000000
70930  29.290  -40.481  46.962 0.0000000000
72287  29.665  -40.019  45.665 0.0000000000
90611  37.447  -26.237  46.166 0.0000000000
90612  36.603  -26.606  45.882 0.0000000000
90625  36.409  -26.741  45.144 0.0000000000
89323  35.255  -27.503  46.113 0.0000000000
89335  35.774  -27.105  44.861 0.0000000000
88013  35.875  -27.480  44.243 0.0000000000
88027  35.362  -27.423  43.827 0.0000000000
88045  33.746  -28.255  42.489 0.0000000000
85297  33.142  -29.949  46.022 0.0000000000
85317  32.632  -29.568  45.559 0.0000000000
86711  33.080  -29.145  44.901 0.0000000000
85337  31.997  -29.928  43.989 0.0000000000
86729  32.243  -29.366  43.561 0.0000000000
88016  32.785  -28.612  44.080 0.0000000000
88030  32.576  -28.812  43.366 0.0000000000
86751  33.089  -28.688  41.239 0.0000000000
109586  47.056  -10.798  32.190 0.0000000000
109609  46.125  -10.181  29.329 0.0000000000
40611  5.281  -63.969  58.631 0.0000000000
45077  8.373  -60.022  60.002 0.0000000000
45105  8.783  -60.371  58.734 0.0000000000
46499  8.199  -60.102  60.606 0.0000000000
46521  8.652  -60.500  59.130 0.0000000000
46540  9.305  -59.654  58.351 0.0000000000
47940  9.348  -59.228  58.534 0.0000000000
49313  18.123  -56.379  61.291 0.0000000000
49315  17.574  -56.562  60.572 0.0000000000
49316  17.226  -56.358  60.346 0.0000000000
49336  17.172  -56.117  59.891 0.0000000000
49337  16.656  -56.090  59.934 0.0000000000
49340  9.402  -58.781  59.384 0.0000000000
49353  17.208  -55.777  59.426 0.0000000000
50539  16.603  -56.358  62.083 0.0000000000
50556  16.857  -56.546  61.835 0.0000000000
50593  18.077  -56.234  59.734 0.0000000000
50611  17.745  -55.604  59.395 0.0000000000
50631  9.889  -57.782  57.312 0.0000000000
50640  18.261  -55.589  57.942 0.0000000000
51922  11.947  -55.434  56.991 0.0000000000
51934  18.243  -54.818  56.601 0.0000000000
53118  13.846  -55.205  60.941 0.0000000000
53119  13.664  -55.306  61.098 0.0000000000
53134  13.398  -55.420  61.009 0.0000000000
53211  12.723  -54.665  55.831 0.0000000000
53227  18.616  -53.805  55.081 0.0000000000
54393  23.038  -53.098  61.523 0.0000000000
54432  19.374  -52.971  59.340 0.0000000000
54447  14.471  -53.422  56.956 0.0000000000
54463  14.772  -54.064  56.099 0.0000000000
54464  14.451  -53.862  56.451 0.0000000000
54465  13.697  -54.243  56.429 0.0000000000
54485  11.930  -54.733  55.488 0.0000000000
54501  11.923  -54.608  55.042 0.0000000000
55702  20.535  -52.012  58.551 0.0000000000
55771  19.138  -52.242  51.531 0.0000000000
57029  20.691  -52.133  58.728 0.0000000000
57046  20.720  -51.889  58.666 0.0000000000
58357  27.961  -50.426  59.515 0.0000000000
59649  32.790  -49.379  61.568 0.0000000000
59696  25.162  -50.087  57.899 0.0000000000
59710  27.043  -48.948  57.391 0.0000000000
59737  22.675  -49.125  56.335 0.0000000000
59738  20.681  -49.577  56.358 0.0000000000
59739  20.956  -49.444  56.260 0.0000000000
60949  32.624  -48.756  60.590 0.0000000000
60975  29.988  -48.491  58.800 0.0000000000
61005  27.584  -48.648  57.123 0.0000000000
61008  22.121  -49.287  56.477 0.0000000000
61010  21.159  -49.387  56.127 0.0000000000
61020  30.861  -47.053  56.724 0.0000000000
61027  22.975  -48.662  55.885 0.0000000000
62240  34.277  -47.548  58.814 0.0000000000
62249  33.928  -48.107  58.107 0.0000000000
62261  33.493  -47.457  57.519 0.0000000000
62295  32.244  -47.203  55.359 0.0000000000
63586  27.430  -46.675  54.400 0.0000000000
63587  27.094  -46.745  54.618 0.0000000000
63595  32.726  -45.378  54.509 0.0000000000
63600  28.971  -46.534  53.704 0.0000000000
63615  32.099  -45.536  53.200 0.0000000000
63637  30.016  -46.310  51.100 0.0000000000
63645  21.738  -47.071  51.880 0.0000000000
64813  28.658  -46.541  53.562 0.0000000000
64814  28.522  -46.664  53.687 0.0000000000
64828  28.412  -46.566  53.493 0.0000000000
64831  23.751  -46.591  52.598 0.0000000000
64843  30.548  -46.006  50.969 0.0000000000
64849  22.122  -46.872  51.949 0.0000000000
64860  30.794  -45.200  50.722 0.0000000000
64902  28.486  -44.281  49.388 0.0000000000
65980  35.128  -45.043  56.349 0.0000000000
66038  32.057  -44.070  50.961 0.0000000000
67170  32.242  -43.636  52.137 0.0000000000
67200  29.392  -43.580  49.710 0.0000000000
68241  33.254  -42.806  54.162 0.0000000000
68254  32.855  -42.753  53.666 0.0000000000
68277  30.896  -42.832  51.851 0.0000000000
68304  28.557  -42.998  48.624 0.0000000000
69512  29.444  -41.675  48.928 0.0000000000
70821  34.192  -41.570  53.847 0.0000000000
70840  33.677  -41.478  53.426 0.0000000000
70862  38.348  -39.824  51.587 0.0000000000
70863  37.624  -39.629  51.451 0.0000000000
70891  36.277  -39.713  49.947 0.0000000000
70914  28.833  -41.327  47.650 0.0000000000
70926  34.632  -39.546  47.198 0.0000000000
72215  36.076  -39.943  49.614 0.0000000000
72225  38.326  -38.686  50.433 0.0000000000
72226  37.685  -38.990  49.975 0.0000000000
72227  37.038  -39.384  49.841 0.0000000000
72240  37.246  -39.223  49.399 0.0000000000
72258  35.643  -39.380  47.015 0.0000000000
73667  38.468  -38.367  50.025 0.0000000000
73669  37.019  -39.348  49.236 0.0000000000
73670  36.752  -39.512  48.972 0.0000000000
73671  36.222  -39.562  48.680 0.0000000000
73679  38.062  -38.400  49.447 0.0000000000
73680  37.524  -38.728  49.160 0.0000000000
75164  36.480  -38.602  48.334 0.0000000000
75202  35.076  -38.604  43.079 0.0000000000
76496  38.423  -37.770  49.711 0.0000000000
76506  37.957  -37.943  49.286 0.0000000000
76516  36.447  -38.255  48.301 0.0000000000
77742  36.241  -37.977  47.921 0.0000000000
78926  35.159  -36.041  49.572 0.0000000000
78927  34.740  -35.680  49.378 0.0000000000
78953  36.488  -37.590  50.449 0.0000000000
79010  30.587  -34.623  45.299 0.0000000000
80213  30.701  -34.168  45.671 0.0000000000
80224  30.625  -34.152  45.229 0.0000000000
82622  30.485  -32.986  44.750 0.0000000000
82649  30.531  -32.137  43.511 0.0000000000
83933  30.440  -32.152  43.283 0.0000000000
85277  33.641  -30.367  46.696 0.0000000000
85299  32.003  -30.464  45.165 0.0000000000
86690  32.747  -28.961  45.874 0.0000000000
86712  32.477  -29.288  44.184 0.0000000000
86730  31.726  -29.795  43.359 0.0000000000
88012  36.353  -27.529  43.933 0.0000000000
88017  32.542  -28.995  43.791 0.0000000000
88025  36.341  -27.500  43.682 0.0000000000
88039  38.460  -26.945  42.362 0.0000000000
88056  38.661  -26.891  42.226 0.0000000000
88057  38.415  -27.261  42.172 0.0000000000
88060  36.109  -27.775  41.400 0.0000000000
88063  33.150  -28.589  41.807 0.0000000000
88073  38.291  -27.490  41.642 0.0000000000
88110  37.319  -27.291  40.409 0.0000000000
89331  40.325  -26.357  43.642 0.0000000000
89350  35.627  -27.524  43.370 0.0000000000
89351  35.138  -27.395  43.428 0.0000000000
89360  38.756  -26.637  42.557 0.0000000000
89361  38.244  -26.903  42.682 0.0000000000
89362  37.541  -27.157  42.549 0.0000000000
89372  39.507  -26.412  41.623 0.0000000000
89374  38.824  -26.695  42.162 0.0000000000
89375  37.458  -27.362  42.147 0.0000000000
89383  40.154  -26.998  41.135 0.0000000000
89385  38.819  -27.180  41.504 0.0000000000
89386  38.410  -27.449  41.226 0.0000000000
89396  40.283  -27.003  40.673 0.0000000000
89397  39.868  -27.201  40.709 0.0000000000
89398  38.950  -27.069  40.766 0.0000000000
90610  37.949  -26.118  46.726 0.0000000000
90620  41.362  -25.883  44.188 0.0000000000
90621  40.474  -26.174  44.073 0.0000000000
90633  41.726  -25.748  43.819 0.0000000000
90661  37.868  -25.198  40.680 0.0000000000
90662  37.681  -25.340  40.662 0.0000000000
90672  40.099  -26.578  40.869 0.0000000000
90673  39.855  -26.734  40.537 0.0000000000
90674  39.365  -27.041  40.602 0.0000000000
90676  37.617  -25.594  40.617 0.0000000000
90677  36.375  -26.146  39.770 0.0000000000
90692  38.842  -26.769  40.580 0.0000000000
91896  40.275  -24.811  46.207 0.0000000000
91911  37.810  -26.086  45.668 0.0000000000
91921  41.825  -25.622  44.612 0.0000000000
91940  40.415  -25.323  42.517 0.0000000000
91963  39.550  -26.013  41.127 0.0000000000
91966  37.996  -25.057  40.765 0.0000000000
91977  39.789  -26.358  40.807 0.0000000000
91978  39.415  -26.210  40.820 0.0000000000
91980  38.120  -25.768  40.717 0.0000000000
91995  38.994  -26.342  40.710 0.0000000000
91996  38.494  -26.342  40.623 0.0000000000
91998  36.973  -26.336  40.200 0.0000000000
93128  40.157  -24.586  46.001 0.0000000000
93136  40.104  -24.854  45.913 0.0000000000
93137  39.836  -25.111  45.731 0.0000000000
93154  42.027  -24.232  43.484 0.0000000000
93173  39.817  -24.580  42.347 0.0000000000
93174  39.303  -24.264  41.967 0.0000000000
94335  42.776  -23.722  43.889 0.0000000000
94364  38.234  -23.574  41.468 0.0000000000
95531  42.351  -22.376  44.257 0.0000000000
95532  41.768  -22.190  44.212 0.0000000000
95540  42.665  -23.338  43.752 0.0000000000
95554  40.109  -22.840  42.951 0.0000000000
96816  37.327  -21.695  41.142 0.0000000000
98008  39.639  -21.331  43.105 0.0000000000
99278  42.306  -18.730  39.351 0.0000000000
99280  40.770  -19.230  39.319 0.0000000000
99286  42.685  -18.729  39.197 0.0000000000
99306  43.126  -17.644  36.530 0.0000000000
99318  43.927  -17.466  36.291 0.0000000000
99320  43.138  -17.348  35.964 0.0000000000
99328  43.914  -17.330  36.148 0.0000000000
99330  43.353  -17.156  35.819 0.0000000000
100426  42.391  -18.425  39.841 0.0000000000
100436  42.948  -18.459  38.503 0.0000000000
100441  44.533  -18.207  37.497 0.0000000000
100449  43.537  -17.828  36.735 0.0000000000
100459  43.821  -17.625  36.428 0.0000000000
100460  42.525  -17.615  35.910 0.0000000000
100468  44.889  -17.234  35.902 0.0000000000
100470  43.679  -16.954  35.769 0.0000000000
101559  42.581  -17.995  40.352 0.0000000000
101560  42.194  -18.190  40.523 0.0000000000
101601  44.302  -17.929  38.129 0.0000000000
101603  43.314  -17.587  37.900 0.0000000000
101615  40.656  -17.694  36.172 0.0000000000
101632  44.843  -16.596  35.523 0.0000000000
101633  44.092  -16.488  35.516 0.0000000000
101648  43.906  -16.269  35.311 0.0000000000
101649  43.377  -16.088  35.170 0.0000000000
102781  44.854  -16.061  35.057 0.0000000000
102782  43.173  -15.818  34.921 0.0000000000
102787  44.244  -15.787  34.541 0.0000000000
103981  44.196  -16.014  34.108 0.0000000000
103982  43.881  -15.893  34.254 0.0000000000
103983  43.709  -15.665  34.659 0.0000000000
107366  47.151  -12.860  34.991 0.0000000000
108447  45.242  -11.931  33.009 0.0000000000
109577  47.830  -10.731  33.268 0.0000000000
