#!ascii label  , from subject 3254 vox2ras=TkReg
479
89701  -28.213  -1.306  -16.166 0.0000000000
85060  -26.323  -5.593  -12.895 0.0000000000
83974  -30.349  -6.684  -14.527 0.0000000000
78987  -27.675  -11.042  -12.023 0.0000000000
104273  -28.368  11.229  -14.495 0.0000000000
101054  -29.970  8.565  -14.577 0.0000000000
94162  -25.851  2.411  -16.080 0.0000000000
74378  -25.336  -15.242  -10.573 0.0000000000
81956  -27.315  -7.975  -12.135 0.0000000000
80940  -25.015  -9.719  -10.259 0.0000000000
102174  -28.752  9.465  -14.891 0.0000000000
99909  -26.827  7.135  -14.403 0.0000000000
88472  -25.933  -2.026  -14.174 0.0000000000
90759  -25.380  -0.114  -13.304 0.0000000000
91887  -26.668  1.504  -16.733 0.0000000000
95285  -28.011  2.922  -15.451 0.0000000000
93008  -28.698  1.066  -15.304 0.0000000000
89669  -29.873  -1.350  -14.392 0.0000000000
154882  -25.742  -3.709  -13.197 0.0000000000
87383  -27.046  -3.674  -14.744 0.0000000000
87406  -29.293  -3.602  -15.547 0.0000000000
83972  -28.818  -6.337  -14.308 0.0000000000
80977  -29.110  -8.864  -13.235 0.0000000000
77941  -29.377  -11.449  -11.655 0.0000000000
95241  -24.811  4.005  -13.456 0.0000000000
97610  -27.465  5.096  -14.819 0.0000000000
98764  -29.808  6.471  -13.937 0.0000000000
77916  -24.715  -11.643  -9.676 0.0000000000
76845  -26.594  -12.737  -11.421 0.0000000000
81929  -25.017  -8.717  -10.398 0.0000000000
80926  -24.576  -9.247  -9.787 0.0000000000
101036  -26.402  7.862  -13.781 0.0000000000
98760  -25.574  6.325  -13.602 0.0000000000
89699  -27.067  -1.162  -15.262 0.0000000000
90793  -26.761  -0.158  -15.111 0.0000000000
90825  -27.348  0.895  -16.332 0.0000000000
91904  -27.778  1.470  -16.847 0.0000000000
90827  -28.413  -0.096  -15.938 0.0000000000
90794  -29.375  -0.369  -14.633 0.0000000000
89702  -28.943  -1.284  -15.960 0.0000000000
85072  -26.050  -4.847  -13.213 0.0000000000
86251  -26.447  -3.531  -13.916 0.0000000000
85090  -26.898  -4.481  -14.008 0.0000000000
86254  -28.178  -4.637  -14.656 0.0000000000
85074  -27.373  -5.416  -13.834 0.0000000000
80950  -27.412  -9.612  -12.019 0.0000000000
81958  -28.220  -8.526  -13.196 0.0000000000
79968  -28.359  -9.762  -12.739 0.0000000000
79970  -29.263  -9.947  -12.702 0.0000000000
78988  -28.292  -10.802  -12.228 0.0000000000
103245  -27.696  10.533  -13.760 0.0000000000
104246  -27.744  11.448  -13.162 0.0000000000
104261  -28.520  11.731  -14.271 0.0000000000
106320  -30.379  13.562  -14.973 0.0000000000
105307  -29.814  12.040  -15.114 0.0000000000
101053  -29.170  8.460  -14.648 0.0000000000
92977  -25.432  1.755  -14.218 0.0000000000
94132  -24.526  2.054  -13.470 0.0000000000
95256  -25.888  3.611  -14.782 0.0000000000
96434  -26.410  4.194  -14.791 0.0000000000
96445  -26.734  3.666  -15.386 0.0000000000
95271  -28.542  3.349  -14.432 0.0000000000
96447  -28.824  4.331  -14.259 0.0000000000
96435  -29.781  4.558  -13.660 0.0000000000
85113  -30.192  -5.269  -15.315 0.0000000000
87368  -30.464  -3.731  -14.417 0.0000000000
76797  -24.678  -13.599  -9.791 0.0000000000
76826  -25.098  -13.053  -10.184 0.0000000000
77935  -25.563  -12.025  -10.545 0.0000000000
76827  -25.632  -13.442  -10.762 0.0000000000
83942  -25.688  -6.861  -11.595 0.0000000000
83958  -26.798  -6.492  -12.624 0.0000000000
82890  -25.982  -7.738  -11.453 0.0000000000
80948  -26.297  -9.325  -11.343 0.0000000000
79942  -26.374  -10.566  -11.342 0.0000000000
102150  -27.423  9.726  -13.530 0.0000000000
103268  -28.422  10.192  -14.878 0.0000000000
101038  -27.211  8.728  -14.399 0.0000000000
101051  -27.615  8.413  -14.718 0.0000000000
99911  -28.024  7.285  -14.445 0.0000000000
89651  -25.145  -1.568  -13.144 0.0000000000
90775  -25.933  -0.473  -14.066 0.0000000000
91865  -25.924  0.847  -14.666 0.0000000000
93004  -25.130  1.946  -16.728 0.0000000000
95295  -26.502  2.792  -17.267 0.0000000000
94208  -27.268  2.415  -18.570 0.0000000000
94164  -28.511  2.519  -15.246 0.0000000000
94150  -29.315  2.282  -14.236 0.0000000000
92979  -29.617  1.663  -13.874 0.0000000000
72102  -25.835  -16.615  -10.031 0.0000000000
74379  -26.103  -15.520  -10.734 0.0000000000
87351  -25.801  -2.914  -13.610 0.0000000000
88504  -26.726  -2.479  -14.923 0.0000000000
88523  -27.721  -2.737  -15.716 0.0000000000
88507  -28.583  -2.162  -16.065 0.0000000000
86288  -28.141  -3.503  -15.424 0.0000000000
85111  -29.436  -5.101  -15.271 0.0000000000
82947  -29.976  -6.631  -14.739 0.0000000000
82922  -27.620  -7.255  -13.623 0.0000000000
82924  -29.184  -7.334  -14.065 0.0000000000
82925  -29.900  -7.379  -14.190 0.0000000000
80979  -29.736  -8.976  -12.949 0.0000000000
78990  -29.685  -10.228  -11.771 0.0000000000
104288  -29.994  11.616  -15.072 0.0000000000
97599  -25.773  5.428  -13.848 0.0000000000
98772  -27.222  6.155  -14.549 0.0000000000
98763  -28.120  6.569  -14.340 0.0000000000
96459  -27.314  3.275  -15.542 0.0000000000
97612  -28.588  5.140  -14.385 0.0000000000
99913  -29.553  7.400  -14.380 0.0000000000
88490  -29.774  -2.592  -14.800 0.0000000000
88474  -30.524  -2.481  -14.068 0.0000000000
79905  -23.646  -10.044  -9.143 0.0000000000
79939  -24.792  -10.467  -9.806 0.0000000000
78951  -25.792  -11.645  -10.714 0.0000000000
77937  -26.929  -11.875  -11.737 0.0000000000
75582  -26.792  -14.023  -11.219 0.0000000000
75583  -27.639  -13.520  -11.193 0.0000000000
76847  -28.032  -12.331  -11.604 0.0000000000
98752  -25.054  6.378  -13.109 0.0000000000
89700  -27.664  -1.270  -15.788 0.0000000000
89714  -27.524  -0.352  -15.689 0.0000000000
89715  -27.860  -0.335  -15.983 0.0000000000
90826  -27.824  0.643  -16.221 0.0000000000
89716  -28.324  -0.517  -16.051 0.0000000000
89717  -28.653  -0.511  -15.945 0.0000000000
85059  -25.514  -5.451  -12.497 0.0000000000
85089  -26.472  -4.285  -13.695 0.0000000000
85073  -26.667  -5.026  -13.537 0.0000000000
85061  -26.964  -5.743  -13.238 0.0000000000
79952  -27.755  -10.259  -12.245 0.0000000000
79967  -28.150  -9.753  -12.522 0.0000000000
79953  -28.038  -10.529  -12.318 0.0000000000
104260  -28.037  11.424  -14.033 0.0000000000
105294  -29.775  12.456  -14.783 0.0000000000
105308  -30.306  12.530  -15.079 0.0000000000
104274  -28.870  11.587  -14.705 0.0000000000
102176  -29.924  9.216  -14.519 0.0000000000
92976  -24.903  1.916  -13.525 0.0000000000
94148  -25.661  2.739  -14.935 0.0000000000
94147  -24.783  2.527  -13.759 0.0000000000
94149  -25.978  3.104  -15.112 0.0000000000
95269  -26.319  3.327  -15.306 0.0000000000
94163  -26.168  2.709  -15.600 0.0000000000
95272  -29.274  3.624  -14.018 0.0000000000
96448  -29.308  4.648  -13.982 0.0000000000
83993  -30.597  -6.049  -15.017 0.0000000000
85094  -30.677  -5.430  -14.509 0.0000000000
75545  -24.386  -14.477  -9.717 0.0000000000
75557  -24.981  -14.434  -10.198 0.0000000000
76825  -24.617  -12.731  -9.733 0.0000000000
76798  -25.233  -13.760  -10.299 0.0000000000
75558  -25.510  -14.330  -10.710 0.0000000000
82889  -25.304  -7.484  -11.218 0.0000000000
83943  -26.357  -6.847  -11.831 0.0000000000
81930  -25.702  -8.836  -11.026 0.0000000000
80941  -25.859  -9.764  -11.015 0.0000000000
80949  -26.572  -9.722  -11.563 0.0000000000
102149  -27.168  9.032  -13.315 0.0000000000
102161  -27.602  9.502  -14.314 0.0000000000
102160  -27.216  9.105  -13.980 0.0000000000
99908  -26.441  7.393  -14.126 0.0000000000
101050  -26.950  8.045  -14.644 0.0000000000
101052  -28.380  8.407  -14.739 0.0000000000
99910  -27.405  7.263  -14.489 0.0000000000
89665  -25.685  -1.489  -13.817 0.0000000000
89666  -26.058  -1.470  -14.308 0.0000000000
91888  -26.985  0.929  -16.024 0.0000000000
90792  -26.393  0.137  -14.719 0.0000000000
91875  -26.539  1.024  -15.582 0.0000000000
93005  -26.046  1.950  -16.745 0.0000000000
93019  -25.751  1.475  -17.588 0.0000000000
94207  -25.959  2.334  -18.872 0.0000000000
93031  -26.155  1.285  -18.346 0.0000000000
93006  -28.203  1.507  -16.365 0.0000000000
93021  -28.208  2.103  -17.184 0.0000000000
92991  -28.714  2.016  -15.395 0.0000000000
92992  -29.052  1.760  -14.836 0.0000000000
92978  -29.368  1.908  -14.344 0.0000000000
92993  -29.412  1.040  -14.417 0.0000000000
90795  -29.423  0.183  -14.278 0.0000000000
89670  -30.509  -1.309  -13.926 0.0000000000
72089  -25.623  -17.270  -9.700 0.0000000000
72103  -26.282  -16.855  -9.752 0.0000000000
87335  -25.368  -3.295  -13.045 0.0000000000
154885  -25.829  -3.313  -13.493 0.0000000000
86271  -26.753  -3.733  -14.346 0.0000000000
87382  -26.643  -3.175  -14.442 0.0000000000
87401  -26.904  -3.075  -14.869 0.0000000000
88522  -27.195  -2.826  -15.332 0.0000000000
87403  -27.693  -3.262  -15.482 0.0000000000
86235  -28.172  -5.148  -14.427 0.0000000000
85110  -28.904  -4.826  -14.895 0.0000000000
85093  -29.228  -5.383  -14.889 0.0000000000
84007  -29.721  -5.501  -15.527 0.0000000000
83990  -29.141  -5.761  -14.685 0.0000000000
82905  -27.298  -7.477  -12.929 0.0000000000
82906  -27.710  -7.940  -13.364 0.0000000000
81981  -28.734  -8.353  -13.474 0.0000000000
81980  -28.393  -8.201  -13.548 0.0000000000
81982  -29.387  -8.110  -13.556 0.0000000000
81983  -29.844  -8.091  -13.405 0.0000000000
80978  -29.480  -8.786  -13.172 0.0000000000
77955  -28.986  -11.137  -11.923 0.0000000000
79971  -29.576  -9.818  -12.448 0.0000000000
79004  -29.361  -10.555  -11.950 0.0000000000
77942  -29.862  -11.034  -11.574 0.0000000000
103269  -28.996  10.596  -14.867 0.0000000000
103270  -29.739  10.785  -14.746 0.0000000000
90758  -25.010  -0.505  -12.711 0.0000000000
96426  -25.343  4.645  -13.624 0.0000000000
97589  -25.238  5.565  -13.357 0.0000000000
97609  -26.925  4.841  -14.846 0.0000000000
97600  -26.376  5.218  -14.290 0.0000000000
98773  -27.811  6.283  -14.479 0.0000000000
95296  -27.206  2.948  -17.390 0.0000000000
96473  -27.335  2.827  -16.441 0.0000000000
96460  -27.673  3.326  -15.238 0.0000000000
97613  -29.075  5.173  -14.118 0.0000000000
98775  -29.125  6.171  -14.232 0.0000000000
88525  -28.910  -2.890  -15.804 0.0000000000
88508  -29.105  -2.440  -15.770 0.0000000000
88509  -29.529  -3.119  -15.353 0.0000000000
88491  -30.029  -3.229  -14.605 0.0000000000
77915  -24.508  -11.845  -9.626 0.0000000000
78970  -24.141  -11.503  -9.493 0.0000000000
78949  -24.247  -10.957  -9.481 0.0000000000
79926  -24.251  -10.402  -9.474 0.0000000000
78971  -24.841  -11.205  -9.692 0.0000000000
76844  -25.932  -12.744  -10.970 0.0000000000
77936  -26.192  -12.177  -11.151 0.0000000000
77918  -26.314  -11.675  -11.235 0.0000000000
74399  -26.517  -14.849  -11.050 0.0000000000
75597  -27.828  -12.872  -11.453 0.0000000000
82874  -25.387  -8.151  -11.048 0.0000000000
101037  -26.818  8.477  -14.022 0.0000000000
99894  -26.060  7.091  -13.730 0.0000000000
99895  -26.430  6.829  -14.163 0.0000000000
89698  -26.592  -1.682  -14.886 0.0000000000
89683  -26.604  -1.024  -14.864 0.0000000000
90808  -27.176  0.126  -15.558 0.0000000000
91911  -27.244  1.132  -17.858 0.0000000000
90837  -27.115  1.271  -16.945 0.0000000000
90809  -28.083  0.730  -16.169 0.0000000000
91890  -28.457  0.781  -15.711 0.0000000000
91877  -29.115  0.577  -14.850 0.0000000000
90811  -28.814  -0.148  -15.569 0.0000000000
89684  -29.312  -1.141  -15.028 0.0000000000
86217  -25.535  -4.763  -12.777 0.0000000000
86233  -26.042  -3.950  -13.399 0.0000000000
86232  -26.162  -3.205  -13.713 0.0000000000
85108  -26.694  -4.050  -13.987 0.0000000000
86252  -27.063  -4.113  -14.481 0.0000000000
87366  -27.296  -3.994  -14.718 0.0000000000
85091  -27.237  -4.730  -14.168 0.0000000000
86234  -27.752  -5.092  -14.313 0.0000000000
85075  -28.125  -5.614  -14.202 0.0000000000
81957  -27.618  -8.532  -12.398 0.0000000000
80960  -28.008  -9.316  -12.467 0.0000000000
80961  -28.428  -9.270  -12.831 0.0000000000
80962  -28.762  -9.184  -13.051 0.0000000000
79989  -29.298  -9.222  -13.091 0.0000000000
79969  -28.997  -9.796  -13.002 0.0000000000
79002  -28.837  -10.542  -12.377 0.0000000000
77940  -28.855  -11.339  -11.791 0.0000000000
103230  -27.183  10.048  -12.271 0.0000000000
105282  -29.115  12.411  -14.057 0.0000000000
102175  -29.599  9.606  -14.627 0.0000000000
94131  -24.061  2.121  -13.381 0.0000000000
94146  -23.805  2.542  -13.432 0.0000000000
95254  -24.342  3.246  -13.568 0.0000000000
95255  -25.222  3.630  -14.085 0.0000000000
96433  -25.854  4.473  -14.237 0.0000000000
97625  -26.937  3.901  -15.276 0.0000000000
95270  -28.146  3.124  -14.823 0.0000000000
96446  -28.096  3.880  -14.593 0.0000000000
97601  -29.533  5.456  -13.880 0.0000000000
86275  -29.730  -4.448  -15.404 0.0000000000
87387  -29.876  -3.955  -14.900 0.0000000000
86276  -30.015  -4.665  -15.158 0.0000000000
86255  -30.290  -4.649  -14.717 0.0000000000
76824  -24.184  -12.331  -9.479 0.0000000000
76841  -24.616  -12.219  -9.716 0.0000000000
77933  -24.784  -12.047  -9.801 0.0000000000
76843  -25.369  -12.576  -10.428 0.0000000000
76828  -26.291  -13.438  -11.270 0.0000000000
83957  -25.949  -6.248  -12.263 0.0000000000
82904  -26.980  -7.421  -11.888 0.0000000000
82875  -25.728  -8.263  -11.240 0.0000000000
81931  -25.978  -8.354  -11.336 0.0000000000
81941  -26.614  -8.615  -11.553 0.0000000000
81942  -27.193  -9.138  -11.764 0.0000000000
79951  -26.948  -10.426  -11.830 0.0000000000
102138  -26.803  9.219  -12.321 0.0000000000
102139  -27.250  9.696  -12.852 0.0000000000
103256  -28.068  10.476  -14.512 0.0000000000
103257  -28.470  10.853  -14.802 0.0000000000
102173  -28.036  9.447  -14.931 0.0000000000
99912  -28.722  7.274  -14.395 0.0000000000
90776  -26.378  -0.557  -14.643 0.0000000000
91850  -25.440  0.679  -13.739 0.0000000000
92990  -25.994  2.089  -15.697 0.0000000000
94161  -25.349  2.578  -16.293 0.0000000000
94180  -26.019  2.657  -16.338 0.0000000000
95306  -25.272  2.895  -17.847 0.0000000000
95308  -26.760  3.074  -18.288 0.0000000000
95310  -28.137  2.867  -17.883 0.0000000000
93033  -27.921  1.740  -17.954 0.0000000000
94195  -28.192  2.539  -17.515 0.0000000000
94182  -28.181  2.432  -16.430 0.0000000000
94165  -28.953  2.728  -14.442 0.0000000000
94151  -29.465  2.760  -13.688 0.0000000000
91878  -29.390  0.600  -14.378 0.0000000000
82926  -30.459  -7.426  -13.866 0.0000000000
73253  -24.916  -16.043  -10.230 0.0000000000
74398  -25.847  -14.875  -11.009 0.0000000000
88471  -25.713  -2.313  -13.833 0.0000000000
86250  -26.277  -3.034  -13.849 0.0000000000
88487  -26.281  -2.578  -14.333 0.0000000000
88488  -26.308  -1.983  -14.595 0.0000000000
88505  -27.290  -2.139  -15.588 0.0000000000
88506  -27.972  -2.045  -16.149 0.0000000000
88524  -28.350  -2.742  -15.874 0.0000000000
86290  -29.123  -3.891  -15.538 0.0000000000
87385  -28.144  -4.096  -14.929 0.0000000000
85126  -28.997  -4.492  -15.204 0.0000000000
85128  -29.498  -4.434  -15.526 0.0000000000
85112  -29.735  -5.026  -15.611 0.0000000000
84008  -30.003  -5.730  -15.641 0.0000000000
83959  -27.355  -6.490  -13.397 0.0000000000
83971  -27.917  -6.467  -13.864 0.0000000000
82923  -28.275  -7.618  -13.809 0.0000000000
83973  -29.361  -6.620  -14.479 0.0000000000
81984  -30.233  -8.120  -13.080 0.0000000000
79991  -29.494  -9.564  -12.764 0.0000000000
104287  -29.486  11.532  -14.930 0.0000000000
103271  -30.168  11.197  -14.849 0.0000000000
98761  -26.097  6.211  -14.096 0.0000000000
98771  -26.688  6.106  -14.378 0.0000000000
99896  -28.074  6.862  -14.335 0.0000000000
96458  -26.978  2.979  -15.976 0.0000000000
97627  -27.462  4.111  -14.953 0.0000000000
97611  -27.986  4.912  -14.801 0.0000000000
98774  -28.387  6.182  -14.358 0.0000000000
88489  -29.367  -2.074  -15.323 0.0000000000
89685  -29.613  -1.845  -14.808 0.0000000000
88510  -29.778  -3.244  -14.931 0.0000000000
79906  -24.112  -9.970  -9.365 0.0000000000
80939  -24.644  -10.140  -9.776 0.0000000000
79940  -25.338  -10.520  -10.326 0.0000000000
78985  -25.159  -11.586  -9.999 0.0000000000
78972  -25.580  -11.340  -10.452 0.0000000000
79941  -25.919  -10.609  -10.860 0.0000000000
78973  -26.116  -11.267  -10.952 0.0000000000
78974  -26.594  -11.112  -11.510 0.0000000000
78986  -27.120  -11.066  -11.864 0.0000000000
75581  -26.038  -14.196  -11.190 0.0000000000
76829  -26.925  -13.312  -11.420 0.0000000000
76846  -27.387  -12.651  -11.565 0.0000000000
77938  -27.781  -11.694  -11.800 0.0000000000
77939  -28.344  -11.545  -11.813 0.0000000000
72101  -25.275  -16.631  -10.118 0.0000000000
73254  -25.632  -16.069  -10.358 0.0000000000
76842  -24.990  -12.389  -10.005 0.0000000000
77891  -26.029  -11.826  -10.949 0.0000000000
77892  -26.103  -11.601  -10.988 0.0000000000
77917  -25.882  -11.845  -10.820 0.0000000000
77919  -26.733  -11.458  -11.631 0.0000000000
77934  -25.014  -11.933  -9.938 0.0000000000
77956  -29.115  -10.950  -11.876 0.0000000000
77957  -29.379  -11.004  -11.767 0.0000000000
78950  -24.529  -10.769  -9.571 0.0000000000
78952  -25.958  -11.532  -10.837 0.0000000000
78984  -24.922  -11.562  -9.759 0.0000000000
78989  -28.564  -10.993  -12.040 0.0000000000
79001  -28.672  -10.255  -12.574 0.0000000000
79003  -29.141  -10.446  -12.291 0.0000000000
79990  -29.418  -9.418  -12.955 0.0000000000
80925  -24.458  -9.860  -9.651 0.0000000000
80942  -26.157  -10.173  -11.222 0.0000000000
81940  -26.112  -9.143  -11.240 0.0000000000
81959  -28.579  -8.854  -13.131 0.0000000000
82946  -29.650  -6.796  -14.508 0.0000000000
83991  -29.581  -6.030  -15.027 0.0000000000
83992  -30.179  -6.227  -15.205 0.0000000000
84009  -30.322  -5.856  -15.460 0.0000000000
85092  -28.665  -5.357  -14.571 0.0000000000
85109  -26.833  -4.080  -14.305 0.0000000000
85127  -29.269  -4.447  -15.439 0.0000000000
86253  -27.496  -4.449  -14.529 0.0000000000
86272  -26.945  -3.915  -14.526 0.0000000000
86273  -28.097  -3.783  -15.198 0.0000000000
86274  -28.523  -4.245  -15.000 0.0000000000
86289  -28.656  -3.835  -15.385 0.0000000000
86291  -29.437  -4.141  -15.505 0.0000000000
87363  -26.245  -2.818  -13.979 0.0000000000
87364  -26.409  -3.052  -13.978 0.0000000000
87365  -27.094  -3.935  -14.661 0.0000000000
87367  -27.798  -4.178  -14.800 0.0000000000
87381  -26.469  -2.926  -14.212 0.0000000000
87384  -27.560  -3.754  -15.033 0.0000000000
87386  -29.566  -3.848  -15.308 0.0000000000
87402  -27.163  -3.254  -15.118 0.0000000000
87404  -28.222  -3.149  -15.668 0.0000000000
87405  -28.832  -3.286  -15.702 0.0000000000
88473  -29.926  -2.064  -14.518 0.0000000000
88503  -26.539  -2.852  -14.469 0.0000000000
88521  -26.950  -2.903  -15.073 0.0000000000
88526  -29.220  -3.031  -15.677 0.0000000000
89667  -26.232  -1.062  -14.520 0.0000000000
89668  -29.526  -0.891  -14.584 0.0000000000
89682  -26.359  -1.500  -14.640 0.0000000000
90777  -29.679  -0.742  -14.356 0.0000000000
90810  -28.267  0.482  -15.969 0.0000000000
90824  -26.946  1.180  -17.082 0.0000000000
90828  -28.647  -0.281  -15.866 0.0000000000
90836  -26.958  1.075  -17.384 0.0000000000
90838  -27.499  1.294  -16.802 0.0000000000
91876  -26.870  0.471  -15.544 0.0000000000
91889  -28.110  1.126  -16.245 0.0000000000
91891  -28.743  0.544  -15.346 0.0000000000
91902  -26.707  1.138  -17.403 0.0000000000
91903  -26.941  1.179  -16.669 0.0000000000
91910  -26.777  0.833  -18.112 0.0000000000
91912  -27.480  1.472  -17.364 0.0000000000
92960  -23.581  1.661  -13.123 0.0000000000
92988  -24.825  2.393  -16.431 0.0000000000
92989  -25.066  2.268  -16.337 0.0000000000
93003  -24.815  2.268  -16.540 0.0000000000
93007  -28.389  1.710  -15.962 0.0000000000
93018  -25.196  1.728  -17.268 0.0000000000
93020  -28.090  1.661  -16.773 0.0000000000
93032  -26.934  1.465  -18.599 0.0000000000
93034  -28.325  2.326  -17.942 0.0000000000
94160  -24.767  2.608  -16.434 0.0000000000
94166  -29.199  2.851  -14.060 0.0000000000
94178  -24.692  2.411  -16.974 0.0000000000
94179  -24.858  1.979  -17.228 0.0000000000
94181  -26.235  2.477  -16.063 0.0000000000
94192  -24.763  2.688  -17.319 0.0000000000
94193  -24.946  2.235  -17.914 0.0000000000
94194  -25.632  1.791  -18.256 0.0000000000
94206  -25.506  2.632  -18.200 0.0000000000
94209  -28.039  2.560  -18.255 0.0000000000
94210  -28.324  2.642  -18.040 0.0000000000
95266  -24.584  2.945  -16.417 0.0000000000
95267  -24.938  2.991  -16.268 0.0000000000
95268  -25.312  2.983  -16.346 0.0000000000
95281  -24.449  2.931  -16.641 0.0000000000
95282  -25.067  3.322  -16.453 0.0000000000
95283  -25.529  3.089  -16.557 0.0000000000
95284  -26.371  2.855  -16.227 0.0000000000
95292  -24.472  3.032  -17.040 0.0000000000
95293  -24.826  3.059  -17.381 0.0000000000
95294  -25.458  3.207  -17.203 0.0000000000
95297  -27.695  2.669  -16.795 0.0000000000
95307  -25.847  3.131  -18.159 0.0000000000
95309  -27.634  3.020  -18.071 0.0000000000
96443  -24.347  3.403  -16.526 0.0000000000
96444  -24.702  3.515  -16.478 0.0000000000
96455  -24.060  3.434  -16.872 0.0000000000
96456  -25.011  3.689  -16.781 0.0000000000
96457  -25.303  3.499  -16.927 0.0000000000
96469  -24.362  3.553  -17.014 0.0000000000
96470  -24.811  3.597  -17.100 0.0000000000
96471  -25.120  3.628  -17.054 0.0000000000
96472  -27.055  2.692  -16.826 0.0000000000
96474  -27.523  2.893  -15.968 0.0000000000
97607  -24.270  3.596  -16.740 0.0000000000
97608  -24.641  3.895  -16.600 0.0000000000
97623  -24.002  3.673  -16.762 0.0000000000
97624  -24.103  3.742  -16.992 0.0000000000
97626  -27.157  4.048  -15.207 0.0000000000
97639  -23.998  3.805  -16.998 0.0000000000
97640  -24.299  3.874  -17.011 0.0000000000
98753  -30.206  6.640  -13.545 0.0000000000
98762  -27.937  6.725  -14.363 0.0000000000
99897  -28.326  6.844  -14.324 0.0000000000
101049  -26.624  7.832  -14.284 0.0000000000
