#!ascii label  , from subject 3254 vox2ras=TkReg
1125
68147  21.858  -24.350  50.352 0.0000000000
78979  41.557  -13.385  43.169 0.0000000000
73964  29.265  -18.585  45.490 0.0000000000
61829  7.301  -30.371  67.728 0.0000000000
64265  19.544  -28.689  56.454 0.0000000000
75966  29.522  -16.835  42.565 0.0000000000
63108  11.965  -29.271  61.396 0.0000000000
60682  11.412  -31.999  65.175 0.0000000000
61963  16.889  -29.910  58.728 0.0000000000
152427  46.182  -11.015  45.507 0.0000000000
152081  24.863  -24.753  50.557 0.0000000000
152091  29.073  -25.030  48.405 0.0000000000
66296  28.283  -26.938  52.478 0.0000000000
152330  43.581  -10.041  43.255 0.0000000000
83440  37.558  -8.422  34.694 0.0000000000
152294  39.283  -16.389  43.942 0.0000000000
73996  40.569  -18.620  43.188 0.0000000000
152262  35.133  -20.040  41.497 0.0000000000
71967  34.096  -20.549  44.551 0.0000000000
64298  22.355  -29.452  53.594 0.0000000000
59457  6.173  -32.801  72.123 0.0000000000
61745  4.183  -31.297  75.980 0.0000000000
62883  4.948  -28.784  81.043 0.0000000000
66302  19.804  -25.603  53.141 0.0000000000
61980  19.535  -30.428  55.818 0.0000000000
71970  27.007  -21.635  45.677 0.0000000000
70965  31.909  -21.468  48.956 0.0000000000
86358  45.519  -5.234  33.702 0.0000000000
152362  43.318  -12.011  44.150 0.0000000000
77980  42.359  -14.664  44.326 0.0000000000
152079  24.112  -24.728  50.914 0.0000000000
152063  24.916  -26.390  49.798 0.0000000000
152078  24.635  -26.211  51.582 0.0000000000
152320  41.434  -12.470  44.818 0.0000000000
152429  45.521  -10.353  46.155 0.0000000000
152347  44.003  -10.527  44.931 0.0000000000
152380  44.640  -11.090  43.609 0.0000000000
60580  2.647  -31.602  81.938 0.0000000000
152272  37.492  -17.826  42.265 0.0000000000
152301  34.057  -18.558  42.226 0.0000000000
74003  28.299  -18.275  43.140 0.0000000000
72012  30.501  -20.555  41.770 0.0000000000
72960  31.294  -19.268  44.349 0.0000000000
73938  32.731  -18.856  46.883 0.0000000000
61841  8.622  -30.888  66.322 0.0000000000
59532  10.874  -32.667  67.291 0.0000000000
59517  8.455  -32.350  68.271 0.0000000000
59472  8.229  -33.154  70.976 0.0000000000
60629  6.550  -31.380  69.914 0.0000000000
62934  5.245  -29.931  74.643 0.0000000000
61737  4.432  -30.277  78.648 0.0000000000
64281  20.261  -27.668  55.046 0.0000000000
63204  18.488  -29.093  53.118 0.0000000000
63174  18.449  -29.483  56.244 0.0000000000
150917  15.844  -31.142  61.999 0.0000000000
150942  17.548  -31.357  60.854 0.0000000000
67205  31.366  -25.406  51.757 0.0000000000
152101  31.520  -23.588  49.222 0.0000000000
74942  31.635  -17.301  44.299 0.0000000000
75931  28.452  -16.235  45.152 0.0000000000
74930  26.892  -17.254  45.210 0.0000000000
60725  14.096  -31.439  62.584 0.0000000000
59576  13.686  -32.667  64.593 0.0000000000
60713  11.522  -31.347  63.096 0.0000000000
63061  9.500  -29.597  64.512 0.0000000000
64114  8.246  -28.213  66.790 0.0000000000
63160  17.476  -28.579  58.281 0.0000000000
150973  16.277  -27.405  58.515 0.0000000000
150963  14.296  -30.004  60.138 0.0000000000
152082  26.787  -24.864  50.046 0.0000000000
152127  28.198  -24.752  47.926 0.0000000000
66358  26.230  -25.784  48.211 0.0000000000
66325  28.950  -26.202  50.379 0.0000000000
86341  38.783  -4.860  37.054 0.0000000000
152356  40.296  -8.609  40.232 0.0000000000
82544  42.680  -10.271  39.566 0.0000000000
152273  40.295  -14.070  43.416 0.0000000000
77000  40.958  -15.529  43.052 0.0000000000
152285  39.001  -16.707  42.728 0.0000000000
152267  38.320  -19.138  42.311 0.0000000000
71978  38.270  -21.242  43.836 0.0000000000
152289  31.666  -19.301  39.973 0.0000000000
71996  34.687  -21.525  43.174 0.0000000000
66317  21.056  -26.809  51.873 0.0000000000
66328  24.848  -26.778  53.639 0.0000000000
77974  40.629  -14.464  45.131 0.0000000000
62971  6.140  -29.234  70.510 0.0000000000
61781  5.375  -30.500  72.074 0.0000000000
60602  4.416  -32.000  74.340 0.0000000000
58197  4.442  -34.500  76.063 0.0000000000
59408  2.964  -32.879  77.768 0.0000000000
60587  2.658  -31.356  79.595 0.0000000000
62886  2.744  -29.968  81.500 0.0000000000
63961  2.021  -28.575  83.540 0.0000000000
69021  19.669  -23.351  52.113 0.0000000000
64353  19.376  -28.268  51.322 0.0000000000
62014  20.586  -30.768  53.718 0.0000000000
61947  18.126  -30.527  58.574 0.0000000000
72931  27.601  -19.805  45.779 0.0000000000
70010  29.712  -23.495  47.044 0.0000000000
71951  29.812  -21.879  46.543 0.0000000000
73925  30.686  -19.722  47.341 0.0000000000
152044  27.511  -27.338  54.520 0.0000000000
85383  46.992  -6.531  30.361 0.0000000000
86383  40.980  -5.486  32.172 0.0000000000
84367  44.134  -8.256  31.789 0.0000000000
79913  42.741  -12.495  43.993 0.0000000000
78969  42.698  -13.477  44.243 0.0000000000
78978  42.042  -13.963  43.472 0.0000000000
69046  23.537  -24.166  51.254 0.0000000000
68146  23.042  -25.045  50.914 0.0000000000
79914  41.034  -13.087  43.450 0.0000000000
152315  42.341  -11.599  44.975 0.0000000000
152328  42.424  -11.829  44.137 0.0000000000
152349  43.544  -11.329  44.206 0.0000000000
60577  2.427  -31.467  82.783 0.0000000000
152281  36.330  -18.233  43.805 0.0000000000
73982  34.608  -18.334  44.159 0.0000000000
73987  29.172  -18.300  44.560 0.0000000000
72969  30.200  -19.428  43.101 0.0000000000
73986  30.222  -18.535  44.812 0.0000000000
72947  32.314  -19.065  45.522 0.0000000000
73962  31.396  -18.709  46.043 0.0000000000
61828  7.742  -30.911  67.315 0.0000000000
60655  9.025  -32.009  67.577 0.0000000000
60642  7.571  -31.931  68.508 0.0000000000
59504  7.092  -31.902  69.445 0.0000000000
61802  6.569  -30.875  69.336 0.0000000000
64264  20.661  -28.058  55.922 0.0000000000
64283  18.725  -28.753  55.544 0.0000000000
150916  16.094  -31.591  62.684 0.0000000000
152093  29.671  -23.797  49.994 0.0000000000
67217  32.299  -24.504  51.036 0.0000000000
75946  27.480  -16.590  45.022 0.0000000000
75915  27.268  -16.158  46.137 0.0000000000
61911  13.182  -30.417  61.399 0.0000000000
60726  13.134  -31.456  62.751 0.0000000000
61902  11.547  -30.266  62.146 0.0000000000
63060  9.946  -29.185  63.996 0.0000000000
64130  9.295  -28.392  65.126 0.0000000000
64131  8.814  -28.898  65.331 0.0000000000
150939  17.736  -28.340  58.997 0.0000000000
65231  12.720  -27.736  60.523 0.0000000000
150974  13.236  -27.625  59.569 0.0000000000
64209  12.919  -28.896  60.088 0.0000000000
61910  14.002  -30.520  61.258 0.0000000000
152098  26.523  -24.800  48.123 0.0000000000
68165  25.529  -25.262  49.121 0.0000000000
65364  26.717  -26.686  51.039 0.0000000000
66337  26.834  -26.494  49.559 0.0000000000
66311  28.757  -26.562  51.468 0.0000000000
66310  29.981  -26.004  51.388 0.0000000000
66295  29.835  -26.704  52.561 0.0000000000
152317  44.827  -9.280  44.030 0.0000000000
152374  39.897  -7.258  39.719 0.0000000000
152337  42.211  -10.030  41.733 0.0000000000
152361  45.570  -10.666  43.944 0.0000000000
80816  43.058  -11.820  41.227 0.0000000000
152416  45.038  -10.594  41.950 0.0000000000
152303  39.574  -16.138  43.414 0.0000000000
152295  40.280  -15.369  43.167 0.0000000000
152287  38.923  -16.619  42.979 0.0000000000
152261  36.499  -19.176  41.457 0.0000000000
72006  36.790  -19.734  41.901 0.0000000000
71992  38.666  -20.586  43.168 0.0000000000
71994  36.555  -21.138  42.673 0.0000000000
75953  30.263  -16.943  43.145 0.0000000000
74978  30.906  -17.861  42.215 0.0000000000
74023  30.349  -18.099  41.133 0.0000000000
71983  33.279  -20.670  43.928 0.0000000000
72011  31.826  -20.962  41.788 0.0000000000
71982  34.295  -21.103  43.870 0.0000000000
71981  35.183  -21.388  43.930 0.0000000000
65350  21.639  -27.742  52.876 0.0000000000
66300  22.691  -27.435  53.789 0.0000000000
75924  39.579  -16.433  44.793 0.0000000000
76982  39.940  -15.828  44.602 0.0000000000
152304  40.253  -14.530  43.800 0.0000000000
59577  12.703  -32.571  64.978 0.0000000000
59559  12.301  -32.744  65.726 0.0000000000
59456  7.409  -33.458  71.889 0.0000000000
59442  8.802  -33.526  72.761 0.0000000000
58253  7.391  -33.668  72.701 0.0000000000
59444  6.008  -33.566  72.839 0.0000000000
64056  6.323  -28.320  72.303 0.0000000000
62962  5.836  -29.271  71.627 0.0000000000
62952  5.648  -29.412  72.885 0.0000000000
61752  4.374  -30.917  75.169 0.0000000000
61761  4.893  -30.820  73.992 0.0000000000
60599  4.227  -31.582  74.920 0.0000000000
59436  4.184  -32.841  74.925 0.0000000000
59426  3.838  -32.847  75.902 0.0000000000
58199  3.444  -33.572  77.073 0.0000000000
60597  3.698  -31.969  76.425 0.0000000000
62894  4.739  -29.715  79.381 0.0000000000
61733  3.628  -30.483  79.361 0.0000000000
61729  3.536  -30.272  79.942 0.0000000000
61726  2.619  -30.750  81.224 0.0000000000
62885  3.148  -29.897  81.154 0.0000000000
68098  21.355  -24.099  54.556 0.0000000000
69913  21.057  -22.685  53.939 0.0000000000
68111  19.848  -24.517  52.820 0.0000000000
67228  19.297  -25.795  51.416 0.0000000000
66318  18.929  -26.280  51.846 0.0000000000
63188  19.052  -30.081  54.842 0.0000000000
63203  19.028  -29.884  53.345 0.0000000000
61999  20.078  -30.636  54.690 0.0000000000
150964  16.742  -28.200  59.166 0.0000000000
61962  18.157  -30.101  57.516 0.0000000000
60777  19.643  -31.316  59.745 0.0000000000
75940  41.242  -16.714  43.528 0.0000000000
76992  41.590  -15.804  43.694 0.0000000000
74938  41.818  -17.829  44.066 0.0000000000
71939  26.861  -20.353  46.953 0.0000000000
72933  26.197  -19.054  45.932 0.0000000000
71953  27.906  -20.976  45.516 0.0000000000
152112  28.691  -24.767  47.366 0.0000000000
152126  28.630  -24.586  47.595 0.0000000000
152125  29.675  -24.177  47.573 0.0000000000
69978  31.926  -22.215  49.074 0.0000000000
69999  30.860  -22.353  47.925 0.0000000000
70977  30.937  -21.815  48.016 0.0000000000
72908  29.909  -20.175  47.118 0.0000000000
72886  31.547  -20.202  48.325 0.0000000000
73903  31.974  -19.578  48.211 0.0000000000
152048  26.294  -27.021  54.004 0.0000000000
85346  46.238  -6.130  32.413 0.0000000000
85338  37.129  -6.031  35.247 0.0000000000
86363  40.109  -4.792  34.336 0.0000000000
84372  38.874  -7.127  32.520 0.0000000000
83461  42.266  -9.060  31.977 0.0000000000
82605  44.645  -10.062  31.600 0.0000000000
64182  12.038  -27.926  61.804 0.0000000000
64183  11.323  -28.616  62.216 0.0000000000
152414  44.699  -11.296  44.868 0.0000000000
152440  45.024  -12.013  45.226 0.0000000000
79911  44.099  -12.525  44.966 0.0000000000
67241  24.361  -25.470  49.277 0.0000000000
152070  24.404  -26.081  50.519 0.0000000000
152054  25.437  -26.580  50.955 0.0000000000
152047  26.313  -26.828  51.629 0.0000000000
152306  43.792  -11.293  46.176 0.0000000000
152345  43.201  -11.170  45.493 0.0000000000
152376  44.176  -10.587  45.478 0.0000000000
152435  45.518  -9.866  45.467 0.0000000000
152369  43.900  -11.065  43.720 0.0000000000
152382  45.270  -10.162  45.600 0.0000000000
152441  46.001  -10.473  44.860 0.0000000000
59374  3.030  -32.274  81.657 0.0000000000
75925  39.041  -16.889  44.431 0.0000000000
152302  37.906  -17.289  42.848 0.0000000000
152291  37.177  -17.801  43.134 0.0000000000
152263  35.527  -19.107  41.252 0.0000000000
74012  28.036  -17.252  42.611 0.0000000000
72988  29.238  -19.330  40.995 0.0000000000
72970  28.973  -18.975  42.608 0.0000000000
72968  31.076  -19.721  43.454 0.0000000000
72958  32.795  -20.186  44.394 0.0000000000
72946  33.439  -19.848  45.062 0.0000000000
72927  33.359  -19.088  46.359 0.0000000000
61996  23.082  -30.895  54.194 0.0000000000
60676  9.963  -31.725  66.153 0.0000000000
59547  10.683  -32.381  66.334 0.0000000000
59533  10.129  -32.352  67.129 0.0000000000
59516  9.763  -32.527  68.045 0.0000000000
59501  10.063  -32.768  69.223 0.0000000000
59473  6.998  -32.836  70.902 0.0000000000
59474  6.148  -32.215  71.236 0.0000000000
62943  5.908  -29.206  74.075 0.0000000000
62922  5.110  -29.742  75.785 0.0000000000
61744  4.489  -30.447  76.418 0.0000000000
61742  4.068  -31.197  77.041 0.0000000000
62903  5.184  -29.665  78.164 0.0000000000
62902  5.763  -28.746  78.750 0.0000000000
62888  5.779  -28.780  80.253 0.0000000000
65328  20.239  -26.821  54.294 0.0000000000
65340  18.889  -27.172  52.433 0.0000000000
64299  18.971  -27.830  53.342 0.0000000000
63189  18.444  -29.348  54.471 0.0000000000
63173  18.881  -30.045  55.781 0.0000000000
150911  16.173  -30.661  60.196 0.0000000000
150953  17.969  -30.813  59.472 0.0000000000
150913  17.015  -31.332  61.222 0.0000000000
73980  40.794  -19.482  43.427 0.0000000000
70021  26.972  -22.893  46.412 0.0000000000
67219  30.153  -25.228  50.174 0.0000000000
69083  29.976  -24.122  48.128 0.0000000000
67234  31.091  -24.368  49.666 0.0000000000
69045  32.633  -23.454  50.114 0.0000000000
87348  44.410  -4.395  34.383 0.0000000000
60573  0.555  -31.706  84.060 0.0000000000
75928  31.246  -16.617  44.881 0.0000000000
75942  30.288  -16.466  43.976 0.0000000000
75955  28.841  -16.311  43.460 0.0000000000
74956  27.794  -16.881  43.412 0.0000000000
74944  27.616  -17.230  44.270 0.0000000000
73965  28.125  -18.201  45.131 0.0000000000
60710  14.766  -31.691  63.112 0.0000000000
59592  14.748  -32.246  63.894 0.0000000000
60711  13.782  -32.062  63.664 0.0000000000
60712  12.618  -31.802  63.499 0.0000000000
60697  11.842  -31.931  64.600 0.0000000000
63077  10.745  -29.095  62.733 0.0000000000
61878  10.552  -30.584  63.561 0.0000000000
60699  10.035  -30.737  64.521 0.0000000000
60685  9.143  -30.699  65.520 0.0000000000
63017  8.011  -29.225  66.298 0.0000000000
63006  7.399  -29.416  67.503 0.0000000000
64266  18.636  -28.777  57.499 0.0000000000
150959  16.180  -28.069  58.345 0.0000000000
150965  14.136  -26.913  59.002 0.0000000000
150975  15.200  -27.589  57.956 0.0000000000
150969  15.216  -29.472  58.799 0.0000000000
150950  15.333  -30.671  61.203 0.0000000000
60724  14.932  -31.055  62.233 0.0000000000
152085  27.792  -24.768  50.276 0.0000000000
152128  27.717  -24.320  48.990 0.0000000000
152115  27.415  -24.331  48.871 0.0000000000
152124  27.291  -24.525  47.410 0.0000000000
152105  27.877  -25.585  47.913 0.0000000000
66359  25.409  -26.013  48.604 0.0000000000
66346  26.960  -26.250  48.589 0.0000000000
152102  28.831  -25.701  49.326 0.0000000000
66324  29.611  -25.790  50.559 0.0000000000
66309  30.788  -25.816  51.777 0.0000000000
86317  39.065  -5.251  38.760 0.0000000000
85299  37.485  -6.885  38.401 0.0000000000
152407  38.662  -8.360  38.440 0.0000000000
80824  41.484  -11.380  41.419 0.0000000000
152366  40.894  -8.005  39.917 0.0000000000
78980  40.872  -13.507  42.879 0.0000000000
78001  41.192  -14.526  42.686 0.0000000000
77009  40.708  -14.786  42.738 0.0000000000
75951  40.273  -16.626  43.092 0.0000000000
74951  39.563  -17.859  42.809 0.0000000000
152284  38.223  -17.067  42.565 0.0000000000
73998  38.971  -18.799  42.604 0.0000000000
73997  39.884  -19.017  43.087 0.0000000000
72957  39.434  -20.365  43.446 0.0000000000
71977  39.324  -20.796  44.045 0.0000000000
73999  32.625  -18.209  43.362 0.0000000000
72018  33.777  -20.012  41.038 0.0000000000
72028  31.144  -20.122  40.156 0.0000000000
72019  32.473  -20.510  40.973 0.0000000000
72008  34.645  -20.613  41.827 0.0000000000
71995  35.493  -21.567  42.925 0.0000000000
68133  22.103  -25.071  51.115 0.0000000000
67225  22.739  -25.522  51.936 0.0000000000
67211  22.289  -26.093  52.477 0.0000000000
66299  23.812  -27.004  54.291 0.0000000000
78962  41.110  -13.377  45.377 0.0000000000
152275  40.671  -13.312  44.046 0.0000000000
64093  7.659  -28.219  68.501 0.0000000000
64082  7.305  -28.172  69.477 0.0000000000
62982  6.513  -29.195  69.525 0.0000000000
60630  6.126  -30.777  70.395 0.0000000000
60617  5.919  -31.296  70.949 0.0000000000
60608  5.555  -31.746  71.843 0.0000000000
62944  5.377  -29.995  73.623 0.0000000000
60605  5.005  -31.610  73.244 0.0000000000
59445  5.240  -32.810  73.193 0.0000000000
59435  4.759  -33.309  74.136 0.0000000000
58209  4.927  -34.392  75.342 0.0000000000
59398  2.788  -33.103  78.703 0.0000000000
61738  3.867  -30.947  78.158 0.0000000000
60592  2.773  -32.195  78.507 0.0000000000
59388  2.500  -32.051  79.924 0.0000000000
60583  2.589  -31.496  80.772 0.0000000000
60581  2.413  -30.934  81.933 0.0000000000
61723  2.269  -30.473  82.304 0.0000000000
62879  3.264  -28.973  82.032 0.0000000000
62873  2.198  -29.544  82.741 0.0000000000
61719  1.231  -30.609  83.420 0.0000000000
69945  21.832  -22.424  51.885 0.0000000000
69929  21.681  -22.237  53.252 0.0000000000
69049  20.731  -22.921  50.409 0.0000000000
67227  20.088  -25.645  51.172 0.0000000000
65365  20.454  -27.214  51.569 0.0000000000
64331  20.585  -29.145  52.158 0.0000000000
64334  18.538  -28.117  51.786 0.0000000000
63215  19.745  -29.719  52.338 0.0000000000
63201  21.194  -30.324  52.957 0.0000000000
61981  18.788  -30.145  56.411 0.0000000000
61961  19.297  -30.541  57.022 0.0000000000
61946  19.155  -30.768  58.320 0.0000000000
61945  20.131  -30.815  57.702 0.0000000000
77990  41.845  -14.617  43.558 0.0000000000
74909  26.094  -17.498  45.902 0.0000000000
73966  27.041  -18.036  45.225 0.0000000000
73942  28.363  -18.906  46.027 0.0000000000
69084  28.084  -23.955  47.900 0.0000000000
69097  28.074  -24.275  46.612 0.0000000000
71001  28.565  -22.956  45.437 0.0000000000
70000  30.641  -22.949  47.679 0.0000000000
70991  29.432  -22.767  46.241 0.0000000000
71952  28.996  -21.572  45.928 0.0000000000
72909  29.438  -20.687  46.406 0.0000000000
72929  29.707  -19.562  46.654 0.0000000000
73940  30.555  -19.160  46.822 0.0000000000
73939  31.762  -18.898  46.931 0.0000000000
67223  24.451  -26.437  52.520 0.0000000000
152058  26.554  -27.064  53.501 0.0000000000
65336  27.148  -27.076  53.051 0.0000000000
65309  28.211  -27.371  54.319 0.0000000000
66283  29.486  -27.124  53.762 0.0000000000
86388  48.338  -5.631  30.938 0.0000000000
86361  42.351  -4.339  33.524 0.0000000000
86372  43.739  -5.374  32.743 0.0000000000
83462  41.210  -8.838  31.975 0.0000000000
85364  43.107  -6.975  31.783 0.0000000000
85348  44.952  -6.345  32.353 0.0000000000
85378  45.717  -7.575  31.355 0.0000000000
84389  46.272  -7.790  29.576 0.0000000000
78970  42.240  -13.072  43.601 0.0000000000
69047  22.532  -23.653  50.458 0.0000000000
79919  41.259  -13.106  43.283 0.0000000000
152329  41.893  -12.260  43.829 0.0000000000
80795  42.770  -11.753  44.111 0.0000000000
60571  2.005  -31.660  83.520 0.0000000000
74001  29.849  -18.651  43.991 0.0000000000
73985  30.978  -18.646  45.288 0.0000000000
73963  30.315  -18.676  45.863 0.0000000000
60656  7.788  -31.583  67.795 0.0000000000
60657  7.159  -30.969  68.288 0.0000000000
60643  7.083  -31.460  68.875 0.0000000000
61815  6.726  -30.322  68.843 0.0000000000
59573  16.265  -32.216  63.780 0.0000000000
63107  12.668  -29.663  61.023 0.0000000000
63091  11.933  -29.903  61.690 0.0000000000
64199  12.360  -28.603  60.850 0.0000000000
65244  12.924  -28.250  59.932 0.0000000000
68155  25.278  -24.916  50.049 0.0000000000
66297  27.562  -26.866  51.984 0.0000000000
66312  27.500  -26.715  51.436 0.0000000000
152311  44.278  -9.756  43.842 0.0000000000
152322  43.866  -9.849  43.502 0.0000000000
83381  42.619  -9.223  41.848 0.0000000000
152354  41.909  -9.174  41.225 0.0000000000
152324  42.545  -9.969  41.900 0.0000000000
152434  46.503  -10.284  44.783 0.0000000000
152364  44.852  -10.895  42.777 0.0000000000
58171  3.192  -33.715  79.401 0.0000000000
152260  36.553  -19.478  41.564 0.0000000000
152259  36.003  -19.749  41.504 0.0000000000
72005  37.352  -19.913  42.182 0.0000000000
72007  35.624  -20.705  42.083 0.0000000000
75965  29.961  -17.097  42.562 0.0000000000
74979  30.318  -17.656  41.783 0.0000000000
74980  29.558  -17.674  41.521 0.0000000000
65338  21.955  -28.461  53.325 0.0000000000
65327  22.507  -28.903  53.939 0.0000000000
76983  39.469  -16.382  44.429 0.0000000000
59578  12.102  -32.400  65.220 0.0000000000
59560  11.456  -32.348  65.548 0.0000000000
58254  6.732  -33.555  72.539 0.0000000000
58239  6.844  -33.830  73.354 0.0000000000
61753  4.199  -31.354  75.481 0.0000000000
60600  4.097  -31.883  75.312 0.0000000000
62895  4.144  -30.102  79.686 0.0000000000
62890  3.929  -29.908  80.250 0.0000000000
62891  3.373  -30.085  80.538 0.0000000000
62884  4.314  -28.959  81.331 0.0000000000
66288  20.713  -25.543  54.208 0.0000000000
67186  21.126  -25.062  54.323 0.0000000000
67187  20.575  -25.060  53.840 0.0000000000
68110  20.350  -24.142  53.428 0.0000000000
67196  20.055  -25.089  53.279 0.0000000000
67197  19.596  -25.158  52.655 0.0000000000
66303  19.501  -26.133  52.816 0.0000000000
61979  20.693  -30.813  55.560 0.0000000000
61960  20.309  -30.754  56.630 0.0000000000
74950  40.868  -17.773  43.312 0.0000000000
70992  26.997  -21.544  46.512 0.0000000000
70981  26.952  -21.007  46.610 0.0000000000
71955  26.795  -20.938  46.084 0.0000000000
71954  26.938  -20.774  45.881 0.0000000000
152090  28.762  -24.863  47.588 0.0000000000
152110  29.144  -24.617  47.577 0.0000000000
152111  29.483  -24.332  47.560 0.0000000000
69988  31.665  -21.910  48.708 0.0000000000
70966  31.469  -21.562  48.476 0.0000000000
71935  31.116  -20.986  48.176 0.0000000000
71920  31.753  -20.821  48.688 0.0000000000
86357  46.372  -5.356  33.607 0.0000000000
86369  46.473  -5.862  32.807 0.0000000000
86370  45.647  -5.869  33.083 0.0000000000
85340  36.490  -7.679  35.157 0.0000000000
85353  37.935  -6.316  33.844 0.0000000000
83452  37.531  -8.035  34.040 0.0000000000
64181  12.996  -27.457  62.158 0.0000000000
65217  12.906  -27.415  61.162 0.0000000000
152381  43.969  -12.005  44.503 0.0000000000
152040  25.956  -26.769  51.235 0.0000000000
152338  42.110  -12.166  45.477 0.0000000000
152344  42.746  -11.787  45.967 0.0000000000
152339  43.245  -10.970  44.682 0.0000000000
152346  43.742  -10.692  45.338 0.0000000000
152358  44.140  -10.466  45.293 0.0000000000
152316  45.279  -10.222  45.662 0.0000000000
152430  44.817  -10.388  45.564 0.0000000000
152310  45.101  -10.108  45.411 0.0000000000
152348  43.923  -10.758  44.373 0.0000000000
152282  37.770  -17.504  43.499 0.0000000000
74004  27.915  -17.566  43.213 0.0000000000
72971  28.556  -18.559  42.421 0.0000000000
72961  30.421  -18.898  44.042 0.0000000000
71985  31.455  -19.913  43.616 0.0000000000
71984  32.100  -20.279  43.852 0.0000000000
72959  32.393  -19.738  44.640 0.0000000000
73961  32.186  -18.815  46.336 0.0000000000
72928  32.665  -18.893  46.271 0.0000000000
73922  33.429  -18.929  47.601 0.0000000000
60677  9.212  -30.984  66.024 0.0000000000
60667  9.651  -31.930  67.006 0.0000000000
59502  8.827  -32.739  69.090 0.0000000000
59488  9.123  -32.867  70.135 0.0000000000
59490  7.119  -32.271  69.970 0.0000000000
60616  6.457  -32.078  70.543 0.0000000000
62921  5.970  -28.995  76.350 0.0000000000
62913  5.135  -29.592  76.976 0.0000000000
62912  6.014  -28.924  77.555 0.0000000000
62893  5.821  -28.951  79.816 0.0000000000
65302  21.241  -27.419  55.765 0.0000000000
65315  20.760  -27.143  54.967 0.0000000000
66277  20.544  -26.508  54.465 0.0000000000
65316  20.089  -27.351  54.541 0.0000000000
65329  19.664  -27.001  53.649 0.0000000000
64282  19.590  -28.060  54.758 0.0000000000
150910  16.463  -31.260  61.554 0.0000000000
150909  16.833  -31.133  60.944 0.0000000000
69086  27.189  -22.825  47.062 0.0000000000
69099  27.085  -23.375  46.745 0.0000000000
67218  31.631  -24.625  50.793 0.0000000000
68128  32.801  -24.283  50.895 0.0000000000
68143  32.392  -24.034  50.477 0.0000000000
75944  28.646  -16.264  44.246 0.0000000000
75956  28.255  -16.469  43.537 0.0000000000
75945  27.857  -16.572  44.459 0.0000000000
74945  27.383  -16.848  44.889 0.0000000000
74929  27.608  -17.641  44.871 0.0000000000
74928  27.981  -17.826  44.684 0.0000000000
60727  12.393  -31.393  62.830 0.0000000000
63078  10.370  -29.602  63.401 0.0000000000
61879  10.118  -30.175  64.127 0.0000000000
60698  10.602  -31.185  64.145 0.0000000000
61865  9.663  -30.459  64.670 0.0000000000
60684  9.774  -31.017  65.152 0.0000000000
61866  9.060  -30.087  65.129 0.0000000000
64123  8.554  -28.496  65.802 0.0000000000
63029  8.465  -29.235  65.611 0.0000000000
63018  7.676  -29.598  66.916 0.0000000000
64115  7.687  -28.950  66.997 0.0000000000
150976  19.006  -29.027  58.469 0.0000000000
150971  18.081  -28.526  59.027 0.0000000000
150927  16.944  -28.082  58.713 0.0000000000
150952  15.751  -27.335  58.142 0.0000000000
150968  13.650  -28.564  59.021 0.0000000000
150958  15.214  -30.247  59.975 0.0000000000
61899  14.340  -30.865  62.008 0.0000000000
150949  14.665  -30.769  61.614 0.0000000000
60709  15.415  -31.482  62.718 0.0000000000
152086  27.193  -24.744  49.944 0.0000000000
152097  27.325  -24.585  49.527 0.0000000000
67251  26.127  -25.338  48.575 0.0000000000
152129  26.835  -24.764  47.634 0.0000000000
66374  26.668  -25.096  47.639 0.0000000000
152123  27.511  -25.147  47.418 0.0000000000
152118  26.992  -25.513  47.684 0.0000000000
66348  24.767  -26.144  49.057 0.0000000000
66326  27.794  -26.500  50.483 0.0000000000
66336  27.908  -26.316  49.387 0.0000000000
67220  29.397  -25.753  50.131 0.0000000000
87299  39.746  -4.224  39.304 0.0000000000
85279  40.266  -5.527  39.793 0.0000000000
152406  38.928  -6.938  39.287 0.0000000000
85290  38.422  -8.005  39.126 0.0000000000
85300  37.056  -7.967  37.952 0.0000000000
80817  42.641  -11.298  42.410 0.0000000000
80804  43.591  -11.211  42.733 0.0000000000
81688  42.603  -11.924  40.114 0.0000000000
81696  41.573  -11.445  40.165 0.0000000000
82552  41.307  -10.337  39.794 0.0000000000
152367  40.220  -8.608  39.428 0.0000000000
152305  40.353  -14.199  43.028 0.0000000000
78002  40.734  -14.133  42.515 0.0000000000
77010  40.530  -14.576  42.800 0.0000000000
72965  39.485  -19.421  43.019 0.0000000000
72966  39.033  -19.837  42.999 0.0000000000
74952  32.753  -17.936  44.127 0.0000000000
74000  31.940  -17.917  43.505 0.0000000000
152299  31.750  -18.515  41.036 0.0000000000
152280  31.852  -18.232  42.325 0.0000000000
152290  32.794  -19.218  40.768 0.0000000000
72013  29.965  -20.242  41.273 0.0000000000
72998  29.707  -19.497  40.593 0.0000000000
72021  30.418  -20.347  40.743 0.0000000000
71997  33.811  -21.259  42.779 0.0000000000
72010  33.074  -20.950  41.766 0.0000000000
72009  33.943  -20.820  41.892 0.0000000000
71025  34.380  -21.067  42.275 0.0000000000
71023  35.249  -21.315  42.557 0.0000000000
67226  21.372  -25.828  51.554 0.0000000000
67212  21.632  -26.389  52.167 0.0000000000
66287  22.932  -27.832  54.216 0.0000000000
79896  41.554  -12.781  45.657 0.0000000000
152270  40.368  -13.872  43.947 0.0000000000
152314  40.541  -13.625  43.623 0.0000000000
59593  14.235  -32.468  64.190 0.0000000000
59575  14.613  -32.612  64.665 0.0000000000
59454  9.562  -33.372  72.022 0.0000000000
64072  7.368  -27.774  70.842 0.0000000000
64073  6.698  -28.484  70.188 0.0000000000
64083  6.810  -28.609  69.627 0.0000000000
61803  6.263  -30.230  69.813 0.0000000000
61792  5.830  -30.206  70.869 0.0000000000
60609  5.248  -31.237  72.528 0.0000000000
58210  4.167  -33.752  75.511 0.0000000000
58225  4.563  -33.767  74.812 0.0000000000
59418  3.231  -33.264  77.324 0.0000000000
58188  3.290  -33.729  77.582 0.0000000000
58180  3.129  -33.819  78.369 0.0000000000
61741  4.527  -30.338  77.571 0.0000000000
60586  3.029  -30.942  79.164 0.0000000000
60591  3.075  -31.223  78.659 0.0000000000
59387  2.642  -32.655  79.588 0.0000000000
60588  2.499  -31.788  79.971 0.0000000000
60584  2.520  -31.776  80.240 0.0000000000
61727  2.563  -30.277  81.613 0.0000000000
62878  3.924  -28.741  81.808 0.0000000000
63969  3.514  -28.404  82.343 0.0000000000
62872  2.760  -28.950  82.484 0.0000000000
62874  1.195  -29.498  83.514 0.0000000000
69032  23.029  -23.407  52.335 0.0000000000
69931  20.164  -22.872  52.508 0.0000000000
69930  20.663  -22.461  53.096 0.0000000000
69947  20.151  -22.604  51.967 0.0000000000
69946  20.938  -22.094  52.069 0.0000000000
69034  19.843  -23.448  50.967 0.0000000000
68134  20.793  -24.699  50.843 0.0000000000
69035  19.641  -23.932  51.290 0.0000000000
66331  18.994  -26.552  51.351 0.0000000000
66330  19.490  -26.537  51.197 0.0000000000
65366  19.735  -27.505  51.266 0.0000000000
65351  20.784  -27.966  52.118 0.0000000000
65352  19.920  -28.203  51.418 0.0000000000
64316  18.553  -28.294  52.736 0.0000000000
65341  18.548  -27.789  52.231 0.0000000000
63217  18.619  -28.720  52.257 0.0000000000
63202  20.073  -30.335  53.010 0.0000000000
62013  21.601  -30.942  53.664 0.0000000000
61998  21.096  -31.124  54.523 0.0000000000
150951  18.656  -31.286  60.184 0.0000000000
60796  20.141  -31.033  58.697 0.0000000000
78000  41.631  -14.415  43.080 0.0000000000
77991  41.501  -14.994  43.236 0.0000000000
74894  25.959  -17.391  46.900 0.0000000000
73927  25.911  -18.343  46.352 0.0000000000
72932  26.666  -19.395  45.807 0.0000000000
73944  26.335  -18.487  45.687 0.0000000000
73943  27.298  -18.781  45.583 0.0000000000
70011  28.807  -23.817  46.315 0.0000000000
70019  27.850  -23.780  45.848 0.0000000000
69990  31.102  -23.226  48.380 0.0000000000
70978  30.635  -22.212  47.564 0.0000000000
70990  30.163  -22.483  47.011 0.0000000000
71937  29.761  -21.114  46.609 0.0000000000
73941  29.482  -19.033  46.319 0.0000000000
73924  31.393  -19.475  47.541 0.0000000000
67224  23.658  -26.145  52.661 0.0000000000
67235  23.626  -25.707  51.847 0.0000000000
152064  25.650  -26.879  53.030 0.0000000000
152049  27.501  -27.299  53.953 0.0000000000
65322  29.095  -27.308  54.346 0.0000000000
86380  47.244  -5.915  31.971 0.0000000000
86379  48.027  -5.567  31.769 0.0000000000
86389  47.608  -6.138  31.121 0.0000000000
85389  47.109  -6.445  29.370 0.0000000000
87327  39.601  -4.313  37.375 0.0000000000
86375  40.040  -5.090  33.193 0.0000000000
86362  41.255  -4.514  34.050 0.0000000000
86374  41.252  -4.962  32.987 0.0000000000
86373  42.328  -5.234  32.403 0.0000000000
83460  43.277  -9.162  32.141 0.0000000000
84368  43.184  -8.106  31.953 0.0000000000
85363  44.133  -7.137  31.768 0.0000000000
85362  45.304  -7.296  31.766 0.0000000000
152308  41.938  -11.973  44.498 0.0000000000
152307  42.180  -11.833  44.418 0.0000000000
152327  42.552  -11.612  44.344 0.0000000000
81657  43.008  -11.284  44.255 0.0000000000
81663  43.118  -11.406  44.163 0.0000000000
60576  2.750  -31.849  82.618 0.0000000000
152286  35.529  -18.206  44.905 0.0000000000
152266  33.595  -18.301  43.666 0.0000000000
74002  29.129  -18.548  43.568 0.0000000000
72948  31.535  -18.813  45.292 0.0000000000
60669  8.066  -31.097  67.153 0.0000000000
60668  8.783  -31.355  66.837 0.0000000000
59518  7.862  -32.103  68.396 0.0000000000
59503  7.668  -32.358  69.014 0.0000000000
152096  28.812  -22.780  48.563 0.0000000000
67204  32.513  -24.730  51.721 0.0000000000
75932  27.684  -16.329  45.353 0.0000000000
75933  27.085  -16.555  45.362 0.0000000000
75916  26.489  -16.626  45.959 0.0000000000
61900  13.533  -30.886  62.043 0.0000000000
61901  12.360  -30.725  62.126 0.0000000000
61888  11.528  -30.733  62.479 0.0000000000
64161  10.345  -28.790  63.423 0.0000000000
64143  10.121  -28.305  64.204 0.0000000000
64144  9.495  -28.855  64.493 0.0000000000
63040  9.103  -29.184  64.935 0.0000000000
65230  13.433  -27.225  60.285 0.0000000000
63122  13.318  -29.472  60.077 0.0000000000
63106  13.492  -29.989  60.767 0.0000000000
152088  26.265  -24.946  49.530 0.0000000000
152057  25.753  -26.628  50.486 0.0000000000
66338  25.772  -26.495  49.681 0.0000000000
66327  26.723  -26.632  50.616 0.0000000000
152340  44.977  -8.756  43.713 0.0000000000
152373  40.794  -6.489  40.096 0.0000000000
152371  41.174  -7.547  40.490 0.0000000000
152355  41.336  -8.678  40.782 0.0000000000
152343  41.144  -8.964  40.746 0.0000000000
152384  44.045  -11.257  42.387 0.0000000000
152383  44.468  -11.001  41.973 0.0000000000
81684  43.837  -11.421  40.295 0.0000000000
81683  44.638  -10.550  40.548 0.0000000000
72967  37.662  -19.498  42.179 0.0000000000
152265  38.296  -19.956  42.548 0.0000000000
71993  37.654  -20.572  42.611 0.0000000000
75952  30.811  -17.200  43.414 0.0000000000
74962  31.132  -17.786  42.821 0.0000000000
74963  30.435  -17.394  42.505 0.0000000000
152293  31.002  -18.078  41.655 0.0000000000
74034  30.457  -18.621  40.307 0.0000000000
71999  31.231  -20.358  42.883 0.0000000000
71998  32.502  -21.022  42.854 0.0000000000
66316  21.854  -26.992  52.814 0.0000000000
66301  21.987  -27.621  53.253 0.0000000000
65337  22.616  -28.000  53.984 0.0000000000
60696  13.034  -32.288  64.220 0.0000000000
59558  13.228  -32.944  65.669 0.0000000000
59455  8.571  -33.544  71.840 0.0000000000
59443  8.031  -33.656  72.486 0.0000000000
58222  7.650  -33.881  74.213 0.0000000000
58223  6.528  -34.111  74.417 0.0000000000
64063  7.123  -27.682  71.749 0.0000000000
64064  6.437  -28.318  71.182 0.0000000000
61770  5.341  -30.117  72.759 0.0000000000
60603  4.201  -32.239  74.838 0.0000000000
58198  3.794  -33.783  76.443 0.0000000000
59417  3.352  -32.851  76.954 0.0000000000
59407  3.155  -32.555  77.421 0.0000000000
61732  4.321  -30.224  79.158 0.0000000000
61734  3.041  -30.705  79.688 0.0000000000
61730  3.096  -30.491  80.247 0.0000000000
69008  20.693  -23.198  53.635 0.0000000000
68122  19.893  -23.908  52.666 0.0000000000
68135  19.629  -24.590  51.357 0.0000000000
67213  19.102  -25.299  51.986 0.0000000000
65367  18.933  -27.218  51.207 0.0000000000
62015  19.669  -30.466  53.869 0.0000000000
72910  26.303  -19.333  46.463 0.0000000000
152108  29.116  -24.313  47.312 0.0000000000
69979  31.615  -22.878  48.866 0.0000000000
69989  31.298  -22.378  48.378 0.0000000000
71936  30.423  -21.357  47.339 0.0000000000
72907  30.858  -20.200  47.795 0.0000000000
73904  31.412  -19.801  48.023 0.0000000000
66314  24.252  -26.742  54.033 0.0000000000
152038  26.168  -27.195  54.843 0.0000000000
152039  26.654  -27.183  54.591 0.0000000000
86381  46.881  -5.904  32.409 0.0000000000
85360  46.908  -6.234  31.800 0.0000000000
86352  37.881  -5.508  36.077 0.0000000000
86351  38.968  -4.955  35.711 0.0000000000
86377  38.528  -5.383  34.238 0.0000000000
85352  39.075  -5.628  33.049 0.0000000000
85367  39.756  -6.000  32.418 0.0000000000
82595  43.367  -10.153  32.455 0.0000000000
83459  44.245  -9.367  31.754 0.0000000000
84366  44.685  -8.477  31.402 0.0000000000
83472  45.024  -9.181  31.189 0.0000000000
64200  11.734  -28.728  61.608 0.0000000000
65215  14.056  -27.166  61.226 0.0000000000
152413  44.614  -12.115  44.953 0.0000000000
79912  43.416  -12.682  44.541 0.0000000000
78968  43.356  -13.540  44.974 0.0000000000
152084  24.803  -25.048  49.669 0.0000000000
152080  23.906  -24.989  49.627 0.0000000000
152071  24.040  -25.716  49.707 0.0000000000
152065  24.438  -26.224  49.904 0.0000000000
152059  24.928  -26.445  50.298 0.0000000000
152052  26.128  -26.788  51.088 0.0000000000
65349  27.099  -26.870  51.728 0.0000000000
152046  27.301  -26.949  52.185 0.0000000000
152296  43.642  -11.176  45.963 0.0000000000
152309  44.072  -10.965  45.918 0.0000000000
152297  43.612  -10.996  45.701 0.0000000000
152312  44.526  -9.881  44.460 0.0000000000
152319  43.962  -10.395  43.896 0.0000000000
152325  43.614  -10.408  43.362 0.0000000000
152359  45.095  -11.002  44.807 0.0000000000
152360  45.079  -11.125  44.154 0.0000000000
152363  46.138  -10.523  45.084 0.0000000000
58147  3.577  -32.981  81.458 0.0000000000
152283  38.518  -16.937  42.937 0.0000000000
74965  28.865  -17.274  41.988 0.0000000000
74981  29.163  -17.718  41.480 0.0000000000
74011  28.313  -18.058  42.228 0.0000000000
72979  28.689  -18.962  41.756 0.0000000000
72978  29.451  -19.883  41.826 0.0000000000
72000  30.471  -20.166  42.499 0.0000000000
72926  34.476  -19.579  46.082 0.0000000000
72905  34.203  -19.133  47.209 0.0000000000
63187  22.709  -30.145  53.875 0.0000000000
60683  10.801  -31.863  65.277 0.0000000000
59561  10.905  -32.178  65.766 0.0000000000
60675  10.613  -32.036  65.895 0.0000000000
59548  10.123  -32.111  66.665 0.0000000000
60654  9.634  -32.258  67.429 0.0000000000
59515  11.050  -32.793  68.331 0.0000000000
59489  7.954  -32.883  69.967 0.0000000000
62933  5.919  -29.081  75.196 0.0000000000
62889  5.227  -28.958  80.520 0.0000000000
66276  21.093  -26.025  54.668 0.0000000000
66289  20.167  -26.020  53.808 0.0000000000
66290  19.755  -26.392  53.429 0.0000000000
64300  18.718  -28.569  53.971 0.0000000000
150907  17.086  -31.497  61.569 0.0000000000
73979  41.652  -18.999  43.694 0.0000000000
70012  27.019  -22.339  46.596 0.0000000000
71003  26.932  -22.205  45.870 0.0000000000
68144  31.890  -24.027  50.203 0.0000000000
69056  32.086  -22.921  49.365 0.0000000000
86359  44.574  -4.952  33.604 0.0000000000
83425  38.023  -8.388  35.539 0.0000000000
83439  38.601  -8.421  34.508 0.0000000000
60572  1.365  -31.571  83.643 0.0000000000
74927  31.999  -17.155  44.896 0.0000000000
75941  30.949  -16.951  43.849 0.0000000000
75954  29.523  -16.484  43.296 0.0000000000
75943  29.446  -16.265  44.104 0.0000000000
75967  28.884  -16.499  42.731 0.0000000000
74966  28.270  -16.686  42.791 0.0000000000
73989  27.996  -17.699  43.823 0.0000000000
73988  28.359  -18.014  44.197 0.0000000000
59591  15.491  -31.929  63.456 0.0000000000
63092  11.371  -29.445  62.026 0.0000000000
61889  10.903  -30.279  62.845 0.0000000000
61890  10.463  -30.170  63.465 0.0000000000
60714  10.850  -30.910  63.372 0.0000000000
61867  8.666  -29.657  65.452 0.0000000000
61855  8.698  -30.528  65.888 0.0000000000
61842  7.993  -30.432  66.685 0.0000000000
61843  7.526  -29.964  67.188 0.0000000000
150962  15.285  -27.094  58.623 0.0000000000
150957  14.583  -30.521  61.016 0.0000000000
150940  15.467  -31.034  62.064 0.0000000000
150930  15.391  -31.230  62.359 0.0000000000
67208  28.600  -24.727  50.564 0.0000000000
152120  27.322  -24.188  48.298 0.0000000000
152099  26.812  -24.536  48.305 0.0000000000
152119  27.017  -24.375  47.844 0.0000000000
152107  28.441  -24.732  47.230 0.0000000000
152106  28.227  -25.337  47.767 0.0000000000
152104  28.517  -25.512  48.407 0.0000000000
67252  25.264  -25.669  48.958 0.0000000000
66347  25.916  -26.260  48.856 0.0000000000
152121  27.840  -25.808  48.305 0.0000000000
67206  30.567  -25.595  51.326 0.0000000000
87314  39.298  -4.245  37.889 0.0000000000
86329  38.640  -4.899  38.213 0.0000000000
85281  39.346  -6.146  39.098 0.0000000000
86318  38.431  -5.607  38.584 0.0000000000
86330  37.826  -5.686  38.073 0.0000000000
85312  36.870  -6.165  36.998 0.0000000000
85314  36.181  -7.855  36.762 0.0000000000
84324  37.053  -8.479  36.890 0.0000000000
152334  42.478  -10.500  42.131 0.0000000000
152353  41.921  -11.064  41.887 0.0000000000
81698  41.392  -9.214  40.838 0.0000000000
80823  42.120  -11.974  41.065 0.0000000000
81697  41.028  -10.520  40.692 0.0000000000
152365  41.272  -8.460  40.499 0.0000000000
152368  39.123  -8.772  38.919 0.0000000000
152394  38.787  -8.742  38.278 0.0000000000
84323  37.834  -8.368  37.068 0.0000000000
78988  41.155  -13.833  42.562 0.0000000000
152288  38.593  -16.725  42.768 0.0000000000
72956  40.018  -20.047  43.585 0.0000000000
71991  39.161  -20.482  43.357 0.0000000000
74024  29.235  -18.277  41.164 0.0000000000
72020  31.383  -20.600  40.853 0.0000000000
152271  32.744  -20.133  40.559 0.0000000000
71979  37.208  -21.413  43.708 0.0000000000
71980  36.156  -21.479  43.822 0.0000000000
68132  22.748  -25.205  51.294 0.0000000000
67210  23.001  -25.907  52.705 0.0000000000
66315  23.302  -26.545  53.350 0.0000000000
152326  41.782  -12.443  45.542 0.0000000000
152313  40.709  -13.459  44.348 0.0000000000
152274  41.007  -12.918  44.385 0.0000000000
152321  40.939  -12.915  44.047 0.0000000000
59557  14.227  -32.917  65.577 0.0000000000
59546  11.642  -32.780  66.472 0.0000000000
64104  7.636  -28.562  67.688 0.0000000000
62994  7.042  -29.142  68.601 0.0000000000
62981  6.851  -28.719  69.287 0.0000000000
62995  6.621  -29.610  69.049 0.0000000000
61816  6.431  -29.830  69.282 0.0000000000
64049  6.375  -28.325  73.463 0.0000000000
61771  5.206  -30.629  72.987 0.0000000000
61782  5.258  -30.786  72.538 0.0000000000
59458  5.332  -32.094  72.530 0.0000000000
58240  5.709  -33.791  73.660 0.0000000000
58224  5.386  -34.136  74.575 0.0000000000
58187  3.731  -34.167  77.178 0.0000000000
58159  3.318  -33.371  80.461 0.0000000000
60594  3.202  -31.958  77.589 0.0000000000
59377  2.711  -32.381  80.555 0.0000000000
61718  1.901  -30.883  83.073 0.0000000000
62880  2.606  -29.785  81.837 0.0000000000
68131  27.304  -24.944  50.466 0.0000000000
69033  22.573  -23.152  51.511 0.0000000000
69969  21.913  -23.120  50.431 0.0000000000
69958  21.279  -22.343  51.149 0.0000000000
69048  21.563  -23.410  50.304 0.0000000000
65339  21.199  -28.748  52.482 0.0000000000
64314  21.299  -29.396  52.623 0.0000000000
65354  18.563  -27.512  51.726 0.0000000000
64354  18.865  -27.974  51.127 0.0000000000
63216  18.913  -29.282  52.279 0.0000000000
64332  19.724  -28.874  51.677 0.0000000000
63200  22.090  -30.286  53.340 0.0000000000
62012  22.390  -30.815  53.770 0.0000000000
61935  18.707  -30.919  59.240 0.0000000000
61944  20.887  -31.047  57.307 0.0000000000
78987  41.536  -14.012  42.886 0.0000000000
77981  41.797  -15.130  43.871 0.0000000000
75896  26.627  -16.173  47.256 0.0000000000
75897  26.138  -16.865  46.475 0.0000000000
73967  26.522  -17.810  45.490 0.0000000000
69085  27.542  -23.342  47.528 0.0000000000
69098  27.362  -23.995  46.769 0.0000000000
70020  27.024  -23.380  45.997 0.0000000000
71002  27.461  -22.832  45.254 0.0000000000
71968  28.044  -22.033  45.207 0.0000000000
72930  28.900  -20.046  46.228 0.0000000000
73923  32.375  -19.086  47.659 0.0000000000
67236  23.059  -25.300  51.469 0.0000000000
66284  28.395  -27.209  53.257 0.0000000000
65296  28.127  -27.367  55.362 0.0000000000
65323  28.506  -27.288  53.751 0.0000000000
86349  40.976  -4.631  34.903 0.0000000000
87350  42.417  -4.023  34.597 0.0000000000
87349  43.407  -3.985  34.345 0.0000000000
86360  43.530  -4.515  33.366 0.0000000000
86371  44.728  -5.724  33.052 0.0000000000
83464  39.040  -8.125  32.758 0.0000000000
84371  39.828  -7.424  32.068 0.0000000000
85366  40.784  -6.481  31.757 0.0000000000
84369  42.124  -7.909  31.869 0.0000000000
85365  42.011  -6.572  31.697 0.0000000000
85350  43.074  -5.984  32.041 0.0000000000
85349  44.001  -6.176  32.206 0.0000000000
85347  45.813  -6.235  32.393 0.0000000000
85361  46.437  -6.321  31.992 0.0000000000
85377  46.281  -7.313  30.902 0.0000000000
84382  45.426  -8.009  31.174 0.0000000000
85384  46.550  -6.963  29.493 0.0000000000
59378  2.497  -32.007  80.170 0.0000000000
60595  2.970  -32.337  77.945 0.0000000000
60695  13.518  -32.377  64.138 0.0000000000
61856  8.382  -29.884  65.789 0.0000000000
61880  9.556  -30.099  64.592 0.0000000000
61898  14.658  -30.860  61.997 0.0000000000
62953  5.359  -30.021  73.075 0.0000000000
63041  8.806  -29.408  65.282 0.0000000000
63214  20.597  -29.894  52.461 0.0000000000
64313  21.806  -29.598  53.113 0.0000000000
64315  18.675  -27.787  52.659 0.0000000000
64333  18.894  -28.616  51.622 0.0000000000
64355  18.630  -27.641  51.364 0.0000000000
65353  18.770  -27.016  51.583 0.0000000000
65368  18.654  -27.354  51.393 0.0000000000
66313  26.939  -26.691  51.137 0.0000000000
66329  20.322  -26.575  51.345 0.0000000000
67221  27.927  -24.874  50.551 0.0000000000
68099  20.939  -24.439  53.977 0.0000000000
68109  20.974  -23.800  53.936 0.0000000000
68123  19.388  -24.324  52.163 0.0000000000
68129  32.203  -24.294  50.703 0.0000000000
68148  20.900  -23.768  50.377 0.0000000000
69009  20.227  -23.284  52.907 0.0000000000
69022  19.534  -23.881  51.536 0.0000000000
69957  21.981  -22.824  50.908 0.0000000000
69959  20.484  -22.403  51.115 0.0000000000
69970  21.423  -22.755  50.529 0.0000000000
69971  20.944  -22.479  50.716 0.0000000000
70993  26.825  -21.079  46.271 0.0000000000
71014  35.243  -21.498  42.764 0.0000000000
71015  34.998  -21.476  42.728 0.0000000000
71016  34.546  -21.343  42.659 0.0000000000
71024  34.907  -21.097  42.354 0.0000000000
71940  26.818  -20.869  46.351 0.0000000000
71969  27.289  -21.778  45.437 0.0000000000
72027  32.035  -20.166  40.300 0.0000000000
72911  26.036  -18.832  46.055 0.0000000000
72977  30.091  -20.098  42.302 0.0000000000
72987  29.700  -19.947  40.837 0.0000000000
72997  30.325  -19.597  40.242 0.0000000000
74035  29.668  -19.022  40.447 0.0000000000
74943  27.876  -17.648  44.379 0.0000000000
74953  32.094  -17.786  43.919 0.0000000000
74954  31.372  -17.539  43.514 0.0000000000
74955  30.769  -17.385  43.093 0.0000000000
74964  29.740  -17.291  42.111 0.0000000000
75968  28.513  -16.447  43.097 0.0000000000
78989  40.876  -13.783  42.525 0.0000000000
79920  41.015  -13.283  43.174 0.0000000000
80796  42.330  -11.956  43.962 0.0000000000
80809  43.903  -11.410  41.519 0.0000000000
80810  43.407  -11.501  42.080 0.0000000000
81674  44.557  -10.886  41.234 0.0000000000
82594  44.064  -10.287  32.073 0.0000000000
83419  38.392  -8.200  36.589 0.0000000000
83420  37.642  -8.394  36.361 0.0000000000
83426  37.203  -8.428  35.738 0.0000000000
83441  36.804  -8.385  35.131 0.0000000000
83451  38.261  -8.285  33.640 0.0000000000
83458  44.580  -9.029  31.407 0.0000000000
83465  38.385  -7.671  33.017 0.0000000000
83473  44.568  -9.579  31.471 0.0000000000
84315  38.289  -8.469  37.363 0.0000000000
84337  36.549  -8.245  35.870 0.0000000000
84351  36.985  -8.010  34.567 0.0000000000
84352  36.417  -7.991  35.069 0.0000000000
84359  37.836  -7.487  33.505 0.0000000000
84360  37.392  -7.376  34.146 0.0000000000
84370  40.960  -7.729  31.667 0.0000000000
84373  38.184  -6.905  33.026 0.0000000000
85280  39.733  -5.745  39.397 0.0000000000
85287  39.328  -5.706  39.010 0.0000000000
85288  38.848  -6.190  38.867 0.0000000000
85289  38.300  -6.918  38.881 0.0000000000
85298  38.105  -6.251  38.634 0.0000000000
85313  36.626  -6.685  37.357 0.0000000000
85328  36.989  -6.146  36.458 0.0000000000
85329  36.509  -6.904  36.020 0.0000000000
85330  36.354  -7.700  35.610 0.0000000000
85339  36.927  -7.245  34.864 0.0000000000
85351  39.625  -5.505  32.795 0.0000000000
85354  37.388  -6.986  34.256 0.0000000000
85368  38.588  -6.348  32.868 0.0000000000
85369  38.180  -6.501  33.180 0.0000000000
85376  46.938  -6.408  31.366 0.0000000000
86304  39.960  -4.949  39.629 0.0000000000
86305  39.489  -5.107  39.210 0.0000000000
86331  37.123  -6.236  37.775 0.0000000000
86342  37.320  -5.867  37.154 0.0000000000
86343  36.945  -6.226  37.438 0.0000000000
86350  40.153  -4.694  35.400 0.0000000000
86364  39.168  -5.032  34.718 0.0000000000
86365  38.051  -5.212  34.859 0.0000000000
86376  39.104  -5.272  33.843 0.0000000000
86382  41.523  -5.816  31.761 0.0000000000
86384  40.488  -5.304  32.636 0.0000000000
87300  39.352  -4.746  38.996 0.0000000000
87305  39.273  -4.463  38.628 0.0000000000
87326  40.214  -4.317  36.956 0.0000000000
150923  15.665  -31.316  62.375 0.0000000000
150943  15.712  -27.387  57.939 0.0000000000
150954  16.019  -27.539  58.178 0.0000000000
150970  15.652  -27.277  58.189 0.0000000000
152042  26.945  -27.214  54.426 0.0000000000
152043  27.124  -27.305  55.061 0.0000000000
152051  26.747  -26.757  51.310 0.0000000000
152053  27.019  -27.206  53.913 0.0000000000
152056  26.425  -26.708  50.943 0.0000000000
152069  24.401  -26.179  49.547 0.0000000000
152087  26.954  -24.768  49.888 0.0000000000
152100  26.892  -24.527  48.834 0.0000000000
152109  28.921  -24.710  47.407 0.0000000000
152117  26.880  -24.563  47.778 0.0000000000
152122  27.574  -25.585  47.812 0.0000000000
152130  27.163  -25.831  48.008 0.0000000000
152131  27.500  -25.756  47.996 0.0000000000
152258  36.384  -19.570  41.540 0.0000000000
152264  38.009  -17.152  42.596 0.0000000000
152268  33.420  -18.164  44.057 0.0000000000
152269  33.131  -18.136  43.892 0.0000000000
152276  38.768  -16.602  42.750 0.0000000000
152277  32.648  -19.781  40.336 0.0000000000
152278  37.902  -17.166  42.555 0.0000000000
152279  31.749  -17.992  43.128 0.0000000000
152292  38.631  -16.735  42.899 0.0000000000
152298  43.437  -11.147  45.794 0.0000000000
152300  37.677  -17.441  42.785 0.0000000000
152318  43.990  -10.092  43.873 0.0000000000
152323  45.263  -8.841  44.068 0.0000000000
152331  43.349  -9.762  42.796 0.0000000000
152332  44.645  -8.997  43.630 0.0000000000
152333  45.186  -8.738  43.856 0.0000000000
152335  41.517  -9.298  41.060 0.0000000000
152336  42.321  -9.802  41.773 0.0000000000
152341  42.167  -10.855  41.968 0.0000000000
152342  41.881  -10.169  41.585 0.0000000000
152350  41.021  -8.800  40.644 0.0000000000
152351  42.497  -9.664  41.861 0.0000000000
152352  42.420  -9.491  41.757 0.0000000000
152357  43.304  -11.339  45.975 0.0000000000
152375  43.581  -11.413  46.207 0.0000000000
152377  44.895  -10.948  43.894 0.0000000000
152378  44.604  -11.181  43.969 0.0000000000
152379  44.954  -11.135  43.929 0.0000000000
152385  44.170  -11.183  43.090 0.0000000000
152386  40.696  -9.559  40.212 0.0000000000
152403  40.227  -6.207  39.728 0.0000000000
152404  39.505  -6.476  39.428 0.0000000000
152405  39.139  -6.446  39.170 0.0000000000
152408  45.145  -8.581  43.680 0.0000000000
152411  44.677  -8.555  43.281 0.0000000000
152422  38.063  -8.761  38.082 0.0000000000
