#!ascii label  , from subject 3254 vox2ras=TkReg
920
63056  15.015  -29.194  64.428 0.0000000000
67060  27.686  -25.664  68.331 0.0000000000
74923  34.945  -17.946  46.006 0.0000000000
68121  29.606  -24.356  50.878 0.0000000000
67118  28.407  -24.600  60.241 0.0000000000
88299  41.562  -2.919  39.233 0.0000000000
76941  33.336  -15.101  48.697 0.0000000000
76961  27.611  -15.614  47.861 0.0000000000
64129  10.224  -27.924  65.343 0.0000000000
63034  22.370  -29.988  65.361 0.0000000000
63087  24.205  -28.558  61.731 0.0000000000
150937  17.209  -28.591  60.979 0.0000000000
80780  43.101  -11.933  46.606 0.0000000000
61832  20.111  -30.555  67.855 0.0000000000
60653  14.927  -30.997  68.456 0.0000000000
75884  41.065  -15.963  47.656 0.0000000000
62979  10.563  -28.590  70.299 0.0000000000
64049  6.375  -28.325  73.463 0.0000000000
71887  30.671  -20.436  51.163 0.0000000000
67157  28.390  -25.436  54.744 0.0000000000
68071  24.081  -23.131  56.419 0.0000000000
67137  24.183  -24.917  59.397 0.0000000000
76899  34.186  -15.631  50.813 0.0000000000
76943  30.621  -15.233  48.569 0.0000000000
75847  31.062  -16.437  50.385 0.0000000000
76897  35.862  -15.169  51.454 0.0000000000
64181  12.996  -27.457  62.158 0.0000000000
64160  11.001  -28.155  63.074 0.0000000000
63059  12.915  -28.405  65.198 0.0000000000
150918  18.221  -30.163  64.325 0.0000000000
150921  20.620  -30.086  63.557 0.0000000000
63090  15.824  -28.619  62.570 0.0000000000
65229  14.369  -27.115  60.642 0.0000000000
74920  37.341  -17.923  45.053 0.0000000000
75873  37.276  -16.652  48.564 0.0000000000
74888  38.429  -17.290  47.230 0.0000000000
75906  39.902  -16.677  45.707 0.0000000000
60614  14.711  -30.930  70.778 0.0000000000
61800  12.697  -30.184  70.035 0.0000000000
61779  12.893  -30.238  72.041 0.0000000000
64019  10.215  -28.395  77.474 0.0000000000
64046  9.011  -27.795  74.615 0.0000000000
64030  7.587  -27.855  76.063 0.0000000000
62912  6.014  -28.924  77.555 0.0000000000
64000  6.661  -28.371  79.435 0.0000000000
68030  30.767  -25.030  57.884 0.0000000000
67134  28.849  -24.968  58.562 0.0000000000
67168  26.578  -24.797  56.570 0.0000000000
68033  25.966  -23.991  58.753 0.0000000000
63132  21.896  -29.241  59.648 0.0000000000
65243  24.734  -26.813  60.554 0.0000000000
64246  22.604  -27.648  57.556 0.0000000000
67170  22.747  -24.896  56.206 0.0000000000
152094  30.097  -22.658  49.853 0.0000000000
70968  28.658  -20.744  48.406 0.0000000000
69085  27.542  -23.342  47.528 0.0000000000
88326  47.916  -4.077  36.512 0.0000000000
87336  43.312  -3.601  35.284 0.0000000000
75889  34.365  -16.466  47.419 0.0000000000
75911  30.753  -16.149  45.810 0.0000000000
76923  36.391  -15.241  49.800 0.0000000000
64118  25.219  -28.639  66.453 0.0000000000
65183  26.295  -27.345  64.672 0.0000000000
63051  23.157  -29.727  63.648 0.0000000000
150947  21.391  -29.606  61.748 0.0000000000
150967  18.146  -28.593  59.298 0.0000000000
80771  45.042  -11.657  47.906 0.0000000000
83358  47.306  -7.960  45.965 0.0000000000
84281  44.777  -7.451  42.586 0.0000000000
152372  40.733  -6.039  39.945 0.0000000000
61849  17.933  -30.716  66.330 0.0000000000
61852  15.093  -30.193  66.265 0.0000000000
61823  17.547  -30.987  68.375 0.0000000000
61845  21.526  -30.311  66.264 0.0000000000
78945  41.754  -13.511  47.040 0.0000000000
61840  12.780  -29.320  67.327 0.0000000000
63016  10.855  -28.277  68.196 0.0000000000
64092  8.351  -27.900  68.956 0.0000000000
62949  11.480  -29.327  73.557 0.0000000000
64070  8.991  -27.663  71.566 0.0000000000
65087  4.230  -27.746  82.709 0.0000000000
73841  32.082  -18.421  51.768 0.0000000000
68119  30.742  -23.861  52.317 0.0000000000
68085  30.446  -24.884  54.697 0.0000000000
67195  29.197  -25.111  52.947 0.0000000000
152061  27.177  -25.270  53.093 0.0000000000
152068  24.638  -24.375  53.276 0.0000000000
69019  22.833  -23.034  53.477 0.0000000000
66201  26.001  -26.039  63.132 0.0000000000
67972  25.703  -24.254  61.852 0.0000000000
68900  25.432  -23.275  60.081 0.0000000000
68940  23.803  -23.172  58.180 0.0000000000
69897  22.101  -22.025  55.637 0.0000000000
73881  29.021  -18.218  49.791 0.0000000000
73926  26.186  -18.351  47.285 0.0000000000
75832  34.219  -16.285  51.208 0.0000000000
75845  33.006  -16.087  50.652 0.0000000000
74862  33.038  -16.954  50.970 0.0000000000
75831  35.183  -16.194  51.605 0.0000000000
63075  14.413  -28.586  63.788 0.0000000000
64158  13.443  -28.123  63.512 0.0000000000
63057  14.199  -28.872  64.576 0.0000000000
61875  16.314  -29.780  64.487 0.0000000000
63053  17.118  -29.479  63.197 0.0000000000
63074  15.277  -28.711  63.148 0.0000000000
64157  14.597  -28.219  62.832 0.0000000000
74921  36.207  -18.043  45.437 0.0000000000
74890  36.474  -17.190  47.238 0.0000000000
74889  37.406  -17.184  47.376 0.0000000000
74904  36.930  -17.600  46.311 0.0000000000
74903  37.953  -17.506  46.221 0.0000000000
64010  9.473  -28.106  78.337 0.0000000000
64029  8.672  -27.860  76.303 0.0000000000
64021  7.858  -27.837  77.181 0.0000000000
64022  6.755  -28.182  76.848 0.0000000000
64012  6.956  -28.119  78.187 0.0000000000
62902  5.763  -28.746  78.750 0.0000000000
68009  29.771  -24.962  59.353 0.0000000000
67135  27.982  -24.706  59.172 0.0000000000
67148  27.170  -24.691  58.471 0.0000000000
68011  26.917  -24.327  59.289 0.0000000000
67064  27.626  -25.664  67.329 0.0000000000
64232  20.926  -29.159  58.208 0.0000000000
64230  22.547  -28.413  58.437 0.0000000000
64247  21.712  -28.114  57.070 0.0000000000
64263  21.352  -27.718  56.264 0.0000000000
152093  29.671  -23.797  49.994 0.0000000000
152096  28.812  -22.780  48.563 0.0000000000
88284  41.612  -3.010  40.996 0.0000000000
90360  42.910  -1.550  40.566 0.0000000000
88296  44.285  -3.198  39.206 0.0000000000
88318  44.855  -3.797  37.526 0.0000000000
87311  42.135  -3.714  37.233 0.0000000000
75877  33.840  -15.773  48.142 0.0000000000
75910  31.787  -16.361  46.078 0.0000000000
75891  32.273  -15.961  47.216 0.0000000000
76944  29.438  -15.347  48.614 0.0000000000
75893  30.109  -15.788  46.618 0.0000000000
75914  28.217  -16.054  46.064 0.0000000000
77942  34.875  -14.433  50.083 0.0000000000
76924  35.195  -14.848  49.534 0.0000000000
75875  35.520  -15.818  48.570 0.0000000000
64142  11.205  -27.925  64.392 0.0000000000
64122  9.242  -27.911  66.094 0.0000000000
63021  23.806  -29.375  65.749 0.0000000000
63032  24.010  -29.427  64.725 0.0000000000
63052  22.275  -29.963  64.341 0.0000000000
150956  17.825  -28.972  60.871 0.0000000000
150948  20.466  -29.716  62.186 0.0000000000
150966  19.521  -29.347  60.126 0.0000000000
150926  17.934  -28.539  59.407 0.0000000000
150946  17.155  -28.247  59.507 0.0000000000
68145  25.529  -24.817  50.636 0.0000000000
80778  44.601  -11.605  47.160 0.0000000000
81646  46.499  -10.226  47.685 0.0000000000
152426  45.852  -10.412  47.088 0.0000000000
84258  45.717  -8.427  44.167 0.0000000000
152410  44.301  -8.664  43.011 0.0000000000
84293  42.966  -7.226  41.490 0.0000000000
61848  18.906  -30.747  66.446 0.0000000000
61835  17.182  -31.050  67.383 0.0000000000
61834  18.203  -30.821  67.453 0.0000000000
61846  20.961  -30.547  66.817 0.0000000000
78938  42.845  -13.510  48.068 0.0000000000
77955  41.831  -14.009  47.584 0.0000000000
76974  40.514  -15.492  45.819 0.0000000000
61837  15.322  -30.759  67.416 0.0000000000
61839  13.334  -29.607  67.025 0.0000000000
61826  13.445  -30.147  68.088 0.0000000000
61801  11.982  -29.585  69.907 0.0000000000
62990  12.053  -29.192  69.150 0.0000000000
62992  10.431  -28.286  69.357 0.0000000000
64101  9.982  -28.019  68.805 0.0000000000
62980  9.839  -28.130  70.035 0.0000000000
62940  11.660  -29.365  74.474 0.0000000000
64047  8.204  -27.550  74.346 0.0000000000
64053  9.055  -27.660  73.719 0.0000000000
64054  8.084  -27.428  73.294 0.0000000000
65137  7.377  -27.643  71.388 0.0000000000
69004  31.244  -23.468  52.773 0.0000000000
68050  29.758  -25.230  56.707 0.0000000000
68049  30.862  -24.931  56.724 0.0000000000
68068  30.031  -25.100  55.514 0.0000000000
67177  30.039  -25.031  53.786 0.0000000000
152045  26.991  -25.464  54.109 0.0000000000
68069  25.963  -24.602  56.520 0.0000000000
152055  25.515  -24.763  54.276 0.0000000000
68070  24.615  -24.113  55.886 0.0000000000
152083  23.840  -23.983  52.972 0.0000000000
69005  23.374  -22.970  54.855 0.0000000000
63069  25.078  -28.453  63.213 0.0000000000
65198  26.185  -27.176  63.890 0.0000000000
64176  25.333  -27.554  62.622 0.0000000000
66227  24.512  -25.816  59.974 0.0000000000
66226  24.944  -25.628  60.824 0.0000000000
67119  24.907  -24.717  60.810 0.0000000000
68883  25.492  -23.605  61.013 0.0000000000
68901  24.829  -23.486  60.306 0.0000000000
68922  24.686  -23.212  59.302 0.0000000000
68036  23.968  -23.872  58.877 0.0000000000
67179  21.687  -25.030  54.927 0.0000000000
68073  22.662  -23.955  56.558 0.0000000000
72835  31.171  -19.425  51.759 0.0000000000
73842  31.016  -18.416  51.057 0.0000000000
72845  30.024  -19.357  50.472 0.0000000000
70980  27.291  -21.133  47.195 0.0000000000
71923  27.386  -19.789  47.763 0.0000000000
87317  48.618  -4.268  35.337 0.0000000000
76911  33.885  -14.999  50.373 0.0000000000
76942  32.003  -15.234  48.341 0.0000000000
76912  32.484  -15.369  50.151 0.0000000000
76927  31.487  -15.230  49.571 0.0000000000
76929  29.202  -15.796  49.267 0.0000000000
76885  36.320  -15.537  52.067 0.0000000000
76898  34.747  -15.465  50.953 0.0000000000
64159  12.160  -27.878  63.263 0.0000000000
64141  12.462  -28.192  64.697 0.0000000000
64127  12.120  -28.269  65.414 0.0000000000
150922  21.138  -30.230  65.042 0.0000000000
150919  19.330  -30.036  63.644 0.0000000000
150925  17.666  -29.331  62.335 0.0000000000
63089  16.462  -28.692  62.073 0.0000000000
64178  16.136  -28.056  60.785 0.0000000000
64198  14.791  -27.399  61.366 0.0000000000
65216  13.624  -27.228  61.199 0.0000000000
152344  42.746  -11.787  45.967 0.0000000000
61820  20.262  -30.096  68.959 0.0000000000
75871  39.121  -16.917  48.858 0.0000000000
74879  39.581  -17.181  48.119 0.0000000000
75885  40.345  -16.731  47.136 0.0000000000
75905  40.624  -16.058  46.608 0.0000000000
74902  39.041  -17.329  46.247 0.0000000000
74919  38.416  -17.441  45.109 0.0000000000
60627  14.774  -31.108  69.928 0.0000000000
61812  13.679  -30.447  69.207 0.0000000000
61799  13.552  -30.540  70.268 0.0000000000
61790  12.776  -30.324  71.044 0.0000000000
61780  11.968  -30.010  71.833 0.0000000000
62932  10.278  -28.492  75.032 0.0000000000
64028  9.696  -28.219  76.452 0.0000000000
64039  8.390  -27.736  75.305 0.0000000000
64040  7.434  -27.915  74.992 0.0000000000
64031  6.628  -28.276  75.682 0.0000000000
68031  29.764  -25.070  58.125 0.0000000000
67146  28.662  -25.387  57.104 0.0000000000
67158  27.371  -25.151  56.352 0.0000000000
67147  27.823  -25.041  57.867 0.0000000000
67160  26.389  -24.613  56.988 0.0000000000
68053  25.275  -23.856  57.795 0.0000000000
63120  22.673  -29.086  60.327 0.0000000000
64195  24.586  -27.989  61.063 0.0000000000
63130  23.119  -28.477  59.373 0.0000000000
65258  23.967  -27.164  59.156 0.0000000000
66249  23.879  -25.909  58.768 0.0000000000
67161  23.408  -24.818  57.707 0.0000000000
65299  23.209  -26.461  56.918 0.0000000000
65314  21.519  -26.738  55.471 0.0000000000
70949  30.342  -21.470  50.316 0.0000000000
71907  29.648  -20.398  49.707 0.0000000000
152095  29.183  -21.768  48.796 0.0000000000
152113  28.417  -21.717  48.010 0.0000000000
88305  46.561  -3.431  38.253 0.0000000000
87321  45.079  -4.128  36.220 0.0000000000
74907  34.446  -17.324  46.611 0.0000000000
74940  33.074  -17.801  44.755 0.0000000000
75926  32.745  -17.108  45.643 0.0000000000
76958  30.891  -15.517  47.635 0.0000000000
75912  29.907  -16.077  45.622 0.0000000000
76883  37.781  -14.289  52.263 0.0000000000
76895  38.157  -14.879  51.096 0.0000000000
76907  38.026  -15.236  50.432 0.0000000000
75859  36.738  -15.970  49.327 0.0000000000
75888  35.232  -16.475  47.762 0.0000000000
65170  26.853  -26.982  67.095 0.0000000000
65173  26.877  -26.826  66.271 0.0000000000
64125  26.082  -28.121  65.966 0.0000000000
63049  25.007  -28.681  63.707 0.0000000000
63071  23.768  -29.316  63.042 0.0000000000
150928  21.495  -29.967  63.416 0.0000000000
150935  22.209  -29.752  62.733 0.0000000000
63105  22.771  -29.262  61.390 0.0000000000
63133  21.037  -29.430  59.809 0.0000000000
63143  20.071  -29.388  59.308 0.0000000000
150976  19.006  -29.027  58.469 0.0000000000
85228  47.407  -6.925  45.255 0.0000000000
152438  46.906  -8.539  45.688 0.0000000000
84260  46.337  -7.597  44.171 0.0000000000
86244  46.375  -6.193  43.639 0.0000000000
86262  44.251  -5.531  41.706 0.0000000000
87294  42.222  -4.763  40.552 0.0000000000
88301  40.468  -3.649  39.701 0.0000000000
87313  40.138  -3.944  37.688 0.0000000000
61861  16.682  -30.285  65.259 0.0000000000
61863  15.038  -29.509  65.343 0.0000000000
61851  16.003  -30.639  66.237 0.0000000000
61836  16.280  -31.020  67.130 0.0000000000
60652  15.497  -31.099  68.358 0.0000000000
61822  18.421  -30.751  68.579 0.0000000000
60638  16.217  -31.235  69.735 0.0000000000
60625  16.244  -31.058  70.750 0.0000000000
66163  27.224  -26.209  68.846 0.0000000000
65165  26.135  -27.525  68.132 0.0000000000
64108  25.372  -28.336  67.540 0.0000000000
63022  22.990  -29.603  66.060 0.0000000000
63010  22.844  -29.425  67.192 0.0000000000
63023  22.152  -30.008  66.311 0.0000000000
61858  19.545  -30.508  65.450 0.0000000000
61860  17.639  -30.368  65.240 0.0000000000
79879  44.365  -12.564  48.204 0.0000000000
79880  43.633  -12.781  47.768 0.0000000000
79886  42.387  -12.602  46.916 0.0000000000
76973  41.068  -15.248  46.755 0.0000000000
77973  41.162  -14.026  45.912 0.0000000000
79895  42.116  -12.541  46.155 0.0000000000
63025  13.629  -29.144  65.979 0.0000000000
63026  13.038  -29.103  66.302 0.0000000000
63028  11.717  -28.549  66.794 0.0000000000
61813  12.623  -29.620  69.060 0.0000000000
63015  11.279  -28.478  67.741 0.0000000000
64120  10.991  -28.264  67.030 0.0000000000
64113  9.286  -27.978  67.246 0.0000000000
64103  8.378  -28.005  67.913 0.0000000000
61769  12.128  -29.865  72.806 0.0000000000
62960  10.618  -28.717  72.329 0.0000000000
62951  9.811  -28.231  73.056 0.0000000000
62970  9.819  -28.147  70.966 0.0000000000
64080  9.070  -27.733  70.528 0.0000000000
63977  5.251  -28.397  81.273 0.0000000000
73840  32.839  -17.958  51.713 0.0000000000
70940  30.988  -21.363  51.363 0.0000000000
69955  31.217  -22.128  51.781 0.0000000000
68130  30.400  -23.619  51.327 0.0000000000
68120  30.066  -24.265  51.654 0.0000000000
68097  30.668  -24.570  53.825 0.0000000000
67185  29.988  -24.778  53.091 0.0000000000
67194  29.631  -24.661  52.063 0.0000000000
67209  27.887  -25.179  52.010 0.0000000000
152066  26.471  -25.060  51.380 0.0000000000
152060  26.128  -24.968  53.196 0.0000000000
152050  26.338  -25.215  54.467 0.0000000000
152072  25.036  -24.653  51.886 0.0000000000
152076  24.235  -24.250  52.728 0.0000000000
69032  23.029  -23.407  52.335 0.0000000000
67969  28.071  -24.336  61.209 0.0000000000
66173  26.786  -26.490  65.429 0.0000000000
67073  26.741  -25.250  64.630 0.0000000000
67080  26.591  -24.790  64.059 0.0000000000
65226  25.285  -26.766  61.996 0.0000000000
67091  25.963  -25.249  62.787 0.0000000000
67957  26.264  -24.363  62.988 0.0000000000
67971  26.232  -23.662  62.127 0.0000000000
67970  26.914  -23.654  61.619 0.0000000000
67986  26.830  -23.982  60.469 0.0000000000
68920  25.952  -23.623  59.379 0.0000000000
68938  25.008  -23.413  58.453 0.0000000000
68956  24.121  -23.082  57.205 0.0000000000
68072  23.099  -23.897  57.253 0.0000000000
68957  23.354  -23.083  57.256 0.0000000000
68973  23.551  -22.774  56.557 0.0000000000
68990  22.720  -22.136  55.324 0.0000000000
74864  31.367  -17.244  50.755 0.0000000000
74872  29.920  -17.232  50.196 0.0000000000
75865  28.253  -16.786  49.296 0.0000000000
71909  28.819  -19.657  49.021 0.0000000000
73905  27.624  -18.007  48.608 0.0000000000
75881  26.949  -16.523  48.258 0.0000000000
87338  41.445  -4.414  35.749 0.0000000000
74851  34.473  -17.034  51.824 0.0000000000
75833  33.532  -16.522  50.992 0.0000000000
74852  33.455  -17.272  51.615 0.0000000000
74850  35.187  -17.024  52.025 0.0000000000
63076  13.883  -28.474  64.161 0.0000000000
63055  15.833  -29.316  63.911 0.0000000000
73958  35.412  -18.111  45.510 0.0000000000
152286  35.529  -18.206  44.905 0.0000000000
73959  34.810  -18.149  45.216 0.0000000000
74906  35.303  -17.551  46.625 0.0000000000
74905  36.062  -17.603  46.489 0.0000000000
74922  35.639  -17.958  45.971 0.0000000000
64011  8.322  -28.023  78.240 0.0000000000
67101  29.011  -24.753  60.503 0.0000000000
67117  28.964  -24.809  59.715 0.0000000000
68010  27.490  -24.496  59.385 0.0000000000
67985  27.628  -24.407  59.968 0.0000000000
67059  28.222  -25.058  68.830 0.0000000000
64248  20.517  -28.851  57.521 0.0000000000
64264  20.661  -28.058  55.922 0.0000000000
89329  41.355  -2.670  39.867 0.0000000000
90362  41.721  -2.061  40.876 0.0000000000
89316  42.516  -2.028  40.102 0.0000000000
88309  42.709  -3.317  38.577 0.0000000000
88320  42.916  -3.867  37.920 0.0000000000
88321  42.027  -3.535  37.992 0.0000000000
75878  32.970  -15.617  47.961 0.0000000000
76960  28.627  -15.400  47.802 0.0000000000
75895  27.875  -15.804  46.986 0.0000000000
75915  27.268  -16.158  46.137 0.0000000000
76925  34.006  -14.761  49.480 0.0000000000
76940  34.344  -15.192  48.821 0.0000000000
64143  10.121  -28.305  64.204 0.0000000000
64130  9.295  -28.392  65.126 0.0000000000
64121  10.249  -28.066  66.545 0.0000000000
63033  23.130  -29.754  64.995 0.0000000000
150972  18.691  -29.116  59.944 0.0000000000
150961  17.749  -28.670  60.317 0.0000000000
80779  43.905  -11.693  46.669 0.0000000000
83380  43.603  -8.548  42.520 0.0000000000
61833  19.158  -30.676  67.632 0.0000000000
61847  19.865  -30.686  66.662 0.0000000000
76938  41.483  -15.397  48.270 0.0000000000
76955  41.991  -14.446  48.024 0.0000000000
76956  41.532  -14.865  47.706 0.0000000000
61824  15.063  -30.902  68.141 0.0000000000
61825  14.458  -30.687  68.311 0.0000000000
62978  11.271  -29.223  70.573 0.0000000000
62991  11.392  -29.038  69.479 0.0000000000
62993  9.876  -28.076  69.547 0.0000000000
62931  10.956  -29.011  75.399 0.0000000000
64048  7.267  -27.796  73.936 0.0000000000
64055  6.996  -27.421  72.851 0.0000000000
67167  29.638  -25.191  54.358 0.0000000000
68087  23.796  -23.029  55.947 0.0000000000
64155  25.124  -28.239  62.838 0.0000000000
64177  24.839  -28.152  62.139 0.0000000000
66239  24.173  -25.908  59.293 0.0000000000
67120  24.500  -24.824  60.258 0.0000000000
67989  24.681  -24.090  60.545 0.0000000000
68013  24.311  -23.943  59.693 0.0000000000
68014  24.131  -24.260  59.252 0.0000000000
72836  30.509  -19.478  50.985 0.0000000000
71895  30.117  -20.313  50.298 0.0000000000
76926  32.846  -14.910  49.469 0.0000000000
75846  31.924  -16.147  50.467 0.0000000000
76913  31.827  -15.553  50.105 0.0000000000
75861  31.394  -15.760  50.154 0.0000000000
76928  30.181  -15.465  49.370 0.0000000000
75862  30.722  -15.894  49.941 0.0000000000
76872  37.058  -15.380  53.279 0.0000000000
64140  13.106  -28.217  64.303 0.0000000000
150915  20.108  -30.349  64.974 0.0000000000
150924  18.143  -29.897  63.557 0.0000000000
63073  16.126  -29.065  63.004 0.0000000000
63072  16.794  -29.239  62.829 0.0000000000
64197  15.284  -27.420  60.873 0.0000000000
64179  15.267  -28.139  61.992 0.0000000000
64180  14.143  -27.468  61.887 0.0000000000
75872  38.188  -16.809  48.850 0.0000000000
74880  38.779  -17.182  48.106 0.0000000000
74887  39.283  -17.273  47.369 0.0000000000
74886  39.931  -17.177  47.672 0.0000000000
74901  39.773  -17.150  46.811 0.0000000000
60615  14.213  -30.782  70.380 0.0000000000
61789  13.801  -30.531  71.210 0.0000000000
61791  11.926  -29.894  70.824 0.0000000000
64027  10.604  -28.634  76.422 0.0000000000
64041  6.542  -28.355  74.573 0.0000000000
62921  5.970  -28.995  76.350 0.0000000000
62893  5.821  -28.951  79.816 0.0000000000
68032  26.560  -24.408  58.392 0.0000000000
68051  26.655  -24.614  57.947 0.0000000000
68052  26.029  -24.406  57.474 0.0000000000
63119  23.246  -28.568  59.932 0.0000000000
63131  22.624  -28.790  59.310 0.0000000000
64229  23.174  -27.556  58.136 0.0000000000
65273  23.623  -26.840  58.583 0.0000000000
65286  23.281  -26.726  57.667 0.0000000000
65287  22.892  -27.086  57.146 0.0000000000
65302  21.241  -27.419  55.765 0.0000000000
69956  30.700  -22.301  50.899 0.0000000000
152103  29.641  -21.986  49.387 0.0000000000
152114  27.824  -22.605  47.670 0.0000000000
87309  43.963  -3.920  36.862 0.0000000000
87308  44.641  -3.985  36.745 0.0000000000
87322  44.065  -3.801  36.097 0.0000000000
87334  45.238  -4.410  35.289 0.0000000000
87335  44.221  -4.104  35.306 0.0000000000
75908  33.788  -16.759  46.743 0.0000000000
74908  33.700  -17.244  46.209 0.0000000000
75928  31.246  -16.617  44.881 0.0000000000
75929  30.180  -16.170  44.850 0.0000000000
75913  29.162  -16.083  45.893 0.0000000000
75930  29.291  -16.160  44.960 0.0000000000
76884  36.766  -15.081  52.531 0.0000000000
76896  36.941  -14.587  51.380 0.0000000000
76908  37.279  -15.151  50.325 0.0000000000
76922  36.983  -15.590  49.792 0.0000000000
75860  36.056  -15.575  49.165 0.0000000000
75876  34.711  -15.848  48.277 0.0000000000
74892  34.982  -17.089  47.225 0.0000000000
64117  26.073  -28.206  66.959 0.0000000000
65174  26.483  -27.495  66.531 0.0000000000
63031  24.876  -28.991  64.581 0.0000000000
63050  24.236  -29.185  63.760 0.0000000000
150938  21.396  -29.795  62.521 0.0000000000
150945  22.191  -29.529  61.789 0.0000000000
63121  21.756  -29.406  60.743 0.0000000000
150960  19.639  -29.358  59.943 0.0000000000
64233  19.411  -29.188  58.753 0.0000000000
65228  15.574  -27.194  59.632 0.0000000000
150965  14.136  -26.913  59.002 0.0000000000
81643  46.001  -10.880  47.961 0.0000000000
83352  47.390  -8.069  46.393 0.0000000000
83347  47.377  -8.911  47.509 0.0000000000
85224  47.543  -7.030  45.927 0.0000000000
84254  47.245  -7.734  45.583 0.0000000000
152429  45.521  -10.353  46.155 0.0000000000
81644  44.994  -11.024  46.753 0.0000000000
84261  45.671  -8.102  43.778 0.0000000000
84257  46.228  -8.340  44.647 0.0000000000
84270  45.557  -7.758  43.422 0.0000000000
85231  46.412  -6.974  43.891 0.0000000000
85238  45.396  -6.843  42.758 0.0000000000
86253  45.247  -5.794  42.618 0.0000000000
85249  44.779  -6.653  42.342 0.0000000000
152396  42.238  -6.948  40.927 0.0000000000
85262  42.975  -6.253  41.133 0.0000000000
86290  41.981  -5.267  40.389 0.0000000000
87296  40.981  -4.428  40.330 0.0000000000
86292  40.530  -5.030  40.013 0.0000000000
61862  15.774  -30.067  65.367 0.0000000000
61850  16.967  -30.763  66.241 0.0000000000
60666  15.867  -31.034  67.713 0.0000000000
60665  16.333  -31.109  67.954 0.0000000000
61821  19.359  -30.478  68.804 0.0000000000
61810  17.630  -30.861  69.431 0.0000000000
60650  16.904  -31.108  69.117 0.0000000000
66164  26.662  -26.837  68.471 0.0000000000
64119  24.374  -29.095  66.391 0.0000000000
63024  21.711  -30.195  66.900 0.0000000000
150914  20.344  -30.497  65.787 0.0000000000
61859  18.612  -30.446  65.235 0.0000000000
74941  32.348  -17.583  44.548 0.0000000000
78944  42.360  -13.192  47.525 0.0000000000
78943  43.089  -13.028  47.806 0.0000000000
79885  43.108  -12.427  47.214 0.0000000000
77974  40.629  -14.464  45.131 0.0000000000
77965  40.956  -14.691  46.080 0.0000000000
78953  41.519  -13.310  46.288 0.0000000000
78962  41.110  -13.377  45.377 0.0000000000
61864  14.469  -29.308  65.508 0.0000000000
61853  14.204  -29.531  66.162 0.0000000000
61854  13.573  -29.339  66.389 0.0000000000
63013  12.741  -29.212  66.925 0.0000000000
63027  12.342  -28.858  66.557 0.0000000000
63004  11.090  -28.545  68.651 0.0000000000
63003  11.926  -29.053  68.495 0.0000000000
64111  10.892  -28.249  67.524 0.0000000000
64112  10.391  -28.058  67.782 0.0000000000
64091  9.322  -27.838  69.445 0.0000000000
64102  9.275  -27.830  68.352 0.0000000000
62959  11.384  -29.312  72.589 0.0000000000
62942  9.882  -28.239  74.230 0.0000000000
64061  8.988  -27.643  72.636 0.0000000000
62961  9.792  -28.195  71.989 0.0000000000
63976  6.223  -28.006  81.275 0.0000000000
63966  5.759  -27.888  81.758 0.0000000000
65086  4.884  -27.538  82.499 0.0000000000
63967  5.134  -28.030  81.972 0.0000000000
72819  31.635  -19.801  52.291 0.0000000000
69944  31.613  -22.111  52.709 0.0000000000
69018  31.121  -23.308  52.076 0.0000000000
68067  31.087  -24.798  55.705 0.0000000000
67222  27.968  -25.039  50.879 0.0000000000
152041  27.039  -25.368  55.081 0.0000000000
68086  26.153  -24.994  55.626 0.0000000000
152062  25.325  -24.638  53.152 0.0000000000
152067  24.437  -24.382  52.334 0.0000000000
69020  22.380  -22.735  52.651 0.0000000000
65177  26.537  -27.194  65.532 0.0000000000
65176  26.838  -26.680  65.783 0.0000000000
65213  26.014  -26.714  63.355 0.0000000000
66190  26.255  -26.247  63.822 0.0000000000
67074  26.442  -25.793  64.210 0.0000000000
67081  26.299  -25.268  63.691 0.0000000000
64207  24.256  -27.606  60.012 0.0000000000
65227  25.009  -27.161  61.318 0.0000000000
67103  25.260  -24.948  61.389 0.0000000000
66213  25.309  -25.824  61.666 0.0000000000
67958  25.896  -24.737  62.424 0.0000000000
67956  26.976  -23.500  62.943 0.0000000000
68873  26.170  -23.551  61.385 0.0000000000
68882  26.165  -23.494  60.656 0.0000000000
68881  26.560  -23.696  60.998 0.0000000000
67987  26.349  -23.616  60.162 0.0000000000
68899  25.985  -23.426  59.855 0.0000000000
68923  24.159  -23.277  58.817 0.0000000000
68921  25.499  -23.456  59.208 0.0000000000
68939  24.382  -23.296  58.279 0.0000000000
68955  24.683  -23.496  57.543 0.0000000000
67169  23.162  -24.815  56.880 0.0000000000
68975  22.042  -23.040  56.010 0.0000000000
68958  22.759  -23.171  56.751 0.0000000000
68974  22.775  -22.314  56.429 0.0000000000
74854  31.892  -17.731  51.142 0.0000000000
73858  29.941  -18.279  50.510 0.0000000000
73857  30.708  -17.786  50.773 0.0000000000
73880  29.503  -17.730  50.177 0.0000000000
75864  28.851  -16.499  49.531 0.0000000000
74874  28.520  -17.371  49.550 0.0000000000
70967  29.141  -20.517  48.884 0.0000000000
71908  29.261  -19.979  49.445 0.0000000000
71922  28.182  -19.972  48.352 0.0000000000
72888  26.811  -19.186  47.497 0.0000000000
72887  27.669  -18.922  48.354 0.0000000000
73906  27.050  -18.186  47.960 0.0000000000
74883  27.221  -17.342  48.539 0.0000000000
74893  26.535  -17.329  47.796 0.0000000000
88332  49.274  -3.929  35.286 0.0000000000
88336  49.475  -4.071  34.543 0.0000000000
88335  49.957  -3.510  34.315 0.0000000000
87325  41.328  -4.086  36.674 0.0000000000
86340  39.758  -4.655  36.253 0.0000000000
75844  33.792  -15.887  50.787 0.0000000000
63058  13.431  -28.427  64.703 0.0000000000
61874  17.299  -29.922  63.977 0.0000000000
63054  16.602  -29.474  63.583 0.0000000000
64156  15.076  -28.330  62.679 0.0000000000
75886  36.699  -16.853  47.981 0.0000000000
74881  38.016  -17.075  48.044 0.0000000000
61788  14.641  -30.636  71.638 0.0000000000
67984  29.678  -24.853  60.381 0.0000000000
67136  27.403  -24.548  59.087 0.0000000000
63142  21.152  -29.296  58.892 0.0000000000
63141  22.066  -29.022  58.841 0.0000000000
64231  21.513  -28.905  58.115 0.0000000000
65288  22.348  -27.382  56.890 0.0000000000
152092  30.391  -23.097  50.701 0.0000000000
88283  42.080  -3.284  41.220 0.0000000000
89293  42.962  -2.236  42.381 0.0000000000
89295  42.049  -2.022  41.658 0.0000000000
88306  45.586  -3.496  38.330 0.0000000000
88307  44.597  -3.504  38.417 0.0000000000
88319  43.868  -3.793  37.736 0.0000000000
87323  43.193  -3.465  36.204 0.0000000000
75890  33.379  -16.189  47.286 0.0000000000
76959  29.773  -15.403  47.697 0.0000000000
75894  28.961  -15.745  46.854 0.0000000000
76910  35.018  -14.729  50.446 0.0000000000
76909  36.105  -14.781  50.516 0.0000000000
76939  34.960  -15.332  48.772 0.0000000000
64123  8.554  -28.496  65.802 0.0000000000
63020  24.662  -29.102  65.551 0.0000000000
150955  20.316  -29.415  60.477 0.0000000000
150971  18.081  -28.526  59.027 0.0000000000
152073  26.694  -24.956  50.342 0.0000000000
80772  44.399  -12.004  47.430 0.0000000000
82505  46.472  -9.815  46.875 0.0000000000
152323  45.263  -8.841  44.068 0.0000000000
84271  44.383  -8.066  42.678 0.0000000000
84282  44.039  -7.542  42.186 0.0000000000
152395  43.264  -8.203  42.081 0.0000000000
83391  42.834  -8.089  41.756 0.0000000000
77954  42.314  -13.987  48.089 0.0000000000
61838  14.266  -30.271  67.174 0.0000000000
61814  12.038  -29.341  69.426 0.0000000000
63005  10.575  -28.182  68.574 0.0000000000
62941  10.788  -28.909  74.354 0.0000000000
64062  7.982  -27.326  72.105 0.0000000000
69017  31.477  -22.916  52.696 0.0000000000
68107  31.162  -23.988  53.301 0.0000000000
64153  26.059  -27.859  64.261 0.0000000000
64154  25.615  -28.031  63.481 0.0000000000
65199  25.763  -27.260  63.233 0.0000000000
65214  25.635  -26.722  62.813 0.0000000000
65257  24.274  -26.786  59.632 0.0000000000
67988  25.195  -24.215  61.028 0.0000000000
68884  25.008  -23.789  60.748 0.0000000000
68035  24.282  -23.532  59.174 0.0000000000
67178  22.262  -24.968  55.582 0.0000000000
68088  22.346  -24.150  55.946 0.0000000000
68089  21.909  -24.043  55.337 0.0000000000
68976  21.557  -23.172  55.008 0.0000000000
69898  21.710  -22.410  55.034 0.0000000000
68991  21.179  -23.219  54.276 0.0000000000
73843  30.343  -18.882  50.820 0.0000000000
73859  29.388  -18.737  50.018 0.0000000000
70979  28.061  -20.910  47.729 0.0000000000
71938  27.523  -20.446  47.612 0.0000000000
87319  47.082  -4.422  35.897 0.0000000000
87318  47.957  -4.313  35.636 0.0000000000
76945  28.338  -15.713  48.715 0.0000000000
75830  35.982  -15.962  51.864 0.0000000000
77936  34.647  -14.592  50.207 0.0000000000
64128  11.476  -28.203  65.797 0.0000000000
65215  14.056  -27.166  61.226 0.0000000000
80785  43.304  -11.605  46.309 0.0000000000
61819  20.785  -30.021  68.732 0.0000000000
75856  39.376  -16.360  49.593 0.0000000000
74878  39.960  -17.161  48.107 0.0000000000
75907  39.150  -17.160  45.355 0.0000000000
75925  39.041  -16.889  44.431 0.0000000000
60640  14.696  -31.061  69.025 0.0000000000
61811  14.255  -30.769  68.944 0.0000000000
60628  14.192  -30.795  69.679 0.0000000000
62968  11.337  -29.266  71.588 0.0000000000
64037  10.228  -28.414  75.746 0.0000000000
64038  9.449  -28.083  75.392 0.0000000000
67159  26.869  -24.790  57.393 0.0000000000
63104  23.606  -28.780  60.983 0.0000000000
63103  24.148  -28.487  61.162 0.0000000000
64196  24.100  -28.437  60.875 0.0000000000
64208  23.952  -28.300  60.317 0.0000000000
64218  23.026  -28.496  59.042 0.0000000000
64217  23.590  -27.980  59.191 0.0000000000
64216  24.034  -27.419  59.490 0.0000000000
67149  24.070  -25.399  58.991 0.0000000000
67150  23.794  -24.867  58.632 0.0000000000
66250  23.540  -25.825  58.109 0.0000000000
66259  23.323  -25.746  57.292 0.0000000000
66266  23.075  -25.758  56.535 0.0000000000
65301  21.879  -27.276  56.226 0.0000000000
65313  22.156  -26.526  55.844 0.0000000000
66267  22.543  -25.810  55.945 0.0000000000
66275  21.928  -25.883  55.367 0.0000000000
70955  29.673  -21.111  49.494 0.0000000000
69991  29.173  -21.091  48.737 0.0000000000
152116  27.406  -21.997  47.269 0.0000000000
88316  46.807  -3.734  37.487 0.0000000000
88317  45.882  -3.775  37.581 0.0000000000
88328  46.045  -4.050  36.863 0.0000000000
87320  46.129  -4.321  36.053 0.0000000000
87347  45.381  -4.754  34.456 0.0000000000
74924  34.131  -17.804  45.701 0.0000000000
74925  33.257  -17.449  45.570 0.0000000000
75909  32.935  -16.679  46.242 0.0000000000
75927  32.223  -16.868  45.489 0.0000000000
76957  31.600  -15.641  47.541 0.0000000000
75892  31.243  -15.897  46.827 0.0000000000
75843  38.004  -15.631  50.028 0.0000000000
75858  37.550  -16.061  49.556 0.0000000000
75874  36.379  -16.270  48.607 0.0000000000
75887  36.004  -16.633  47.914 0.0000000000
74891  35.686  -17.133  47.250 0.0000000000
66167  27.147  -26.402  67.809 0.0000000000
66170  27.186  -26.273  66.810 0.0000000000
64138  26.104  -27.998  65.010 0.0000000000
64126  25.419  -28.550  65.330 0.0000000000
64139  25.527  -28.368  64.396 0.0000000000
63070  24.482  -28.729  62.831 0.0000000000
63088  23.568  -29.127  62.160 0.0000000000
150929  22.290  -29.881  63.542 0.0000000000
150934  22.885  -29.717  62.866 0.0000000000
150936  22.816  -29.505  62.299 0.0000000000
63151  20.517  -29.303  58.424 0.0000000000
63152  19.961  -29.330  58.317 0.0000000000
64249  19.442  -29.127  57.780 0.0000000000
67208  28.600  -24.727  50.564 0.0000000000
86243  47.073  -5.825  44.087 0.0000000000
83353  47.049  -8.972  46.447 0.0000000000
85230  47.009  -6.998  44.372 0.0000000000
86251  46.626  -5.331  43.603 0.0000000000
87270  45.103  -5.176  42.416 0.0000000000
87277  44.889  -4.587  42.082 0.0000000000
87278  44.055  -4.538  41.599 0.0000000000
85261  43.636  -6.357  41.530 0.0000000000
86273  43.547  -5.426  41.327 0.0000000000
87287  42.555  -4.323  40.812 0.0000000000
88289  41.906  -3.754  40.706 0.0000000000
89319  41.158  -3.277  40.353 0.0000000000
88300  40.882  -3.151  39.449 0.0000000000
88322  41.326  -3.457  38.170 0.0000000000
88312  40.293  -3.499  39.137 0.0000000000
61876  15.574  -29.520  64.765 0.0000000000
61877  15.240  -29.396  64.870 0.0000000000
61809  18.531  -30.548  69.771 0.0000000000
60664  16.851  -31.137  68.321 0.0000000000
60651  16.228  -31.252  68.802 0.0000000000
60639  15.482  -31.261  69.358 0.0000000000
60626  15.472  -31.186  70.294 0.0000000000
60613  15.390  -31.003  71.142 0.0000000000
60612  15.872  -30.888  71.374 0.0000000000
65171  26.383  -27.558  67.373 0.0000000000
64107  26.008  -28.004  67.722 0.0000000000
73983  33.681  -18.160  44.429 0.0000000000
80770  45.962  -11.613  48.786 0.0000000000
79884  43.917  -12.337  47.405 0.0000000000
79894  42.652  -12.220  46.608 0.0000000000
77964  41.379  -14.230  46.778 0.0000000000
78952  41.969  -12.973  46.824 0.0000000000
63035  14.554  -29.199  65.058 0.0000000000
63036  13.951  -29.093  65.353 0.0000000000
63037  13.253  -28.755  65.565 0.0000000000
63038  12.468  -28.466  65.749 0.0000000000
63039  11.995  -28.516  66.228 0.0000000000
61827  12.743  -29.456  67.914 0.0000000000
63014  12.176  -29.081  67.382 0.0000000000
64114  8.246  -28.213  66.790 0.0000000000
62969  10.605  -28.651  71.305 0.0000000000
62950  10.620  -28.843  73.362 0.0000000000
64081  8.226  -27.571  70.019 0.0000000000
64071  8.137  -27.474  71.099 0.0000000000
63988  6.254  -28.404  80.403 0.0000000000
63989  5.736  -28.417  80.848 0.0000000000
62883  4.948  -28.784  81.043 0.0000000000
74840  33.960  -17.688  52.267 0.0000000000
71886  31.299  -20.470  51.898 0.0000000000
69030  31.285  -22.688  52.141 0.0000000000
69031  30.934  -22.904  51.450 0.0000000000
152089  29.951  -24.043  50.970 0.0000000000
68108  30.399  -24.401  52.718 0.0000000000
67207  29.492  -24.535  51.300 0.0000000000
152075  24.362  -24.469  51.786 0.0000000000
152077  24.158  -24.301  52.109 0.0000000000
67067  27.472  -25.560  66.435 0.0000000000
67070  27.246  -25.307  65.626 0.0000000000
66177  26.524  -26.434  64.675 0.0000000000
66176  26.921  -25.943  65.240 0.0000000000
67943  27.033  -24.237  64.059 0.0000000000
64194  25.036  -27.560  61.822 0.0000000000
65242  25.098  -26.461  61.258 0.0000000000
66202  25.612  -25.961  62.427 0.0000000000
67944  26.501  -24.607  63.726 0.0000000000
68874  25.859  -23.684  61.624 0.0000000000
68012  26.361  -23.777  59.648 0.0000000000
68034  25.432  -23.658  58.566 0.0000000000
68054  23.511  -23.885  58.036 0.0000000000
68989  23.313  -22.446  55.868 0.0000000000
69006  22.564  -22.352  54.312 0.0000000000
69912  21.401  -22.320  54.099 0.0000000000
69911  22.009  -22.002  54.566 0.0000000000
69007  22.303  -22.445  53.553 0.0000000000
74853  32.595  -17.532  51.370 0.0000000000
74863  32.331  -16.982  50.822 0.0000000000
74865  30.550  -17.238  50.546 0.0000000000
75848  30.417  -16.601  50.186 0.0000000000
75863  29.794  -16.340  49.798 0.0000000000
76930  28.670  -15.993  49.235 0.0000000000
71896  29.748  -19.864  49.988 0.0000000000
72864  29.059  -19.163  49.609 0.0000000000
72865  28.523  -19.018  49.024 0.0000000000
73882  28.288  -18.142  49.001 0.0000000000
74882  27.989  -17.358  48.947 0.0000000000
75880  27.715  -16.507  48.885 0.0000000000
76946  27.388  -15.918  48.375 0.0000000000
87312  41.107  -3.657  37.482 0.0000000000
87324  42.278  -3.836  36.394 0.0000000000
87337  42.406  -3.848  35.518 0.0000000000
87351  41.729  -4.287  34.955 0.0000000000
60641  14.212  -30.773  69.222 0.0000000000
63140  22.393  -28.744  58.876 0.0000000000
64090  9.900  -28.051  69.293 0.0000000000
64245  23.061  -27.324  57.586 0.0000000000
65136  7.631  -27.516  71.478 0.0000000000
65144  7.712  -27.537  71.153 0.0000000000
65145  7.506  -27.613  71.246 0.0000000000
65272  24.045  -26.551  59.048 0.0000000000
65300  22.624  -26.658  56.471 0.0000000000
66168  26.668  -27.085  67.781 0.0000000000
66172  27.101  -26.177  65.926 0.0000000000
67092  25.605  -25.149  62.101 0.0000000000
67138  24.049  -24.455  59.027 0.0000000000
68872  26.416  -23.632  61.182 0.0000000000
69899  21.397  -22.673  54.493 0.0000000000
69928  22.127  -22.180  53.954 0.0000000000
70001  27.796  -21.483  47.523 0.0000000000
70956  29.394  -20.635  49.261 0.0000000000
71921  28.843  -20.175  48.807 0.0000000000
72846  29.547  -19.249  50.052 0.0000000000
73957  35.764  -18.083  45.576 0.0000000000
73960  34.178  -18.158  44.944 0.0000000000
73981  35.736  -18.133  45.339 0.0000000000
73984  33.217  -18.056  44.259 0.0000000000
74873  29.251  -17.216  49.904 0.0000000000
74926  32.592  -17.365  45.179 0.0000000000
74939  33.659  -17.920  45.101 0.0000000000
75879  28.338  -16.246  49.200 0.0000000000
76947  26.935  -16.065  48.011 0.0000000000
76962  27.118  -15.863  47.895 0.0000000000
77935  34.828  -14.569  50.238 0.0000000000
77943  34.464  -14.433  49.909 0.0000000000
84253  47.494  -7.454  46.235 0.0000000000
84283  43.370  -7.651  41.841 0.0000000000
84292  43.703  -7.101  41.708 0.0000000000
85237  45.793  -7.098  43.401 0.0000000000
85250  44.253  -6.507  41.881 0.0000000000
86252  45.848  -5.750  43.231 0.0000000000
86261  44.760  -5.707  42.187 0.0000000000
86274  42.883  -5.333  40.816 0.0000000000
86275  42.316  -5.613  40.589 0.0000000000
86289  42.425  -5.065  40.605 0.0000000000
86291  41.084  -5.466  40.204 0.0000000000
87286  43.308  -4.478  41.244 0.0000000000
87288  42.141  -3.911  40.746 0.0000000000
87295  41.825  -4.422  40.493 0.0000000000
87297  40.375  -4.326  39.923 0.0000000000
87303  40.682  -3.580  38.085 0.0000000000
87304  39.943  -3.736  38.475 0.0000000000
87310  43.073  -3.868  37.047 0.0000000000
87331  47.963  -4.481  34.816 0.0000000000
87339  40.620  -4.531  36.221 0.0000000000
88269  42.611  -2.815  41.788 0.0000000000
88270  42.254  -2.710  41.638 0.0000000000
88290  41.483  -3.566  40.589 0.0000000000
88291  40.846  -3.716  40.209 0.0000000000
88297  43.341  -2.911  39.262 0.0000000000
88298  42.396  -2.859  39.137 0.0000000000
88308  43.636  -3.435  38.524 0.0000000000
88310  41.830  -3.217  38.622 0.0000000000
88311  40.910  -3.300  38.714 0.0000000000
88327  46.978  -4.160  36.747 0.0000000000
88329  45.309  -3.949  36.987 0.0000000000
89294  42.274  -2.215  41.906 0.0000000000
89308  42.067  -2.622  41.534 0.0000000000
89309  41.857  -2.444  41.308 0.0000000000
89317  41.844  -2.251  40.302 0.0000000000
89318  41.448  -2.770  40.562 0.0000000000
89327  42.841  -2.370  39.521 0.0000000000
89328  42.060  -2.470  39.677 0.0000000000
89330  40.892  -3.120  40.077 0.0000000000
89347  50.209  -2.964  34.790 0.0000000000
90361  42.192  -1.722  40.715 0.0000000000
150939  17.736  -28.340  58.997 0.0000000000
150944  23.246  -29.502  62.812 0.0000000000
152074  24.218  -24.228  52.994 0.0000000000
152399  41.733  -6.231  40.457 0.0000000000
152401  40.619  -5.448  39.985 0.0000000000
152402  40.595  -5.748  39.917 0.0000000000
152409  45.147  -8.410  43.541 0.0000000000
152412  45.089  -8.030  43.159 0.0000000000
152423  42.466  -6.104  40.738 0.0000000000
