#!ascii label  , from subject 3254 vox2ras=TkReg
1370
58186  6.700  -34.766  77.724 0.0000000000
71946  40.028  -21.150  46.413 0.0000000000
60757  23.539  -32.155  59.128 0.0000000000
64174  29.747  -28.803  62.366 0.0000000000
59573  16.265  -32.216  63.780 0.0000000000
58235  14.406  -33.614  73.472 0.0000000000
85271  44.532  -6.547  40.419 0.0000000000
74914  46.601  -17.190  44.833 0.0000000000
67192  32.359  -25.314  52.941 0.0000000000
85396  48.050  -6.669  28.032 0.0000000000
60693  24.554  -31.646  65.327 0.0000000000
59414  10.762  -32.991  76.013 0.0000000000
79901  47.990  -12.490  46.001 0.0000000000
76972  43.868  -15.440  45.839 0.0000000000
73873  39.623  -19.028  49.689 0.0000000000
74870  44.515  -18.367  49.495 0.0000000000
73877  34.953  -19.271  49.619 0.0000000000
152037  25.961  -27.408  55.354 0.0000000000
60772  27.474  -31.997  58.248 0.0000000000
59510  20.328  -32.282  67.922 0.0000000000
58246  19.122  -33.237  72.519 0.0000000000
58296  15.046  -33.647  68.595 0.0000000000
59487  10.305  -32.927  70.293 0.0000000000
150933  20.748  -31.781  62.173 0.0000000000
86321  50.031  -5.660  37.461 0.0000000000
80803  50.545  -11.614  42.000 0.0000000000
72919  44.431  -19.957  45.855 0.0000000000
69923  36.942  -22.979  53.178 0.0000000000
66246  31.931  -26.667  58.649 0.0000000000
81718  45.610  -10.507  33.350 0.0000000000
85372  51.839  -6.797  31.367 0.0000000000
82614  52.032  -8.969  27.847 0.0000000000
60647  23.961  -31.796  68.488 0.0000000000
58184  8.220  -33.786  76.926 0.0000000000
59383  11.497  -32.839  78.985 0.0000000000
58153  9.291  -33.559  80.400 0.0000000000
79903  44.248  -12.978  45.510 0.0000000000
73836  40.153  -19.185  51.427 0.0000000000
73818  41.907  -18.635  52.177 0.0000000000
57038  4.019  -33.907  83.661 0.0000000000
72904  35.299  -19.590  47.063 0.0000000000
60813  23.088  -32.241  56.096 0.0000000000
60825  25.046  -31.133  55.489 0.0000000000
59653  25.913  -33.600  58.143 0.0000000000
59540  17.718  -32.523  65.626 0.0000000000
58293  17.709  -33.193  68.197 0.0000000000
59527  16.205  -32.845  66.921 0.0000000000
59553  18.526  -32.294  64.060 0.0000000000
59538  20.249  -32.088  64.353 0.0000000000
58233  16.525  -33.482  73.400 0.0000000000
86312  47.301  -5.315  38.556 0.0000000000
84300  50.570  -8.071  40.232 0.0000000000
85246  49.134  -6.854  42.268 0.0000000000
76968  46.506  -15.250  45.623 0.0000000000
78966  48.088  -13.142  43.995 0.0000000000
71976  40.443  -20.782  44.655 0.0000000000
72954  42.733  -19.780  44.344 0.0000000000
72921  42.633  -20.195  46.270 0.0000000000
69029  33.358  -23.830  50.726 0.0000000000
70938  34.285  -21.907  51.027 0.0000000000
68104  34.899  -24.220  53.244 0.0000000000
65255  28.199  -27.985  59.350 0.0000000000
65280  29.734  -27.308  57.855 0.0000000000
66225  30.420  -27.289  60.446 0.0000000000
152390  41.110  -7.182  37.718 0.0000000000
82585  41.730  -9.723  33.261 0.0000000000
85324  44.059  -6.796  35.701 0.0000000000
85321  47.314  -7.044  35.555 0.0000000000
85400  52.894  -6.812  27.078 0.0000000000
85392  51.724  -6.983  28.093 0.0000000000
84391  52.389  -7.860  29.690 0.0000000000
84393  49.491  -7.318  29.153 0.0000000000
59604  24.306  -32.053  61.479 0.0000000000
58367  25.514  -33.423  60.978 0.0000000000
59570  25.941  -32.724  64.045 0.0000000000
59430  12.644  -33.300  74.637 0.0000000000
58182  15.369  -33.913  77.241 0.0000000000
59392  13.677  -33.110  78.668 0.0000000000
82527  45.939  -9.077  41.698 0.0000000000
83370  48.475  -8.825  43.507 0.0000000000
81650  47.357  -11.197  45.936 0.0000000000
77961  45.400  -14.376  46.482 0.0000000000
74900  45.667  -16.845  45.240 0.0000000000
72901  38.967  -20.191  47.455 0.0000000000
72875  42.000  -19.836  47.821 0.0000000000
73871  41.553  -18.756  49.510 0.0000000000
66294  31.093  -26.061  52.580 0.0000000000
65196  31.744  -27.909  63.563 0.0000000000
57079  4.555  -34.713  78.335 0.0000000000
58144  7.087  -34.517  80.917 0.0000000000
57047  5.496  -34.361  82.354 0.0000000000
71949  37.180  -21.035  45.595 0.0000000000
72903  36.465  -19.980  47.067 0.0000000000
73875  37.494  -19.301  49.669 0.0000000000
73838  37.931  -19.854  51.263 0.0000000000
65325  24.065  -27.963  55.137 0.0000000000
64243  26.140  -29.390  57.350 0.0000000000
63118  28.063  -30.141  60.239 0.0000000000
58376  27.753  -34.511  60.077 0.0000000000
59612  29.041  -32.970  61.080 0.0000000000
59495  21.480  -32.212  69.152 0.0000000000
58259  20.894  -33.251  71.608 0.0000000000
59482  19.742  -32.625  69.991 0.0000000000
58262  16.934  -33.440  71.386 0.0000000000
58264  14.860  -33.683  71.448 0.0000000000
59544  13.710  -33.273  66.672 0.0000000000
58288  13.377  -33.684  69.552 0.0000000000
58252  13.144  -33.605  72.457 0.0000000000
59440  10.559  -33.426  73.125 0.0000000000
58221  8.758  -33.644  74.038 0.0000000000
58223  6.528  -34.111  74.417 0.0000000000
60794  21.711  -31.607  57.524 0.0000000000
60796  20.141  -31.033  58.697 0.0000000000
60747  22.420  -31.577  60.744 0.0000000000
60708  22.870  -31.293  63.945 0.0000000000
60674  22.594  -31.525  66.585 0.0000000000
79928  51.356  -12.204  40.125 0.0000000000
80793  49.792  -11.748  44.469 0.0000000000
75939  42.041  -16.747  44.228 0.0000000000
73956  44.320  -18.339  44.480 0.0000000000
73954  45.870  -18.671  44.518 0.0000000000
73918  44.670  -19.124  47.493 0.0000000000
73936  46.888  -18.992  46.664 0.0000000000
72884  32.850  -19.723  49.245 0.0000000000
72832  35.798  -20.455  51.183 0.0000000000
70907  38.476  -21.507  53.332 0.0000000000
66274  29.715  -27.310  54.636 0.0000000000
66263  33.006  -26.210  56.334 0.0000000000
67100  33.294  -26.194  60.978 0.0000000000
67145  33.622  -25.863  58.275 0.0000000000
67165  34.519  -25.058  55.945 0.0000000000
68062  36.398  -24.038  55.844 0.0000000000
69893  38.498  -22.686  55.742 0.0000000000
83477  46.937  -8.868  29.981 0.0000000000
84364  49.063  -7.699  32.408 0.0000000000
85334  50.390  -6.372  34.546 0.0000000000
59508  25.030  -32.455  68.944 0.0000000000
58185  7.426  -34.342  77.379 0.0000000000
59386  8.838  -33.435  78.345 0.0000000000
58177  7.396  -34.457  78.583 0.0000000000
73820  40.026  -19.615  52.405 0.0000000000
73805  40.772  -19.425  52.981 0.0000000000
59364  3.033  -32.531  83.389 0.0000000000
60792  23.573  -32.782  56.938 0.0000000000
59668  24.548  -32.915  56.979 0.0000000000
59654  24.840  -33.302  57.901 0.0000000000
59526  17.085  -32.738  66.813 0.0000000000
59555  16.091  -32.507  65.022 0.0000000000
59572  17.205  -31.897  62.682 0.0000000000
59554  17.107  -32.435  64.504 0.0000000000
58234  15.466  -33.550  73.493 0.0000000000
58202  16.430  -33.877  75.115 0.0000000000
86301  45.460  -5.469  39.378 0.0000000000
86285  47.928  -5.215  40.576 0.0000000000
85258  47.527  -6.230  41.951 0.0000000000
75900  46.970  -16.011  45.353 0.0000000000
76979  46.873  -15.298  45.070 0.0000000000
71961  39.714  -21.091  45.347 0.0000000000
71975  41.195  -20.729  45.254 0.0000000000
71959  41.281  -20.662  46.131 0.0000000000
67203  33.216  -24.611  51.966 0.0000000000
68117  33.860  -24.408  51.953 0.0000000000
68105  34.125  -24.598  52.964 0.0000000000
65240  28.766  -28.402  60.401 0.0000000000
65254  29.115  -27.763  59.706 0.0000000000
65224  29.772  -28.008  61.563 0.0000000000
85278  42.716  -6.593  38.812 0.0000000000
85326  42.343  -6.790  35.689 0.0000000000
85295  43.666  -6.006  37.434 0.0000000000
85293  45.112  -5.869  37.006 0.0000000000
85393  50.946  -6.698  27.640 0.0000000000
85394  49.781  -6.799  27.780 0.0000000000
85387  50.999  -6.978  28.727 0.0000000000
84402  48.777  -7.404  28.057 0.0000000000
60707  24.375  -31.628  64.279 0.0000000000
59590  25.173  -32.222  63.486 0.0000000000
59571  25.292  -31.986  64.717 0.0000000000
59423  11.666  -32.986  75.321 0.0000000000
59411  13.492  -32.714  77.089 0.0000000000
59403  11.911  -32.564  77.378 0.0000000000
58151  11.400  -33.719  80.576 0.0000000000
58150  12.369  -33.775  80.444 0.0000000000
152415  45.819  -9.919  42.464 0.0000000000
83371  47.024  -9.150  43.462 0.0000000000
152439  44.989  -12.362  45.501 0.0000000000
77971  43.510  -14.469  45.530 0.0000000000
78960  44.499  -13.565  46.071 0.0000000000
77962  44.750  -14.513  46.258 0.0000000000
76970  45.479  -15.294  46.238 0.0000000000
75904  44.289  -15.971  45.851 0.0000000000
72878  39.478  -19.641  48.292 0.0000000000
72877  40.591  -19.455  48.612 0.0000000000
73872  40.587  -18.888  49.437 0.0000000000
82543  43.996  -9.517  39.768 0.0000000000
58157  5.304  -34.456  80.729 0.0000000000
58146  4.238  -33.660  81.301 0.0000000000
71965  35.749  -20.901  44.784 0.0000000000
72924  36.766  -20.658  46.278 0.0000000000
72925  35.610  -20.320  45.913 0.0000000000
72882  34.904  -19.297  47.944 0.0000000000
72881  36.043  -19.458  48.236 0.0000000000
73876  36.198  -19.217  49.360 0.0000000000
73854  37.009  -19.497  50.606 0.0000000000
65327  22.507  -28.903  53.939 0.0000000000
60791  26.541  -31.766  57.062 0.0000000000
63158  25.665  -30.027  56.354 0.0000000000
61934  26.691  -30.512  57.504 0.0000000000
63128  27.537  -30.119  59.193 0.0000000000
61926  27.837  -31.165  59.578 0.0000000000
57163  26.847  -34.427  62.472 0.0000000000
57182  26.410  -34.350  60.639 0.0000000000
57171  27.549  -35.070  61.697 0.0000000000
57160  29.286  -34.678  62.087 0.0000000000
59588  29.542  -32.173  62.425 0.0000000000
59481  20.715  -32.397  70.101 0.0000000000
59497  19.589  -32.585  68.940 0.0000000000
58294  16.847  -33.378  68.475 0.0000000000
58284  17.246  -33.385  69.292 0.0000000000
58285  16.280  -33.591  69.448 0.0000000000
58263  15.894  -33.657  71.427 0.0000000000
58275  15.595  -33.685  70.449 0.0000000000
59558  13.228  -32.944  65.669 0.0000000000
59500  11.247  -32.912  69.402 0.0000000000
59514  12.234  -33.212  68.517 0.0000000000
59485  12.186  -33.405  69.975 0.0000000000
58278  12.496  -33.581  70.449 0.0000000000
58267  12.076  -33.605  71.227 0.0000000000
59452  11.329  -33.502  72.418 0.0000000000
59470  10.438  -33.222  71.271 0.0000000000
58222  7.650  -33.881  74.213 0.0000000000
61978  21.624  -31.455  55.391 0.0000000000
61944  20.887  -31.047  57.307 0.0000000000
150941  19.400  -31.770  61.729 0.0000000000
60760  20.641  -31.609  60.754 0.0000000000
60759  21.621  -31.553  60.119 0.0000000000
60748  21.597  -31.623  61.359 0.0000000000
60737  22.332  -31.550  61.701 0.0000000000
150932  21.763  -31.630  62.653 0.0000000000
59523  20.178  -32.200  66.597 0.0000000000
59537  20.791  -31.874  65.939 0.0000000000
59522  21.034  -31.934  66.947 0.0000000000
60649  22.154  -31.939  68.252 0.0000000000
58245  20.002  -33.475  72.345 0.0000000000
56064  7.224  -35.101  83.038 0.0000000000
57044  8.231  -34.766  82.458 0.0000000000
85283  51.139  -7.150  38.402 0.0000000000
82535  49.925  -9.731  41.047 0.0000000000
81695  49.885  -10.079  39.793 0.0000000000
79929  51.124  -11.532  40.748 0.0000000000
79922  50.496  -12.185  41.596 0.0000000000
152436  48.980  -10.058  45.132 0.0000000000
82523  49.434  -9.409  43.694 0.0000000000
80788  49.573  -11.321  45.027 0.0000000000
72941  43.701  -20.119  45.011 0.0000000000
73977  43.786  -18.656  44.218 0.0000000000
73976  44.482  -18.964  44.390 0.0000000000
73955  44.958  -18.619  44.683 0.0000000000
72939  45.645  -19.411  45.172 0.0000000000
73869  43.216  -18.712  49.001 0.0000000000
73920  43.129  -19.538  47.716 0.0000000000
73894  44.293  -18.823  48.243 0.0000000000
71919  32.322  -20.788  49.207 0.0000000000
70924  35.694  -22.332  51.872 0.0000000000
71885  34.638  -21.320  51.165 0.0000000000
70923  36.313  -22.037  52.114 0.0000000000
71868  37.272  -21.349  52.245 0.0000000000
70909  37.438  -22.378  53.019 0.0000000000
66298  24.979  -27.133  54.644 0.0000000000
152038  26.168  -27.195  54.843 0.0000000000
65279  30.359  -27.297  57.622 0.0000000000
65307  30.181  -27.470  56.129 0.0000000000
66265  31.103  -27.236  56.716 0.0000000000
66273  30.741  -27.238  55.196 0.0000000000
66264  32.041  -26.719  56.388 0.0000000000
66199  32.648  -26.807  62.538 0.0000000000
67131  35.103  -25.085  58.915 0.0000000000
67155  34.485  -25.337  57.035 0.0000000000
67154  35.107  -24.813  56.790 0.0000000000
68063  35.625  -24.505  56.188 0.0000000000
68045  36.439  -24.009  56.842 0.0000000000
82583  43.553  -10.451  33.351 0.0000000000
82603  46.346  -9.764  31.639 0.0000000000
83469  47.789  -8.734  31.445 0.0000000000
83446  47.416  -9.173  33.254 0.0000000000
86348  48.534  -5.870  36.224 0.0000000000
85319  49.597  -6.293  35.183 0.0000000000
86333  50.805  -5.810  36.244 0.0000000000
85317  51.454  -6.471  35.324 0.0000000000
83490  52.694  -8.319  27.247 0.0000000000
84385  52.409  -7.136  30.518 0.0000000000
84376  52.010  -8.122  31.672 0.0000000000
84363  52.102  -7.511  32.537 0.0000000000
60672  24.179  -31.599  66.780 0.0000000000
59536  25.653  -32.150  66.578 0.0000000000
60645  25.486  -32.249  68.014 0.0000000000
59405  9.915  -33.026  76.741 0.0000000000
59404  10.916  -32.728  77.070 0.0000000000
59396  10.101  -32.613  77.814 0.0000000000
58166  9.781  -33.016  79.628 0.0000000000
58140  9.896  -33.890  81.270 0.0000000000
78968  43.356  -13.540  44.974 0.0000000000
77972  42.976  -14.830  45.060 0.0000000000
73852  39.320  -19.137  50.592 0.0000000000
73851  40.357  -18.868  50.470 0.0000000000
73835  41.169  -18.825  51.304 0.0000000000
73803  42.653  -18.796  53.020 0.0000000000
58136  4.320  -33.508  82.357 0.0000000000
58137  3.731  -32.812  82.485 0.0000000000
57031  3.527  -34.294  84.249 0.0000000000
72926  34.476  -19.579  46.082 0.0000000000
73922  33.429  -18.929  47.601 0.0000000000
61995  23.786  -30.609  54.575 0.0000000000
60826  24.433  -31.387  55.179 0.0000000000
59683  25.827  -32.356  56.628 0.0000000000
59652  27.066  -33.078  58.224 0.0000000000
59524  19.195  -32.386  66.536 0.0000000000
59512  18.545  -32.775  67.903 0.0000000000
59525  18.043  -32.678  66.916 0.0000000000
58305  16.526  -33.167  67.702 0.0000000000
58306  15.686  -33.341  67.728 0.0000000000
59471  9.367  -33.089  71.126 0.0000000000
59489  7.954  -32.883  69.967 0.0000000000
150931  18.399  -31.908  62.537 0.0000000000
150920  19.210  -32.107  63.330 0.0000000000
150908  19.352  -32.232  63.920 0.0000000000
59539  18.753  -32.362  65.517 0.0000000000
58231  18.430  -33.477  73.320 0.0000000000
86323  48.052  -5.461  37.582 0.0000000000
86295  50.854  -6.693  39.051 0.0000000000
86297  49.554  -5.709  39.470 0.0000000000
85257  50.073  -6.803  41.430 0.0000000000
83377  50.330  -8.927  41.889 0.0000000000
78948  46.782  -13.697  46.094 0.0000000000
78958  47.206  -13.073  45.199 0.0000000000
77969  46.735  -14.303  45.474 0.0000000000
77977  46.761  -14.183  44.608 0.0000000000
73979  41.652  -18.999  43.694 0.0000000000
72955  41.508  -20.225  44.354 0.0000000000
72942  42.703  -20.267  45.211 0.0000000000
72920  43.533  -20.173  45.989 0.0000000000
73867  45.387  -18.350  49.142 0.0000000000
69968  32.619  -22.417  49.642 0.0000000000
70948  33.062  -21.721  49.965 0.0000000000
69954  33.974  -22.674  50.703 0.0000000000
69027  34.800  -23.427  51.651 0.0000000000
69014  35.865  -23.543  52.857 0.0000000000
65282  27.037  -27.881  57.613 0.0000000000
65281  27.254  -27.522  56.565 0.0000000000
65268  28.614  -27.620  58.492 0.0000000000
65267  29.728  -27.379  59.164 0.0000000000
66247  31.170  -26.885  58.872 0.0000000000
84336  39.461  -7.668  35.900 0.0000000000
83450  39.331  -8.499  33.494 0.0000000000
84348  41.214  -7.893  34.549 0.0000000000
84346  43.159  -8.165  34.615 0.0000000000
83433  44.563  -9.358  34.557 0.0000000000
84343  46.339  -8.704  35.032 0.0000000000
84329  45.686  -7.817  35.463 0.0000000000
86337  46.829  -5.800  36.834 0.0000000000
85402  51.360  -6.158  26.776 0.0000000000
84409  52.335  -7.081  27.673 0.0000000000
83488  52.435  -8.287  27.995 0.0000000000
83485  52.311  -8.500  28.859 0.0000000000
84392  52.228  -7.251  29.466 0.0000000000
85381  51.043  -6.733  29.912 0.0000000000
85374  50.102  -7.014  30.858 0.0000000000
60745  24.026  -32.070  60.106 0.0000000000
59613  25.055  -32.931  60.508 0.0000000000
59603  25.065  -32.491  61.902 0.0000000000
59589  25.812  -32.941  62.834 0.0000000000
58345  27.032  -33.890  64.002 0.0000000000
58218  13.614  -33.495  74.259 0.0000000000
58204  14.823  -33.266  75.976 0.0000000000
59420  14.168  -32.939  76.559 0.0000000000
59410  14.213  -32.952  77.415 0.0000000000
59382  12.419  -32.838  79.127 0.0000000000
58162  13.532  -33.675  79.405 0.0000000000
84302  44.753  -7.551  40.772 0.0000000000
84280  46.768  -7.535  42.359 0.0000000000
83378  46.875  -8.358  42.661 0.0000000000
152437  47.972  -10.587  45.417 0.0000000000
80790  47.999  -11.491  46.101 0.0000000000
152445  45.188  -12.588  45.854 0.0000000000
78950  45.602  -13.515  46.380 0.0000000000
78942  46.135  -13.830  46.662 0.0000000000
76953  46.048  -14.898  46.601 0.0000000000
76969  46.229  -15.516  46.111 0.0000000000
74899  46.193  -16.742  45.148 0.0000000000
71933  39.507  -20.773  47.008 0.0000000000
71931  41.056  -20.617  47.236 0.0000000000
72899  40.841  -20.195  47.762 0.0000000000
73897  41.597  -19.145  48.826 0.0000000000
73848  43.208  -18.376  49.818 0.0000000000
73850  41.369  -18.674  50.349 0.0000000000
73833  43.511  -18.218  50.959 0.0000000000
74849  44.438  -18.114  50.708 0.0000000000
66293  31.758  -25.714  53.004 0.0000000000
64173  30.522  -28.354  62.801 0.0000000000
152393  39.187  -8.587  38.356 0.0000000000
152398  42.224  -8.337  39.679 0.0000000000
83401  43.329  -8.617  39.863 0.0000000000
87373  50.009  -5.148  29.334 0.0000000000
86396  49.061  -5.733  29.117 0.0000000000
57084  5.211  -34.917  77.750 0.0000000000
57076  7.125  -34.608  79.370 0.0000000000
57071  5.863  -34.790  79.583 0.0000000000
57058  5.874  -34.479  81.483 0.0000000000
56054  6.557  -35.546  83.403 0.0000000000
57048  4.930  -34.034  82.671 0.0000000000
71962  38.715  -21.248  45.041 0.0000000000
71963  37.702  -21.410  44.829 0.0000000000
71948  38.067  -21.134  45.997 0.0000000000
71934  38.681  -20.758  46.740 0.0000000000
72902  37.753  -20.358  46.980 0.0000000000
72879  38.407  -19.680  48.047 0.0000000000
72880  37.264  -19.746  48.022 0.0000000000
73874  38.605  -19.228  49.718 0.0000000000
73853  38.245  -19.462  50.561 0.0000000000
73837  39.037  -19.571  51.623 0.0000000000
72828  38.958  -19.850  52.338 0.0000000000
65324  25.348  -27.713  55.477 0.0000000000
64279  24.307  -29.205  55.218 0.0000000000
65298  25.299  -28.744  56.258 0.0000000000
65283  26.462  -28.200  57.329 0.0000000000
65270  26.953  -28.373  58.164 0.0000000000
64206  27.764  -29.278  59.571 0.0000000000
63101  28.547  -30.094  61.088 0.0000000000
58390  25.582  -33.765  59.133 0.0000000000
58402  26.613  -33.711  58.846 0.0000000000
59651  27.487  -33.206  58.961 0.0000000000
57170  28.480  -34.946  61.272 0.0000000000
58375  28.387  -34.282  60.337 0.0000000000
59623  28.242  -32.735  59.774 0.0000000000
60734  28.565  -31.467  60.656 0.0000000000
61908  28.884  -30.985  61.679 0.0000000000
63068  29.584  -30.429  62.983 0.0000000000
59479  22.652  -32.555  70.372 0.0000000000
59463  21.776  -32.824  70.983 0.0000000000
59465  19.905  -32.759  71.028 0.0000000000
59449  19.069  -32.985  71.682 0.0000000000
58272  18.350  -32.950  69.516 0.0000000000
59467  18.359  -32.970  70.685 0.0000000000
58247  18.229  -33.148  72.331 0.0000000000
58248  17.195  -33.328  72.400 0.0000000000
58249  16.188  -33.517  72.434 0.0000000000
58250  15.148  -33.626  72.451 0.0000000000
59556  15.164  -32.661  65.399 0.0000000000
59543  14.766  -33.027  66.526 0.0000000000
58307  14.744  -33.473  67.608 0.0000000000
59531  11.935  -32.948  67.463 0.0000000000
58309  13.200  -33.470  68.040 0.0000000000
58287  14.341  -33.751  69.550 0.0000000000
58276  14.588  -33.738  70.489 0.0000000000
58265  13.841  -33.668  71.467 0.0000000000
58236  13.466  -33.610  73.355 0.0000000000
59438  12.499  -33.512  73.514 0.0000000000
59431  11.601  -33.305  74.307 0.0000000000
59432  10.656  -33.409  74.039 0.0000000000
59454  9.562  -33.372  72.022 0.0000000000
59433  9.721  -33.480  73.793 0.0000000000
58205  9.176  -33.653  74.857 0.0000000000
58206  8.360  -33.734  74.969 0.0000000000
58207  7.423  -34.142  75.221 0.0000000000
58208  6.173  -34.635  75.564 0.0000000000
57091  4.959  -34.936  76.777 0.0000000000
57085  4.332  -34.710  77.439 0.0000000000
61997  22.194  -31.412  54.390 0.0000000000
60814  22.153  -31.752  56.315 0.0000000000
60774  22.618  -31.904  58.371 0.0000000000
60795  20.920  -31.180  58.258 0.0000000000
60775  21.688  -31.616  58.873 0.0000000000
60746  23.257  -31.757  60.328 0.0000000000
60736  23.084  -31.583  61.387 0.0000000000
60723  22.770  -31.446  62.364 0.0000000000
60694  23.773  -31.480  65.049 0.0000000000
60681  23.064  -31.459  65.683 0.0000000000
60673  23.384  -31.546  66.677 0.0000000000
60661  23.657  -31.683  67.568 0.0000000000
60635  23.295  -31.950  69.238 0.0000000000
58155  7.661  -34.281  80.497 0.0000000000
57054  9.458  -34.347  81.949 0.0000000000
83410  50.975  -8.729  38.843 0.0000000000
84268  48.947  -8.205  43.027 0.0000000000
82522  49.997  -9.619  43.365 0.0000000000
81668  50.442  -11.218  42.741 0.0000000000
78956  48.754  -12.817  44.637 0.0000000000
79918  50.217  -12.293  43.244 0.0000000000
79917  50.162  -12.367  42.138 0.0000000000
76991  42.238  -15.759  44.314 0.0000000000
75923  42.886  -16.596  44.733 0.0000000000
73978  42.814  -18.793  44.090 0.0000000000
74937  42.968  -17.698  44.354 0.0000000000
75922  43.899  -16.362  45.246 0.0000000000
75921  44.629  -16.963  45.177 0.0000000000
74915  46.040  -17.543  44.788 0.0000000000
73953  46.597  -18.463  44.661 0.0000000000
72897  42.433  -19.925  47.307 0.0000000000
72896  43.279  -19.773  46.907 0.0000000000
72895  44.133  -19.648  46.727 0.0000000000
73892  46.175  -18.650  48.161 0.0000000000
72893  45.754  -19.393  46.631 0.0000000000
72918  45.343  -19.729  45.870 0.0000000000
72938  46.516  -19.178  45.327 0.0000000000
73923  32.375  -19.086  47.659 0.0000000000
73878  33.807  -19.420  49.319 0.0000000000
71905  33.493  -20.575  50.197 0.0000000000
72843  34.562  -20.172  50.613 0.0000000000
73856  35.255  -19.522  50.196 0.0000000000
72831  36.599  -20.432  51.439 0.0000000000
72815  38.158  -20.521  52.342 0.0000000000
71852  39.368  -20.714  53.627 0.0000000000
65296  28.127  -27.367  55.362 0.0000000000
66282  30.976  -26.678  53.810 0.0000000000
66272  32.254  -26.289  55.103 0.0000000000
67176  32.580  -25.793  54.526 0.0000000000
65222  31.142  -27.315  62.067 0.0000000000
66223  31.625  -26.676  60.553 0.0000000000
66235  32.677  -26.272  59.499 0.0000000000
67116  33.384  -26.021  60.336 0.0000000000
66245  32.785  -26.289  58.451 0.0000000000
67156  33.707  -25.824  57.230 0.0000000000
67166  33.705  -25.667  56.222 0.0000000000
67174  34.294  -24.865  54.802 0.0000000000
68093  35.007  -24.425  54.297 0.0000000000
68092  35.795  -24.106  54.169 0.0000000000
68984  37.073  -23.644  54.482 0.0000000000
68934  37.197  -23.660  57.248 0.0000000000
68967  37.585  -23.423  55.785 0.0000000000
69907  37.707  -22.845  54.205 0.0000000000
69906  38.425  -22.583  54.912 0.0000000000
85397  47.348  -6.480  28.531 0.0000000000
84396  47.062  -7.956  28.044 0.0000000000
84388  48.227  -8.228  29.523 0.0000000000
84379  49.299  -7.513  31.088 0.0000000000
85358  50.428  -6.987  32.042 0.0000000000
84341  48.521  -7.659  34.088 0.0000000000
84356  48.921  -7.530  33.472 0.0000000000
85343  51.169  -6.628  33.394 0.0000000000
85342  51.846  -6.942  33.453 0.0000000000
59478  23.607  -32.839  70.352 0.0000000000
59494  24.124  -32.491  69.886 0.0000000000
72812  39.986  -19.812  53.058 0.0000000000
73806  40.319  -19.673  52.984 0.0000000000
59639  23.792  -32.648  58.457 0.0000000000
59655  24.061  -32.868  57.842 0.0000000000
59638  24.337  -32.892  58.864 0.0000000000
59541  16.679  -32.587  65.860 0.0000000000
58216  15.917  -33.638  74.411 0.0000000000
86288  44.746  -5.752  39.971 0.0000000000
86272  46.439  -5.958  41.180 0.0000000000
86287  45.612  -5.791  40.551 0.0000000000
75920  46.732  -16.468  45.108 0.0000000000
75919  47.041  -16.538  44.681 0.0000000000
71960  40.591  -20.946  45.739 0.0000000000
71945  40.785  -20.842  46.630 0.0000000000
67204  32.513  -24.730  51.721 0.0000000000
67191  33.275  -24.760  52.584 0.0000000000
67183  33.589  -24.944  53.819 0.0000000000
64192  29.438  -28.548  61.653 0.0000000000
65225  29.246  -28.336  61.186 0.0000000000
85277  43.448  -6.383  39.246 0.0000000000
85284  43.350  -6.130  38.413 0.0000000000
86303  43.934  -5.877  38.632 0.0000000000
86315  44.523  -5.623  38.202 0.0000000000
85395  48.856  -6.766  27.820 0.0000000000
84401  49.394  -7.332  28.345 0.0000000000
59424  10.713  -33.287  74.995 0.0000000000
59413  11.740  -32.738  76.372 0.0000000000
152434  46.503  -10.284  44.783 0.0000000000
152427  46.182  -11.015  45.507 0.0000000000
76980  43.417  -15.355  45.358 0.0000000000
77963  44.074  -14.814  46.112 0.0000000000
76971  44.573  -15.435  46.086 0.0000000000
72857  39.004  -19.332  48.932 0.0000000000
72856  39.941  -19.223  49.002 0.0000000000
58158  4.385  -34.094  80.179 0.0000000000
71966  34.859  -20.790  44.596 0.0000000000
72944  35.218  -20.537  45.129 0.0000000000
72945  34.627  -20.242  45.216 0.0000000000
73900  35.367  -19.193  48.744 0.0000000000
73855  35.835  -19.479  50.248 0.0000000000
60790  26.964  -31.863  57.501 0.0000000000
61943  26.467  -30.909  57.110 0.0000000000
61933  26.962  -30.959  57.814 0.0000000000
61927  27.472  -30.971  58.671 0.0000000000
60755  27.649  -31.606  58.933 0.0000000000
57162  27.380  -34.977  62.897 0.0000000000
59496  20.517  -32.394  69.047 0.0000000000
58295  15.971  -33.545  68.572 0.0000000000
58286  15.313  -33.700  69.518 0.0000000000
59486  11.496  -33.306  70.407 0.0000000000
58279  11.854  -33.533  70.888 0.0000000000
59469  11.364  -33.497  71.466 0.0000000000
59509  21.251  -32.136  68.092 0.0000000000
56063  7.924  -35.168  83.037 0.0000000000
86320  50.985  -5.978  37.427 0.0000000000
85292  51.312  -6.865  37.514 0.0000000000
81682  50.048  -10.523  41.221 0.0000000000
80808  50.559  -11.282  41.331 0.0000000000
79926  51.252  -12.081  41.292 0.0000000000
80789  49.059  -11.701  45.383 0.0000000000
72952  44.170  -19.265  44.405 0.0000000000
72940  44.579  -19.548  44.977 0.0000000000
73868  43.985  -18.638  48.897 0.0000000000
73895  43.478  -19.005  48.273 0.0000000000
74877  44.608  -18.565  48.859 0.0000000000
69941  36.090  -22.985  52.375 0.0000000000
69940  36.664  -22.559  52.485 0.0000000000
70922  37.145  -22.063  52.539 0.0000000000
66257  30.939  -27.119  57.858 0.0000000000
65294  30.292  -27.429  57.116 0.0000000000
66256  31.988  -26.763  57.578 0.0000000000
67979  35.553  -24.916  59.381 0.0000000000
67143  35.224  -24.882  57.913 0.0000000000
68027  36.011  -24.519  58.257 0.0000000000
68046  35.838  -24.437  57.354 0.0000000000
82582  44.296  -10.550  33.658 0.0000000000
81726  43.862  -10.638  32.660 0.0000000000
81724  45.421  -10.658  32.567 0.0000000000
82604  45.529  -10.028  31.475 0.0000000000
82593  45.948  -10.304  32.132 0.0000000000
82602  46.863  -9.595  32.003 0.0000000000
82580  46.750  -9.735  33.327 0.0000000000
86335  48.726  -5.697  36.745 0.0000000000
86347  49.167  -5.816  35.911 0.0000000000
86334  49.671  -5.671  36.556 0.0000000000
82613  52.205  -8.754  27.542 0.0000000000
82620  52.394  -8.633  27.280 0.0000000000
81741  51.861  -9.860  27.369 0.0000000000
84377  52.160  -7.340  31.550 0.0000000000
85356  51.765  -6.933  32.438 0.0000000000
60660  24.515  -31.727  67.613 0.0000000000
60646  24.948  -31.998  68.528 0.0000000000
59406  9.092  -33.599  76.463 0.0000000000
59397  9.113  -33.310  77.559 0.0000000000
58167  8.566  -33.617  79.212 0.0000000000
59385  9.424  -32.987  78.579 0.0000000000
58152  10.354  -33.462  80.527 0.0000000000
77979  42.972  -14.167  44.820 0.0000000000
58124  3.010  -33.625  84.163 0.0000000000
60847  23.013  -31.548  54.681 0.0000000000
60846  23.680  -31.269  54.697 0.0000000000
60827  23.512  -31.833  55.262 0.0000000000
59667  25.462  -32.981  57.173 0.0000000000
59684  25.149  -32.686  56.354 0.0000000000
59666  26.471  -32.629  57.290 0.0000000000
59528  15.450  -33.057  67.006 0.0000000000
58232  17.512  -33.417  73.340 0.0000000000
58214  17.796  -33.709  74.164 0.0000000000
86311  48.310  -5.365  38.554 0.0000000000
86298  48.600  -5.390  39.543 0.0000000000
86260  48.933  -6.185  41.948 0.0000000000
86269  49.326  -5.891  41.272 0.0000000000
85245  50.061  -7.050  41.940 0.0000000000
83388  50.105  -8.451  41.480 0.0000000000
84276  50.055  -8.053  41.918 0.0000000000
77959  46.562  -14.386  46.093 0.0000000000
72956  40.018  -20.047  43.585 0.0000000000
73980  40.794  -19.482  43.427 0.0000000000
72943  41.860  -20.375  45.630 0.0000000000
69045  32.633  -23.454  50.114 0.0000000000
69967  33.302  -22.575  50.160 0.0000000000
69044  33.556  -23.291  50.469 0.0000000000
68116  34.566  -24.236  52.476 0.0000000000
69016  34.543  -23.932  51.902 0.0000000000
69015  35.240  -23.701  52.388 0.0000000000
69001  35.526  -23.865  53.129 0.0000000000
65269  27.561  -27.863  58.249 0.0000000000
65253  29.884  -27.466  60.119 0.0000000000
66238  30.429  -27.157  59.820 0.0000000000
66248  30.477  -27.087  58.976 0.0000000000
66237  31.083  -26.863  59.725 0.0000000000
83417  40.073  -7.494  36.802 0.0000000000
84335  39.867  -7.740  35.416 0.0000000000
84334  40.757  -7.468  35.333 0.0000000000
85325  43.119  -6.779  35.651 0.0000000000
84332  42.696  -7.349  35.103 0.0000000000
84331  43.642  -7.466  35.121 0.0000000000
83434  43.599  -9.079  34.295 0.0000000000
84345  44.127  -8.375  34.789 0.0000000000
84344  45.176  -8.589  34.969 0.0000000000
84330  44.627  -7.659  35.308 0.0000000000
86325  46.120  -5.606  37.598 0.0000000000
86338  45.941  -5.892  36.952 0.0000000000
86324  47.077  -5.506  37.592 0.0000000000
85401  51.999  -6.579  27.134 0.0000000000
84400  52.157  -7.344  28.436 0.0000000000
84399  52.416  -7.803  28.681 0.0000000000
85382  50.247  -7.076  29.508 0.0000000000
84386  49.603  -7.237  30.205 0.0000000000
59614  24.393  -32.432  60.850 0.0000000000
58346  26.487  -33.631  63.338 0.0000000000
58334  26.509  -33.368  64.551 0.0000000000
59429  13.513  -33.124  75.229 0.0000000000
59428  14.114  -33.079  75.747 0.0000000000
59401  13.601  -32.731  77.933 0.0000000000
59400  14.191  -33.146  78.151 0.0000000000
58174  14.504  -33.746  78.498 0.0000000000
58175  14.046  -33.564  78.931 0.0000000000
59395  11.149  -32.529  78.088 0.0000000000
83390  45.120  -8.422  41.008 0.0000000000
83379  46.400  -8.428  42.090 0.0000000000
83372  46.630  -8.910  42.613 0.0000000000
83364  47.667  -9.833  44.556 0.0000000000
80784  47.236  -11.877  46.132 0.0000000000
79910  44.565  -12.541  45.334 0.0000000000
152446  44.801  -12.838  45.860 0.0000000000
78951  45.058  -13.858  46.352 0.0000000000
78959  45.036  -13.309  46.229 0.0000000000
78949  46.283  -13.321  46.349 0.0000000000
77952  46.299  -14.342  46.505 0.0000000000
76954  45.710  -14.731  46.579 0.0000000000
75903  44.974  -16.358  45.626 0.0000000000
75902  45.897  -16.239  45.780 0.0000000000
72900  39.951  -20.195  47.762 0.0000000000
73898  41.061  -18.911  49.028 0.0000000000
73870  42.395  -18.757  49.271 0.0000000000
73834  42.206  -18.435  51.190 0.0000000000
74847  45.413  -18.106  50.841 0.0000000000
67193  31.645  -25.628  52.599 0.0000000000
82545  41.156  -8.925  39.451 0.0000000000
152391  40.042  -8.315  38.621 0.0000000000
82544  42.680  -10.271  39.566 0.0000000000
82537  44.907  -9.526  40.585 0.0000000000
83400  44.372  -8.542  40.346 0.0000000000
84303  43.887  -7.538  40.257 0.0000000000
57078  5.518  -34.878  78.667 0.0000000000
57072  4.901  -34.585  79.290 0.0000000000
58145  5.026  -34.158  81.342 0.0000000000
57046  6.496  -34.756  82.495 0.0000000000
57035  5.865  -34.972  83.072 0.0000000000
58129  4.105  -33.420  83.133 0.0000000000
57037  4.591  -34.065  83.323 0.0000000000
71978  38.270  -21.242  43.836 0.0000000000
71964  36.722  -21.270  44.725 0.0000000000
72923  37.425  -20.839  46.243 0.0000000000
72859  36.985  -19.439  48.843 0.0000000000
72858  37.956  -19.389  48.859 0.0000000000
72829  38.342  -19.989  52.060 0.0000000000
66286  23.500  -27.659  54.437 0.0000000000
66285  24.358  -27.454  54.798 0.0000000000
61977  24.300  -30.556  54.989 0.0000000000
63172  23.989  -29.905  54.851 0.0000000000
61976  24.874  -30.595  55.350 0.0000000000
64244  25.769  -29.427  56.917 0.0000000000
64261  25.412  -29.332  56.355 0.0000000000
65285  25.907  -29.073  57.219 0.0000000000
65297  25.756  -28.755  56.919 0.0000000000
65284  26.227  -28.852  57.436 0.0000000000
65271  26.626  -28.675  57.779 0.0000000000
64227  26.794  -28.846  58.132 0.0000000000
63117  28.311  -29.825  60.613 0.0000000000
64205  28.336  -29.312  60.483 0.0000000000
59624  24.981  -33.284  59.518 0.0000000000
58378  25.487  -33.659  60.040 0.0000000000
57181  27.120  -34.680  60.533 0.0000000000
57191  26.641  -34.380  60.042 0.0000000000
58388  27.251  -34.083  59.462 0.0000000000
58401  27.097  -33.519  58.869 0.0000000000
58387  27.995  -34.061  59.788 0.0000000000
58364  29.291  -34.123  61.649 0.0000000000
58365  28.998  -33.988  61.017 0.0000000000
59622  28.631  -33.216  60.234 0.0000000000
60743  28.791  -32.517  60.633 0.0000000000
60744  28.390  -32.035  60.197 0.0000000000
60720  29.222  -31.750  62.054 0.0000000000
61897  29.219  -31.095  62.336 0.0000000000
60623  22.713  -32.178  69.807 0.0000000000
59480  21.805  -32.300  70.141 0.0000000000
59466  19.043  -32.859  70.799 0.0000000000
59498  18.792  -32.801  68.863 0.0000000000
58283  18.088  -33.082  69.008 0.0000000000
58273  17.822  -33.145  70.218 0.0000000000
59450  18.496  -32.996  71.398 0.0000000000
58261  17.836  -33.173  71.414 0.0000000000
58314  14.189  -33.399  67.142 0.0000000000
58315  13.834  -33.431  67.212 0.0000000000
59546  11.642  -32.780  66.472 0.0000000000
58299  12.509  -33.394  69.045 0.0000000000
59513  12.892  -33.412  68.190 0.0000000000
58298  13.089  -33.520  68.654 0.0000000000
58297  14.077  -33.655  68.620 0.0000000000
58266  12.749  -33.642  71.492 0.0000000000
58251  14.137  -33.644  72.435 0.0000000000
59451  12.180  -33.597  72.510 0.0000000000
59439  11.466  -33.470  73.327 0.0000000000
58237  8.669  -33.595  73.376 0.0000000000
59442  8.802  -33.526  72.761 0.0000000000
58220  9.384  -33.579  74.341 0.0000000000
58195  7.405  -34.353  76.287 0.0000000000
57098  5.227  -34.798  75.989 0.0000000000
58197  4.442  -34.500  76.063 0.0000000000
57092  4.178  -34.511  76.744 0.0000000000
61959  21.232  -31.231  56.445 0.0000000000
60793  22.686  -32.217  57.194 0.0000000000
60758  22.543  -31.702  59.586 0.0000000000
150912  21.754  -31.498  65.825 0.0000000000
60662  22.801  -31.697  67.452 0.0000000000
60636  22.421  -32.070  69.177 0.0000000000
60648  23.056  -31.873  68.366 0.0000000000
58191  15.468  -33.700  76.405 0.0000000000
57089  15.875  -34.265  76.718 0.0000000000
57070  6.842  -34.550  79.907 0.0000000000
58168  7.552  -34.295  79.723 0.0000000000
56062  8.652  -35.300  82.966 0.0000000000
57055  8.582  -34.373  81.853 0.0000000000
57043  9.038  -34.837  82.546 0.0000000000
57042  9.751  -35.002  82.427 0.0000000000
56061  9.418  -35.724  82.915 0.0000000000
85275  50.780  -6.695  39.709 0.0000000000
85274  51.020  -7.330  39.355 0.0000000000
84306  51.009  -8.100  39.447 0.0000000000
80822  49.985  -10.777  39.720 0.0000000000
84279  47.546  -7.773  42.678 0.0000000000
85248  47.300  -6.870  42.368 0.0000000000
81661  49.972  -10.678  44.358 0.0000000000
82518  50.003  -10.109  43.892 0.0000000000
81669  50.266  -10.514  43.295 0.0000000000
81673  50.253  -10.077  42.848 0.0000000000
80801  50.304  -11.409  43.494 0.0000000000
78957  48.317  -12.791  44.813 0.0000000000
78964  49.476  -12.920  43.527 0.0000000000
78973  49.427  -12.729  42.571 0.0000000000
78972  49.712  -12.421  41.381 0.0000000000
76981  42.880  -15.602  44.955 0.0000000000
74936  43.843  -17.890  44.435 0.0000000000
74918  43.609  -17.217  44.686 0.0000000000
74917  44.368  -17.565  44.818 0.0000000000
74916  45.208  -17.505  44.959 0.0000000000
72898  41.571  -20.284  47.415 0.0000000000
71930  41.332  -20.537  47.203 0.0000000000
73919  43.837  -19.324  47.567 0.0000000000
73916  46.423  -18.964  47.141 0.0000000000
72917  46.299  -19.405  46.128 0.0000000000
73902  32.976  -19.277  48.643 0.0000000000
73879  33.225  -19.543  49.266 0.0000000000
70947  33.730  -21.827  50.407 0.0000000000
71894  33.440  -21.163  50.219 0.0000000000
71884  35.281  -21.086  51.383 0.0000000000
71892  34.682  -20.751  51.038 0.0000000000
72833  35.114  -20.420  51.027 0.0000000000
72860  34.846  -19.629  50.257 0.0000000000
72842  35.366  -19.874  50.666 0.0000000000
72841  36.227  -19.817  50.979 0.0000000000
70921  37.560  -21.598  52.548 0.0000000000
71881  37.353  -20.909  52.118 0.0000000000
71866  38.325  -20.796  52.799 0.0000000000
71853  38.766  -20.969  53.356 0.0000000000
65295  29.170  -27.393  56.391 0.0000000000
65308  29.356  -27.410  55.210 0.0000000000
66271  33.110  -25.967  55.682 0.0000000000
65197  31.060  -27.985  63.052 0.0000000000
65211  30.817  -27.763  62.416 0.0000000000
65210  31.442  -27.546  62.687 0.0000000000
66210  32.159  -26.663  61.493 0.0000000000
66222  32.605  -26.400  60.592 0.0000000000
66236  31.859  -26.602  59.644 0.0000000000
67132  34.367  -25.470  59.157 0.0000000000
67115  34.219  -25.546  60.252 0.0000000000
67133  33.502  -25.870  59.332 0.0000000000
66255  32.893  -26.318  57.380 0.0000000000
67175  33.383  -25.560  55.026 0.0000000000
68082  35.069  -24.649  55.388 0.0000000000
68081  35.966  -24.329  55.041 0.0000000000
68985  36.409  -23.944  54.312 0.0000000000
68969  36.597  -23.996  54.899 0.0000000000
68025  37.414  -23.811  58.459 0.0000000000
68916  37.433  -23.671  57.980 0.0000000000
68949  37.787  -23.313  56.700 0.0000000000
69881  38.100  -23.061  56.054 0.0000000000
68983  37.512  -23.420  55.009 0.0000000000
69894  37.944  -22.987  55.288 0.0000000000
86398  47.771  -6.206  29.359 0.0000000000
83449  40.445  -8.766  33.333 0.0000000000
83463  40.147  -8.543  32.491 0.0000000000
82598  40.819  -9.135  32.660 0.0000000000
83478  46.411  -8.497  29.705 0.0000000000
84397  46.622  -7.340  28.548 0.0000000000
83482  47.042  -8.415  28.950 0.0000000000
84395  47.981  -8.233  28.387 0.0000000000
83481  47.538  -8.525  29.359 0.0000000000
84365  48.427  -8.187  31.905 0.0000000000
84380  48.377  -8.164  30.687 0.0000000000
85359  49.787  -7.362  31.768 0.0000000000
84327  47.369  -7.745  35.203 0.0000000000
84342  47.624  -8.362  34.613 0.0000000000
85336  48.140  -7.354  34.902 0.0000000000
85318  50.055  -6.127  35.039 0.0000000000
85335  49.197  -6.942  34.201 0.0000000000
85344  50.384  -6.853  33.247 0.0000000000
85333  51.273  -6.414  34.428 0.0000000000
85316  52.021  -7.156  35.340 0.0000000000
85405  52.533  -6.198  26.401 0.0000000000
85404  53.282  -6.464  26.096 0.0000000000
84412  53.220  -7.565  26.720 0.0000000000
60634  24.163  -32.134  69.409 0.0000000000
58176  8.223  -33.785  78.003 0.0000000000
73819  40.936  -19.077  52.229 0.0000000000
60812  24.249  -32.540  55.842 0.0000000000
59542  15.740  -32.703  66.154 0.0000000000
58215  16.908  -33.641  74.258 0.0000000000
57096  16.725  -34.410  75.543 0.0000000000
86300  46.487  -5.284  39.535 0.0000000000
86299  47.580  -5.165  39.563 0.0000000000
86286  46.868  -5.454  40.493 0.0000000000
86271  47.283  -5.795  41.297 0.0000000000
85247  48.168  -6.636  42.342 0.0000000000
68118  33.196  -24.494  51.549 0.0000000000
68127  33.499  -24.198  51.231 0.0000000000
65239  29.450  -27.866  60.671 0.0000000000
65238  30.129  -27.552  60.896 0.0000000000
152400  41.979  -6.738  38.239 0.0000000000
84314  41.333  -6.972  36.645 0.0000000000
85297  42.159  -6.543  36.816 0.0000000000
85310  42.623  -6.547  36.315 0.0000000000
85309  43.418  -6.375  36.425 0.0000000000
85308  44.386  -6.316  36.508 0.0000000000
85294  44.678  -5.893  37.068 0.0000000000
86314  45.336  -5.491  38.366 0.0000000000
85388  50.167  -7.201  28.391 0.0000000000
60721  24.362  -31.664  63.138 0.0000000000
59422  12.611  -32.850  75.738 0.0000000000
59412  12.671  -32.595  76.733 0.0000000000
59402  12.812  -32.529  77.671 0.0000000000
58165  10.904  -32.992  79.807 0.0000000000
58164  11.901  -33.214  79.812 0.0000000000
152443  45.702  -9.595  41.780 0.0000000000
152432  46.451  -9.311  42.684 0.0000000000
152428  46.541  -11.982  46.018 0.0000000000
78961  43.843  -13.575  45.607 0.0000000000
77970  44.037  -14.148  46.078 0.0000000000
72855  40.362  -19.093  48.984 0.0000000000
73817  43.028  -18.384  52.112 0.0000000000
152444  45.230  -10.104  41.378 0.0000000000
58170  3.925  -34.284  78.921 0.0000000000
71950  36.400  -20.845  45.472 0.0000000000
72905  34.203  -19.133  47.209 0.0000000000
73899  35.877  -19.223  48.785 0.0000000000
65326  23.066  -28.419  54.391 0.0000000000
60810  26.075  -31.638  56.620 0.0000000000
61958  25.399  -30.711  55.807 0.0000000000
61957  25.888  -30.848  56.417 0.0000000000
63139  26.485  -30.241  57.375 0.0000000000
63138  26.701  -30.054  57.821 0.0000000000
64215  26.843  -29.635  58.197 0.0000000000
63129  27.054  -30.138  58.417 0.0000000000
61919  28.279  -31.036  60.395 0.0000000000
58366  26.060  -33.887  61.224 0.0000000000
58377  25.999  -33.927  60.446 0.0000000000
57172  26.605  -34.495  61.453 0.0000000000
57180  27.877  -34.872  60.704 0.0000000000
58354  29.575  -33.776  62.180 0.0000000000
59601  29.443  -32.718  61.980 0.0000000000
58274  16.635  -33.527  70.373 0.0000000000
59545  12.662  -32.995  66.595 0.0000000000
59515  11.050  -32.793  68.331 0.0000000000
59499  12.070  -33.263  69.487 0.0000000000
58289  12.621  -33.516  69.525 0.0000000000
58277  13.572  -33.728  70.501 0.0000000000
59468  11.932  -33.623  71.826 0.0000000000
59453  10.495  -33.343  72.214 0.0000000000
58238  8.013  -33.699  73.278 0.0000000000
58239  6.844  -33.830  73.354 0.0000000000
60777  19.643  -31.316  59.745 0.0000000000
60776  20.784  -31.385  59.408 0.0000000000
60663  21.924  -31.718  67.214 0.0000000000
57057  6.868  -34.568  81.425 0.0000000000
57056  7.779  -34.479  81.727 0.0000000000
57045  7.429  -34.737  82.411 0.0000000000
83399  50.224  -8.839  40.216 0.0000000000
82542  49.940  -9.550  40.340 0.0000000000
80815  50.418  -11.092  40.472 0.0000000000
80814  51.097  -11.430  40.194 0.0000000000
78992  51.118  -13.012  41.349 0.0000000000
83362  49.059  -9.158  43.875 0.0000000000
82514  49.350  -10.176  44.887 0.0000000000
80794  49.521  -11.970  44.939 0.0000000000
78967  47.254  -13.380  44.022 0.0000000000
74938  41.818  -17.829  44.066 0.0000000000
72953  43.677  -19.484  44.397 0.0000000000
73896  42.492  -19.396  48.353 0.0000000000
72916  47.176  -19.187  46.266 0.0000000000
72885  32.197  -19.976  48.934 0.0000000000
72863  32.697  -20.205  49.425 0.0000000000
70937  35.012  -21.981  51.556 0.0000000000
70936  35.699  -21.716  51.704 0.0000000000
71883  36.193  -21.153  51.688 0.0000000000
71869  36.777  -21.508  52.072 0.0000000000
70908  37.939  -21.867  53.073 0.0000000000
65209  31.999  -27.210  62.977 0.0000000000
65195  32.712  -27.430  63.492 0.0000000000
66209  33.176  -26.420  61.644 0.0000000000
67144  34.427  -25.422  58.092 0.0000000000
68064  35.062  -24.749  55.952 0.0000000000
82584  42.680  -10.076  33.219 0.0000000000
82596  42.398  -9.889  32.494 0.0000000000
82595  43.367  -10.153  32.455 0.0000000000
83471  46.173  -9.087  30.880 0.0000000000
83476  47.634  -8.657  30.319 0.0000000000
83470  47.019  -9.220  31.160 0.0000000000
83457  47.372  -9.248  32.164 0.0000000000
83456  47.860  -8.754  32.514 0.0000000000
85320  48.384  -6.404  35.698 0.0000000000
86355  50.591  -6.006  34.972 0.0000000000
86354  50.810  -6.087  34.748 0.0000000000
84411  52.934  -7.972  27.181 0.0000000000
83491  52.837  -8.300  26.892 0.0000000000
82621  52.240  -8.941  26.786 0.0000000000
84384  52.245  -7.973  30.706 0.0000000000
82607  51.735  -9.580  31.066 0.0000000000
60679  24.585  -31.627  66.123 0.0000000000
59552  25.225  -31.854  65.813 0.0000000000
60671  24.942  -31.737  66.738 0.0000000000
60659  25.298  -31.935  67.508 0.0000000000
59415  9.716  -33.509  75.642 0.0000000000
59384  10.480  -32.769  78.819 0.0000000000
58139  10.756  -34.015  81.165 0.0000000000
57053  10.549  -34.713  81.950 0.0000000000
79904  43.769  -13.027  45.131 0.0000000000
58147  3.577  -32.981  81.458 0.0000000000
58130  3.487  -33.179  83.494 0.0000000000
73921  34.066  -18.985  47.789 0.0000000000
73901  34.232  -19.088  48.459 0.0000000000
60845  24.064  -30.973  54.814 0.0000000000
60811  25.385  -31.754  55.851 0.0000000000
59682  26.235  -32.122  56.871 0.0000000000
59665  27.058  -32.423  57.751 0.0000000000
59511  19.424  -32.458  67.814 0.0000000000
58304  17.255  -33.043  67.637 0.0000000000
59516  9.763  -32.527  68.045 0.0000000000
59501  10.063  -32.768  69.223 0.0000000000
59488  9.123  -32.867  70.135 0.0000000000
86322  49.020  -5.563  37.566 0.0000000000
86309  50.264  -5.768  38.460 0.0000000000
86310  49.302  -5.567  38.509 0.0000000000
86296  50.423  -6.133  39.406 0.0000000000
86282  50.335  -6.526  40.255 0.0000000000
86284  48.947  -5.517  40.497 0.0000000000
86283  49.789  -5.965  40.353 0.0000000000
84301  50.340  -7.587  40.636 0.0000000000
84289  50.052  -7.996  41.031 0.0000000000
83376  50.146  -9.321  41.428 0.0000000000
82525  50.251  -9.780  41.705 0.0000000000
79902  47.449  -12.781  45.940 0.0000000000
74869  45.302  -18.254  49.687 0.0000000000
74876  45.008  -18.391  49.132 0.0000000000
70954  32.481  -21.568  49.415 0.0000000000
69028  34.078  -23.618  51.187 0.0000000000
69953  34.615  -22.765  51.262 0.0000000000
69942  35.293  -22.899  51.778 0.0000000000
69924  36.272  -23.330  52.961 0.0000000000
66258  30.606  -27.104  58.396 0.0000000000
83423  39.537  -8.055  34.973 0.0000000000
83438  39.689  -8.331  34.384 0.0000000000
83437  40.730  -8.494  34.025 0.0000000000
84333  41.739  -7.298  35.410 0.0000000000
84347  42.205  -7.996  34.528 0.0000000000
83436  41.702  -8.818  33.943 0.0000000000
82574  43.098  -9.726  33.842 0.0000000000
82573  43.937  -10.051  34.132 0.0000000000
82572  44.980  -10.304  34.130 0.0000000000
82571  46.038  -10.219  33.838 0.0000000000
83432  45.688  -9.604  34.685 0.0000000000
84328  46.772  -7.818  35.361 0.0000000000
85323  45.065  -6.910  35.850 0.0000000000
85322  46.131  -6.973  35.809 0.0000000000
85305  47.485  -6.234  36.211 0.0000000000
86336  47.867  -5.788  36.592 0.0000000000
85406  51.915  -6.109  26.417 0.0000000000
84408  52.597  -7.648  27.604 0.0000000000
84407  52.663  -8.159  27.492 0.0000000000
85386  51.741  -6.960  29.144 0.0000000000
85380  51.873  -6.706  30.253 0.0000000000
85373  51.135  -6.682  31.129 0.0000000000
59625  24.431  -32.728  59.908 0.0000000000
58357  25.692  -33.337  61.682 0.0000000000
59602  25.707  -33.110  62.139 0.0000000000
58356  26.168  -33.710  62.161 0.0000000000
57155  27.068  -34.310  63.322 0.0000000000
59551  26.003  -32.535  65.406 0.0000000000
58323  26.652  -33.356  65.622 0.0000000000
59574  15.428  -32.435  64.357 0.0000000000
58217  14.670  -33.413  74.761 0.0000000000
58192  14.834  -33.313  76.914 0.0000000000
59421  13.437  -32.806  76.180 0.0000000000
58183  14.727  -33.508  77.718 0.0000000000
58173  15.154  -34.171  78.022 0.0000000000
59394  12.127  -32.617  78.305 0.0000000000
59393  12.976  -32.683  78.502 0.0000000000
58163  12.755  -33.411  79.718 0.0000000000
59381  13.110  -32.985  79.168 0.0000000000
85260  45.913  -6.643  41.329 0.0000000000
84290  46.194  -7.508  41.737 0.0000000000
83363  48.354  -9.317  44.196 0.0000000000
152433  48.484  -9.829  44.823 0.0000000000
79890  47.407  -12.356  46.110 0.0000000000
152440  45.024  -12.013  45.226 0.0000000000
79892  45.678  -12.359  45.846 0.0000000000
79893  45.253  -12.880  46.128 0.0000000000
79891  47.008  -12.689  46.236 0.0000000000
78941  46.447  -13.902  46.391 0.0000000000
77951  46.461  -14.163  46.304 0.0000000000
77960  46.353  -14.881  46.224 0.0000000000
75901  46.501  -16.253  45.399 0.0000000000
74898  46.483  -16.666  45.070 0.0000000000
71932  40.363  -20.741  47.214 0.0000000000
72876  41.517  -19.741  48.164 0.0000000000
74871  43.797  -18.459  49.475 0.0000000000
73849  42.363  -18.470  50.180 0.0000000000
74861  44.049  -18.232  50.116 0.0000000000
74860  44.830  -18.130  50.221 0.0000000000
67205  31.366  -25.406  51.757 0.0000000000
63085  29.578  -29.517  62.557 0.0000000000
64151  30.993  -28.679  63.596 0.0000000000
152421  39.006  -8.375  37.699 0.0000000000
152392  40.247  -7.659  37.658 0.0000000000
152397  41.726  -7.248  38.848 0.0000000000
152425  42.564  -6.855  39.241 0.0000000000
85272  43.751  -6.767  39.915 0.0000000000
86395  49.565  -5.646  28.558 0.0000000000
86403  48.251  -6.242  28.688 0.0000000000
57083  6.100  -34.962  78.102 0.0000000000
58178  6.713  -34.806  78.337 0.0000000000
57077  6.541  -34.885  78.944 0.0000000000
57063  6.804  -34.547  80.669 0.0000000000
57065  5.301  -34.523  80.060 0.0000000000
57064  6.106  -34.623  80.556 0.0000000000
58135  4.874  -33.847  82.001 0.0000000000
71977  39.324  -20.796  44.045 0.0000000000
71947  39.112  -21.258  46.168 0.0000000000
73821  39.368  -19.751  52.303 0.0000000000
72813  39.411  -19.935  52.825 0.0000000000
64297  22.874  -29.359  54.208 0.0000000000
64280  23.584  -29.232  54.686 0.0000000000
65312  23.917  -28.629  55.085 0.0000000000
63159  25.163  -29.943  55.803 0.0000000000
64262  24.893  -29.247  55.800 0.0000000000
65311  24.793  -28.475  55.644 0.0000000000
65310  25.727  -28.082  56.463 0.0000000000
65256  27.587  -28.507  58.984 0.0000000000
64214  27.053  -29.220  58.634 0.0000000000
65241  28.057  -28.622  59.818 0.0000000000
64193  28.909  -29.039  61.569 0.0000000000
59637  25.052  -33.546  58.690 0.0000000000
57192  26.304  -34.198  60.184 0.0000000000
58389  26.232  -33.989  59.615 0.0000000000
58403  26.080  -33.813  58.915 0.0000000000
60771  27.505  -32.678  58.630 0.0000000000
56174  28.116  -35.340  61.696 0.0000000000
59635  28.280  -33.746  59.951 0.0000000000
59636  28.005  -33.364  59.568 0.0000000000
60754  27.802  -32.344  59.241 0.0000000000
60733  28.848  -31.917  61.162 0.0000000000
61909  28.580  -30.985  60.947 0.0000000000
63102  28.377  -30.536  60.665 0.0000000000
63086  29.252  -30.131  62.299 0.0000000000
59464  20.894  -32.622  70.995 0.0000000000
58260  20.268  -33.018  71.585 0.0000000000
59448  19.665  -33.102  71.844 0.0000000000
59483  18.737  -32.839  69.926 0.0000000000
59530  13.002  -33.338  67.558 0.0000000000
59529  13.592  -33.417  67.299 0.0000000000
58308  13.738  -33.523  67.762 0.0000000000
58219  13.047  -33.520  73.950 0.0000000000
59441  9.704  -33.405  72.896 0.0000000000
59425  9.898  -33.515  74.625 0.0000000000
59416  9.054  -33.756  75.882 0.0000000000
58194  8.372  -33.920  75.898 0.0000000000
58196  6.579  -34.744  76.758 0.0000000000
57097  5.763  -34.903  76.444 0.0000000000
57090  5.887  -34.988  77.242 0.0000000000
58179  3.678  -34.424  77.954 0.0000000000
60828  22.593  -31.742  55.328 0.0000000000
60773  23.304  -32.553  58.002 0.0000000000
60735  23.816  -31.892  61.050 0.0000000000
60722  23.806  -31.622  62.163 0.0000000000
60680  23.936  -31.530  65.948 0.0000000000
58203  15.581  -33.637  75.449 0.0000000000
58190  16.191  -34.028  76.006 0.0000000000
58154  8.332  -33.917  80.374 0.0000000000
58142  8.121  -34.226  81.118 0.0000000000
58141  8.915  -33.902  81.220 0.0000000000
84309  51.161  -7.979  38.597 0.0000000000
85259  46.756  -6.602  41.789 0.0000000000
84277  49.334  -7.702  42.328 0.0000000000
83369  49.323  -9.007  43.184 0.0000000000
84267  49.597  -8.445  42.526 0.0000000000
82526  50.218  -9.649  42.460 0.0000000000
81672  50.313  -10.594  42.209 0.0000000000
79900  48.774  -12.535  44.955 0.0000000000
79909  49.362  -12.312  44.646 0.0000000000
78965  49.139  -13.162  44.105 0.0000000000
79908  49.703  -12.658  43.821 0.0000000000
80800  50.512  -11.906  42.610 0.0000000000
77980  42.359  -14.664  44.326 0.0000000000
72922  41.878  -20.386  46.615 0.0000000000
73893  45.215  -18.627  48.466 0.0000000000
73917  45.543  -18.991  47.398 0.0000000000
72894  45.000  -19.521  46.656 0.0000000000
74913  47.015  -17.624  44.415 0.0000000000
71906  32.911  -20.816  49.813 0.0000000000
72862  33.298  -19.897  49.817 0.0000000000
71893  33.995  -20.938  50.747 0.0000000000
72844  33.855  -20.175  50.372 0.0000000000
72861  34.179  -19.629  50.082 0.0000000000
72840  36.911  -19.895  51.272 0.0000000000
72830  37.486  -20.381  51.775 0.0000000000
72814  38.733  -20.326  52.715 0.0000000000
72798  39.202  -20.409  53.212 0.0000000000
152043  27.124  -27.305  55.061 0.0000000000
66281  31.951  -25.881  53.762 0.0000000000
67184  32.756  -25.468  54.057 0.0000000000
65212  30.237  -28.025  62.197 0.0000000000
65223  30.577  -27.547  61.630 0.0000000000
66212  30.654  -27.247  60.960 0.0000000000
66200  31.731  -26.994  62.214 0.0000000000
66211  31.221  -26.972  61.360 0.0000000000
66224  30.890  -26.972  60.483 0.0000000000
68094  34.392  -24.607  53.713 0.0000000000
68103  35.470  -24.075  53.672 0.0000000000
69000  36.152  -23.727  53.493 0.0000000000
68999  36.792  -23.604  53.833 0.0000000000
68026  36.775  -24.065  58.062 0.0000000000
68950  37.035  -23.665  56.301 0.0000000000
68933  37.827  -23.399  57.562 0.0000000000
68968  36.953  -23.762  55.375 0.0000000000
69908  37.146  -23.297  53.907 0.0000000000
69922  37.679  -22.547  53.367 0.0000000000
70895  38.040  -22.311  53.655 0.0000000000
70894  38.742  -21.891  54.069 0.0000000000
86397  48.353  -5.983  29.319 0.0000000000
84405  46.865  -6.797  28.281 0.0000000000
84403  47.960  -7.407  27.831 0.0000000000
84394  48.743  -7.629  28.842 0.0000000000
84387  48.856  -7.538  29.912 0.0000000000
84378  49.677  -7.235  30.725 0.0000000000
85375  49.741  -7.274  31.254 0.0000000000
83447  47.000  -9.437  33.572 0.0000000000
84358  47.752  -8.772  33.824 0.0000000000
84357  48.182  -8.327  33.253 0.0000000000
84340  48.870  -7.350  33.926 0.0000000000
85345  49.717  -7.345  32.900 0.0000000000
85357  51.161  -6.788  32.275 0.0000000000
85332  52.015  -6.959  34.425 0.0000000000
84339  52.260  -7.785  34.548 0.0000000000
57069  7.176  -34.503  79.672 0.0000000000
57169  29.038  -34.583  61.523 0.0000000000
58143  7.459  -34.431  81.036 0.0000000000
58156  7.196  -34.464  80.531 0.0000000000
58169  7.311  -34.396  80.164 0.0000000000
58193  8.940  -33.748  75.461 0.0000000000
58355  29.322  -33.513  61.557 0.0000000000
59391  14.111  -33.369  78.553 0.0000000000
59434  9.124  -33.510  73.386 0.0000000000
59484  18.294  -32.961  70.290 0.0000000000
60756  24.063  -32.457  59.507 0.0000000000
61942  26.768  -31.364  57.335 0.0000000000
63149  26.406  -29.779  57.485 0.0000000000
63150  26.045  -30.093  57.060 0.0000000000
63171  24.641  -29.877  55.265 0.0000000000
63186  23.383  -30.011  54.323 0.0000000000
64175  29.371  -29.354  62.196 0.0000000000
64228  26.587  -29.272  57.872 0.0000000000
67164  35.066  -24.773  56.232 0.0000000000
67182  34.319  -24.723  54.175 0.0000000000
68080  36.485  -24.057  55.293 0.0000000000
71854  38.222  -21.204  53.045 0.0000000000
71867  37.773  -21.059  52.503 0.0000000000
71882  36.929  -20.927  51.914 0.0000000000
71944  41.352  -20.635  46.897 0.0000000000
72883  34.354  -19.099  47.857 0.0000000000
73839  37.327  -19.854  51.246 0.0000000000
74848  45.095  -17.999  50.819 0.0000000000
74859  45.549  -18.166  50.465 0.0000000000
77953  45.854  -14.275  46.783 0.0000000000
78940  46.558  -13.995  46.180 0.0000000000
81655  49.776  -11.113  44.822 0.0000000000
81656  49.371  -10.698  45.110 0.0000000000
81662  49.553  -10.311  44.715 0.0000000000
81687  49.894  -10.323  40.426 0.0000000000
81714  45.683  -10.378  33.628 0.0000000000
81715  45.445  -10.452  33.672 0.0000000000
81719  44.937  -10.798  33.327 0.0000000000
81720  44.182  -10.817  33.104 0.0000000000
81725  44.560  -10.756  32.385 0.0000000000
81730  45.498  -10.436  31.986 0.0000000000
81731  45.096  -10.541  31.881 0.0000000000
82519  49.380  -9.800  44.356 0.0000000000
82528  45.499  -9.460  41.315 0.0000000000
82536  45.516  -8.970  41.188 0.0000000000
82538  44.204  -10.438  39.744 0.0000000000
82554  50.455  -9.346  38.931 0.0000000000
82570  46.558  -9.824  33.780 0.0000000000
82575  42.357  -9.470  33.680 0.0000000000
82579  47.060  -9.483  33.112 0.0000000000
82581  46.098  -10.320  32.959 0.0000000000
82586  41.052  -9.397  33.051 0.0000000000
82591  47.004  -9.542  32.722 0.0000000000
82592  46.532  -9.939  32.454 0.0000000000
82597  41.490  -9.533  32.523 0.0000000000
83368  50.031  -8.984  42.671 0.0000000000
83387  50.047  -8.893  41.010 0.0000000000
83389  45.797  -8.330  41.502 0.0000000000
83407  50.592  -8.753  39.553 0.0000000000
83418  39.354  -7.729  36.635 0.0000000000
83424  39.045  -8.051  35.452 0.0000000000
83430  47.447  -8.971  33.982 0.0000000000
83431  46.829  -9.420  34.086 0.0000000000
83435  42.677  -8.884  34.132 0.0000000000
83445  47.848  -8.763  33.025 0.0000000000
83448  41.132  -9.040  33.476 0.0000000000
83483  46.588  -8.063  28.840 0.0000000000
83487  52.400  -8.533  27.542 0.0000000000
84266  50.061  -8.576  42.276 0.0000000000
84269  48.105  -8.278  43.103 0.0000000000
84278  48.540  -7.521  42.706 0.0000000000
84288  50.195  -8.436  40.608 0.0000000000
84291  45.466  -7.532  41.300 0.0000000000
84313  41.727  -6.747  36.767 0.0000000000
84319  41.629  -6.871  36.158 0.0000000000
84320  41.128  -7.137  36.088 0.0000000000
84321  40.473  -7.391  36.251 0.0000000000
84322  39.784  -7.483  36.201 0.0000000000
84349  40.291  -7.892  34.664 0.0000000000
84350  39.786  -8.025  34.825 0.0000000000
84404  47.167  -7.056  27.865 0.0000000000
85244  50.095  -7.538  41.509 0.0000000000
85256  50.217  -7.163  41.088 0.0000000000
85268  51.001  -7.672  39.898 0.0000000000
85269  50.672  -7.206  40.279 0.0000000000
85270  45.217  -6.766  40.960 0.0000000000
85276  44.183  -6.211  39.767 0.0000000000
85285  42.535  -6.487  38.111 0.0000000000
85286  41.794  -6.720  37.582 0.0000000000
85296  42.680  -6.379  37.133 0.0000000000
85304  47.909  -6.091  36.147 0.0000000000
85306  46.530  -6.371  36.370 0.0000000000
85307  45.407  -6.204  36.671 0.0000000000
85311  42.070  -6.688  36.263 0.0000000000
85327  41.936  -6.827  35.849 0.0000000000
85337  47.636  -7.635  35.091 0.0000000000
85398  46.939  -6.661  28.421 0.0000000000
86258  49.918  -6.656  41.568 0.0000000000
86259  49.566  -6.478  41.700 0.0000000000
86267  50.315  -6.823  40.684 0.0000000000
86268  50.006  -6.467  41.082 0.0000000000
86270  48.303  -5.731  41.534 0.0000000000
86302  44.484  -5.748  39.123 0.0000000000
86308  50.887  -6.339  38.387 0.0000000000
86313  46.293  -5.404  38.506 0.0000000000
86316  43.932  -5.766  38.016 0.0000000000
86326  45.220  -5.730  37.368 0.0000000000
86327  44.331  -5.757  37.631 0.0000000000
86328  43.972  -5.809  37.699 0.0000000000
86339  45.520  -5.885  36.967 0.0000000000
86345  50.921  -5.925  35.160 0.0000000000
86346  50.165  -5.905  35.433 0.0000000000
86393  47.725  -6.211  30.175 0.0000000000
86402  48.952  -6.279  28.365 0.0000000000
86404  47.896  -6.215  28.938 0.0000000000
152387  42.159  -7.589  39.493 0.0000000000
152388  42.327  -7.085  39.302 0.0000000000
152389  41.186  -7.047  37.213 0.0000000000
152417  41.432  -6.888  37.053 0.0000000000
152418  41.213  -7.022  36.937 0.0000000000
152419  40.671  -7.329  37.095 0.0000000000
152420  40.986  -7.155  36.729 0.0000000000
152424  42.774  -7.324  39.647 0.0000000000
152431  46.245  -9.203  42.239 0.0000000000
152442  45.935  -9.440  42.046 0.0000000000
