#!ascii label  , from subject 3182 vox2ras=TkReg
1040
63566  -39.441  -7.770  46.067 0.0000000000
58741  -21.786  -10.805  50.084 0.0000000000
57725  -30.695  -11.023  45.605 0.0000000000
88760  -44.259  14.919  27.996 0.0000000000
92168  -49.960  17.951  23.542 0.0000000000
57518  -14.230  -11.100  56.063 0.0000000000
85185  -42.621  10.820  31.519 0.0000000000
64773  -42.923  -5.950  43.278 0.0000000000
63561  -34.465  -7.327  45.997 0.0000000000
58715  -17.886  -10.562  52.921 0.0000000000
54023  -17.672  -14.765  55.066 0.0000000000
68532  -34.645  -2.905  43.795 0.0000000000
66040  -38.429  -4.422  41.810 0.0000000000
59901  -25.909  -10.281  48.047 0.0000000000
64695  -30.723  -4.263  47.691 0.0000000000
74564  -42.107  2.626  33.206 0.0000000000
78650  -44.675  5.468  30.308 0.0000000000
83004  -46.210  8.684  28.362 0.0000000000
51735  -10.779  -17.114  59.633 0.0000000000
49466  -8.431  -18.484  62.626 0.0000000000
69751  -40.454  -1.574  39.492 0.0000000000
74443  -37.874  1.364  39.413 0.0000000000
74517  -38.687  2.282  36.548 0.0000000000
52882  -13.850  -15.837  57.113 0.0000000000
56425  -22.247  -13.192  51.414 0.0000000000
57620  -24.105  -12.233  50.305 0.0000000000
63563  -36.361  -7.223  45.649 0.0000000000
61060  -21.282  -7.573  51.783 0.0000000000
59854  -19.618  -9.866  51.213 0.0000000000
55245  -19.384  -13.136  51.994 0.0000000000
67205  -36.176  -1.601  47.458 0.0000000000
68485  -32.529  -1.682  46.547 0.0000000000
77255  -41.644  4.379  33.168 0.0000000000
75902  -43.487  3.603  31.580 0.0000000000
79832  -42.508  6.273  31.176 0.0000000000
84112  -43.750  10.141  28.940 0.0000000000
85210  -44.259  11.569  27.528 0.0000000000
84124  -47.372  9.895  27.441 0.0000000000
86365  -45.487  12.632  26.058 0.0000000000
87568  -46.620  13.916  25.234 0.0000000000
67296  -39.681  -2.794  43.176 0.0000000000
67328  -39.812  -3.735  40.656 0.0000000000
69725  -39.264  -1.718  42.278 0.0000000000
73145  -35.977  1.594  41.360 0.0000000000
77189  -35.973  4.293  39.477 0.0000000000
74480  -38.570  1.984  38.033 0.0000000000
78543  -36.952  4.786  37.250 0.0000000000
78574  -39.066  4.849  34.983 0.0000000000
58801  -27.837  -11.170  46.271 0.0000000000
53964  -12.241  -14.157  57.345 0.0000000000
55109  -13.343  -13.354  56.199 0.0000000000
47359  -9.630  -20.739  64.487 0.0000000000
47348  -7.725  -20.809  65.519 0.0000000000
81925  -42.336  8.636  32.591 0.0000000000
66026  -44.500  -4.356  42.286 0.0000000000
59952  -33.165  -9.264  45.593 0.0000000000
58706  -16.328  -10.186  54.262 0.0000000000
56328  -15.297  -12.887  54.591 0.0000000000
56360  -17.731  -13.193  53.126 0.0000000000
93262  -51.406  18.458  22.797 0.0000000000
64750  -36.486  -5.901  43.941 0.0000000000
63617  -38.099  -6.387  42.701 0.0000000000
66019  -36.857  -4.442  42.190 0.0000000000
62300  -22.214  -7.104  49.600 0.0000000000
59879  -23.495  -9.724  48.668 0.0000000000
62351  -23.684  -6.415  47.754 0.0000000000
62374  -26.517  -7.298  45.867 0.0000000000
61188  -28.858  -7.683  45.397 0.0000000000
61132  -30.041  -6.227  48.530 0.0000000000
62392  -30.641  -7.133  45.956 0.0000000000
64728  -31.781  -5.423  45.092 0.0000000000
64747  -33.511  -5.565  43.993 0.0000000000
73254  -42.601  0.967  35.315 0.0000000000
81940  -43.010  8.398  30.387 0.0000000000
79851  -46.321  6.815  29.046 0.0000000000
88789  -48.507  14.201  24.470 0.0000000000
50553  -9.525  -17.292  61.295 0.0000000000
48416  -10.506  -20.261  63.333 0.0000000000
63647  -40.464  -6.046  41.828 0.0000000000
66043  -42.463  -4.522  41.251 0.0000000000
69738  -42.890  -1.555  39.766 0.0000000000
70855  -37.345  0.018  41.818 0.0000000000
72012  -38.667  -0.074  40.069 0.0000000000
73176  -41.884  0.660  39.875 0.0000000000
75750  -41.341  2.007  39.389 0.0000000000
75787  -40.969  1.912  38.557 0.0000000000
73224  -42.123  0.671  37.082 0.0000000000
74532  -40.083  2.388  34.893 0.0000000000
78592  -40.431  4.716  34.277 0.0000000000
58743  -25.952  -11.220  50.003 0.0000000000
53916  -10.722  -14.314  59.763 0.0000000000
50614  -12.441  -17.134  58.661 0.0000000000
52905  -15.475  -15.676  56.565 0.0000000000
46322  -6.259  -21.602  65.218 0.0000000000
56451  -21.676  -12.361  50.772 0.0000000000
56426  -23.565  -13.157  51.326 0.0000000000
57619  -23.092  -11.969  50.090 0.0000000000
63564  -37.428  -7.390  45.723 0.0000000000
59867  -20.866  -9.189  50.262 0.0000000000
59856  -20.479  -9.054  51.310 0.0000000000
58740  -21.100  -10.373  50.498 0.0000000000
57603  -20.928  -12.023  51.065 0.0000000000
78610  -41.756  5.485  33.174 0.0000000000
78627  -41.718  5.711  31.976 0.0000000000
79810  -42.296  6.768  32.956 0.0000000000
87532  -43.738  14.003  29.650 0.0000000000
85209  -43.565  11.638  28.354 0.0000000000
86344  -43.792  12.645  27.868 0.0000000000
85224  -45.138  11.544  27.036 0.0000000000
87559  -44.488  13.549  26.563 0.0000000000
88779  -45.140  14.705  26.241 0.0000000000
68543  -39.688  -1.913  43.126 0.0000000000
77181  -36.172  4.553  40.523 0.0000000000
77200  -36.489  4.769  38.601 0.0000000000
78523  -36.978  5.640  38.707 0.0000000000
78545  -38.434  6.190  37.077 0.0000000000
57723  -29.126  -11.110  45.148 0.0000000000
57694  -29.175  -12.191  46.819 0.0000000000
57695  -30.325  -12.353  46.718 0.0000000000
55088  -12.906  -12.766  56.699 0.0000000000
56278  -13.435  -12.204  56.234 0.0000000000
91106  -49.956  16.689  23.532 0.0000000000
47349  -8.591  -20.810  65.524 0.0000000000
63610  -43.133  -7.020  44.638 0.0000000000
64774  -44.169  -5.228  43.128 0.0000000000
62395  -33.345  -7.821  45.532 0.0000000000
61182  -34.683  -8.632  46.838 0.0000000000
59832  -18.939  -9.294  52.812 0.0000000000
59816  -18.276  -8.593  53.669 0.0000000000
59814  -16.473  -9.458  54.713 0.0000000000
58714  -16.848  -10.521  53.219 0.0000000000
57573  -16.939  -11.606  53.174 0.0000000000
57588  -17.734  -11.607  52.621 0.0000000000
54076  -21.211  -14.324  52.736 0.0000000000
55193  -19.671  -14.129  52.932 0.0000000000
66004  -35.168  -4.511  42.670 0.0000000000
66018  -35.896  -4.483  42.230 0.0000000000
67292  -36.102  -3.734  42.473 0.0000000000
64631  -22.486  -5.803  50.015 0.0000000000
62320  -22.676  -7.034  48.861 0.0000000000
63493  -23.367  -5.879  48.497 0.0000000000
64708  -25.988  -5.588  46.270 0.0000000000
63556  -27.160  -6.554  45.893 0.0000000000
61176  -27.514  -8.290  45.261 0.0000000000
62376  -28.169  -6.946  45.763 0.0000000000
64657  -31.213  -4.115  49.763 0.0000000000
62356  -30.673  -5.171  48.185 0.0000000000
61180  -30.488  -6.866  46.733 0.0000000000
63558  -30.836  -5.400  46.958 0.0000000000
63581  -31.137  -5.988  45.681 0.0000000000
64727  -31.197  -5.029  46.012 0.0000000000
69697  -33.582  -1.754  44.552 0.0000000000
67257  -33.004  -3.281  43.715 0.0000000000
67277  -33.979  -3.570  43.484 0.0000000000
64749  -35.360  -5.943  43.833 0.0000000000
73271  -42.371  1.283  34.403 0.0000000000
73289  -44.712  1.019  34.080 0.0000000000
74566  -43.886  1.764  33.152 0.0000000000
77285  -44.003  4.317  31.029 0.0000000000
75904  -45.672  2.945  31.387 0.0000000000
84095  -42.549  9.982  31.938 0.0000000000
81939  -42.575  8.474  30.959 0.0000000000
82994  -42.929  9.316  30.673 0.0000000000
83003  -45.531  8.809  28.576 0.0000000000
81949  -45.307  8.214  29.057 0.0000000000
81950  -46.025  8.075  28.704 0.0000000000
79852  -47.050  6.457  29.239 0.0000000000
87569  -47.387  13.940  24.977 0.0000000000
89968  -47.606  15.793  24.699 0.0000000000
89969  -48.303  16.152  24.316 0.0000000000
51734  -10.309  -16.463  60.226 0.0000000000
51715  -9.344  -16.201  61.196 0.0000000000
50554  -10.151  -17.557  60.554 0.0000000000
48427  -10.666  -19.976  62.258 0.0000000000
47361  -11.202  -20.524  64.955 0.0000000000
64786  -38.251  -5.670  41.940 0.0000000000
63633  -39.796  -6.272  42.409 0.0000000000
64803  -39.427  -5.254  41.198 0.0000000000
68570  -40.408  -2.682  39.876 0.0000000000
67329  -41.077  -3.662  40.325 0.0000000000
68571  -41.662  -2.951  39.872 0.0000000000
67331  -42.907  -3.299  40.638 0.0000000000
69752  -41.412  -1.711  39.356 0.0000000000
73109  -37.170  1.488  43.336 0.0000000000
74442  -36.775  1.541  39.580 0.0000000000
72010  -36.924  0.782  40.440 0.0000000000
73173  -38.238  0.620  39.676 0.0000000000
72014  -41.148  0.167  39.606 0.0000000000
73175  -40.920  0.865  39.835 0.0000000000
73148  -41.820  1.121  39.908 0.0000000000
74463  -39.814  1.637  39.194 0.0000000000
74516  -38.057  2.414  36.795 0.0000000000
74481  -39.376  1.795  37.774 0.0000000000
74499  -39.569  1.681  36.917 0.0000000000
74501  -41.743  1.393  37.479 0.0000000000
73222  -40.202  1.232  36.433 0.0000000000
73236  -40.629  0.870  35.808 0.0000000000
74531  -39.665  2.271  35.461 0.0000000000
79762  -39.420  6.295  36.177 0.0000000000
78575  -40.014  5.196  34.581 0.0000000000
79779  -40.156  6.291  35.187 0.0000000000
59880  -24.565  -10.004  48.599 0.0000000000
58757  -25.049  -10.789  49.235 0.0000000000
59882  -25.908  -10.710  48.615 0.0000000000
52881  -12.818  -15.214  56.865 0.0000000000
52865  -12.272  -15.427  58.016 0.0000000000
52866  -13.011  -16.069  57.523 0.0000000000
54022  -16.591  -14.499  54.888 0.0000000000
54021  -15.670  -14.357  55.359 0.0000000000
53994  -17.014  -15.291  55.789 0.0000000000
55222  -22.140  -13.941  52.514 0.0000000000
56397  -23.800  -13.318  52.544 0.0000000000
57590  -24.513  -12.969  52.543 0.0000000000
57591  -25.181  -12.711  52.525 0.0000000000
63562  -35.485  -7.318  45.962 0.0000000000
63531  -35.534  -7.875  46.833 0.0000000000
61016  -20.257  -7.680  53.213 0.0000000000
59844  -19.591  -8.980  51.854 0.0000000000
58723  -18.673  -10.526  52.153 0.0000000000
57589  -18.598  -11.670  52.255 0.0000000000
57601  -19.335  -11.616  51.733 0.0000000000
56395  -20.991  -13.177  51.820 0.0000000000
68504  -35.374  -1.818  45.232 0.0000000000
67239  -36.190  -2.393  45.176 0.0000000000
68427  -32.464  -2.036  49.764 0.0000000000
67203  -31.408  -2.302  47.534 0.0000000000
68486  -34.046  -1.137  46.199 0.0000000000
75878  -42.181  3.488  32.635 0.0000000000
74582  -43.503  2.450  32.529 0.0000000000
75901  -42.505  3.807  31.800 0.0000000000
77284  -42.890  4.479  31.284 0.0000000000
78649  -43.874  5.745  30.527 0.0000000000
84104  -42.969  10.270  30.550 0.0000000000
85202  -43.087  11.751  29.411 0.0000000000
84121  -44.139  10.455  28.105 0.0000000000
84122  -45.304  10.135  27.805 0.0000000000
83014  -46.873  9.017  27.925 0.0000000000
84139  -45.737  10.761  27.225 0.0000000000
85225  -46.080  11.553  26.463 0.0000000000
85238  -46.961  11.978  26.024 0.0000000000
87561  -45.821  13.737  25.769 0.0000000000
88780  -46.106  14.803  25.499 0.0000000000
49501  -12.033  -18.785  60.153 0.0000000000
48451  -11.547  -19.031  60.728 0.0000000000
49484  -12.763  -18.799  61.327 0.0000000000
67294  -39.266  -3.995  42.051 0.0000000000
67327  -39.411  -4.344  40.921 0.0000000000
67313  -39.615  -3.340  41.818 0.0000000000
68557  -39.531  -2.559  41.614 0.0000000000
70874  -39.195  -1.466  41.382 0.0000000000
74401  -36.147  2.875  42.933 0.0000000000
75728  -35.973  3.942  41.386 0.0000000000
75748  -35.822  3.554  40.353 0.0000000000
74460  -36.353  2.288  39.061 0.0000000000
74462  -38.590  1.875  38.900 0.0000000000
75784  -36.703  2.709  37.982 0.0000000000
77218  -37.008  3.451  36.997 0.0000000000
75814  -38.076  3.077  36.439 0.0000000000
75815  -38.797  3.033  36.087 0.0000000000
78557  -37.963  4.521  36.426 0.0000000000
58819  -26.478  -10.425  46.569 0.0000000000
58778  -26.843  -11.378  47.833 0.0000000000
57693  -28.095  -11.777  47.087 0.0000000000
55108  -12.702  -13.480  56.795 0.0000000000
52903  -13.619  -15.064  56.395 0.0000000000
47368  -8.743  -20.431  63.523 0.0000000000
49458  -8.067  -18.522  63.097 0.0000000000
47367  -7.970  -20.208  63.857 0.0000000000
47366  -7.293  -20.213  63.877 0.0000000000
47356  -6.854  -20.532  64.460 0.0000000000
67300  -45.385  -3.312  41.992 0.0000000000
58840  -31.970  -10.019  45.311 0.0000000000
57697  -32.202  -11.507  46.574 0.0000000000
58677  -16.021  -9.077  55.917 0.0000000000
58695  -15.369  -10.429  54.992 0.0000000000
57539  -14.532  -11.884  55.258 0.0000000000
57571  -15.509  -11.661  54.019 0.0000000000
56358  -16.400  -12.887  53.826 0.0000000000
54041  -17.363  -14.203  54.206 0.0000000000
56393  -18.462  -12.769  52.613 0.0000000000
55163  -18.795  -14.213  53.762 0.0000000000
54024  -18.768  -15.145  55.324 0.0000000000
93254  -50.920  18.482  23.166 0.0000000000
63586  -37.831  -6.941  44.955 0.0000000000
63605  -38.155  -6.524  43.874 0.0000000000
64751  -37.183  -6.249  43.542 0.0000000000
64784  -37.176  -5.305  42.011 0.0000000000
66039  -37.527  -4.589  41.947 0.0000000000
67280  -36.899  -3.874  43.907 0.0000000000
66020  -37.897  -4.224  42.717 0.0000000000
66021  -39.065  -4.020  42.656 0.0000000000
66022  -39.662  -3.485  43.163 0.0000000000
61103  -21.612  -8.798  49.468 0.0000000000
58755  -22.927  -10.564  49.044 0.0000000000
59897  -22.307  -8.502  48.877 0.0000000000
59918  -23.556  -8.450  47.669 0.0000000000
61154  -24.366  -8.382  47.241 0.0000000000
63523  -24.411  -5.582  47.462 0.0000000000
62372  -24.979  -6.842  46.577 0.0000000000
61156  -25.781  -9.014  45.970 0.0000000000
59936  -27.188  -9.327  45.325 0.0000000000
59947  -28.183  -8.903  44.964 0.0000000000
58838  -29.756  -10.137  45.310 0.0000000000
61158  -29.514  -6.552  47.537 0.0000000000
61178  -29.656  -7.102  46.444 0.0000000000
61189  -29.923  -7.922  45.425 0.0000000000
59949  -30.343  -9.128  45.310 0.0000000000
61191  -31.854  -8.254  45.308 0.0000000000
62394  -32.494  -7.523  45.255 0.0000000000
63583  -33.419  -7.001  45.169 0.0000000000
65966  -31.386  -4.163  45.093 0.0000000000
65967  -32.172  -4.857  44.435 0.0000000000
64730  -34.038  -6.310  44.849 0.0000000000
64731  -34.974  -6.346  44.687 0.0000000000
64732  -35.928  -6.400  44.778 0.0000000000
61082  -21.392  -7.717  50.733 0.0000000000
74583  -44.550  2.371  32.384 0.0000000000
80892  -42.306  7.659  32.234 0.0000000000
80900  -42.992  6.870  30.974 0.0000000000
79839  -44.100  6.448  30.285 0.0000000000
82995  -43.398  9.021  30.142 0.0000000000
80911  -44.355  7.306  29.727 0.0000000000
79840  -44.957  6.283  29.768 0.0000000000
78663  -47.128  5.522  29.499 0.0000000000
88796  -49.026  14.616  23.871 0.0000000000
91099  -49.355  16.737  23.714 0.0000000000
92167  -49.449  17.619  24.000 0.0000000000
50538  -8.796  -17.280  61.949 0.0000000000
49467  -8.731  -18.262  62.161 0.0000000000
48436  -10.950  -19.534  61.102 0.0000000000
48435  -9.930  -19.431  61.479 0.0000000000
48426  -9.379  -19.614  62.382 0.0000000000
47369  -9.808  -20.420  63.538 0.0000000000
63606  -39.474  -6.795  44.184 0.0000000000
63619  -40.132  -6.600  43.352 0.0000000000
64788  -41.814  -5.710  42.626 0.0000000000
64816  -40.071  -5.118  40.856 0.0000000000
64805  -41.265  -5.525  41.438 0.0000000000
64806  -42.128  -5.188  41.913 0.0000000000
66044  -43.205  -4.253  41.565 0.0000000000
67316  -44.421  -3.389  41.311 0.0000000000
69726  -44.022  -2.088  40.925 0.0000000000
70840  -38.066  -0.513  42.709 0.0000000000
70873  -39.108  -0.954  40.556 0.0000000000
73146  -36.518  0.866  41.659 0.0000000000
70872  -38.081  -0.494  40.920 0.0000000000
70886  -39.884  -0.824  39.604 0.0000000000
70888  -41.438  -0.823  39.488 0.0000000000
70876  -42.430  -0.728  39.778 0.0000000000
75766  -39.537  1.799  38.747 0.0000000000
75768  -41.618  2.218  39.161 0.0000000000
73238  -42.902  0.690  36.336 0.0000000000
73253  -41.508  1.097  35.045 0.0000000000
74548  -41.080  2.174  34.223 0.0000000000
75829  -39.662  3.149  35.160 0.0000000000
75845  -40.282  3.354  34.510 0.0000000000
75859  -40.749  3.455  33.898 0.0000000000
77254  -41.086  4.286  33.638 0.0000000000
78594  -41.642  5.702  34.170 0.0000000000
57635  -23.575  -11.431  49.529 0.0000000000
57621  -25.087  -11.997  50.544 0.0000000000
57638  -27.213  -11.799  49.815 0.0000000000
51755  -10.758  -16.325  59.169 0.0000000000
53939  -11.297  -14.351  59.141 0.0000000000
51777  -10.955  -15.944  58.573 0.0000000000
51756  -11.252  -17.136  59.201 0.0000000000
50591  -13.141  -17.589  59.120 0.0000000000
55135  -14.498  -13.597  55.461 0.0000000000
53991  -14.264  -14.504  55.878 0.0000000000
52883  -14.808  -16.000  57.185 0.0000000000
47331  -6.652  -20.931  67.109 0.0000000000
47346  -6.822  -21.497  65.763 0.0000000000
47355  -6.094  -20.703  64.619 0.0000000000
63587  -38.910  -6.986  45.134 0.0000000000
57618  -21.997  -11.511  50.230 0.0000000000
57633  -22.133  -10.931  49.981 0.0000000000
63565  -38.438  -7.521  45.865 0.0000000000
58753  -21.284  -9.808  49.986 0.0000000000
57617  -21.063  -11.539  50.741 0.0000000000
79793  -42.567  6.234  33.973 0.0000000000
87543  -43.502  13.865  28.548 0.0000000000
87551  -44.041  13.660  27.391 0.0000000000
88770  -44.458  14.407  26.908 0.0000000000
57724  -30.158  -11.108  45.364 0.0000000000
57710  -29.682  -11.817  45.825 0.0000000000
57711  -30.757  -11.627  45.956 0.0000000000
57517  -13.428  -11.552  56.595 0.0000000000
92178  -49.830  17.323  23.601 0.0000000000
92179  -50.406  17.607  23.264 0.0000000000
64754  -43.844  -6.015  44.523 0.0000000000
62379  -33.902  -7.965  46.120 0.0000000000
61181  -34.046  -8.851  46.639 0.0000000000
62380  -34.529  -8.155  46.508 0.0000000000
58716  -18.466  -10.022  52.884 0.0000000000
59831  -18.040  -9.550  53.320 0.0000000000
59830  -17.397  -9.920  53.501 0.0000000000
57574  -17.220  -11.006  52.694 0.0000000000
67278  -35.187  -3.533  43.005 0.0000000000
67291  -35.526  -3.912  42.373 0.0000000000
63477  -22.964  -5.920  49.156 0.0000000000
63496  -27.727  -5.480  47.814 0.0000000000
63526  -27.240  -5.867  46.724 0.0000000000
63497  -27.910  -5.995  47.152 0.0000000000
63527  -27.752  -6.406  46.362 0.0000000000
62354  -28.397  -6.303  46.864 0.0000000000
64676  -31.182  -3.725  49.113 0.0000000000
63498  -30.815  -4.955  48.824 0.0000000000
64675  -30.906  -4.299  48.770 0.0000000000
63528  -30.685  -5.214  47.662 0.0000000000
63559  -30.775  -5.017  47.325 0.0000000000
64709  -30.679  -4.725  46.947 0.0000000000
64694  -30.580  -4.318  47.186 0.0000000000
67258  -33.733  -3.058  43.761 0.0000000000
68531  -34.067  -3.000  43.816 0.0000000000
66003  -34.346  -4.545  43.170 0.0000000000
73286  -42.251  1.783  33.657 0.0000000000
73287  -43.144  1.464  33.767 0.0000000000
74565  -42.925  2.094  33.130 0.0000000000
77301  -44.673  4.708  30.700 0.0000000000
77286  -45.049  3.856  30.823 0.0000000000
77302  -45.429  4.641  30.435 0.0000000000
82993  -42.505  9.253  31.381 0.0000000000
84103  -42.751  10.056  31.177 0.0000000000
81951  -46.839  8.157  28.522 0.0000000000
80923  -47.535  7.284  28.550 0.0000000000
91090  -47.243  16.797  25.229 0.0000000000
50570  -10.636  -17.542  60.045 0.0000000000
64802  -38.495  -5.258  41.575 0.0000000000
66041  -39.045  -4.651  41.276 0.0000000000
68584  -40.904  -2.107  39.407 0.0000000000
68585  -41.433  -2.344  39.523 0.0000000000
73172  -37.285  0.997  40.022 0.0000000000
73174  -39.551  0.735  39.783 0.0000000000
74444  -39.122  1.335  39.498 0.0000000000
74498  -38.606  1.931  37.196 0.0000000000
73221  -39.633  1.474  36.287 0.0000000000
73235  -39.871  1.435  35.698 0.0000000000
74518  -39.307  2.099  36.092 0.0000000000
59900  -25.106  -9.526  47.798 0.0000000000
59881  -25.420  -10.396  48.610 0.0000000000
51780  -13.872  -16.690  57.965 0.0000000000
50537  -8.469  -17.314  62.649 0.0000000000
50526  -8.184  -17.442  63.111 0.0000000000
63590  -42.510  -7.297  45.329 0.0000000000
55223  -23.092  -13.589  52.878 0.0000000000
56396  -22.990  -13.457  52.115 0.0000000000
56427  -24.072  -13.040  50.665 0.0000000000
57604  -24.127  -13.000  51.946 0.0000000000
57605  -24.628  -12.896  51.313 0.0000000000
63532  -36.291  -7.746  46.583 0.0000000000
62250  -21.115  -6.619  52.186 0.0000000000
61039  -20.617  -7.173  52.454 0.0000000000
59855  -20.011  -9.603  51.307 0.0000000000
61058  -19.699  -9.392  51.538 0.0000000000
59843  -19.216  -9.657  51.664 0.0000000000
58730  -19.463  -10.602  51.336 0.0000000000
56450  -21.193  -12.179  50.960 0.0000000000
56424  -21.056  -12.748  51.370 0.0000000000
55247  -21.546  -13.397  51.804 0.0000000000
68487  -35.298  -1.426  46.055 0.0000000000
67221  -36.328  -1.710  46.253 0.0000000000
68447  -32.231  -1.326  49.027 0.0000000000
68450  -35.509  -1.332  48.102 0.0000000000
67204  -35.701  -1.301  47.277 0.0000000000
75900  -41.891  3.996  32.005 0.0000000000
78637  -42.254  5.422  31.301 0.0000000000
77283  -42.059  4.632  31.705 0.0000000000
78638  -43.233  5.354  30.836 0.0000000000
84138  -44.894  10.865  27.510 0.0000000000
86355  -45.233  11.978  26.485 0.0000000000
85237  -46.282  12.237  26.018 0.0000000000
86366  -46.631  12.892  25.549 0.0000000000
67295  -39.536  -3.657  42.352 0.0000000000
70858  -38.856  -1.318  42.108 0.0000000000
75764  -35.860  3.226  39.290 0.0000000000
74478  -36.718  2.313  38.398 0.0000000000
75783  -36.237  3.011  38.396 0.0000000000
78532  -36.880  5.179  37.759 0.0000000000
77209  -36.663  4.061  37.539 0.0000000000
77210  -37.115  4.509  37.064 0.0000000000
75813  -37.424  2.932  36.780 0.0000000000
77219  -37.425  3.961  36.675 0.0000000000
78544  -37.584  5.074  36.995 0.0000000000
58820  -27.156  -10.498  45.817 0.0000000000
58800  -27.123  -11.165  46.934 0.0000000000
56539  -29.800  -12.640  47.694 0.0000000000
53989  -12.908  -14.238  56.588 0.0000000000
53990  -13.503  -14.299  56.193 0.0000000000
47358  -8.677  -20.754  64.549 0.0000000000
47357  -7.822  -20.613  64.630 0.0000000000
64775  -44.989  -5.046  43.290 0.0000000000
66010  -45.107  -4.410  42.793 0.0000000000
67284  -45.274  -3.766  42.358 0.0000000000
67299  -44.686  -3.813  42.017 0.0000000000
58841  -32.584  -9.732  45.611 0.0000000000
58824  -32.507  -10.375  45.990 0.0000000000
59937  -32.988  -9.814  45.993 0.0000000000
59797  -16.508  -8.989  55.236 0.0000000000
58696  -15.851  -9.598  55.104 0.0000000000
58705  -15.459  -11.091  54.221 0.0000000000
56359  -16.965  -12.657  53.396 0.0000000000
55189  -16.763  -13.200  53.761 0.0000000000
55161  -17.001  -13.848  54.137 0.0000000000
55190  -17.227  -13.622  53.708 0.0000000000
56422  -19.134  -12.497  52.054 0.0000000000
55219  -19.163  -13.292  52.444 0.0000000000
54044  -20.726  -14.781  54.490 0.0000000000
54058  -19.572  -14.256  53.337 0.0000000000
54043  -19.413  -14.546  54.139 0.0000000000
54042  -18.276  -14.421  54.137 0.0000000000
63604  -37.321  -6.335  44.298 0.0000000000
64783  -36.398  -5.182  42.257 0.0000000000
66038  -37.171  -4.763  41.893 0.0000000000
67240  -37.008  -3.406  45.590 0.0000000000
67260  -36.738  -3.364  44.581 0.0000000000
65988  -38.575  -3.253  44.709 0.0000000000
66006  -38.824  -4.103  43.849 0.0000000000
61104  -21.952  -8.122  49.665 0.0000000000
59878  -22.272  -9.294  49.058 0.0000000000
62321  -23.156  -6.829  48.286 0.0000000000
61126  -22.889  -7.686  48.197 0.0000000000
61153  -23.564  -7.566  47.684 0.0000000000
63555  -26.411  -5.996  45.934 0.0000000000
63554  -25.483  -6.112  46.346 0.0000000000
62373  -25.618  -7.264  46.273 0.0000000000
61155  -25.147  -8.636  46.502 0.0000000000
61174  -25.936  -8.146  46.064 0.0000000000
59935  -26.415  -9.631  45.964 0.0000000000
61175  -26.603  -8.457  45.609 0.0000000000
61187  -28.126  -8.027  45.238 0.0000000000
58837  -28.728  -9.990  45.355 0.0000000000
59948  -29.312  -8.973  45.022 0.0000000000
62325  -30.257  -5.863  48.648 0.0000000000
62304  -30.320  -6.064  49.377 0.0000000000
61131  -29.848  -6.379  48.512 0.0000000000
61159  -29.965  -6.690  47.507 0.0000000000
62377  -30.555  -6.991  46.432 0.0000000000
61179  -30.321  -7.225  46.455 0.0000000000
61190  -30.796  -7.989  45.456 0.0000000000
59950  -31.370  -9.189  45.305 0.0000000000
63582  -32.184  -6.479  45.193 0.0000000000
67219  -31.290  -2.566  46.315 0.0000000000
67238  -31.337  -2.931  45.256 0.0000000000
65984  -32.946  -4.656  43.719 0.0000000000
65983  -32.157  -3.999  44.097 0.0000000000
64729  -32.800  -5.854  44.473 0.0000000000
64712  -34.799  -6.727  45.467 0.0000000000
63585  -36.917  -6.522  44.989 0.0000000000
63460  -22.064  -6.210  50.325 0.0000000000
63444  -21.752  -6.346  51.088 0.0000000000
62281  -21.594  -7.019  50.382 0.0000000000
61081  -21.320  -8.549  50.082 0.0000000000
73255  -43.817  0.721  35.576 0.0000000000
73274  -45.318  1.124  34.556 0.0000000000
75880  -43.935  2.877  31.960 0.0000000000
75881  -44.441  2.765  31.901 0.0000000000
81913  -42.354  8.455  32.987 0.0000000000
80909  -42.742  7.920  30.685 0.0000000000
80910  -43.255  7.353  30.390 0.0000000000
84111  -43.226  10.462  29.670 0.0000000000
83000  -43.280  9.690  30.109 0.0000000000
83001  -43.883  9.331  29.496 0.0000000000
80921  -45.739  7.290  28.996 0.0000000000
80920  -45.000  7.601  29.264 0.0000000000
80912  -45.161  6.911  29.324 0.0000000000
79841  -46.017  6.340  29.470 0.0000000000
78652  -46.464  5.427  29.654 0.0000000000
79842  -46.677  5.964  29.520 0.0000000000
78664  -47.911  5.666  29.403 0.0000000000
86375  -47.539  13.223  25.318 0.0000000000
88788  -48.018  14.689  24.497 0.0000000000
88795  -48.433  15.144  23.991 0.0000000000
91091  -48.081  16.808  24.605 0.0000000000
91098  -48.797  16.788  24.167 0.0000000000
51695  -8.849  -16.225  61.748 0.0000000000
49481  -9.271  -18.470  61.579 0.0000000000
49500  -10.875  -18.544  60.310 0.0000000000
48415  -9.861  -20.226  62.956 0.0000000000
47376  -9.565  -20.211  62.884 0.0000000000
47370  -10.418  -20.372  63.862 0.0000000000
47352  -11.038  -20.677  65.296 0.0000000000
63618  -39.047  -6.545  43.063 0.0000000000
63634  -40.833  -6.082  42.684 0.0000000000
64787  -41.373  -5.995  43.352 0.0000000000
63648  -40.998  -6.094  41.942 0.0000000000
66056  -39.830  -4.622  40.730 0.0000000000
66058  -41.632  -4.330  40.595 0.0000000000
66042  -41.572  -4.889  40.814 0.0000000000
64789  -43.064  -5.132  42.240 0.0000000000
68572  -42.708  -2.635  39.991 0.0000000000
68573  -43.400  -2.840  40.622 0.0000000000
68558  -44.033  -2.626  40.991 0.0000000000
69739  -43.698  -1.871  40.562 0.0000000000
70839  -37.442  -0.077  42.555 0.0000000000
70857  -38.462  -0.759  41.839 0.0000000000
70856  -37.825  -0.367  41.825 0.0000000000
74400  -35.925  2.292  42.051 0.0000000000
73128  -36.034  1.757  42.003 0.0000000000
72011  -37.437  0.212  40.490 0.0000000000
72027  -40.257  -0.543  39.491 0.0000000000
70887  -40.471  -0.879  39.429 0.0000000000
72028  -40.757  -0.397  39.477 0.0000000000
72015  -41.994  -0.121  39.769 0.0000000000
72016  -42.996  -0.111  40.035 0.0000000000
70877  -43.520  -0.749  40.416 0.0000000000
72017  -43.428  -0.145  40.461 0.0000000000
74421  -41.543  1.437  39.755 0.0000000000
74479  -37.474  2.230  38.102 0.0000000000
75765  -38.997  1.935  38.554 0.0000000000
74482  -40.306  1.627  37.834 0.0000000000
75786  -39.997  1.732  38.392 0.0000000000
74502  -42.667  1.227  37.784 0.0000000000
73252  -40.633  1.466  34.945 0.0000000000
72073  -41.219  1.063  35.245 0.0000000000
73270  -41.458  1.763  34.265 0.0000000000
73269  -40.935  1.919  34.420 0.0000000000
77230  -39.061  3.864  35.558 0.0000000000
77242  -40.238  4.265  34.403 0.0000000000
75846  -40.457  3.845  34.210 0.0000000000
77243  -40.599  4.285  34.042 0.0000000000
58756  -24.082  -10.651  49.151 0.0000000000
58742  -25.481  -11.448  49.807 0.0000000000
57622  -25.925  -11.577  50.717 0.0000000000
57606  -25.512  -12.293  51.590 0.0000000000
57664  -27.265  -11.721  48.702 0.0000000000
56512  -27.565  -12.046  49.443 0.0000000000
57696  -31.649  -12.157  46.964 0.0000000000
52846  -10.563  -15.211  59.885 0.0000000000
55068  -11.876  -13.280  58.110 0.0000000000
55067  -11.494  -13.535  58.883 0.0000000000
53940  -11.721  -14.350  58.349 0.0000000000
52864  -11.404  -15.277  58.708 0.0000000000
51778  -11.637  -16.501  58.552 0.0000000000
50590  -12.044  -17.649  59.247 0.0000000000
56327  -14.882  -12.588  54.909 0.0000000000
56299  -14.395  -12.686  55.342 0.0000000000
56300  -14.890  -13.074  55.098 0.0000000000
53993  -16.055  -15.053  55.881 0.0000000000
54020  -14.989  -14.182  55.552 0.0000000000
53992  -15.158  -14.872  55.918 0.0000000000
52904  -14.509  -15.401  56.432 0.0000000000
46319  -6.846  -21.806  66.202 0.0000000000
56452  -22.709  -12.510  50.691 0.0000000000
56453  -23.554  -12.665  50.550 0.0000000000
61059  -20.860  -8.255  50.974 0.0000000000
61038  -20.899  -8.137  52.192 0.0000000000
58732  -20.487  -9.884  51.020 0.0000000000
58731  -20.275  -10.502  50.975 0.0000000000
57616  -20.584  -11.151  50.837 0.0000000000
58739  -20.729  -10.906  50.701 0.0000000000
67189  -36.142  -1.568  48.486 0.0000000000
77270  -41.859  4.601  32.453 0.0000000000
79824  -41.917  6.052  31.581 0.0000000000
86336  -43.074  12.768  29.559 0.0000000000
86343  -43.325  12.677  28.820 0.0000000000
86354  -44.520  12.516  26.779 0.0000000000
86364  -44.801  13.045  26.272 0.0000000000
87560  -45.082  13.618  26.203 0.0000000000
88778  -44.752  14.076  26.430 0.0000000000
88771  -44.761  15.245  27.182 0.0000000000
69714  -39.592  -1.462  43.300 0.0000000000
70842  -39.495  -1.037  43.462 0.0000000000
77199  -36.131  3.861  38.526 0.0000000000
78533  -37.656  5.927  38.070 0.0000000000
58821  -28.129  -10.862  45.411 0.0000000000
57709  -28.641  -11.568  46.030 0.0000000000
56540  -30.914  -12.916  47.544 0.0000000000
56298  -13.750  -12.714  55.749 0.0000000000
89986  -49.962  15.788  23.521 0.0000000000
47350  -9.482  -20.902  65.470 0.0000000000
47340  -8.509  -20.768  66.403 0.0000000000
47339  -7.697  -20.828  66.389 0.0000000000
61193  -33.540  -8.577  45.804 0.0000000000
59938  -33.493  -9.501  46.290 0.0000000000
59953  -33.623  -9.070  46.012 0.0000000000
61161  -34.372  -9.400  47.039 0.0000000000
61162  -35.017  -9.163  47.388 0.0000000000
59818  -20.092  -8.604  54.043 0.0000000000
59817  -19.398  -8.555  53.827 0.0000000000
61000  -18.753  -7.879  54.453 0.0000000000
60999  -17.681  -8.104  54.406 0.0000000000
59815  -17.228  -9.135  54.300 0.0000000000
58707  -16.912  -9.881  53.751 0.0000000000
58713  -15.927  -11.044  53.395 0.0000000000
56392  -17.585  -12.392  52.948 0.0000000000
54075  -20.613  -14.168  52.469 0.0000000000
55220  -19.897  -13.808  52.217 0.0000000000
54059  -20.291  -14.431  53.171 0.0000000000
64768  -35.748  -5.444  42.851 0.0000000000
61125  -22.438  -7.865  48.862 0.0000000000
63492  -22.909  -6.383  48.832 0.0000000000
65928  -26.034  -4.737  47.487 0.0000000000
64692  -26.446  -5.241  47.059 0.0000000000
62375  -27.335  -7.396  45.555 0.0000000000
63557  -27.617  -6.774  45.807 0.0000000000
63480  -31.158  -4.724  50.128 0.0000000000
62326  -30.603  -5.400  48.839 0.0000000000
61160  -30.267  -6.454  47.449 0.0000000000
62355  -30.417  -5.629  47.728 0.0000000000
62378  -30.708  -6.487  46.530 0.0000000000
62393  -31.340  -7.113  45.467 0.0000000000
68502  -33.226  -1.616  45.265 0.0000000000
68517  -32.071  -2.389  44.666 0.0000000000
68518  -32.806  -2.151  44.451 0.0000000000
66002  -33.629  -4.358  43.410 0.0000000000
64748  -34.347  -5.683  43.804 0.0000000000
64767  -34.964  -5.219  43.267 0.0000000000
73272  -43.394  1.112  34.605 0.0000000000
73288  -44.093  1.190  33.905 0.0000000000
74567  -45.045  1.486  33.432 0.0000000000
75903  -44.550  3.194  31.522 0.0000000000
82978  -42.550  9.438  32.504 0.0000000000
81931  -42.360  8.453  31.720 0.0000000000
83011  -44.297  9.692  28.762 0.0000000000
83002  -44.786  9.005  28.984 0.0000000000
80922  -46.558  7.311  28.755 0.0000000000
79853  -48.165  6.510  29.071 0.0000000000
88787  -47.155  14.816  25.198 0.0000000000
89976  -48.212  15.523  24.247 0.0000000000
51733  -9.639  -16.016  60.726 0.0000000000
51716  -9.791  -16.729  60.802 0.0000000000
49482  -10.018  -18.576  60.905 0.0000000000
48403  -10.740  -20.344  64.043 0.0000000000
63631  -37.984  -5.901  42.207 0.0000000000
63632  -38.755  -6.041  42.067 0.0000000000
63645  -39.043  -5.647  41.568 0.0000000000
63646  -39.609  -5.867  41.676 0.0000000000
67330  -42.228  -3.656  40.399 0.0000000000
67314  -42.730  -3.735  40.937 0.0000000000
69753  -42.148  -2.036  39.491 0.0000000000
71984  -36.936  0.482  42.205 0.0000000000
73171  -36.460  1.244  40.363 0.0000000000
71995  -36.596  0.730  40.903 0.0000000000
72013  -39.932  -0.094  39.447 0.0000000000
73147  -41.371  1.034  39.938 0.0000000000
74445  -40.606  1.433  39.608 0.0000000000
74464  -40.440  1.663  39.307 0.0000000000
74497  -37.778  2.318  37.332 0.0000000000
74483  -41.343  1.692  38.040 0.0000000000
74500  -40.703  1.428  37.231 0.0000000000
73223  -41.176  1.134  36.644 0.0000000000
73251  -40.012  1.845  35.235 0.0000000000
79778  -39.419  5.600  35.340 0.0000000000
78593  -40.834  5.084  34.049 0.0000000000
58758  -25.927  -10.979  49.289 0.0000000000
51779  -12.733  -16.610  58.216 0.0000000000
50615  -12.909  -17.072  58.672 0.0000000000
51757  -13.327  -17.054  58.629 0.0000000000
55137  -15.955  -13.911  54.808 0.0000000000
55136  -15.315  -13.617  55.089 0.0000000000
63609  -42.027  -6.827  44.349 0.0000000000
64752  -42.078  -6.401  44.041 0.0000000000
54061  -22.105  -14.253  53.645 0.0000000000
55194  -22.870  -13.888  53.618 0.0000000000
55195  -23.633  -13.470  53.595 0.0000000000
56362  -24.341  -13.135  53.474 0.0000000000
63530  -34.927  -7.889  46.576 0.0000000000
59845  -20.249  -8.380  52.533 0.0000000000
59833  -19.868  -8.554  53.229 0.0000000000
58722  -18.167  -11.073  52.373 0.0000000000
56423  -19.913  -12.753  51.607 0.0000000000
57602  -20.342  -11.613  51.209 0.0000000000
56394  -20.577  -13.280  51.753 0.0000000000
55221  -21.043  -13.694  52.091 0.0000000000
54077  -21.722  -14.364  53.067 0.0000000000
68520  -35.056  -2.201  44.454 0.0000000000
67259  -35.684  -2.882  43.997 0.0000000000
67173  -31.422  -2.927  49.671 0.0000000000
65889  -31.587  -2.915  48.968 0.0000000000
65930  -30.634  -3.372  47.224 0.0000000000
67188  -31.772  -2.297  48.562 0.0000000000
68466  -32.065  -1.091  47.862 0.0000000000
68467  -33.586  -0.908  47.437 0.0000000000
68503  -34.304  -1.444  44.936 0.0000000000
74581  -42.646  2.716  32.658 0.0000000000
74580  -42.311  2.921  32.806 0.0000000000
75879  -43.037  3.112  32.141 0.0000000000
78639  -44.116  5.128  30.719 0.0000000000
85193  -42.715  10.655  30.979 0.0000000000
85194  -42.782  11.392  30.668 0.0000000000
84120  -43.299  10.807  28.750 0.0000000000
83012  -44.974  9.556  28.369 0.0000000000
83013  -45.839  9.318  28.053 0.0000000000
84123  -46.308  9.967  27.604 0.0000000000
84140  -46.766  10.678  27.068 0.0000000000
50571  -11.249  -17.846  59.714 0.0000000000
48452  -11.919  -18.941  60.814 0.0000000000
67311  -38.954  -4.104  41.908 0.0000000000
67312  -39.238  -4.032  41.499 0.0000000000
69737  -39.683  -1.734  40.678 0.0000000000
75704  -36.062  3.194  41.976 0.0000000000
74419  -35.616  2.800  41.252 0.0000000000
77169  -36.336  4.690  41.280 0.0000000000
74441  -36.000  2.299  40.163 0.0000000000
74461  -37.237  1.745  38.799 0.0000000000
77208  -36.400  3.568  38.087 0.0000000000
75803  -36.862  2.864  37.349 0.0000000000
77220  -38.168  3.917  35.972 0.0000000000
78558  -38.619  5.086  36.049 0.0000000000
58799  -26.345  -10.746  47.441 0.0000000000
57692  -27.475  -11.599  47.742 0.0000000000
57665  -27.990  -11.878  48.099 0.0000000000
56538  -28.655  -12.464  47.848 0.0000000000
55087  -12.462  -12.856  57.397 0.0000000000
52908  -18.745  -15.553  56.579 0.0000000000
48425  -8.529  -19.572  62.862 0.0000000000
48414  -8.023  -19.478  63.335 0.0000000000
48413  -7.385  -19.460  63.478 0.0000000000
48412  -6.686  -19.579  63.649 0.0000000000
81914  -42.696  8.722  33.244 0.0000000000
84088  -42.823  10.078  32.606 0.0000000000
85174  -42.811  10.864  32.382 0.0000000000
68560  -45.291  -2.754  41.654 0.0000000000
58839  -30.921  -10.372  45.267 0.0000000000
58822  -31.089  -10.974  45.818 0.0000000000
58823  -31.681  -10.676  45.819 0.0000000000
58803  -32.924  -11.134  46.566 0.0000000000
62357  -35.097  -8.383  46.879 0.0000000000
58676  -15.258  -10.205  56.052 0.0000000000
57519  -14.901  -10.697  55.532 0.0000000000
57540  -14.831  -11.159  55.019 0.0000000000
57558  -15.046  -12.015  54.421 0.0000000000
57559  -15.555  -12.461  54.226 0.0000000000
57572  -15.920  -12.078  53.716 0.0000000000
56329  -15.901  -12.891  54.169 0.0000000000
55160  -16.507  -13.582  54.247 0.0000000000
54040  -16.857  -14.054  54.354 0.0000000000
56361  -18.278  -13.464  53.055 0.0000000000
55192  -18.986  -13.823  53.164 0.0000000000
55191  -17.986  -14.005  53.397 0.0000000000
54057  -17.777  -14.227  53.806 0.0000000000
93253  -50.442  18.516  23.493 0.0000000000
64770  -37.439  -6.421  42.963 0.0000000000
64769  -36.696  -6.025  42.691 0.0000000000
63616  -37.453  -6.027  42.410 0.0000000000
63630  -37.596  -5.677  42.150 0.0000000000
64801  -37.755  -4.959  41.765 0.0000000000
67279  -36.266  -3.393  43.361 0.0000000000
67293  -36.924  -3.873  42.987 0.0000000000
67261  -37.190  -3.925  44.461 0.0000000000
66023  -39.720  -3.160  43.340 0.0000000000
66008  -39.742  -3.148  43.745 0.0000000000
59877  -21.429  -9.330  49.641 0.0000000000
58754  -21.945  -10.305  49.726 0.0000000000
59898  -22.908  -8.670  48.230 0.0000000000
59899  -23.982  -9.275  47.745 0.0000000000
61127  -24.565  -9.100  47.454 0.0000000000
59919  -25.209  -9.236  47.101 0.0000000000
64671  -23.771  -5.162  48.769 0.0000000000
63494  -23.805  -5.335  48.113 0.0000000000
63524  -25.135  -5.684  46.853 0.0000000000
63553  -24.808  -6.216  46.790 0.0000000000
62352  -24.388  -6.969  47.183 0.0000000000
62353  -24.810  -7.662  46.636 0.0000000000
59920  -25.722  -9.748  46.876 0.0000000000
58836  -27.837  -9.960  45.292 0.0000000000
61157  -28.911  -6.413  47.722 0.0000000000
61177  -29.002  -6.678  46.512 0.0000000000
59951  -32.310  -9.174  45.336 0.0000000000
61192  -32.825  -8.452  45.343 0.0000000000
65947  -30.803  -3.555  46.106 0.0000000000
67256  -31.859  -2.945  44.369 0.0000000000
63584  -34.094  -6.826  45.380 0.0000000000
64713  -35.508  -6.760  45.360 0.0000000000
62264  -21.339  -6.855  51.336 0.0000000000
73273  -44.337  1.007  34.696 0.0000000000
74598  -45.048  2.658  31.865 0.0000000000
79825  -41.994  6.691  31.808 0.0000000000
80899  -42.559  7.466  31.258 0.0000000000
79833  -43.284  6.329  30.625 0.0000000000
81941  -43.664  8.273  29.842 0.0000000000
81948  -44.472  8.278  29.354 0.0000000000
78651  -45.651  5.442  29.932 0.0000000000
77312  -46.996  4.861  29.691 0.0000000000
88811  -49.608  15.185  23.596 0.0000000000
89977  -48.812  15.826  23.833 0.0000000000
89978  -49.489  16.109  23.627 0.0000000000
93246  -49.325  18.479  24.469 0.0000000000
47375  -9.149  -20.229  62.905 0.0000000000
47360  -10.598  -20.546  64.507 0.0000000000
47351  -10.439  -20.874  65.509 0.0000000000
64771  -41.423  -6.106  43.646 0.0000000000
64772  -41.805  -5.997  43.842 0.0000000000
66055  -39.455  -4.764  40.951 0.0000000000
64804  -40.236  -5.554  41.294 0.0000000000
66057  -40.724  -4.728  40.602 0.0000000000
64817  -40.585  -5.311  40.952 0.0000000000
63635  -41.258  -5.960  42.128 0.0000000000
64790  -43.844  -4.883  42.443 0.0000000000
66025  -43.804  -4.350  41.968 0.0000000000
67315  -43.492  -3.705  41.133 0.0000000000
67298  -44.175  -3.930  41.493 0.0000000000
68559  -44.714  -2.628  41.413 0.0000000000
70841  -38.637  -0.924  43.037 0.0000000000
70827  -38.490  -0.261  43.503 0.0000000000
69736  -39.799  -1.271  39.891 0.0000000000
73129  -36.524  1.555  42.508 0.0000000000
71996  -36.977  0.269  41.357 0.0000000000
70871  -37.470  -0.180  41.222 0.0000000000
69750  -40.141  -1.136  39.578 0.0000000000
70889  -42.058  -1.366  39.605 0.0000000000
72029  -41.335  -0.274  39.579 0.0000000000
70875  -41.938  -0.552  39.735 0.0000000000
69740  -44.140  -1.392  40.799 0.0000000000
70861  -44.933  -1.249  41.442 0.0000000000
73149  -42.599  1.095  40.238 0.0000000000
75785  -39.290  1.849  38.312 0.0000000000
75767  -40.556  1.866  39.035 0.0000000000
73237  -41.637  0.810  35.893 0.0000000000
72061  -41.365  0.978  35.433 0.0000000000
73285  -41.756  2.158  33.717 0.0000000000
75828  -39.284  2.877  35.680 0.0000000000
77231  -39.692  4.127  34.833 0.0000000000
74547  -40.672  2.453  34.347 0.0000000000
75858  -40.595  3.034  34.172 0.0000000000
74563  -41.235  2.595  33.835 0.0000000000
75860  -41.527  3.463  33.397 0.0000000000
78609  -41.377  4.992  33.627 0.0000000000
57634  -22.612  -11.154  49.696 0.0000000000
57636  -24.624  -11.584  49.582 0.0000000000
58777  -26.338  -11.133  48.437 0.0000000000
57663  -26.616  -11.430  49.251 0.0000000000
57637  -26.413  -11.394  50.008 0.0000000000
57639  -27.477  -11.941  50.009 0.0000000000
57624  -27.334  -12.004  50.278 0.0000000000
57623  -26.789  -11.834  50.785 0.0000000000
57608  -26.711  -12.128  51.374 0.0000000000
56541  -31.658  -12.918  47.550 0.0000000000
52829  -9.898  -15.194  60.684 0.0000000000
52847  -11.015  -14.942  59.341 0.0000000000
52863  -10.897  -15.533  59.098 0.0000000000
56279  -13.997  -12.091  55.660 0.0000000000
55134  -13.908  -13.249  55.635 0.0000000000
55110  -13.820  -13.834  55.760 0.0000000000
52907  -17.550  -15.581  56.750 0.0000000000
51796  -14.336  -16.280  57.478 0.0000000000
47332  -7.586  -20.786  67.052 0.0000000000
47330  -5.874  -21.126  67.263 0.0000000000
47338  -7.075  -21.259  66.478 0.0000000000
47347  -7.036  -21.001  65.563 0.0000000000
48402  -6.134  -19.709  63.824 0.0000000000
46325  -5.854  -21.355  64.271 0.0000000000
48401  -5.625  -19.740  63.558 0.0000000000
46308  -5.855  -21.763  67.387 0.0000000000
46313  -5.886  -21.668  66.791 0.0000000000
47337  -6.179  -21.189  66.606 0.0000000000
49483  -12.167  -18.894  60.930 0.0000000000
51797  -14.876  -16.575  57.735 0.0000000000
52902  -13.194  -14.727  56.485 0.0000000000
54056  -17.587  -14.059  53.735 0.0000000000
55159  -15.767  -13.408  54.538 0.0000000000
55162  -18.492  -14.124  53.590 0.0000000000
55244  -19.044  -12.934  52.256 0.0000000000
55246  -21.223  -13.246  51.781 0.0000000000
56258  -12.535  -12.150  57.575 0.0000000000
56391  -17.274  -12.136  53.187 0.0000000000
56480  -27.530  -11.989  49.773 0.0000000000
56481  -27.821  -12.064  49.978 0.0000000000
57557  -14.729  -12.288  55.007 0.0000000000
57587  -17.425  -11.922  53.020 0.0000000000
57712  -31.561  -11.292  46.267 0.0000000000
57713  -32.141  -10.971  46.283 0.0000000000
58712  -15.667  -11.461  53.794 0.0000000000
59834  -20.279  -8.235  53.288 0.0000000000
59917  -23.155  -8.120  47.837 0.0000000000
61036  -19.531  -9.568  51.482 0.0000000000
61037  -19.482  -9.383  51.649 0.0000000000
61057  -19.752  -9.609  51.385 0.0000000000
61128  -24.874  -9.002  47.207 0.0000000000
62186  -17.263  -7.874  54.674 0.0000000000
62208  -17.436  -7.991  54.547 0.0000000000
62209  -17.489  -7.783  54.669 0.0000000000
62305  -30.659  -5.717  49.738 0.0000000000
62390  -27.873  -7.644  45.402 0.0000000000
62391  -28.255  -7.584  45.425 0.0000000000
63476  -22.572  -6.309  49.478 0.0000000000
63522  -23.716  -5.764  47.875 0.0000000000
63525  -26.786  -5.628  46.605 0.0000000000
63529  -30.859  -4.915  47.865 0.0000000000
63560  -33.786  -7.490  45.734 0.0000000000
64651  -22.797  -5.722  49.629 0.0000000000
64656  -30.939  -4.692  49.471 0.0000000000
64691  -25.472  -5.091  47.255 0.0000000000
64693  -26.942  -5.508  46.906 0.0000000000
64707  -25.676  -5.494  46.687 0.0000000000
64710  -30.743  -4.790  47.474 0.0000000000
64711  -34.363  -6.798  45.417 0.0000000000
64785  -37.857  -5.453  41.949 0.0000000000
64800  -37.364  -4.895  41.811 0.0000000000
64815  -39.685  -4.959  40.884 0.0000000000
65890  -31.365  -3.229  49.507 0.0000000000
65907  -31.045  -3.280  48.550 0.0000000000
65908  -31.288  -3.484  49.027 0.0000000000
65929  -30.538  -4.031  47.253 0.0000000000
65946  -30.512  -4.079  46.814 0.0000000000
65965  -30.860  -4.350  46.172 0.0000000000
65985  -33.693  -5.010  43.507 0.0000000000
66009  -44.319  -4.718  42.475 0.0000000000
66024  -43.138  -4.567  41.753 0.0000000000
67150  -31.927  -2.505  49.999 0.0000000000
67152  -31.806  -2.629  50.291 0.0000000000
67171  -31.963  -2.472  49.743 0.0000000000
67172  -31.838  -2.533  49.490 0.0000000000
67220  -35.782  -1.321  46.862 0.0000000000
67237  -31.689  -2.584  44.852 0.0000000000
67255  -31.854  -2.652  44.595 0.0000000000
67276  -33.352  -3.968  43.497 0.0000000000
67317  -44.978  -3.233  41.567 0.0000000000
68426  -32.115  -2.414  49.921 0.0000000000
68468  -35.140  -0.861  47.252 0.0000000000
68469  -35.647  -1.353  47.550 0.0000000000
68488  -35.884  -1.715  45.616 0.0000000000
68500  -31.886  -2.309  44.921 0.0000000000
68501  -32.012  -2.146  45.252 0.0000000000
68516  -31.868  -2.473  44.764 0.0000000000
68519  -33.902  -2.390  44.085 0.0000000000
68586  -42.025  -2.516  39.628 0.0000000000
69647  -33.087  -0.855  49.174 0.0000000000
69684  -33.338  -1.569  44.998 0.0000000000
69685  -33.562  -1.542  44.879 0.0000000000
69696  -33.284  -1.693  44.788 0.0000000000
70826  -37.741  -0.132  43.315 0.0000000000
70878  -43.962  -1.179  40.652 0.0000000000
72060  -41.044  0.984  35.401 0.0000000000
72072  -41.025  1.128  35.121 0.0000000000
74420  -41.121  1.230  39.856 0.0000000000
74446  -41.288  1.634  39.593 0.0000000000
74562  -40.768  2.872  34.013 0.0000000000
74597  -44.681  2.720  31.883 0.0000000000
75730  -41.571  1.719  39.621 0.0000000000
75749  -40.753  1.752  39.367 0.0000000000
75802  -36.513  3.248  37.837 0.0000000000
78626  -41.782  5.871  31.738 0.0000000000
78636  -41.923  5.778  31.565 0.0000000000
79831  -42.136  5.886  31.395 0.0000000000
80880  -42.312  8.006  33.024 0.0000000000
82985  -42.333  9.176  32.013 0.0000000000
86374  -47.036  13.472  25.258 0.0000000000
87584  -48.796  13.831  24.501 0.0000000000
89985  -49.360  15.497  23.611 0.0000000000
