#!ascii label  , from subject 3182 vox2ras=TkReg
865
119551  46.653  45.959  16.899 0.0000000000
123082  50.448  52.099  18.633 0.0000000000
117288  52.549  43.899  23.856 0.0000000000
119518  41.476  46.601  19.049 0.0000000000
118043  44.077  44.582  22.566 0.0000000000
122392  49.709  50.169  14.765 0.0000000000
126864  47.077  56.370  22.901 0.0000000000
127650  48.340  57.778  21.134 0.0000000000
116531  52.200  42.554  26.648 0.0000000000
113435  49.706  38.733  23.437 0.0000000000
119557  51.474  46.700  15.797 0.0000000000
118812  49.532  45.310  20.237 0.0000000000
120183  52.754  47.204  19.953 0.0000000000
121575  54.281  49.174  23.694 0.0000000000
126924  46.097  56.627  16.646 0.0000000000
124662  51.796  53.071  15.950 0.0000000000
115798  46.637  41.705  23.652 0.0000000000
119528  43.427  46.646  18.314 0.0000000000
119491  42.514  46.339  21.049 0.0000000000
119501  45.214  45.957  20.310 0.0000000000
120898  48.629  48.165  16.510 0.0000000000
120202  44.835  47.669  18.009 0.0000000000
129191  47.248  59.657  23.945 0.0000000000
115780  50.278  41.710  27.002 0.0000000000
113416  52.047  38.792  26.593 0.0000000000
112577  50.393  37.982  26.349 0.0000000000
127742  48.453  57.937  13.743 0.0000000000
121645  52.248  49.480  16.965 0.0000000000
120199  52.316  46.767  17.911 0.0000000000
121622  51.013  49.187  19.234 0.0000000000
123779  49.689  52.402  24.229 0.0000000000
122318  52.711  50.717  22.463 0.0000000000
123763  53.725  52.358  24.355 0.0000000000
120816  51.263  48.314  23.880 0.0000000000
126895  51.140  56.268  20.113 0.0000000000
126906  51.331  56.548  18.593 0.0000000000
124635  52.643  53.490  17.478 0.0000000000
122391  52.584  50.544  15.125 0.0000000000
118036  51.543  44.556  21.995 0.0000000000
118022  47.657  43.993  23.248 0.0000000000
117281  49.365  43.209  24.436 0.0000000000
117312  41.652  43.423  22.398 0.0000000000
115818  42.922  41.241  22.008 0.0000000000
123145  50.453  51.723  12.760 0.0000000000
123118  47.843  51.564  14.646 0.0000000000
125419  48.445  54.398  20.510 0.0000000000
122344  48.846  51.240  19.843 0.0000000000
127644  42.312  57.414  22.216 0.0000000000
126887  44.669  56.116  20.888 0.0000000000
127622  48.983  58.026  22.495 0.0000000000
116546  53.400  42.689  25.619 0.0000000000
115789  50.407  41.353  25.423 0.0000000000
114249  51.743  39.427  25.562 0.0000000000
112602  51.537  37.639  22.137 0.0000000000
119549  48.988  46.240  15.798 0.0000000000
118842  47.993  45.637  18.567 0.0000000000
118106  50.455  44.660  17.585 0.0000000000
118076  52.476  44.789  19.635 0.0000000000
118791  53.269  45.602  21.247 0.0000000000
121601  51.597  49.301  21.408 0.0000000000
120841  53.834  48.471  21.953 0.0000000000
118770  53.635  45.441  23.455 0.0000000000
118765  52.523  45.743  24.765 0.0000000000
118007  50.674  44.674  25.913 0.0000000000
127735  46.153  57.817  14.715 0.0000000000
126932  48.393  55.650  15.292 0.0000000000
126188  48.638  55.597  17.568 0.0000000000
124664  50.084  53.608  15.208 0.0000000000
123130  51.883  51.437  13.854 0.0000000000
120909  50.571  48.096  14.977 0.0000000000
118796  46.447  45.379  21.488 0.0000000000
116558  44.948  42.435  23.375 0.0000000000
114274  44.153  40.113  21.815 0.0000000000
114260  48.089  39.873  23.598 0.0000000000
119540  44.379  46.684  17.560 0.0000000000
119516  43.725  46.465  19.340 0.0000000000
119526  45.536  46.392  18.690 0.0000000000
120226  47.154  46.657  16.597 0.0000000000
120885  46.342  47.645  17.445 0.0000000000
120228  45.264  46.960  16.929 0.0000000000
120216  44.121  47.349  17.501 0.0000000000
115781  49.261  41.555  26.866 0.0000000000
114241  49.869  39.681  26.939 0.0000000000
113418  49.605  38.702  26.792 0.0000000000
115078  42.480  40.714  19.652 0.0000000000
122363  51.171  50.799  17.967 0.0000000000
121635  51.117  49.608  18.429 0.0000000000
121636  50.707  50.434  18.700 0.0000000000
123767  50.360  52.902  24.777 0.0000000000
123777  51.797  52.736  24.057 0.0000000000
124610  51.019  53.996  18.961 0.0000000000
125423  52.314  55.017  18.947 0.0000000000
123826  51.675  52.714  17.913 0.0000000000
123089  52.557  51.849  17.162 0.0000000000
118018  52.160  44.297  22.907 0.0000000000
117290  50.592  44.140  23.673 0.0000000000
117280  50.674  43.395  24.364 0.0000000000
118820  39.962  45.950  20.243 0.0000000000
118819  40.618  46.210  20.728 0.0000000000
118782  43.458  45.132  22.161 0.0000000000
118045  42.078  44.243  22.577 0.0000000000
117311  42.499  43.414  22.857 0.0000000000
116576  42.220  42.235  22.334 0.0000000000
117298  42.987  43.096  23.248 0.0000000000
122416  49.752  50.904  13.073 0.0000000000
123133  48.848  51.423  13.326 0.0000000000
122393  48.924  50.696  15.105 0.0000000000
119530  41.254  46.877  18.483 0.0000000000
119519  40.575  46.663  19.080 0.0000000000
126151  47.696  55.715  22.025 0.0000000000
125420  47.684  54.289  20.838 0.0000000000
125404  46.284  54.900  22.361 0.0000000000
127604  47.388  58.210  24.019 0.0000000000
128418  47.546  58.450  23.457 0.0000000000
126856  48.040  57.215  23.036 0.0000000000
126150  48.829  56.026  21.321 0.0000000000
116529  53.320  42.399  26.298 0.0000000000
115787  52.038  40.946  26.040 0.0000000000
115778  52.360  41.198  26.647 0.0000000000
111714  51.607  36.808  23.743 0.0000000000
112591  51.727  37.245  24.226 0.0000000000
111724  52.525  36.735  22.187 0.0000000000
118865  50.308  46.036  15.571 0.0000000000
118859  49.953  45.047  16.062 0.0000000000
118857  51.214  45.916  16.431 0.0000000000
120191  52.318  46.923  18.831 0.0000000000
118827  52.555  45.367  18.870 0.0000000000
118809  52.862  45.500  19.705 0.0000000000
118056  52.870  44.995  20.627 0.0000000000
119497  53.423  46.403  20.773 0.0000000000
123047  48.744  51.277  21.150 0.0000000000
121603  49.966  49.960  20.953 0.0000000000
122320  50.214  50.376  22.117 0.0000000000
122316  54.610  50.650  22.954 0.0000000000
121588  53.237  49.900  22.145 0.0000000000
120833  54.326  48.588  22.642 0.0000000000
119482  54.158  46.556  22.885 0.0000000000
120157  54.065  47.579  23.615 0.0000000000
119465  53.510  45.981  24.378 0.0000000000
120159  53.496  47.384  24.085 0.0000000000
120817  50.126  48.602  23.907 0.0000000000
119468  51.100  46.734  24.724 0.0000000000
126935  45.893  56.918  15.981 0.0000000000
127725  47.151  56.681  15.227 0.0000000000
126933  47.766  55.903  15.745 0.0000000000
127664  46.687  57.034  20.831 0.0000000000
127673  46.342  57.073  19.724 0.0000000000
127672  47.659  57.403  19.506 0.0000000000
126186  51.243  55.018  17.636 0.0000000000
126179  49.577  55.878  18.142 0.0000000000
125444  50.601  54.147  16.957 0.0000000000
125459  49.596  54.175  16.082 0.0000000000
124663  50.870  52.908  15.473 0.0000000000
123869  51.419  52.493  14.642 0.0000000000
123868  52.194  52.214  14.774 0.0000000000
120234  52.135  47.998  15.128 0.0000000000
120920  51.973  49.089  14.717 0.0000000000
120235  51.543  47.579  15.176 0.0000000000
119548  49.466  46.591  15.800 0.0000000000
118831  48.775  45.454  19.366 0.0000000000
118814  47.546  45.412  20.415 0.0000000000
118794  48.211  45.328  21.158 0.0000000000
117293  47.213  43.303  23.543 0.0000000000
117306  46.734  43.680  23.131 0.0000000000
116557  45.959  42.431  23.363 0.0000000000
115040  44.154  40.933  23.055 0.0000000000
115048  45.181  40.344  22.762 0.0000000000
114251  49.581  39.871  25.101 0.0000000000
115028  49.145  40.961  25.202 0.0000000000
114259  49.028  39.267  23.478 0.0000000000
119517  42.579  46.541  19.155 0.0000000000
119504  41.738  46.609  20.270 0.0000000000
119503  43.006  46.473  20.260 0.0000000000
119489  43.754  45.922  20.987 0.0000000000
118798  44.644  45.467  21.568 0.0000000000
121656  49.408  48.939  15.918 0.0000000000
119542  42.558  47.028  17.704 0.0000000000
115779  51.053  42.043  27.054 0.0000000000
114229  51.938  40.109  27.153 0.0000000000
114230  51.273  39.957  27.305 0.0000000000
112584  50.978  37.450  25.552 0.0000000000
120896  52.004  47.921  16.541 0.0000000000
119546  51.577  46.324  16.498 0.0000000000
120882  51.775  48.644  17.450 0.0000000000
120200  51.786  47.579  18.242 0.0000000000
120192  51.724  47.661  19.343 0.0000000000
123026  49.126  51.672  23.688 0.0000000000
123034  50.841  51.156  23.005 0.0000000000
123024  51.396  52.105  23.487 0.0000000000
123022  53.578  52.437  23.619 0.0000000000
122300  54.038  51.221  24.163 0.0000000000
120823  52.773  48.835  23.773 0.0000000000
122310  52.549  50.486  23.917 0.0000000000
121579  50.652  49.929  23.951 0.0000000000
121571  49.789  49.680  24.188 0.0000000000
127702  44.933  57.355  17.561 0.0000000000
128470  50.437  58.157  20.964 0.0000000000
127670  49.720  58.088  19.423 0.0000000000
127668  51.596  57.127  19.403 0.0000000000
126184  52.801  54.861  18.013 0.0000000000
124647  52.840  53.336  16.924 0.0000000000
123855  52.699  52.357  16.216 0.0000000000
123098  52.695  51.615  16.473 0.0000000000
121655  52.465  49.869  16.359 0.0000000000
118059  50.970  44.749  21.147 0.0000000000
118038  49.032  44.844  22.234 0.0000000000
118020  49.908  44.538  23.112 0.0000000000
117291  48.764  43.518  23.955 0.0000000000
116552  47.941  42.371  24.377 0.0000000000
113453  49.681  38.500  21.299 0.0000000000
113454  48.462  38.822  21.334 0.0000000000
116579  40.161  42.739  21.398 0.0000000000
118802  40.659  45.046  22.135 0.0000000000
117313  40.967  43.671  22.274 0.0000000000
116578  40.885  42.749  21.523 0.0000000000
115820  41.689  42.084  21.344 0.0000000000
115827  42.182  41.397  20.641 0.0000000000
115069  42.591  41.025  20.544 0.0000000000
124696  49.871  53.439  12.605 0.0000000000
124684  48.442  52.891  13.237 0.0000000000
124611  49.982  53.478  19.120 0.0000000000
123070  49.900  51.818  19.049 0.0000000000
124601  48.450  53.445  20.100 0.0000000000
123792  47.580  52.454  21.180 0.0000000000
123048  47.709  51.351  21.781 0.0000000000
123037  47.724  51.278  22.789 0.0000000000
123781  48.144  52.046  24.248 0.0000000000
126877  43.806  56.319  21.623 0.0000000000
126875  45.601  56.604  21.751 0.0000000000
127651  47.470  57.409  21.374 0.0000000000
128457  48.875  58.307  21.722 0.0000000000
126870  50.282  57.329  21.263 0.0000000000
126171  50.082  55.338  19.791 0.0000000000
117278  52.876  43.213  24.542 0.0000000000
116549  51.371  42.834  24.770 0.0000000000
116542  52.197  42.026  25.695 0.0000000000
115026  50.959  40.324  25.626 0.0000000000
113425  50.598  38.927  24.893 0.0000000000
113423  52.454  38.748  25.680 0.0000000000
113428  51.422  37.905  24.396 0.0000000000
113439  50.691  38.162  22.185 0.0000000000
119550  47.937  46.028  16.283 0.0000000000
118853  47.248  45.785  17.802 0.0000000000
118861  47.985  45.673  16.842 0.0000000000
118841  48.963  45.440  18.378 0.0000000000
118830  49.830  45.277  19.221 0.0000000000
118838  51.874  45.046  17.636 0.0000000000
118090  51.478  44.703  18.864 0.0000000000
118810  51.144  44.759  19.639 0.0000000000
118058  51.847  44.511  21.045 0.0000000000
118035  52.603  44.234  21.833 0.0000000000
118017  53.197  44.405  23.012 0.0000000000
121624  49.764  50.564  19.675 0.0000000000
120852  51.031  49.091  20.290 0.0000000000
120176  51.941  48.212  20.814 0.0000000000
121589  52.123  49.876  22.065 0.0000000000
121600  52.593  49.168  21.776 0.0000000000
120174  53.401  47.419  21.155 0.0000000000
119488  53.702  46.505  21.744 0.0000000000
118777  53.498  45.517  22.335 0.0000000000
117287  53.108  43.924  24.211 0.0000000000
118011  53.324  44.450  24.199 0.0000000000
118004  53.496  44.324  25.075 0.0000000000
117993  52.333  44.007  26.290 0.0000000000
119467  52.160  46.561  24.445 0.0000000000
118766  51.559  45.852  24.853 0.0000000000
117994  51.279  44.032  26.304 0.0000000000
117264  49.857  43.361  26.566 0.0000000000
127734  47.328  57.450  14.442 0.0000000000
127733  48.566  56.946  14.223 0.0000000000
126204  49.569  55.245  14.202 0.0000000000
127685  48.996  57.488  18.798 0.0000000000
126922  47.605  56.056  16.974 0.0000000000
126198  48.296  55.322  16.106 0.0000000000
125473  49.512  54.501  14.973 0.0000000000
125485  49.958  54.396  14.028 0.0000000000
124683  50.685  53.220  13.510 0.0000000000
123131  51.114  51.494  13.130 0.0000000000
121686  50.269  50.267  13.563 0.0000000000
122397  52.044  50.484  14.297 0.0000000000
121684  51.211  49.927  14.036 0.0000000000
121672  50.343  49.318  14.361 0.0000000000
120897  49.466  48.157  16.036 0.0000000000
120225  48.339  46.899  16.443 0.0000000000
119525  46.381  46.201  19.137 0.0000000000
118816  45.784  45.727  20.951 0.0000000000
118042  45.029  44.702  22.326 0.0000000000
118062  47.152  44.903  22.001 0.0000000000
118041  45.884  44.397  22.502 0.0000000000
117296  44.566  43.381  23.232 0.0000000000
115801  43.661  41.883  23.189 0.0000000000
115050  43.232  41.001  22.179 0.0000000000
116550  49.517  42.351  24.912 0.0000000000
115794  48.267  41.623  24.611 0.0000000000
115037  47.476  40.768  23.918 0.0000000000
114284  47.498  39.268  21.419 0.0000000000
114272  45.855  39.803  22.539 0.0000000000
112586  48.673  37.136  25.931 0.0000000000
111716  49.522  36.508  24.346 0.0000000000
119539  45.396  46.236  17.634 0.0000000000
120227  46.085  46.723  16.825 0.0000000000
119552  45.413  46.632  17.104 0.0000000000
115018  49.019  40.537  26.893 0.0000000000
123081  50.911  51.717  18.453 0.0000000000
122364  50.766  50.988  18.591 0.0000000000
123069  50.390  51.625  18.780 0.0000000000
124623  50.684  53.327  18.744 0.0000000000
124622  51.681  53.766  18.589 0.0000000000
123827  50.957  52.727  18.509 0.0000000000
123080  51.464  51.756  17.799 0.0000000000
117289  51.530  43.945  23.717 0.0000000000
117279  51.918  43.299  24.359 0.0000000000
119505  40.672  46.368  19.752 0.0000000000
118079  39.881  46.043  20.910 0.0000000000
118044  43.132  44.272  22.769 0.0000000000
118025  43.455  43.822  23.106 0.0000000000
122399  49.790  50.385  13.855 0.0000000000
122417  49.400  50.879  13.555 0.0000000000
122400  49.180  50.770  14.130 0.0000000000
119506  39.892  46.198  19.585 0.0000000000
126141  47.407  55.966  22.470 0.0000000000
126152  46.918  55.051  22.137 0.0000000000
126142  46.788  55.872  22.669 0.0000000000
127625  47.144  57.634  23.773 0.0000000000
127624  47.704  57.698  23.493 0.0000000000
126863  47.696  56.378  22.656 0.0000000000
126873  47.943  56.156  22.277 0.0000000000
116530  52.986  42.200  26.507 0.0000000000
115786  52.576  41.660  26.387 0.0000000000
115765  52.583  42.006  27.021 0.0000000000
119558  50.809  46.552  15.534 0.0000000000
118858  50.665  45.740  16.145 0.0000000000
119547  51.171  46.184  16.018 0.0000000000
119512  52.658  46.210  19.310 0.0000000000
119498  53.128  46.315  20.042 0.0000000000
120182  53.263  46.860  20.432 0.0000000000
122334  48.478  50.885  21.807 0.0000000000
122333  49.353  50.656  21.194 0.0000000000
122321  49.020  50.655  22.262 0.0000000000
121586  54.632  49.549  23.101 0.0000000000
120832  54.352  48.512  23.322 0.0000000000
120821  54.126  48.423  23.731 0.0000000000
120158  53.815  47.380  24.015 0.0000000000
120813  53.855  48.386  23.948 0.0000000000
120153  49.463  47.625  24.411 0.0000000000
127713  45.412  57.182  16.653 0.0000000000
126934  46.594  56.467  15.871 0.0000000000
126923  46.924  56.390  16.672 0.0000000000
127663  47.525  57.407  20.465 0.0000000000
127662  48.500  57.777  20.282 0.0000000000
124636  51.901  53.850  17.082 0.0000000000
124637  51.509  53.786  16.990 0.0000000000
125458  50.365  53.828  16.342 0.0000000000
123857  51.706  52.604  15.291 0.0000000000
123856  52.288  52.555  15.633 0.0000000000
120222  52.119  47.980  15.670 0.0000000000
118813  48.490  45.264  20.314 0.0000000000
116556  46.717  42.604  23.507 0.0000000000
115799  45.405  41.570  23.455 0.0000000000
115038  45.970  40.639  23.415 0.0000000000
113430  49.477  38.918  23.999 0.0000000000
114255  49.289  39.568  24.491 0.0000000000
114269  49.180  39.056  22.928 0.0000000000
119515  44.812  46.423  19.505 0.0000000000
119502  44.116  46.082  20.572 0.0000000000
118799  43.868  45.697  21.414 0.0000000000
118818  44.382  45.718  21.150 0.0000000000
121657  48.839  49.567  16.631 0.0000000000
120883  47.931  48.155  17.139 0.0000000000
120201  45.665  47.613  17.743 0.0000000000
120870  46.773  48.416  17.780 0.0000000000
119541  43.245  46.952  17.727 0.0000000000
119529  42.319  46.782  18.220 0.0000000000
115004  51.211  40.748  27.231 0.0000000000
115005  50.636  41.146  27.212 0.0000000000
113417  50.922  38.854  27.029 0.0000000000
111705  50.355  36.800  25.017 0.0000000000
128545  48.349  58.908  13.685 0.0000000000
120881  52.148  48.974  16.931 0.0000000000
120869  51.330  48.497  18.729 0.0000000000
120858  51.281  48.586  19.779 0.0000000000
123025  50.253  51.820  23.584 0.0000000000
123776  52.815  53.013  24.058 0.0000000000
123023  52.531  52.350  23.527 0.0000000000
123775  53.757  52.760  24.142 0.0000000000
123021  54.284  52.169  23.767 0.0000000000
123012  53.791  51.764  24.368 0.0000000000
122309  53.534  50.466  23.875 0.0000000000
122301  53.246  51.208  24.220 0.0000000000
122311  51.557  50.502  24.093 0.0000000000
122312  50.925  50.504  24.214 0.0000000000
121580  50.246  49.654  23.998 0.0000000000
122304  50.299  50.526  24.382 0.0000000000
127660  50.880  57.704  20.678 0.0000000000
127659  51.445  57.238  20.228 0.0000000000
126894  51.712  56.454  19.756 0.0000000000
125431  52.612  54.353  18.295 0.0000000000
126176  52.330  55.392  18.593 0.0000000000
125442  52.628  54.161  17.569 0.0000000000
123847  52.989  52.574  17.020 0.0000000000
122372  51.716  50.694  17.404 0.0000000000
122371  52.221  50.689  16.848 0.0000000000
120895  52.230  48.883  16.320 0.0000000000
118037  50.272  44.925  22.029 0.0000000000
118012  49.739  43.946  23.899 0.0000000000
118013  49.170  43.683  23.896 0.0000000000
117282  48.419  43.029  24.261 0.0000000000
117324  39.597  43.307  21.318 0.0000000000
118801  41.552  45.814  21.597 0.0000000000
118046  41.250  44.190  22.531 0.0000000000
117322  41.138  43.190  21.935 0.0000000000
116584  41.247  42.257  21.291 0.0000000000
116577  41.658  42.552  21.860 0.0000000000
115810  42.540  41.891  22.480 0.0000000000
115819  42.315  41.662  21.661 0.0000000000
115060  42.482  41.225  21.064 0.0000000000
124695  50.457  53.389  12.965 0.0000000000
123896  50.136  52.480  12.637 0.0000000000
123134  48.292  51.606  14.055 0.0000000000
123884  48.537  52.166  13.175 0.0000000000
123885  47.897  52.160  13.882 0.0000000000
123870  47.127  51.988  14.960 0.0000000000
125427  48.967  54.151  20.001 0.0000000000
124612  49.154  53.660  19.623 0.0000000000
123803  47.794  53.074  20.532 0.0000000000
123038  46.947  51.787  22.650 0.0000000000
123027  48.005  51.752  23.832 0.0000000000
126878  42.657  56.441  21.563 0.0000000000
126868  43.231  56.720  22.237 0.0000000000
126866  44.999  56.729  22.284 0.0000000000
127641  45.575  57.156  22.540 0.0000000000
127652  46.518  57.002  21.700 0.0000000000
128417  48.477  57.994  22.560 0.0000000000
128437  48.720  58.168  22.259 0.0000000000
128436  49.397  58.298  22.242 0.0000000000
127636  50.089  58.138  22.186 0.0000000000
127637  49.452  57.753  22.300 0.0000000000
126161  48.839  55.300  20.718 0.0000000000
126149  49.566  56.422  21.205 0.0000000000
125418  49.290  54.902  20.235 0.0000000000
125426  49.643  54.360  19.645 0.0000000000
117277  53.604  43.360  24.884 0.0000000000
116548  52.182  42.658  24.962 0.0000000000
116547  53.028  42.594  25.253 0.0000000000
115025  52.105  40.159  25.877 0.0000000000
115788  51.497  41.220  25.811 0.0000000000
114250  50.398  39.484  25.213 0.0000000000
114239  52.326  39.493  26.682 0.0000000000
112575  52.471  38.279  25.934 0.0000000000
113433  51.586  37.518  23.783 0.0000000000
113434  50.936  38.074  23.334 0.0000000000
112598  51.355  37.730  22.697 0.0000000000
113452  51.037  38.268  21.159 0.0000000000
112613  51.675  37.622  21.586 0.0000000000
118850  49.988  44.878  17.133 0.0000000000
118851  48.992  45.296  17.362 0.0000000000
118840  49.992  44.792  18.186 0.0000000000
118839  50.611  44.674  18.483 0.0000000000
120210  52.090  46.542  17.482 0.0000000000
119537  51.887  46.189  17.188 0.0000000000
119536  52.252  46.095  17.685 0.0000000000
118089  52.106  44.897  18.472 0.0000000000
118828  51.306  44.708  19.388 0.0000000000
118077  51.655  44.510  19.982 0.0000000000
118078  51.320  44.644  20.577 0.0000000000
118057  52.541  44.472  20.767 0.0000000000
118034  53.156  44.664  21.589 0.0000000000
123071  48.993  51.766  19.588 0.0000000000
122353  49.498  51.158  19.518 0.0000000000
122354  49.060  51.196  19.698 0.0000000000
121612  50.459  49.571  20.410 0.0000000000
121611  51.046  49.283  20.816 0.0000000000
120851  51.530  48.698  20.676 0.0000000000
122319  51.506  50.561  22.411 0.0000000000
121599  53.475  49.119  21.944 0.0000000000
120842  52.954  48.362  21.634 0.0000000000
120167  54.023  47.546  22.214 0.0000000000
118764  53.177  45.595  24.626 0.0000000000
118754  53.167  44.992  24.578 0.0000000000
118755  52.803  44.981  24.903 0.0000000000
117273  53.078  43.815  25.868 0.0000000000
118005  52.654  44.497  25.593 0.0000000000
120824  51.983  48.963  23.593 0.0000000000
120815  52.310  48.225  23.955 0.0000000000
120151  51.709  47.472  24.260 0.0000000000
118767  50.560  45.934  24.987 0.0000000000
118757  51.091  45.250  25.390 0.0000000000
118006  51.696  44.621  25.838 0.0000000000
117263  50.820  43.350  26.573 0.0000000000
127727  45.316  57.551  15.560 0.0000000000
128520  44.642  57.993  14.904 0.0000000000
127736  45.394  57.994  14.726 0.0000000000
126945  47.853  56.532  14.825 0.0000000000
126944  48.707  55.865  14.694 0.0000000000
126943  49.520  55.939  14.140 0.0000000000
127684  50.068  57.508  18.808 0.0000000000
126907  50.348  56.665  18.474 0.0000000000
126187  49.803  54.980  17.354 0.0000000000
126180  48.944  55.986  18.212 0.0000000000
126189  47.980  55.763  17.296 0.0000000000
126193  48.063  55.481  16.706 0.0000000000
126192  48.770  54.821  16.503 0.0000000000
125474  49.167  54.612  15.594 0.0000000000
124674  50.121  53.868  14.486 0.0000000000
125484  50.406  53.779  13.899 0.0000000000
124673  50.646  53.088  14.409 0.0000000000
123882  51.793  52.037  14.248 0.0000000000
123883  51.331  52.371  13.746 0.0000000000
122415  50.624  50.707  13.051 0.0000000000
122414  51.480  50.564  13.588 0.0000000000
123107  52.766  51.438  15.600 0.0000000000
123867  52.603  52.024  15.327 0.0000000000
120922  50.855  48.266  14.584 0.0000000000
121670  51.613  49.592  14.438 0.0000000000
121671  51.030  49.205  14.210 0.0000000000
120923  50.479  48.436  14.764 0.0000000000
120910  50.179  48.276  15.466 0.0000000000
118843  47.124  45.859  18.782 0.0000000000
118795  47.340  45.335  21.271 0.0000000000
118815  46.576  45.640  20.543 0.0000000000
118797  45.467  45.296  21.744 0.0000000000
118064  45.665  44.821  22.169 0.0000000000
118061  48.050  44.971  21.808 0.0000000000
118039  47.918  44.586  22.618 0.0000000000
117295  45.557  43.180  23.181 0.0000000000
117307  46.136  43.718  22.838 0.0000000000
117308  45.298  43.902  22.783 0.0000000000
116559  43.953  42.483  23.301 0.0000000000
115049  43.910  40.541  22.458 0.0000000000
115808  43.819  41.048  22.975 0.0000000000
115058  43.722  40.358  21.312 0.0000000000
116543  51.233  42.213  25.350 0.0000000000
117274  50.724  42.735  24.944 0.0000000000
115792  49.732  41.754  25.189 0.0000000000
114256  48.500  40.098  24.282 0.0000000000
115032  48.635  40.659  24.688 0.0000000000
115036  48.163  40.361  24.142 0.0000000000
115033  47.983  41.170  24.355 0.0000000000
113466  47.856  38.905  20.335 0.0000000000
113455  47.732  39.003  20.873 0.0000000000
119527  44.497  46.420  18.408 0.0000000000
120212  47.626  47.523  16.839 0.0000000000
120213  46.663  47.251  16.998 0.0000000000
120214  45.801  47.177  17.087 0.0000000000
120215  45.040  47.257  17.265 0.0000000000
119553  44.802  46.920  17.149 0.0000000000
115017  50.199  40.686  27.204 0.0000000000
121646  51.770  49.970  17.550 0.0000000000
123778  50.816  52.499  24.135 0.0000000000
123766  51.225  52.966  24.633 0.0000000000
123764  52.858  52.660  24.394 0.0000000000
126170  51.090  55.625  19.575 0.0000000000
126169  51.999  55.537  19.420 0.0000000000
125424  51.583  54.666  19.046 0.0000000000
125432  52.140  54.482  18.741 0.0000000000
124621  52.268  53.332  18.008 0.0000000000
123837  52.415  52.761  17.506 0.0000000000
123838  52.020  52.105  17.522 0.0000000000
123090  51.821  51.332  17.381 0.0000000000
118019  51.034  44.473  22.947 0.0000000000
118800  42.873  45.748  21.638 0.0000000000
118783  42.426  45.163  22.408 0.0000000000
116569  42.098  42.791  22.528 0.0000000000
116568  42.675  42.419  22.978 0.0000000000
122430  50.233  51.178  12.727 0.0000000000
123146  49.745  51.611  12.627 0.0000000000
123132  49.367  51.346  12.851 0.0000000000
123117  48.521  51.192  14.398 0.0000000000
120205  41.009  47.291  18.484 0.0000000000
119531  40.500  46.959  18.748 0.0000000000
119520  39.850  46.765  19.165 0.0000000000
125412  48.116  55.028  21.161 0.0000000000
125413  47.209  54.555  21.493 0.0000000000
129190  47.503  59.462  24.347 0.0000000000
127623  48.411  57.785  22.860 0.0000000000
126855  48.382  57.451  22.756 0.0000000000
126861  49.299  57.388  22.191 0.0000000000
126872  48.404  56.452  22.056 0.0000000000
116540  53.421  42.461  26.076 0.0000000000
116541  53.061  41.924  25.905 0.0000000000
112583  51.697  37.799  25.281 0.0000000000
112597  52.170  37.255  23.046 0.0000000000
119560  49.405  45.724  15.652 0.0000000000
118860  48.960  45.295  16.133 0.0000000000
118867  49.524  45.342  15.777 0.0000000000
118849  50.686  45.061  16.798 0.0000000000
119524  52.443  46.097  18.407 0.0000000000
118075  52.876  45.147  20.076 0.0000000000
118808  53.093  45.632  20.400 0.0000000000
123060  49.062  51.140  20.767 0.0000000000
122343  49.072  50.805  20.068 0.0000000000
122332  49.997  50.127  21.432 0.0000000000
121602  50.579  49.694  21.343 0.0000000000
122317  53.880  50.758  22.552 0.0000000000
121587  54.198  49.630  22.389 0.0000000000
120166  54.280  47.642  23.025 0.0000000000
119472  54.117  47.075  23.708 0.0000000000
119473  53.942  46.578  23.945 0.0000000000
119466  53.214  46.415  24.459 0.0000000000
120152  50.596  47.573  24.305 0.0000000000
119469  50.022  46.713  24.686 0.0000000000
127714  44.536  57.565  16.555 0.0000000000
127726  46.387  57.155  15.305 0.0000000000
126896  46.047  56.636  20.560 0.0000000000
126897  45.365  56.524  20.154 0.0000000000
126177  51.770  55.766  18.274 0.0000000000
126178  50.690  55.802  18.129 0.0000000000
125445  49.843  54.501  16.733 0.0000000000
126191  49.451  54.593  16.670 0.0000000000
124650  50.366  53.585  15.901 0.0000000000
123116  52.080  51.756  14.353 0.0000000000
121663  52.435  49.712  15.620 0.0000000000
121669  52.171  49.684  14.897 0.0000000000
120907  52.247  48.678  15.134 0.0000000000
120241  51.248  47.966  14.705 0.0000000000
120242  51.055  47.748  14.777 0.0000000000
120237  50.093  47.333  15.559 0.0000000000
120236  50.631  47.508  15.165 0.0000000000
119559  49.865  46.486  15.520 0.0000000000
118832  47.796  45.516  19.517 0.0000000000
118023  47.112  43.836  23.184 0.0000000000
117294  46.383  43.168  23.279 0.0000000000
115039  44.794  40.897  23.128 0.0000000000
114273  44.712  39.875  22.125 0.0000000000
115027  49.678  40.473  25.298 0.0000000000
115790  49.559  41.211  25.277 0.0000000000
115031  49.243  40.128  24.955 0.0000000000
119490  43.360  46.111  21.027 0.0000000000
118781  44.329  45.141  22.002 0.0000000000
121664  49.829  49.342  15.223 0.0000000000
122382  49.568  50.129  15.858 0.0000000000
120884  47.102  48.249  17.449 0.0000000000
120217  43.022  47.307  17.696 0.0000000000
129182  47.525  59.991  24.767 0.0000000000
128403  47.551  59.019  24.459 0.0000000000
116520  51.725  42.169  26.957 0.0000000000
115003  52.077  40.899  27.051 0.0000000000
115767  51.691  41.555  27.100 0.0000000000
113403  51.657  39.417  27.076 0.0000000000
114240  50.709  39.804  27.212 0.0000000000
112576  51.586  38.082  26.201 0.0000000000
111704  51.463  36.842  24.793 0.0000000000
120223  52.011  47.140  16.054 0.0000000000
120211  51.820  47.126  17.175 0.0000000000
120184  51.819  47.909  20.314 0.0000000000
123036  48.599  51.171  22.985 0.0000000000
123035  49.656  51.170  22.888 0.0000000000
123033  52.053  51.386  23.046 0.0000000000
123032  53.208  51.590  23.029 0.0000000000
123031  54.110  51.558  23.197 0.0000000000
123030  54.316  51.335  23.512 0.0000000000
122308  54.303  50.507  23.586 0.0000000000
121568  53.905  48.912  24.058 0.0000000000
121576  53.813  49.628  23.838 0.0000000000
121577  52.854  49.605  23.715 0.0000000000
121578  51.754  49.777  23.720 0.0000000000
120825  50.985  49.153  23.663 0.0000000000
120818  48.928  48.673  24.417 0.0000000000
127701  45.924  57.017  17.599 0.0000000000
128471  49.844  58.393  20.978 0.0000000000
127661  49.349  58.257  20.190 0.0000000000
128484  50.213  58.342  20.256 0.0000000000
127669  50.835  57.837  19.731 0.0000000000
127682  51.599  56.914  18.936 0.0000000000
126893  52.146  55.911  19.417 0.0000000000
126905  52.044  56.459  18.928 0.0000000000
126185  52.386  55.077  17.763 0.0000000000
125457  52.354  53.945  17.260 0.0000000000
124661  52.439  53.007  16.306 0.0000000000
122381  52.678  50.637  15.994 0.0000000000
118792  50.126  45.241  21.093 0.0000000000
118793  49.173  45.193  21.261 0.0000000000
118778  49.797  45.181  21.569 0.0000000000
118021  48.776  44.154  23.401 0.0000000000
117292  48.104  43.506  23.747 0.0000000000
116555  47.331  42.415  23.826 0.0000000000
113440  49.480  38.714  22.380 0.0000000000
116586  39.686  42.385  20.743 0.0000000000
118065  40.285  45.556  21.371 0.0000000000
118784  41.441  44.956  22.509 0.0000000000
118785  40.939  44.637  22.472 0.0000000000
118047  40.593  44.233  22.250 0.0000000000
117323  40.412  43.448  21.812 0.0000000000
116585  40.607  42.215  21.017 0.0000000000
115836  42.259  41.067  20.196 0.0000000000
123897  49.145  52.343  12.609 0.0000000000
123108  48.145  51.174  15.281 0.0000000000
124624  50.257  53.197  18.785 0.0000000000
123814  49.583  52.507  19.179 0.0000000000
123815  48.990  52.852  19.552 0.0000000000
123802  48.294  52.370  20.248 0.0000000000
124602  47.874  53.741  20.551 0.0000000000
123061  48.639  51.423  20.314 0.0000000000
123791  48.265  51.832  20.991 0.0000000000
123780  48.621  52.224  24.263 0.0000000000
126867  44.117  56.622  22.418 0.0000000000
126876  44.737  56.330  21.709 0.0000000000
126163  45.110  56.088  21.197 0.0000000000
126885  46.129  56.612  21.233 0.0000000000
128419  46.757  58.839  23.464 0.0000000000
127639  47.409  57.506  22.195 0.0000000000
128458  48.227  57.797  21.903 0.0000000000
128472  49.058  58.334  20.987 0.0000000000
128456  49.603  58.450  21.671 0.0000000000
127648  50.376  57.736  21.495 0.0000000000
126883  50.825  56.888  20.783 0.0000000000
126871  49.636  57.105  21.671 0.0000000000
126884  49.945  56.655  21.045 0.0000000000
126159  50.624  56.031  20.202 0.0000000000
125425  50.559  54.592  19.313 0.0000000000
114254  50.140  39.134  24.760 0.0000000000
115015  52.360  40.283  26.518 0.0000000000
114238  52.516  39.601  26.255 0.0000000000
114248  52.478  39.413  25.898 0.0000000000
112582  52.302  38.237  25.492 0.0000000000
113424  51.449  38.548  25.201 0.0000000000
113429  50.321  38.607  24.376 0.0000000000
118862  47.452  45.731  17.208 0.0000000000
118852  48.076  45.556  17.656 0.0000000000
118848  51.531  45.438  17.060 0.0000000000
118104  51.189  44.845  17.182 0.0000000000
118837  52.186  45.374  17.903 0.0000000000
118098  51.530  44.725  17.786 0.0000000000
118099  50.752  44.547  18.079 0.0000000000
118091  50.914  44.658  18.620 0.0000000000
118829  50.773  44.853  19.065 0.0000000000
118811  50.726  45.046  20.130 0.0000000000
122352  50.346  51.025  19.117 0.0000000000
121623  50.391  49.909  19.408 0.0000000000
121613  49.792  50.212  20.263 0.0000000000
120859  50.797  49.242  19.815 0.0000000000
121590  51.148  49.828  21.982 0.0000000000
120843  52.174  48.592  21.219 0.0000000000
120175  52.497  47.905  20.880 0.0000000000
118763  53.458  45.329  24.301 0.0000000000
117272  53.530  43.166  25.774 0.0000000000
117261  52.888  43.122  26.380 0.0000000000
120814  53.266  48.386  24.005 0.0000000000
120150  52.919  47.385  24.108 0.0000000000
118756  52.045  45.126  25.203 0.0000000000
117262  51.830  43.308  26.540 0.0000000000
116532  51.331  42.660  26.744 0.0000000000
116533  50.452  42.616  26.813 0.0000000000
116534  49.518  42.520  26.728 0.0000000000
127732  49.376  56.456  14.044 0.0000000000
126920  46.455  56.593  17.275 0.0000000000
127671  48.730  57.761  19.446 0.0000000000
126908  49.230  56.619  18.492 0.0000000000
126919  47.082  56.487  17.632 0.0000000000
125460  48.923  54.573  15.874 0.0000000000
126197  48.759  55.167  15.456 0.0000000000
126205  49.111  55.378  14.841 0.0000000000
126196  49.242  55.094  14.880 0.0000000000
125499  49.941  54.787  13.623 0.0000000000
123895  50.791  52.459  13.065 0.0000000000
122429  50.608  51.241  12.831 0.0000000000
123115  52.419  51.386  14.610 0.0000000000
123129  52.189  51.033  14.055 0.0000000000
122398  51.523  50.178  14.135 0.0000000000
121685  50.799  49.988  13.730 0.0000000000
120224  49.499  47.217  16.074 0.0000000000
119538  46.374  46.102  18.066 0.0000000000
119514  45.724  46.241  19.650 0.0000000000
118833  46.937  45.709  19.706 0.0000000000
119500  45.981  45.889  20.276 0.0000000000
118817  44.934  45.712  21.059 0.0000000000
118780  44.876  45.194  21.942 0.0000000000
118060  48.619  45.103  21.633 0.0000000000
118040  46.866  44.246  22.692 0.0000000000
118063  46.254  44.837  22.087 0.0000000000
117309  44.585  44.139  22.854 0.0000000000
118024  43.908  44.039  23.203 0.0000000000
117297  43.614  43.316  23.281 0.0000000000
116567  43.331  42.155  23.184 0.0000000000
115809  43.215  41.483  22.702 0.0000000000
115800  44.227  41.558  23.239 0.0000000000
115059  42.987  40.890  21.471 0.0000000000
117275  50.083  42.872  24.894 0.0000000000
115793  49.014  41.564  25.037 0.0000000000
116551  48.730  42.375  24.652 0.0000000000
115797  47.567  41.664  24.183 0.0000000000
114261  46.760  40.128  23.221 0.0000000000
113441  48.667  38.989  22.012 0.0000000000
114270  48.458  39.311  22.493 0.0000000000
114271  47.137  39.562  22.518 0.0000000000
114262  46.078  40.161  23.099 0.0000000000
115047  45.767  40.208  23.000 0.0000000000
112578  49.146  37.948  26.282 0.0000000000
112585  49.802  37.345  25.710 0.0000000000
111706  49.165  36.750  25.219 0.0000000000
112596  52.525  37.072  22.255 0.0000000000
113404  51.153  39.476  27.227 0.0000000000
113415  52.793  38.958  26.227 0.0000000000
114283  48.285  39.137  21.814 0.0000000000
114293  47.182  39.213  20.337 0.0000000000
115014  52.370  39.924  26.166 0.0000000000
115016  50.840  40.292  27.277 0.0000000000
115024  52.426  39.751  26.004 0.0000000000
115766  52.353  41.626  26.887 0.0000000000
115768  50.954  41.438  27.153 0.0000000000
115777  52.622  41.753  26.719 0.0000000000
116518  52.612  41.967  26.762 0.0000000000
116519  52.322  42.011  26.895 0.0000000000
116544  50.263  42.251  25.189 0.0000000000
116560  43.294  42.684  23.279 0.0000000000
117260  53.328  42.643  26.224 0.0000000000
117283  47.811  42.921  23.937 0.0000000000
117310  43.133  43.595  23.073 0.0000000000
118097  51.968  44.948  17.936 0.0000000000
118100  50.274  44.657  17.753 0.0000000000
118105  50.774  44.694  17.411 0.0000000000
118779  49.565  45.097  21.809 0.0000000000
118847  52.042  45.728  17.418 0.0000000000
118866  49.941  45.623  15.612 0.0000000000
119474  53.555  47.034  24.205 0.0000000000
119481  54.173  47.082  23.458 0.0000000000
119499  46.278  45.784  20.243 0.0000000000
119513  46.301  45.892  19.915 0.0000000000
120149  53.551  47.810  23.998 0.0000000000
120229  44.812  47.164  17.180 0.0000000000
120812  54.054  48.496  23.961 0.0000000000
120822  53.850  47.928  23.796 0.0000000000
120826  50.324  49.400  23.853 0.0000000000
120871  46.390  48.283  17.957 0.0000000000
120908  52.008  48.109  14.885 0.0000000000
120921  51.591  48.504  14.629 0.0000000000
121567  54.144  48.711  23.959 0.0000000000
121569  53.366  49.081  23.921 0.0000000000
121570  50.231  50.044  24.153 0.0000000000
122413  52.043  50.847  13.792 0.0000000000
123011  54.169  51.684  24.266 0.0000000000
123017  47.731  51.884  24.218 0.0000000000
123020  54.367  51.653  24.029 0.0000000000
123046  49.146  51.125  21.063 0.0000000000
123147  49.227  51.628  12.721 0.0000000000
123762  54.169  52.004  24.314 0.0000000000
123774  54.225  52.306  24.173 0.0000000000
123825  52.101  52.976  17.730 0.0000000000
123828  50.191  52.734  18.721 0.0000000000
124609  51.441  54.170  18.837 0.0000000000
124648  52.126  53.608  16.823 0.0000000000
124649  51.036  53.458  16.409 0.0000000000
125443  51.927  54.229  17.276 0.0000000000
125456  52.537  53.730  17.194 0.0000000000
126153  45.125  56.246  21.468 0.0000000000
126154  44.887  56.123  21.325 0.0000000000
126160  49.795  55.930  20.709 0.0000000000
126162  45.338  56.267  21.340 0.0000000000
126168  52.284  55.600  19.150 0.0000000000
126862  48.694  57.281  22.438 0.0000000000
126865  45.400  56.783  22.207 0.0000000000
126874  46.102  56.715  21.569 0.0000000000
126882  51.480  56.879  20.349 0.0000000000
126886  45.523  56.245  20.992 0.0000000000
126904  52.259  56.005  19.206 0.0000000000
126917  48.550  56.165  18.194 0.0000000000
127638  48.890  57.757  22.491 0.0000000000
127649  50.034  57.709  22.081 0.0000000000
127653  46.086  56.954  22.158 0.0000000000
127683  51.058  57.249  18.880 0.0000000000
128416  48.949  58.238  22.365 0.0000000000
128435  49.945  58.437  22.078 0.0000000000
128455  50.185  58.333  21.686 0.0000000000
128483  50.668  58.095  20.427 0.0000000000
129904  47.666  60.115  25.194 0.0000000000
