#!ascii label  , from subject 3182 vox2ras=TkReg
1139
66130  34.555  -5.073  41.368 0.0000000000
85233  45.374  11.792  30.193 0.0000000000
77028  36.469  4.487  36.635 0.0000000000
54322  12.810  -13.380  56.158 0.0000000000
64860  27.775  -4.346  44.016 0.0000000000
80647  38.284  8.243  36.520 0.0000000000
58015  19.385  -10.663  48.346 0.0000000000
53103  17.303  -14.579  52.218 0.0000000000
59410  23.193  -9.273  45.333 0.0000000000
86366  49.267  12.217  29.075 0.0000000000
70870  34.806  -0.096  41.956 0.0000000000
70912  38.848  0.070  39.465 0.0000000000
68481  39.595  -3.650  43.436 0.0000000000
89874  46.847  15.821  30.050 0.0000000000
91086  49.897  15.904  26.654 0.0000000000
84088  41.491  11.383  33.652 0.0000000000
81854  46.819  8.024  31.780 0.0000000000
80700  41.943  7.280  33.022 0.0000000000
77040  43.222  4.127  35.354 0.0000000000
59404  34.417  -10.809  44.518 0.0000000000
50452  11.984  -17.113  59.477 0.0000000000
51631  8.499  -15.916  62.834 0.0000000000
51574  7.749  -14.909  66.919 0.0000000000
62363  30.258  -7.356  41.461 0.0000000000
58099  27.792  -11.282  44.206 0.0000000000
76970  33.342  4.398  40.146 0.0000000000
78161  39.382  4.214  40.084 0.0000000000
96754  51.047  20.827  26.561 0.0000000000
86368  47.225  11.991  29.320 0.0000000000
84122  48.072  10.246  30.444 0.0000000000
69693  33.761  -1.601  40.719 0.0000000000
68521  35.951  -2.350  40.403 0.0000000000
67327  36.947  -4.847  41.951 0.0000000000
88654  44.183  13.426  31.311 0.0000000000
89866  45.616  15.296  31.431 0.0000000000
88664  45.483  13.959  29.786 0.0000000000
87518  47.405  13.578  28.520 0.0000000000
47931  6.293  -18.060  67.392 0.0000000000
82984  41.539  8.800  32.974 0.0000000000
81809  40.189  9.166  34.834 0.0000000000
79492  36.986  6.180  35.614 0.0000000000
78272  39.905  4.973  34.686 0.0000000000
75884  39.706  3.278  36.008 0.0000000000
77008  40.286  2.870  37.624 0.0000000000
54341  14.573  -13.389  54.203 0.0000000000
51756  17.079  -16.344  55.214 0.0000000000
51740  14.159  -15.467  55.986 0.0000000000
50483  14.424  -17.287  58.337 0.0000000000
51717  12.240  -14.966  57.871 0.0000000000
54248  9.247  -14.157  61.632 0.0000000000
52876  7.621  -15.221  64.828 0.0000000000
63678  28.623  -6.134  42.682 0.0000000000
59459  29.723  -10.075  41.891 0.0000000000
60880  26.221  -8.247  42.976 0.0000000000
56809  23.727  -12.540  48.145 0.0000000000
59340  25.990  -11.078  48.035 0.0000000000
72077  40.900  0.323  40.962 0.0000000000
74601  39.290  2.351  39.765 0.0000000000
81776  39.632  9.619  36.638 0.0000000000
81778  36.930  8.522  38.114 0.0000000000
80634  35.497  6.990  37.611 0.0000000000
55659  21.209  -13.419  48.532 0.0000000000
54434  20.270  -14.563  51.401 0.0000000000
55646  18.388  -12.550  50.313 0.0000000000
56751  15.736  -11.729  52.740 0.0000000000
57880  14.570  -10.739  55.165 0.0000000000
63666  24.011  -5.872  44.244 0.0000000000
63607  22.549  -5.691  46.587 0.0000000000
58029  21.119  -10.268  47.067 0.0000000000
70867  36.201  1.168  42.788 0.0000000000
73365  35.621  1.539  41.371 0.0000000000
70883  36.138  0.223  40.436 0.0000000000
69689  40.155  -1.701  40.924 0.0000000000
92191  49.270  17.592  28.396 0.0000000000
91068  48.218  16.243  28.450 0.0000000000
87528  49.511  13.552  27.218 0.0000000000
84116  43.438  11.247  31.592 0.0000000000
82996  45.760  9.496  31.114 0.0000000000
82982  43.594  9.331  31.782 0.0000000000
80723  44.016  7.154  32.414 0.0000000000
78304  44.735  5.597  33.685 0.0000000000
79512  39.517  7.208  34.409 0.0000000000
78293  42.500  5.348  34.096 0.0000000000
62329  35.029  -8.088  42.368 0.0000000000
63657  37.309  -7.334  43.547 0.0000000000
86316  43.026  12.852  32.983 0.0000000000
55523  11.936  -12.316  58.475 0.0000000000
52941  10.644  -14.750  59.229 0.0000000000
50437  10.222  -16.550  60.680 0.0000000000
49159  10.113  -18.163  63.004 0.0000000000
49142  8.051  -17.582  64.431 0.0000000000
49118  6.960  -17.157  66.010 0.0000000000
50364  5.882  -15.975  67.268 0.0000000000
51561  5.473  -15.040  69.122 0.0000000000
63718  32.617  -6.627  40.428 0.0000000000
59457  31.760  -9.648  41.453 0.0000000000
58096  31.150  -11.642  43.779 0.0000000000
60851  25.925  -9.618  44.815 0.0000000000
78229  34.602  5.278  38.305 0.0000000000
74622  35.118  2.269  40.103 0.0000000000
76968  36.133  3.801  39.107 0.0000000000
78225  38.133  3.638  38.430 0.0000000000
66079  39.827  -4.909  45.333 0.0000000000
95598  52.437  20.390  24.227 0.0000000000
93321  50.153  18.270  26.161 0.0000000000
93327  51.389  18.204  25.185 0.0000000000
85242  45.940  11.890  29.737 0.0000000000
85231  47.083  10.953  29.684 0.0000000000
84124  46.379  10.571  30.396 0.0000000000
67341  33.831  -3.998  40.924 0.0000000000
68506  35.921  -3.199  41.070 0.0000000000
67328  36.198  -5.032  41.636 0.0000000000
86357  44.632  12.379  30.978 0.0000000000
87498  44.982  13.575  30.374 0.0000000000
86370  45.572  12.356  29.852 0.0000000000
86369  46.248  12.535  29.388 0.0000000000
47932  5.661  -17.558  67.807 0.0000000000
82933  40.948  10.384  35.382 0.0000000000
82920  40.447  9.932  36.088 0.0000000000
78255  36.706  5.030  36.078 0.0000000000
77045  38.261  4.037  34.944 0.0000000000
75885  38.749  3.366  35.766 0.0000000000
75871  39.995  2.838  36.754 0.0000000000
77009  39.274  3.048  37.285 0.0000000000
53046  13.910  -13.883  55.109 0.0000000000
53015  14.392  -15.494  55.248 0.0000000000
53017  13.195  -14.357  56.194 0.0000000000
51715  13.890  -16.194  56.985 0.0000000000
52989  12.726  -14.534  56.766 0.0000000000
63662  28.283  -4.927  43.707 0.0000000000
62352  27.778  -6.804  42.467 0.0000000000
63663  26.344  -5.770  43.050 0.0000000000
55643  23.641  -13.156  49.983 0.0000000000
75803  34.848  2.797  43.297 0.0000000000
73362  41.540  1.185  40.933 0.0000000000
80633  36.393  7.905  37.654 0.0000000000
80606  35.708  8.587  39.843 0.0000000000
55679  19.472  -12.040  48.462 0.0000000000
54472  19.543  -13.433  49.541 0.0000000000
56804  18.545  -11.820  49.686 0.0000000000
57936  16.842  -10.855  52.005 0.0000000000
57916  16.052  -10.823  52.946 0.0000000000
56737  14.666  -11.426  53.869 0.0000000000
66067  23.590  -3.901  46.657 0.0000000000
59342  20.086  -9.047  48.382 0.0000000000
60805  20.923  -8.661  47.398 0.0000000000
58030  20.608  -9.937  47.532 0.0000000000
55697  21.107  -11.787  47.537 0.0000000000
72065  35.900  1.131  42.046 0.0000000000
69678  35.480  0.144  41.014 0.0000000000
68494  38.599  -3.525  42.634 0.0000000000
68519  38.512  -2.389  40.538 0.0000000000
68493  39.810  -2.833  42.453 0.0000000000
69675  40.912  -1.667  42.185 0.0000000000
68480  40.657  -2.897  43.670 0.0000000000
89875  46.261  15.255  30.375 0.0000000000
91056  48.141  16.656  29.378 0.0000000000
91069  47.517  16.212  28.951 0.0000000000
86378  48.375  12.855  28.407 0.0000000000
87529  48.685  13.490  27.680 0.0000000000
86377  49.413  12.523  28.242 0.0000000000
84102  42.477  10.659  32.585 0.0000000000
82998  43.644  10.321  31.431 0.0000000000
81859  41.583  8.334  33.037 0.0000000000
81858  42.048  8.088  32.584 0.0000000000
79548  42.552  6.976  32.773 0.0000000000
80699  44.322  6.520  32.633 0.0000000000
79530  43.479  5.991  33.033 0.0000000000
80646  38.908  9.163  36.489 0.0000000000
81791  39.363  9.357  35.824 0.0000000000
80665  39.143  7.972  35.487 0.0000000000
77059  40.697  4.398  34.747 0.0000000000
78294  41.503  5.286  34.334 0.0000000000
77057  42.210  4.638  34.653 0.0000000000
78292  43.458  5.034  34.333 0.0000000000
59433  34.766  -9.819  43.367 0.0000000000
60862  36.068  -9.242  43.769 0.0000000000
84073  42.164  11.391  34.718 0.0000000000
85181  41.485  12.039  33.516 0.0000000000
85207  42.437  11.945  32.345 0.0000000000
53101  18.949  -15.259  52.367 0.0000000000
53087  18.082  -15.840  53.211 0.0000000000
49224  13.115  -17.520  58.942 0.0000000000
50450  14.823  -18.370  59.986 0.0000000000
49217  12.881  -17.789  59.899 0.0000000000
49218  11.722  -17.465  60.271 0.0000000000
54276  12.122  -11.732  59.893 0.0000000000
54292  11.523  -13.072  58.450 0.0000000000
54260  10.642  -12.972  60.329 0.0000000000
52896  8.913  -14.756  62.004 0.0000000000
52908  9.413  -14.690  61.262 0.0000000000
50423  9.188  -16.323  61.999 0.0000000000
49207  9.896  -17.117  61.527 0.0000000000
49186  8.631  -17.021  62.723 0.0000000000
47981  9.186  -18.235  63.478 0.0000000000
50410  8.268  -16.614  63.108 0.0000000000
52858  7.510  -14.618  66.104 0.0000000000
51595  7.333  -15.689  65.382 0.0000000000
51585  7.164  -15.382  66.331 0.0000000000
50376  6.367  -16.356  66.551 0.0000000000
51575  7.256  -15.151  67.319 0.0000000000
63694  30.679  -5.436  42.314 0.0000000000
64919  31.363  -5.032  41.813 0.0000000000
63708  31.238  -5.679  41.105 0.0000000000
60904  32.448  -8.357  40.710 0.0000000000
60905  31.367  -8.363  40.661 0.0000000000
59439  28.679  -10.682  42.531 0.0000000000
58115  30.127  -10.835  43.093 0.0000000000
58097  29.926  -11.908  43.936 0.0000000000
60868  23.584  -7.759  44.195 0.0000000000
62298  24.805  -8.178  44.156 0.0000000000
60826  24.736  -9.531  45.030 0.0000000000
59338  27.323  -11.620  48.623 0.0000000000
82980  46.273  8.823  31.555 0.0000000000
82979  47.316  8.799  31.593 0.0000000000
81853  47.833  8.165  32.021 0.0000000000
79393  33.077  6.231  41.100 0.0000000000
79421  33.550  6.148  39.010 0.0000000000
78207  33.638  5.031  39.233 0.0000000000
72092  36.779  0.556  39.681 0.0000000000
73402  36.159  1.393  40.183 0.0000000000
73400  37.510  1.314  39.455 0.0000000000
75821  39.315  3.608  40.402 0.0000000000
75839  37.845  2.991  39.813 0.0000000000
76949  38.395  3.907  39.868 0.0000000000
78204  36.885  3.866  38.647 0.0000000000
78181  38.956  4.536  39.593 0.0000000000
78201  39.417  4.528  39.213 0.0000000000
66081  38.285  -5.977  44.444 0.0000000000
96758  51.809  20.894  25.615 0.0000000000
92199  49.371  17.262  27.413 0.0000000000
93322  49.623  17.808  26.734 0.0000000000
92205  49.808  16.806  26.689 0.0000000000
92211  51.783  17.191  25.381 0.0000000000
92220  52.186  17.244  25.023 0.0000000000
59312  19.231  -8.898  49.693 0.0000000000
57981  18.414  -10.195  50.213 0.0000000000
86367  48.239  12.155  29.247 0.0000000000
86353  49.138  11.629  29.903 0.0000000000
86341  48.681  11.174  30.287 0.0000000000
70884  34.126  -0.509  41.162 0.0000000000
69691  35.713  -0.954  40.357 0.0000000000
68522  34.904  -2.336  40.596 0.0000000000
67338  37.375  -3.579  41.874 0.0000000000
67325  38.217  -3.820  42.655 0.0000000000
88633  45.441  14.734  32.565 0.0000000000
88643  44.405  14.387  31.313 0.0000000000
88652  45.228  14.729  30.460 0.0000000000
88663  46.370  14.537  29.476 0.0000000000
88662  46.860  14.912  29.056 0.0000000000
87519  46.618  13.348  28.872 0.0000000000
86379  47.412  12.693  28.772 0.0000000000
46857  6.977  -18.690  66.619 0.0000000000
84074  41.195  11.217  34.319 0.0000000000
84089  41.597  10.486  33.295 0.0000000000
84075  40.864  10.522  33.914 0.0000000000
82967  40.509  9.078  33.705 0.0000000000
81841  40.255  8.530  33.696 0.0000000000
80667  37.302  6.797  35.782 0.0000000000
79490  38.900  6.315  34.697 0.0000000000
79491  37.754  6.145  35.377 0.0000000000
77043  39.990  4.359  34.959 0.0000000000
75897  41.250  3.439  35.613 0.0000000000
75882  41.548  3.066  36.435 0.0000000000
77006  42.218  3.133  37.792 0.0000000000
58044  34.109  -11.099  45.933 0.0000000000
53089  15.828  -14.127  53.302 0.0000000000
53071  16.918  -15.719  54.116 0.0000000000
53044  15.798  -15.483  54.628 0.0000000000
51757  15.883  -16.027  55.200 0.0000000000
51714  15.481  -16.626  56.756 0.0000000000
51693  13.178  -16.148  58.002 0.0000000000
50469  12.149  -16.664  58.761 0.0000000000
54246  10.600  -12.572  61.395 0.0000000000
54227  9.053  -13.721  63.317 0.0000000000
52887  8.304  -14.644  63.515 0.0000000000
51616  8.061  -15.702  63.403 0.0000000000
52875  8.008  -14.406  64.565 0.0000000000
54194  8.581  -13.534  65.998 0.0000000000
54183  8.581  -13.483  66.992 0.0000000000
62349  29.700  -6.991  41.739 0.0000000000
60892  29.774  -7.891  41.646 0.0000000000
60894  28.325  -8.211  42.069 0.0000000000
59461  27.662  -8.902  42.289 0.0000000000
59440  27.493  -10.044  43.195 0.0000000000
56843  23.410  -11.274  46.253 0.0000000000
59356  25.063  -10.763  46.590 0.0000000000
58011  24.646  -11.603  48.250 0.0000000000
80721  46.331  7.188  31.977 0.0000000000
75825  33.519  3.572  41.486 0.0000000000
72090  40.225  0.466  40.080 0.0000000000
73382  39.083  1.405  39.429 0.0000000000
73363  40.672  1.350  40.441 0.0000000000
74582  41.132  2.287  40.648 0.0000000000
95589  50.670  20.521  27.850 0.0000000000
50345  4.501  -17.018  68.620 0.0000000000
80605  39.413  9.579  38.748 0.0000000000
80617  38.034  9.253  37.864 0.0000000000
80632  37.573  8.521  37.435 0.0000000000
80649  36.599  6.918  36.808 0.0000000000
79451  36.020  6.629  37.119 0.0000000000
78256  35.858  5.195  36.760 0.0000000000
54451  22.768  -13.822  50.293 0.0000000000
54433  21.826  -14.094  51.505 0.0000000000
54453  19.974  -14.070  50.223 0.0000000000
54435  19.324  -14.523  50.659 0.0000000000
54436  17.820  -13.708  51.437 0.0000000000
56774  17.706  -11.687  50.910 0.0000000000
55628  16.769  -12.401  51.571 0.0000000000
54418  16.474  -13.388  52.177 0.0000000000
54393  15.188  -12.903  53.277 0.0000000000
55558  14.132  -12.671  54.527 0.0000000000
55559  13.566  -12.304  55.092 0.0000000000
64885  25.586  -4.915  43.864 0.0000000000
64863  24.700  -4.646  45.137 0.0000000000
63623  23.062  -5.791  45.625 0.0000000000
62275  22.230  -6.742  45.662 0.0000000000
62261  21.740  -6.673  47.315 0.0000000000
60803  21.844  -7.326  46.862 0.0000000000
59382  22.458  -9.551  45.861 0.0000000000
56825  22.024  -11.953  46.551 0.0000000000
55658  22.336  -13.469  48.589 0.0000000000
74566  36.400  2.369  43.813 0.0000000000
74584  35.620  1.970  42.208 0.0000000000
73364  35.845  1.365  41.628 0.0000000000
72078  36.281  0.736  40.540 0.0000000000
70901  37.143  -0.097  39.541 0.0000000000
68520  37.113  -2.140  40.359 0.0000000000
68535  38.546  -1.790  40.128 0.0000000000
70899  39.551  -0.465  39.864 0.0000000000
70881  40.770  -0.817  41.035 0.0000000000
70850  41.998  -0.877  42.814 0.0000000000
92182  49.281  17.787  29.442 0.0000000000
91067  48.783  16.798  27.900 0.0000000000
89905  48.795  15.488  27.294 0.0000000000
88671  48.189  14.357  27.902 0.0000000000
88685  48.913  14.522  27.326 0.0000000000
85220  44.283  11.771  31.117 0.0000000000
84114  45.461  10.209  30.626 0.0000000000
84115  44.446  10.799  30.776 0.0000000000
82997  44.612  9.755  31.044 0.0000000000
82981  45.115  8.996  31.686 0.0000000000
82983  42.104  9.504  32.707 0.0000000000
81856  44.484  8.159  31.952 0.0000000000
80722  45.208  7.180  32.071 0.0000000000
80697  45.864  6.491  32.515 0.0000000000
79528  45.413  6.044  33.381 0.0000000000
82935  40.022  9.513  35.564 0.0000000000
81825  39.820  8.751  34.467 0.0000000000
79533  40.705  7.164  33.653 0.0000000000
79511  40.520  6.335  34.271 0.0000000000
79510  41.871  6.048  34.023 0.0000000000
78306  43.069  5.603  33.615 0.0000000000
63692  35.339  -7.143  41.953 0.0000000000
64893  36.411  -6.264  42.374 0.0000000000
63658  36.725  -7.803  43.325 0.0000000000
62310  37.610  -8.105  43.994 0.0000000000
87481  43.726  13.475  32.357 0.0000000000
86344  43.198  12.557  31.718 0.0000000000
55536  13.228  -11.533  57.496 0.0000000000
55521  12.886  -11.161  58.539 0.0000000000
55537  12.553  -12.214  57.667 0.0000000000
54308  12.043  -13.449  57.475 0.0000000000
52966  11.517  -14.817  58.361 0.0000000000
51673  11.090  -15.679  59.119 0.0000000000
52907  9.913  -14.669  60.475 0.0000000000
51657  10.396  -15.641  60.001 0.0000000000
49219  11.262  -17.051  60.456 0.0000000000
49206  10.899  -17.562  60.986 0.0000000000
48001  11.054  -18.510  62.527 0.0000000000
47954  8.168  -18.589  64.898 0.0000000000
50399  7.659  -16.679  64.306 0.0000000000
49143  7.627  -17.134  64.773 0.0000000000
47943  7.424  -18.190  65.963 0.0000000000
47944  6.819  -17.960  66.634 0.0000000000
49109  5.751  -16.971  67.249 0.0000000000
49110  5.503  -17.083  67.829 0.0000000000
52848  6.440  -14.898  68.107 0.0000000000
51577  5.806  -15.640  67.902 0.0000000000
50353  4.981  -16.565  68.519 0.0000000000
67342  32.589  -3.272  41.247 0.0000000000
66142  31.934  -4.492  41.511 0.0000000000
64916  33.897  -5.871  41.012 0.0000000000
62359  33.840  -7.661  41.219 0.0000000000
60889  33.622  -8.872  41.736 0.0000000000
59435  33.160  -10.292  42.561 0.0000000000
59458  30.755  -9.852  41.616 0.0000000000
58113  32.094  -10.842  42.928 0.0000000000
58074  33.354  -11.171  44.794 0.0000000000
62337  25.621  -6.655  43.090 0.0000000000
60866  25.870  -8.895  43.871 0.0000000000
59422  27.077  -10.775  44.541 0.0000000000
59380  25.616  -10.290  46.125 0.0000000000
59378  27.167  -11.721  46.830 0.0000000000
58049  28.060  -12.411  46.649 0.0000000000
83006  46.858  9.974  30.543 0.0000000000
80608  34.435  7.344  39.073 0.0000000000
79453  34.735  6.173  37.702 0.0000000000
77013  35.784  4.684  37.195 0.0000000000
74585  34.999  2.139  41.702 0.0000000000
74606  34.311  2.487  41.107 0.0000000000
75842  34.264  2.996  40.555 0.0000000000
74603  37.644  2.406  39.580 0.0000000000
76976  35.852  3.044  39.299 0.0000000000
76978  34.297  4.068  39.364 0.0000000000
78206  34.792  4.345  38.703 0.0000000000
78227  36.415  4.325  38.173 0.0000000000
76992  37.639  3.692  37.619 0.0000000000
76990  39.633  3.415  38.176 0.0000000000
66104  37.275  -5.576  43.104 0.0000000000
66102  38.710  -5.124  43.962 0.0000000000
67291  39.518  -4.492  44.216 0.0000000000
67271  41.137  -4.471  45.948 0.0000000000
68464  41.098  -3.582  44.961 0.0000000000
96756  53.093  22.052  25.234 0.0000000000
94434  50.129  19.426  27.498 0.0000000000
94437  50.353  19.181  26.414 0.0000000000
92212  50.972  16.807  25.699 0.0000000000
94442  50.741  18.724  25.643 0.0000000000
95596  50.836  19.578  25.840 0.0000000000
94440  51.756  19.807  25.135 0.0000000000
93347  52.711  18.740  23.952 0.0000000000
85232  46.128  11.296  30.016 0.0000000000
67340  35.593  -4.294  41.434 0.0000000000
66129  35.590  -5.359  41.655 0.0000000000
85234  44.788  12.018  30.579 0.0000000000
86356  45.115  12.607  30.466 0.0000000000
77027  37.145  4.069  36.114 0.0000000000
75872  39.154  3.120  36.486 0.0000000000
77010  38.118  3.423  36.660 0.0000000000
54321  13.269  -13.161  55.347 0.0000000000
53016  13.736  -14.435  55.609 0.0000000000
64883  27.421  -5.200  43.312 0.0000000000
64884  26.599  -4.955  43.426 0.0000000000
55626  23.438  -13.432  50.620 0.0000000000
55625  24.027  -12.904  50.877 0.0000000000
75802  35.659  2.548  43.495 0.0000000000
55680  18.984  -11.736  48.907 0.0000000000
56812  19.001  -11.192  48.485 0.0000000000
58000  19.474  -9.799  48.660 0.0000000000
58014  19.914  -10.097  48.123 0.0000000000
56811  19.785  -11.276  48.084 0.0000000000
69677  35.697  0.322  40.986 0.0000000000
68492  40.611  -2.555  42.847 0.0000000000
89864  46.817  15.918  30.817 0.0000000000
91057  47.400  16.323  29.695 0.0000000000
89884  46.932  15.508  29.177 0.0000000000
46870  8.635  -19.249  65.372 0.0000000000
81839  41.584  7.956  33.095 0.0000000000
80725  42.342  7.422  32.668 0.0000000000
79547  43.202  6.655  32.686 0.0000000000
79531  42.509  6.319  33.351 0.0000000000
77041  41.828  4.072  35.242 0.0000000000
77058  41.286  4.491  34.660 0.0000000000
59419  34.362  -10.547  43.613 0.0000000000
59418  35.114  -10.000  44.031 0.0000000000
59403  35.260  -10.471  44.839 0.0000000000
85180  42.277  11.556  33.861 0.0000000000
85192  41.245  11.570  33.255 0.0000000000
53102  17.896  -15.158  52.021 0.0000000000
50451  12.575  -17.270  59.115 0.0000000000
54277  11.389  -12.556  59.580 0.0000000000
51630  8.763  -15.695  62.239 0.0000000000
50424  8.770  -16.453  62.539 0.0000000000
51584  7.591  -14.792  66.500 0.0000000000
62348  30.199  -5.887  42.444 0.0000000000
63677  30.269  -5.213  43.059 0.0000000000
62362  30.744  -6.804  41.109 0.0000000000
58117  28.274  -11.235  43.327 0.0000000000
58116  29.189  -11.492  43.092 0.0000000000
58098  28.772  -11.661  44.208 0.0000000000
58077  29.495  -11.868  45.196 0.0000000000
60853  24.067  -8.713  44.582 0.0000000000
59409  24.148  -9.739  45.242 0.0000000000
78163  33.084  5.478  41.503 0.0000000000
78185  33.045  5.286  40.486 0.0000000000
79407  33.140  6.179  39.916 0.0000000000
76979  33.679  4.278  39.611 0.0000000000
72106  37.238  0.714  39.453 0.0000000000
73401  36.683  1.241  39.791 0.0000000000
72105  38.021  0.831  39.321 0.0000000000
76948  38.870  3.916  40.313 0.0000000000
76965  38.304  3.553  39.996 0.0000000000
78162  38.713  4.258  39.939 0.0000000000
78182  38.215  4.052  39.394 0.0000000000
78180  39.895  4.322  39.809 0.0000000000
96753  51.522  21.279  26.373 0.0000000000
95591  51.147  20.685  26.297 0.0000000000
91077  49.120  16.264  27.075 0.0000000000
60744  19.527  -8.032  49.803 0.0000000000
60745  19.019  -8.451  50.418 0.0000000000
86354  48.008  11.408  29.806 0.0000000000
85230  47.895  10.823  30.184 0.0000000000
86342  48.289  11.051  30.213 0.0000000000
69692  34.816  -1.040  40.521 0.0000000000
67339  36.902  -3.846  41.606 0.0000000000
67326  37.654  -3.962  42.307 0.0000000000
68495  37.931  -3.497  42.404 0.0000000000
88644  43.878  13.864  31.490 0.0000000000
88634  44.824  14.343  32.077 0.0000000000
88651  46.016  14.777  30.156 0.0000000000
87508  45.937  13.511  29.343 0.0000000000
86380  46.832  12.595  29.001 0.0000000000
46858  6.654  -18.384  66.928 0.0000000000
84061  41.152  10.684  34.939 0.0000000000
82934  40.624  9.804  35.290 0.0000000000
82949  40.529  9.482  34.321 0.0000000000
81824  40.066  9.007  34.096 0.0000000000
75900  38.591  3.771  35.206 0.0000000000
77044  38.892  4.193  34.873 0.0000000000
75899  39.370  3.693  35.333 0.0000000000
75898  40.321  3.583  35.469 0.0000000000
75883  40.637  3.132  36.221 0.0000000000
75870  40.952  2.524  36.970 0.0000000000
77007  41.301  2.883  37.787 0.0000000000
76988  41.671  3.451  38.529 0.0000000000
53073  15.262  -13.959  53.890 0.0000000000
53072  15.837  -14.865  53.858 0.0000000000
53045  14.687  -14.585  54.677 0.0000000000
51758  15.001  -15.766  54.961 0.0000000000
51739  14.871  -16.226  55.727 0.0000000000
51738  16.208  -16.344  56.012 0.0000000000
50502  15.192  -16.878  57.590 0.0000000000
51716  12.661  -15.400  57.525 0.0000000000
50485  12.669  -16.553  58.274 0.0000000000
51694  12.056  -15.590  58.314 0.0000000000
54228  8.372  -14.019  63.855 0.0000000000
54217  8.618  -13.713  64.219 0.0000000000
62318  28.993  -5.466  43.335 0.0000000000
62332  29.846  -5.687  43.120 0.0000000000
62333  29.123  -6.054  42.659 0.0000000000
62350  28.891  -7.280  42.203 0.0000000000
63695  28.626  -6.614  42.452 0.0000000000
62335  26.915  -7.257  42.477 0.0000000000
60895  27.633  -7.852  42.339 0.0000000000
60879  27.017  -8.623  42.679 0.0000000000
59441  26.606  -9.143  43.369 0.0000000000
56824  23.247  -11.972  47.038 0.0000000000
56823  23.840  -11.460  46.563 0.0000000000
58028  24.068  -11.927  47.794 0.0000000000
76931  33.129  4.231  42.403 0.0000000000
75805  33.537  3.397  42.361 0.0000000000
74581  41.804  2.366  41.335 0.0000000000
80616  38.793  9.566  38.102 0.0000000000
81777  37.089  8.509  37.864 0.0000000000
79470  35.852  5.951  36.868 0.0000000000
54470  21.856  -14.055  49.330 0.0000000000
54452  21.230  -14.077  50.375 0.0000000000
54471  20.625  -13.781  49.408 0.0000000000
55645  18.788  -13.003  49.869 0.0000000000
54454  18.857  -13.707  50.213 0.0000000000
53132  18.357  -14.016  50.908 0.0000000000
54455  18.238  -13.326  50.835 0.0000000000
57958  18.093  -9.574  51.361 0.0000000000
57982  18.235  -10.810  50.376 0.0000000000
57959  17.732  -10.653  51.011 0.0000000000
56762  16.317  -11.523  52.096 0.0000000000
56775  16.893  -11.671  51.486 0.0000000000
55629  16.392  -12.212  51.916 0.0000000000
54438  16.503  -12.743  51.913 0.0000000000
55608  16.020  -12.459  52.485 0.0000000000
54419  15.911  -13.193  52.581 0.0000000000
55590  15.193  -12.351  53.068 0.0000000000
55575  14.544  -12.508  53.830 0.0000000000
56718  14.164  -11.821  54.665 0.0000000000
56719  13.985  -11.472  55.635 0.0000000000
66085  25.266  -3.669  45.422 0.0000000000
67295  24.797  -3.524  45.751 0.0000000000
64825  23.000  -4.557  47.106 0.0000000000
64843  23.300  -4.880  46.243 0.0000000000
60829  21.253  -8.931  47.056 0.0000000000
60804  21.425  -7.597  47.318 0.0000000000
60828  21.485  -8.702  46.859 0.0000000000
59383  21.848  -9.418  46.369 0.0000000000
58054  21.593  -10.244  46.540 0.0000000000
58053  22.218  -10.372  46.116 0.0000000000
56846  21.448  -10.758  46.719 0.0000000000
55678  20.695  -12.268  47.997 0.0000000000
55677  21.812  -12.887  47.844 0.0000000000
54469  22.748  -13.746  49.322 0.0000000000
73348  36.255  1.867  42.943 0.0000000000
69704  37.423  -1.171  39.705 0.0000000000
68503  39.512  -2.464  41.245 0.0000000000
68518  39.301  -1.995  40.497 0.0000000000
69703  38.809  -1.224  39.873 0.0000000000
69702  39.552  -1.378  40.291 0.0000000000
70882  40.149  -0.991  40.478 0.0000000000
69667  41.239  -2.037  42.911 0.0000000000
70851  41.432  -1.417  42.412 0.0000000000
89856  46.125  15.559  32.400 0.0000000000
92183  48.723  17.312  29.922 0.0000000000
91055  48.734  17.080  28.917 0.0000000000
91078  48.548  16.039  27.645 0.0000000000
88672  47.274  14.660  28.509 0.0000000000
82965  41.520  9.944  33.239 0.0000000000
80724  42.897  7.421  32.537 0.0000000000
81857  43.159  8.248  32.175 0.0000000000
80698  44.875  6.586  32.697 0.0000000000
79529  44.392  6.138  33.141 0.0000000000
82921  39.934  9.772  36.244 0.0000000000
80680  39.579  8.146  34.366 0.0000000000
81810  39.655  8.845  35.087 0.0000000000
80703  39.917  8.109  33.777 0.0000000000
80679  40.032  7.438  33.888 0.0000000000
79489  39.823  5.517  34.533 0.0000000000
78307  42.610  5.755  33.680 0.0000000000
62328  35.644  -8.188  42.832 0.0000000000
60845  37.054  -9.329  44.738 0.0000000000
62290  37.447  -8.835  44.045 0.0000000000
87468  43.697  13.253  32.962 0.0000000000
85221  43.503  12.012  31.656 0.0000000000
54415  21.159  -14.528  52.686 0.0000000000
50466  15.688  -17.799  59.285 0.0000000000
55547  13.875  -11.162  56.752 0.0000000000
56683  12.481  -11.281  58.965 0.0000000000
56682  12.620  -11.261  58.757 0.0000000000
55522  12.402  -11.793  58.579 0.0000000000
55538  11.935  -12.443  57.999 0.0000000000
54278  10.994  -13.813  59.333 0.0000000000
54293  11.359  -14.154  58.535 0.0000000000
52940  10.989  -14.740  58.659 0.0000000000
51695  11.338  -15.251  58.470 0.0000000000
51674  10.536  -15.233  59.465 0.0000000000
54247  9.801  -13.519  61.253 0.0000000000
51644  9.682  -15.605  60.812 0.0000000000
50454  10.723  -16.350  60.140 0.0000000000
50436  10.917  -16.792  60.463 0.0000000000
49184  10.352  -17.907  62.319 0.0000000000
47967  8.765  -18.260  64.107 0.0000000000
51604  7.712  -15.268  64.099 0.0000000000
51617  7.643  -15.987  63.974 0.0000000000
51605  7.561  -15.904  64.624 0.0000000000
50375  6.887  -16.212  65.823 0.0000000000
50386  7.425  -16.619  65.195 0.0000000000
49129  7.489  -17.610  65.181 0.0000000000
49119  6.379  -17.308  66.734 0.0000000000
52847  6.852  -14.636  67.935 0.0000000000
52836  6.535  -14.663  68.556 0.0000000000
51560  6.030  -14.875  68.878 0.0000000000
51566  5.453  -15.547  68.451 0.0000000000
51567  4.861  -15.586  68.749 0.0000000000
64918  31.953  -5.213  40.853 0.0000000000
66141  32.716  -4.804  41.026 0.0000000000
64917  32.908  -5.596  40.759 0.0000000000
63705  34.128  -6.989  41.183 0.0000000000
63706  33.112  -6.607  40.525 0.0000000000
60891  31.999  -9.105  40.700 0.0000000000
60903  33.099  -8.385  41.186 0.0000000000
60890  32.623  -8.992  41.338 0.0000000000
59455  33.642  -9.728  42.195 0.0000000000
59456  32.805  -9.631  41.987 0.0000000000
60893  29.274  -8.414  41.599 0.0000000000
59479  30.253  -9.297  41.388 0.0000000000
58114  31.250  -10.670  42.884 0.0000000000
58095  32.391  -11.032  43.724 0.0000000000
58075  32.010  -11.519  44.909 0.0000000000
64886  24.744  -5.146  44.365 0.0000000000
63664  25.665  -5.923  43.282 0.0000000000
63665  24.724  -5.923  43.673 0.0000000000
60852  25.169  -8.999  44.543 0.0000000000
60867  25.323  -8.218  43.972 0.0000000000
59423  26.507  -9.856  44.134 0.0000000000
59408  26.437  -10.433  45.172 0.0000000000
59341  25.240  -11.061  47.636 0.0000000000
59355  25.870  -10.443  47.175 0.0000000000
59352  27.750  -11.777  48.294 0.0000000000
59353  27.261  -11.745  47.791 0.0000000000
58026  27.462  -12.067  47.340 0.0000000000
59406  27.579  -11.944  46.251 0.0000000000
84113  46.249  9.893  30.680 0.0000000000
80594  34.964  8.416  40.407 0.0000000000
80595  34.399  7.565  40.108 0.0000000000
78230  33.867  5.759  38.560 0.0000000000
79436  34.313  6.192  38.162 0.0000000000
78241  34.746  5.785  37.708 0.0000000000
78240  35.326  5.180  37.538 0.0000000000
76995  35.627  4.706  37.564 0.0000000000
75822  35.132  2.292  42.643 0.0000000000
74621  35.732  1.815  39.993 0.0000000000
74605  34.766  2.140  40.699 0.0000000000
75841  34.817  2.499  40.206 0.0000000000
74618  38.596  1.931  39.441 0.0000000000
74619  37.886  1.903  39.488 0.0000000000
74602  38.333  2.497  39.711 0.0000000000
76967  36.567  3.352  39.218 0.0000000000
75840  37.168  3.011  39.460 0.0000000000
76977  35.391  3.582  39.161 0.0000000000
78203  37.744  3.738  38.788 0.0000000000
78226  37.311  4.021  38.222 0.0000000000
76993  36.796  4.229  37.573 0.0000000000
76991  38.600  3.292  37.898 0.0000000000
78224  39.008  3.996  38.641 0.0000000000
78223  39.988  3.828  39.025 0.0000000000
63672  37.098  -6.835  43.074 0.0000000000
64892  36.932  -6.309  42.861 0.0000000000
64880  37.349  -6.291  43.489 0.0000000000
66080  38.972  -5.544  44.829 0.0000000000
66103  38.055  -5.505  43.812 0.0000000000
67292  38.976  -4.894  44.075 0.0000000000
96757  52.395  21.516  25.309 0.0000000000
93307  49.588  18.420  28.884 0.0000000000
94435  49.801  18.854  27.454 0.0000000000
94438  49.765  18.705  26.918 0.0000000000
93328  50.832  17.757  25.632 0.0000000000
94441  51.354  19.237  25.145 0.0000000000
94445  51.809  18.508  24.650 0.0000000000
85241  46.599  11.659  29.552 0.0000000000
86355  47.355  11.437  29.536 0.0000000000
84123  47.307  10.401  30.321 0.0000000000
68508  33.508  -2.592  40.866 0.0000000000
68507  34.707  -3.168  40.821 0.0000000000
87499  44.617  13.035  31.137 0.0000000000
88653  44.215  13.943  30.783 0.0000000000
87509  45.547  13.095  29.873 0.0000000000
82919  41.030  10.258  36.094 0.0000000000
78276  36.730  5.745  35.837 0.0000000000
78275  37.297  5.408  35.602 0.0000000000
78254  37.476  4.579  35.602 0.0000000000
77026  37.854  3.856  35.382 0.0000000000
54342  13.965  -13.339  54.812 0.0000000000
52988  13.569  -15.002  56.317 0.0000000000
52990  12.231  -14.577  57.482 0.0000000000
54204  9.253  -12.870  65.336 0.0000000000
63661  28.654  -5.243  43.532 0.0000000000
63697  28.029  -6.240  42.714 0.0000000000
63680  27.706  -5.881  42.895 0.0000000000
63681  26.681  -6.221  42.812 0.0000000000
55657  23.346  -13.281  48.892 0.0000000000
56802  24.026  -12.362  49.140 0.0000000000
72061  41.659  0.215  41.446 0.0000000000
72076  41.384  0.585  41.115 0.0000000000
73331  42.785  0.636  41.975 0.0000000000
81765  36.729  8.678  38.650 0.0000000000
81754  36.390  8.934  39.557 0.0000000000
80618  35.981  8.184  38.989 0.0000000000
80619  35.235  7.459  38.428 0.0000000000
55660  20.042  -12.984  48.792 0.0000000000
55661  18.984  -12.418  49.433 0.0000000000
55662  18.494  -12.092  49.861 0.0000000000
57915  16.736  -9.913  52.967 0.0000000000
57937  16.342  -11.010  52.292 0.0000000000
56752  15.398  -11.254  53.303 0.0000000000
63589  22.204  -5.029  47.477 0.0000000000
60766  20.354  -7.602  48.617 0.0000000000
60787  20.910  -7.595  48.125 0.0000000000
60788  20.483  -8.443  48.128 0.0000000000
59358  20.477  -9.210  47.771 0.0000000000
56826  21.307  -11.291  47.052 0.0000000000
56810  20.660  -11.230  47.794 0.0000000000
70868  35.748  0.706  41.892 0.0000000000
69690  35.988  -0.367  40.377 0.0000000000
68505  37.249  -3.098  41.785 0.0000000000
68504  38.464  -2.948  41.499 0.0000000000
69676  40.077  -1.820  41.967 0.0000000000
69668  40.546  -2.209  42.434 0.0000000000
69659  41.379  -2.247  43.769 0.0000000000
89865  46.333  15.736  31.383 0.0000000000
91036  47.253  16.332  31.651 0.0000000000
89894  47.544  15.644  28.521 0.0000000000
87517  48.017  13.816  28.259 0.0000000000
86387  48.908  12.825  27.876 0.0000000000
86386  49.413  12.866  27.546 0.0000000000
86385  49.888  12.955  27.204 0.0000000000
79546  43.886  6.413  32.651 0.0000000000
78295  40.540  5.017  34.547 0.0000000000
77056  42.857  4.743  34.561 0.0000000000
60877  34.873  -9.023  42.868 0.0000000000
60876  35.569  -8.767  43.331 0.0000000000
60863  35.260  -9.357  43.504 0.0000000000
60846  36.396  -9.551  44.381 0.0000000000
85169  42.972  11.609  34.818 0.0000000000
86293  42.792  11.917  34.293 0.0000000000
86309  41.640  12.286  33.314 0.0000000000
86331  42.171  12.631  32.678 0.0000000000
85193  41.179  12.316  32.995 0.0000000000
53115  19.545  -14.946  51.910 0.0000000000
53100  19.982  -14.945  52.528 0.0000000000
53086  19.383  -15.393  53.351 0.0000000000
49234  13.558  -17.445  58.593 0.0000000000
50467  14.709  -17.910  59.522 0.0000000000
49223  13.807  -17.752  59.222 0.0000000000
49216  14.144  -18.582  59.982 0.0000000000
49204  13.424  -18.536  60.882 0.0000000000
49205  12.139  -18.416  61.064 0.0000000000
55506  12.380  -11.530  59.215 0.0000000000
54291  11.952  -12.125  59.017 0.0000000000
54279  10.578  -14.298  59.597 0.0000000000
51645  9.193  -15.573  61.577 0.0000000000
50438  9.533  -16.367  61.345 0.0000000000
49208  9.530  -16.718  61.853 0.0000000000
49185  9.299  -17.151  62.377 0.0000000000
49160  9.541  -17.946  62.939 0.0000000000
49161  8.526  -17.644  63.196 0.0000000000
50398  8.010  -17.017  63.712 0.0000000000
52867  7.522  -14.874  65.473 0.0000000000
51586  6.646  -15.688  67.057 0.0000000000
63707  32.107  -6.315  40.536 0.0000000000
62372  32.763  -7.089  40.435 0.0000000000
62361  32.132  -7.357  40.417 0.0000000000
59477  31.496  -9.124  40.925 0.0000000000
59438  29.439  -10.840  42.592 0.0000000000
58076  30.769  -11.954  44.997 0.0000000000
62322  23.520  -6.461  44.441 0.0000000000
62321  23.944  -6.895  43.878 0.0000000000
60825  25.421  -9.774  45.305 0.0000000000
59327  26.075  -11.631  48.777 0.0000000000
59339  26.651  -11.548  48.292 0.0000000000
59326  26.800  -11.588  49.120 0.0000000000
82995  46.837  9.465  31.091 0.0000000000
80587  33.398  6.952  41.592 0.0000000000
79392  33.603  7.014  40.619 0.0000000000
79406  33.807  6.874  39.564 0.0000000000
73383  36.316  1.127  40.409 0.0000000000
73384  35.805  1.387  40.725 0.0000000000
75838  38.781  3.232  40.140 0.0000000000
76966  37.762  3.456  39.488 0.0000000000
78183  37.306  3.578  39.042 0.0000000000
78184  36.574  3.727  38.940 0.0000000000
78202  38.472  4.458  38.923 0.0000000000
63656  37.833  -7.382  44.519 0.0000000000
64879  37.739  -6.430  44.238 0.0000000000
64856  38.451  -6.575  44.776 0.0000000000
66062  39.371  -6.137  45.644 0.0000000000
66061  39.827  -5.704  46.175 0.0000000000
95594  52.076  20.343  25.157 0.0000000000
93316  49.600  18.328  27.730 0.0000000000
92204  50.314  17.292  26.174 0.0000000000
92210  52.291  16.974  25.106 0.0000000000
93335  52.006  17.700  24.787 0.0000000000
59330  19.182  -9.401  49.377 0.0000000000
58001  19.029  -10.098  48.951 0.0000000000
59313  18.899  -9.349  49.912 0.0000000000
59291  18.452  -8.977  50.806 0.0000000000
62226  20.700  -6.758  48.971 0.0000000000
60767  19.792  -8.157  48.710 0.0000000000
59329  19.478  -9.180  48.922 0.0000000000
69679  35.059  -0.080  41.004 0.0000000000
68482  39.010  -3.910  43.234 0.0000000000
88642  45.144  14.798  31.642 0.0000000000
89876  45.809  15.300  30.870 0.0000000000
89885  46.599  15.271  29.775 0.0000000000
88673  46.826  14.047  28.727 0.0000000000
46856  7.842  -19.130  66.203 0.0000000000
84090  41.315  10.143  33.536 0.0000000000
82966  41.112  9.577  33.546 0.0000000000
82948  40.870  10.066  34.582 0.0000000000
81840  41.038  8.476  33.372 0.0000000000
80701  41.214  7.578  33.384 0.0000000000
80666  37.915  7.322  35.490 0.0000000000
78273  39.238  4.989  34.616 0.0000000000
78274  38.127  4.859  35.105 0.0000000000
77042  40.904  3.933  34.979 0.0000000000
75896  42.187  3.514  35.905 0.0000000000
75881  42.348  3.132  36.635 0.0000000000
75868  42.576  3.095  37.205 0.0000000000
75869  41.876  2.732  37.147 0.0000000000
58073  34.096  -10.918  45.163 0.0000000000
59375  35.087  -10.468  45.789 0.0000000000
59351  35.213  -10.676  46.660 0.0000000000
53088  16.862  -14.855  52.959 0.0000000000
53043  16.418  -15.964  54.759 0.0000000000
51692  13.699  -16.694  57.840 0.0000000000
50484  13.311  -17.067  58.145 0.0000000000
50468  12.764  -17.188  58.522 0.0000000000
54238  9.970  -13.305  62.368 0.0000000000
54239  9.168  -13.888  62.160 0.0000000000
52886  8.702  -14.384  62.711 0.0000000000
52897  8.489  -15.162  62.757 0.0000000000
54205  8.613  -13.632  65.041 0.0000000000
52866  7.911  -14.151  65.626 0.0000000000
52857  7.859  -14.175  66.560 0.0000000000
62351  28.246  -7.215  42.336 0.0000000000
59460  28.408  -9.490  42.033 0.0000000000
58052  23.090  -10.483  45.716 0.0000000000
58081  23.766  -10.198  45.468 0.0000000000
58051  24.116  -10.847  46.045 0.0000000000
58027  24.396  -11.473  47.082 0.0000000000
59328  25.386  -11.469  48.519 0.0000000000
57999  24.445  -11.880  48.910 0.0000000000
57998  24.915  -11.694  49.165 0.0000000000
59311  25.548  -11.646  49.224 0.0000000000
80720  47.382  7.347  32.188 0.0000000000
78136  33.268  5.136  42.109 0.0000000000
76950  33.268  4.555  41.259 0.0000000000
72091  39.440  0.586  39.582 0.0000000000
72104  38.649  0.723  39.389 0.0000000000
73381  39.927  1.427  39.774 0.0000000000
74600  40.257  2.331  40.249 0.0000000000
75837  39.732  3.273  40.388 0.0000000000
76964  39.927  3.557  40.430 0.0000000000
95592  50.717  20.245  26.595 0.0000000000
89916  50.077  15.372  26.812 0.0000000000
49094  5.009  -17.160  68.512 0.0000000000
80630  39.480  9.586  37.384 0.0000000000
80631  38.475  9.143  37.295 0.0000000000
80648  37.136  7.609  36.410 0.0000000000
79468  36.831  6.617  36.154 0.0000000000
79493  36.675  6.144  35.940 0.0000000000
79469  36.361  6.015  36.400 0.0000000000
53116  18.913  -14.880  51.417 0.0000000000
53117  18.080  -14.661  51.208 0.0000000000
54416  17.696  -14.407  51.802 0.0000000000
56789  18.418  -10.931  50.062 0.0000000000
56790  18.299  -11.476  50.213 0.0000000000
57960  17.258  -11.195  51.308 0.0000000000
55627  17.579  -12.636  51.187 0.0000000000
54437  16.990  -13.168  51.608 0.0000000000
54417  17.261  -13.869  52.025 0.0000000000
54390  16.822  -14.142  52.417 0.0000000000
54391  16.215  -13.863  52.728 0.0000000000
53090  15.413  -13.642  53.471 0.0000000000
55576  14.870  -12.711  53.433 0.0000000000
55548  13.150  -11.734  56.208 0.0000000000
64861  26.655  -3.912  44.612 0.0000000000
66084  25.884  -3.676  45.001 0.0000000000
64862  25.477  -4.313  44.711 0.0000000000
64887  24.081  -5.242  44.741 0.0000000000
66087  23.793  -4.275  46.006 0.0000000000
64864  23.834  -4.968  45.469 0.0000000000
63642  23.476  -5.777  44.830 0.0000000000
62300  22.902  -6.573  44.864 0.0000000000
60854  23.020  -7.807  45.012 0.0000000000
63608  22.191  -6.059  47.264 0.0000000000
62260  22.068  -6.793  46.681 0.0000000000
60827  22.146  -8.159  46.190 0.0000000000
56844  22.614  -11.284  46.205 0.0000000000
55695  22.265  -12.434  47.262 0.0000000000
55696  21.527  -12.193  47.262 0.0000000000
55676  22.842  -12.898  47.889 0.0000000000
74567  36.071  2.294  43.243 0.0000000000
74583  36.014  2.007  42.766 0.0000000000
70902  37.080  0.151  39.541 0.0000000000
70913  38.094  0.191  39.286 0.0000000000
68536  37.909  -1.976  40.104 0.0000000000
70900  38.353  -0.522  39.456 0.0000000000
70898  40.369  -0.330  40.443 0.0000000000
72062  41.166  -0.291  41.359 0.0000000000
69688  40.740  -1.454  41.564 0.0000000000
70866  41.402  -0.897  41.802 0.0000000000
70865  41.988  -0.477  41.884 0.0000000000
89893  48.176  15.283  27.893 0.0000000000
89904  49.571  15.259  27.025 0.0000000000
84126  44.836  11.478  30.551 0.0000000000
84125  45.479  11.054  30.501 0.0000000000
81855  45.722  8.059  31.832 0.0000000000
84103  42.089  10.220  32.866 0.0000000000
81842  39.846  8.530  34.021 0.0000000000
80702  40.487  7.873  33.565 0.0000000000
79532  41.453  6.773  33.584 0.0000000000
78305  43.937  5.585  33.670 0.0000000000
78291  44.446  5.147  34.245 0.0000000000
64906  34.901  -6.093  41.528 0.0000000000
64905  35.788  -6.176  41.965 0.0000000000
63691  36.063  -6.747  42.184 0.0000000000
63673  36.474  -7.319  42.648 0.0000000000
62312  36.221  -8.263  43.300 0.0000000000
87491  43.767  13.127  31.683 0.0000000000
86330  42.738  12.844  32.191 0.0000000000
86343  44.107  12.522  31.466 0.0000000000
54389  21.185  -14.711  53.473 0.0000000000
56706  14.021  -11.129  56.391 0.0000000000
55549  12.800  -12.360  56.883 0.0000000000
54307  12.699  -13.214  57.027 0.0000000000
52965  11.761  -14.386  57.983 0.0000000000
51672  11.676  -16.139  58.781 0.0000000000
50470  11.613  -16.461  59.193 0.0000000000
54261  10.340  -13.954  60.103 0.0000000000
52921  10.376  -14.752  59.796 0.0000000000
51656  10.822  -16.114  59.733 0.0000000000
50453  11.318  -16.581  59.911 0.0000000000
49182  11.900  -18.605  61.841 0.0000000000
49183  11.294  -18.378  61.805 0.0000000000
47966  9.466  -18.638  63.937 0.0000000000
46871  8.069  -18.999  65.472 0.0000000000
50411  7.844  -16.414  63.668 0.0000000000
49128  7.791  -18.056  64.910 0.0000000000
47955  7.620  -18.302  65.234 0.0000000000
47942  7.760  -18.715  65.525 0.0000000000
49102  5.293  -17.294  68.254 0.0000000000
52846  7.708  -14.145  67.614 0.0000000000
51576  6.431  -15.306  67.692 0.0000000000
51565  6.092  -15.138  68.279 0.0000000000
50365  5.486  -16.439  67.952 0.0000000000
72064  36.478  1.758  43.655 0.0000000000
67352  32.700  -4.123  41.061 0.0000000000
66140  33.523  -4.960  41.099 0.0000000000
62346  34.270  -7.906  41.758 0.0000000000
62360  33.199  -7.602  40.763 0.0000000000
62347  33.631  -8.103  41.303 0.0000000000
60888  34.512  -8.716  42.087 0.0000000000
60878  34.277  -9.397  42.211 0.0000000000
59434  34.188  -10.093  42.767 0.0000000000
60906  30.232  -8.168  41.353 0.0000000000
59478  30.931  -9.148  41.124 0.0000000000
58131  30.424  -10.577  42.464 0.0000000000
59437  31.305  -10.232  42.069 0.0000000000
59436  32.156  -10.432  42.310 0.0000000000
59421  32.653  -10.744  42.950 0.0000000000
59420  33.401  -10.681  43.377 0.0000000000
59405  33.767  -11.004  44.017 0.0000000000
63682  26.016  -6.341  42.961 0.0000000000
62336  25.939  -7.147  42.893 0.0000000000
62320  25.048  -7.202  43.505 0.0000000000
62319  25.620  -7.975  43.404 0.0000000000
58079  27.323  -11.624  44.805 0.0000000000
59381  24.807  -10.287  45.602 0.0000000000
60824  26.052  -10.005  45.640 0.0000000000
59354  26.569  -11.149  47.441 0.0000000000
59379  26.392  -10.713  46.324 0.0000000000
59407  26.967  -11.519  45.555 0.0000000000
58078  28.044  -12.128  45.301 0.0000000000
58048  29.166  -12.120  46.307 0.0000000000
83005  47.539  9.792  30.619 0.0000000000
80607  35.045  8.034  39.428 0.0000000000
79420  34.042  6.648  38.773 0.0000000000
80620  34.561  6.887  38.451 0.0000000000
79435  34.901  6.641  37.911 0.0000000000
79452  35.221  6.081  37.247 0.0000000000
77029  36.032  4.623  36.901 0.0000000000
75823  34.587  2.515  42.295 0.0000000000
74604  35.229  1.634  40.983 0.0000000000
74586  34.501  2.351  41.498 0.0000000000
75824  33.944  2.742  41.738 0.0000000000
75843  33.610  3.840  40.670 0.0000000000
73399  38.298  1.345  39.393 0.0000000000
74620  36.976  1.956  39.565 0.0000000000
75849  37.203  2.600  39.519 0.0000000000
75850  36.361  2.601  39.415 0.0000000000
75851  35.171  2.673  39.638 0.0000000000
75852  34.581  3.408  39.684 0.0000000000
78228  35.489  4.609  38.071 0.0000000000
78205  35.960  4.169  38.782 0.0000000000
76994  36.001  4.498  37.559 0.0000000000
77012  36.277  4.362  37.094 0.0000000000
77011  36.995  3.923  36.909 0.0000000000
76989  40.659  3.352  38.452 0.0000000000
66117  36.344  -5.542  41.969 0.0000000000
66116  36.858  -5.605  42.490 0.0000000000
67314  37.198  -5.214  42.623 0.0000000000
67313  37.544  -4.849  42.956 0.0000000000
67312  38.587  -4.428  43.316 0.0000000000
67311  39.222  -4.141  43.514 0.0000000000
66045  41.040  -5.404  46.767 0.0000000000
66060  40.344  -4.875  45.869 0.0000000000
67290  40.312  -4.371  45.190 0.0000000000
68465  40.235  -3.778  44.309 0.0000000000
68479  41.456  -2.771  44.343 0.0000000000
91085  50.584  16.243  26.138 0.0000000000
95595  51.321  20.319  25.692 0.0000000000
94444  52.152  19.322  24.468 0.0000000000
46844  6.672  -18.683  67.134 0.0000000000
48000  11.668  -18.742  62.322 0.0000000000
49103  5.067  -17.421  68.458 0.0000000000
49235  13.162  -17.416  58.467 0.0000000000
50344  4.811  -17.046  68.578 0.0000000000
53131  18.647  -14.472  50.784 0.0000000000
54365  15.001  -13.187  53.546 0.0000000000
54366  15.001  -12.922  53.414 0.0000000000
54392  15.528  -13.278  53.082 0.0000000000
54450  23.167  -13.533  49.631 0.0000000000
54473  19.044  -13.165  49.738 0.0000000000
55472  10.145  -13.229  61.861 0.0000000000
55589  15.636  -12.167  52.739 0.0000000000
55591  15.059  -12.711  53.296 0.0000000000
55609  15.627  -12.827  52.769 0.0000000000
55644  23.331  -13.491  50.318 0.0000000000
56669  12.614  -11.035  59.033 0.0000000000
56761  16.616  -11.302  51.783 0.0000000000
56776  16.544  -11.940  51.710 0.0000000000
56801  24.528  -11.971  49.379 0.0000000000
56803  18.567  -11.237  49.396 0.0000000000
56845  21.811  -11.076  46.390 0.0000000000
58012  24.192  -12.018  48.479 0.0000000000
58013  20.799  -10.569  47.579 0.0000000000
58043  34.815  -10.919  46.335 0.0000000000
58050  27.563  -12.288  47.052 0.0000000000
58080  24.233  -10.312  45.551 0.0000000000
58094  33.186  -10.751  44.060 0.0000000000
58130  30.680  -10.330  42.160 0.0000000000
59357  20.863  -9.504  47.302 0.0000000000
59376  34.600  -10.761  45.275 0.0000000000
59377  27.543  -12.226  46.717 0.0000000000
59384  21.285  -9.399  46.910 0.0000000000
59417  35.753  -9.807  44.468 0.0000000000
60786  21.190  -7.160  47.961 0.0000000000
60806  20.611  -8.768  47.744 0.0000000000
60861  36.938  -9.286  43.909 0.0000000000
60869  23.286  -7.120  44.378 0.0000000000
60907  29.818  -9.039  41.422 0.0000000000
62289  37.953  -8.535  44.662 0.0000000000
62299  24.230  -7.820  43.928 0.0000000000
62311  36.911  -8.392  43.696 0.0000000000
62334  28.768  -5.803  42.841 0.0000000000
62373  32.479  -6.842  40.408 0.0000000000
63674  35.631  -7.675  42.462 0.0000000000
63679  28.416  -5.829  42.890 0.0000000000
63693  30.340  -5.039  42.957 0.0000000000
63696  28.270  -6.463  42.578 0.0000000000
63717  32.772  -6.819  40.409 0.0000000000
64855  39.044  -6.616  45.398 0.0000000000
64897  27.164  -5.698  42.982 0.0000000000
64898  26.843  -5.558  43.090 0.0000000000
66066  24.001  -3.680  46.107 0.0000000000
66078  40.163  -4.709  45.474 0.0000000000
66086  24.391  -4.008  45.671 0.0000000000
66143  31.344  -4.513  42.265 0.0000000000
67274  25.184  -3.212  46.153 0.0000000000
67296  24.480  -3.455  45.993 0.0000000000
67351  33.209  -4.460  40.977 0.0000000000
68523  34.221  -2.438  40.660 0.0000000000
68534  39.080  -1.633  40.197 0.0000000000
70914  37.477  0.336  39.402 0.0000000000
70915  37.226  0.328  39.477 0.0000000000
72093  36.908  0.268  39.615 0.0000000000
72107  37.036  0.480  39.510 0.0000000000
75820  39.558  3.578  40.408 0.0000000000
75867  42.889  3.188  37.206 0.0000000000
76947  39.813  3.770  40.389 0.0000000000
76963  40.219  3.578  40.540 0.0000000000
76969  33.859  3.776  39.947 0.0000000000
78253  37.756  4.390  35.292 0.0000000000
79437  33.873  6.197  38.576 0.0000000000
79509  42.375  5.851  33.777 0.0000000000
82906  40.082  9.666  36.680 0.0000000000
85194  41.561  12.498  32.793 0.0000000000
85195  41.679  12.565  32.629 0.0000000000
85208  42.084  12.222  32.409 0.0000000000
85209  41.907  12.582  32.597 0.0000000000
85210  41.730  12.857  32.753 0.0000000000
85219  48.525  10.760  30.499 0.0000000000
85240  47.065  11.457  29.443 0.0000000000
86317  41.837  12.586  33.030 0.0000000000
86318  41.896  12.570  32.711 0.0000000000
86319  41.586  12.797  32.763 0.0000000000
86332  41.800  12.665  32.771 0.0000000000
86333  41.466  13.035  32.812 0.0000000000
87490  44.237  12.876  31.475 0.0000000000
87500  44.303  13.110  31.419 0.0000000000
88635  44.120  14.159  31.949 0.0000000000
