#!ascii label  , from subject 3182 vox2ras=TkReg
330
23179  50.319  -41.454  12.602 0.0000000000
18853  41.186  -45.416  1.222 0.0000000000
21065  50.417  -43.878  6.111 0.0000000000
21071  44.756  -43.428  6.391 0.0000000000
20069  46.426  -44.800  -1.125 0.0000000000
21136  48.983  -43.243  2.558 0.0000000000
17706  46.518  -45.748  -0.332 0.0000000000
23310  43.322  -41.750  3.865 0.0000000000
24333  42.494  -40.887  8.404 0.0000000000
19890  49.347  -44.298  9.944 0.0000000000
21068  47.626  -43.922  6.734 0.0000000000
22198  45.614  -42.446  3.554 0.0000000000
20072  43.989  -45.054  -0.167 0.0000000000
16663  44.533  -47.949  -3.257 0.0000000000
25280  51.722  -39.487  14.276 0.0000000000
19834  50.675  -43.916  12.755 0.0000000000
18707  49.933  -45.699  9.749 0.0000000000
24319  45.451  -40.490  9.883 0.0000000000
18847  47.768  -45.176  1.084 0.0000000000
20020  41.986  -44.235  2.131 0.0000000000
23311  42.205  -41.719  3.981 0.0000000000
19931  49.851  -43.843  8.667 0.0000000000
21067  48.857  -43.534  6.719 0.0000000000
21166  47.688  -43.717  0.450 0.0000000000
22218  47.490  -42.978  2.996 0.0000000000
21167  46.711  -43.809  0.163 0.0000000000
21158  44.879  -43.734  1.238 0.0000000000
20070  45.643  -44.920  -0.977 0.0000000000
15654  43.547  -48.041  -3.009 0.0000000000
18629  50.085  -44.809  13.107 0.0000000000
18655  50.201  -45.130  11.475 0.0000000000
18656  49.621  -45.925  11.681 0.0000000000
21023  45.607  -43.544  9.131 0.0000000000
22103  44.453  -42.150  9.584 0.0000000000
25409  41.703  -39.333  8.071 0.0000000000
26454  43.856  -38.611  8.466 0.0000000000
19990  50.218  -44.384  4.490 0.0000000000
22173  49.432  -43.285  4.325 0.0000000000
20018  49.432  -44.140  2.431 0.0000000000
20052  48.192  -44.406  0.382 0.0000000000
18892  47.420  -45.358  -0.779 0.0000000000
22179  43.741  -42.466  4.983 0.0000000000
22147  43.141  -42.585  7.327 0.0000000000
23271  42.211  -41.892  6.106 0.0000000000
23261  40.890  -41.268  6.557 0.0000000000
17712  40.297  -46.432  0.309 0.0000000000
22083  49.765  -42.798  11.851 0.0000000000
21035  47.400  -44.142  8.660 0.0000000000
21051  46.194  -44.040  7.348 0.0000000000
22175  48.183  -43.055  4.335 0.0000000000
22176  47.112  -42.921  4.465 0.0000000000
22165  45.416  -42.929  5.124 0.0000000000
22199  44.772  -42.327  3.353 0.0000000000
21159  43.785  -43.990  1.209 0.0000000000
20057  42.927  -45.090  0.893 0.0000000000
17767  45.618  -46.782  -2.619 0.0000000000
18916  44.282  -46.180  -1.485 0.0000000000
17729  43.226  -46.328  -1.013 0.0000000000
17730  42.056  -46.647  -0.716 0.0000000000
26337  52.569  -38.910  13.350 0.0000000000
24231  51.935  -40.497  13.352 0.0000000000
23123  51.579  -41.588  14.573 0.0000000000
20935  51.266  -42.617  13.102 0.0000000000
20995  50.184  -43.954  11.468 0.0000000000
19888  50.204  -44.435  10.556 0.0000000000
19930  50.658  -44.558  8.611 0.0000000000
17585  49.593  -45.783  8.434 0.0000000000
19958  50.061  -44.852  6.145 0.0000000000
24321  43.805  -40.727  9.369 0.0000000000
24265  50.511  -40.571  12.392 0.0000000000
24266  49.854  -40.930  12.293 0.0000000000
20039  41.599  -44.779  1.661 0.0000000000
21143  41.697  -43.722  2.674 0.0000000000
21047  50.339  -43.974  7.371 0.0000000000
21048  49.649  -43.866  7.674 0.0000000000
21066  49.805  -43.663  6.480 0.0000000000
21179  47.486  -44.240  -0.331 0.0000000000
21156  47.005  -43.379  1.158 0.0000000000
20053  46.080  -44.358  -0.431 0.0000000000
20091  46.038  -45.106  -1.551 0.0000000000
14720  42.770  -49.455  -3.667 0.0000000000
18641  49.714  -45.365  12.454 0.0000000000
21037  45.243  -43.793  8.200 0.0000000000
22102  45.093  -42.655  9.662 0.0000000000
22132  44.601  -43.326  8.262 0.0000000000
26478  42.929  -38.429  8.128 0.0000000000
20002  50.166  -44.062  3.551 0.0000000000
18809  49.252  -44.849  3.099 0.0000000000
18870  47.095  -45.374  0.383 0.0000000000
18846  48.181  -44.747  0.764 0.0000000000
18869  47.759  -45.222  0.086 0.0000000000
18868  48.021  -44.912  -0.183 0.0000000000
18893  47.187  -45.503  -0.388 0.0000000000
23288  43.958  -41.873  4.342 0.0000000000
22180  43.223  -42.392  5.316 0.0000000000
23289  42.652  -41.930  4.879 0.0000000000
23272  41.277  -41.517  5.690 0.0000000000
24353  40.934  -41.263  5.200 0.0000000000
24343  40.388  -40.645  6.454 0.0000000000
20970  49.388  -43.370  11.400 0.0000000000
20971  48.595  -43.304  11.268 0.0000000000
20997  49.090  -43.927  10.628 0.0000000000
19948  46.877  -44.223  7.258 0.0000000000
19959  47.046  -44.291  6.899 0.0000000000
22194  49.466  -43.151  3.757 0.0000000000
22174  48.962  -43.174  4.317 0.0000000000
22195  48.704  -42.895  3.707 0.0000000000
22219  46.462  -42.867  2.879 0.0000000000
22197  46.728  -42.598  3.651 0.0000000000
22164  46.275  -43.092  4.950 0.0000000000
22177  45.746  -42.505  4.308 0.0000000000
23287  44.863  -41.939  4.149 0.0000000000
22220  45.449  -42.777  2.755 0.0000000000
21169  44.650  -44.222  0.598 0.0000000000
21141  44.111  -43.300  1.998 0.0000000000
20037  43.235  -44.525  1.204 0.0000000000
18873  43.288  -45.336  0.042 0.0000000000
12714  44.105  -50.841  -2.246 0.0000000000
14735  45.024  -49.063  -4.092 0.0000000000
14718  44.677  -49.576  -3.381 0.0000000000
16662  45.131  -47.968  -3.239 0.0000000000
16644  45.011  -47.414  -2.780 0.0000000000
18934  45.072  -46.359  -2.232 0.0000000000
17769  44.341  -46.908  -2.138 0.0000000000
16646  43.004  -47.831  -2.244 0.0000000000
16628  43.373  -47.267  -1.697 0.0000000000
16629  42.185  -47.271  -1.390 0.0000000000
16610  41.873  -47.046  -0.950 0.0000000000
26338  51.834  -38.909  13.788 0.0000000000
26315  52.317  -39.377  13.983 0.0000000000
25279  52.389  -39.547  13.617 0.0000000000
25257  52.389  -39.932  14.093 0.0000000000
20916  50.951  -43.390  13.478 0.0000000000
22005  51.225  -42.497  14.356 0.0000000000
20882  51.363  -42.952  13.947 0.0000000000
22055  51.321  -42.079  13.412 0.0000000000
20936  50.963  -43.107  12.855 0.0000000000
20968  50.502  -43.612  12.167 0.0000000000
18679  50.375  -45.093  10.182 0.0000000000
19911  50.603  -44.400  9.294 0.0000000000
18706  50.563  -45.111  9.221 0.0000000000
18766  48.017  -46.175  7.302 0.0000000000
18765  49.053  -45.923  7.447 0.0000000000
18781  49.791  -45.288  6.828 0.0000000000
22134  42.761  -42.382  8.034 0.0000000000
23246  43.178  -41.743  8.690 0.0000000000
24332  43.208  -40.682  8.803 0.0000000000
25397  44.703  -39.249  9.008 0.0000000000
21121  42.750  -43.030  2.902 0.0000000000
19913  49.657  -44.175  9.380 0.0000000000
19932  49.176  -44.252  8.911 0.0000000000
19945  49.264  -44.199  8.301 0.0000000000
21155  47.923  -43.548  1.416 0.0000000000
21137  48.171  -43.332  2.351 0.0000000000
21139  46.214  -43.320  2.066 0.0000000000
21140  45.180  -43.245  1.993 0.0000000000
21157  45.953  -43.577  1.158 0.0000000000
20054  45.161  -44.454  -0.185 0.0000000000
20071  44.734  -45.049  -0.564 0.0000000000
16664  44.031  -47.991  -3.165 0.0000000000
15675  43.251  -49.017  -3.630 0.0000000000
15655  42.764  -48.561  -3.100 0.0000000000
18628  50.274  -44.606  13.123 0.0000000000
18640  50.272  -44.649  12.646 0.0000000000
18680  49.741  -45.802  10.767 0.0000000000
23214  45.291  -41.967  10.284 0.0000000000
24309  44.892  -41.468  10.227 0.0000000000
25400  41.873  -40.469  8.252 0.0000000000
26455  43.007  -39.117  8.360 0.0000000000
27602  43.995  -37.964  8.376 0.0000000000
21086  49.959  -43.518  5.432 0.0000000000
21104  50.237  -43.815  4.097 0.0000000000
21120  49.999  -43.525  3.650 0.0000000000
21153  49.209  -43.694  2.342 0.0000000000
20036  48.756  -44.237  1.490 0.0000000000
21154  48.734  -43.680  1.802 0.0000000000
21165  48.326  -43.903  0.840 0.0000000000
20067  47.846  -44.714  -0.418 0.0000000000
22166  44.494  -42.907  5.545 0.0000000000
22146  43.695  -42.920  7.119 0.0000000000
22158  43.375  -42.604  6.513 0.0000000000
22159  42.719  -42.279  6.688 0.0000000000
23259  42.089  -41.967  6.980 0.0000000000
23260  41.520  -41.606  6.641 0.0000000000
23252  41.648  -41.442  7.459 0.0000000000
24340  40.870  -40.820  7.296 0.0000000000
25410  41.201  -39.856  7.856 0.0000000000
18876  40.771  -45.961  0.766 0.0000000000
22057  50.040  -42.245  12.341 0.0000000000
23180  49.329  -41.516  12.199 0.0000000000
22084  48.896  -42.617  11.710 0.0000000000
21052  45.059  -43.797  7.225 0.0000000000
21088  48.237  -43.449  5.766 0.0000000000
22196  47.805  -42.765  3.703 0.0000000000
21089  47.119  -43.529  5.512 0.0000000000
21090  46.038  -43.508  5.643 0.0000000000
21091  45.257  -43.328  5.785 0.0000000000
22178  44.697  -42.418  4.687 0.0000000000
23309  44.320  -41.811  3.787 0.0000000000
22200  43.881  -42.229  3.279 0.0000000000
22221  44.481  -42.745  2.685 0.0000000000
22222  43.537  -42.850  2.735 0.0000000000
21142  42.896  -43.627  2.324 0.0000000000
20038  42.548  -44.542  1.574 0.0000000000
18852  42.079  -45.292  1.127 0.0000000000
17745  46.716  -46.464  -1.732 0.0000000000
13677  44.261  -50.282  -2.937 0.0000000000
17766  46.264  -46.674  -2.392 0.0000000000
18894  45.702  -45.247  -1.525 0.0000000000
18895  45.145  -45.434  -1.347 0.0000000000
18896  44.000  -45.814  -0.958 0.0000000000
16627  43.844  -47.129  -1.882 0.0000000000
17728  43.724  -46.222  -1.216 0.0000000000
18897  42.815  -45.933  -0.390 0.0000000000
18898  42.065  -46.130  0.065 0.0000000000
18875  41.608  -45.756  0.582 0.0000000000
17731  40.846  -46.879  -0.300 0.0000000000
26356  52.737  -38.347  12.352 0.0000000000
26357  52.187  -38.382  12.832 0.0000000000
25310  52.819  -39.103  12.993 0.0000000000
24263  52.262  -39.755  13.223 0.0000000000
23178  51.202  -41.133  13.102 0.0000000000
23096  51.151  -41.930  15.187 0.0000000000
23122  51.822  -40.915  14.379 0.0000000000
23154  51.685  -41.217  13.845 0.0000000000
22056  50.881  -42.272  12.819 0.0000000000
22082  50.439  -42.935  12.265 0.0000000000
20969  50.071  -43.429  11.684 0.0000000000
20996  49.856  -43.893  10.968 0.0000000000
19861  50.339  -44.277  11.861 0.0000000000
19889  49.795  -44.332  10.105 0.0000000000
19912  50.315  -43.972  9.284 0.0000000000
21033  50.380  -43.875  8.375 0.0000000000
18763  50.298  -45.006  8.216 0.0000000000
18780  50.174  -44.946  7.505 0.0000000000
19957  50.324  -44.512  6.763 0.0000000000
23245  43.854  -42.156  8.816 0.0000000000
23232  44.005  -41.632  9.374 0.0000000000
25381  44.668  -40.084  9.460 0.0000000000
25398  43.656  -39.779  9.065 0.0000000000
14717  45.095  -49.086  -3.710 0.0000000000
14736  44.615  -49.424  -4.069 0.0000000000
15672  45.117  -48.494  -3.242 0.0000000000
15673  44.802  -48.500  -3.612 0.0000000000
15686  45.084  -48.823  -3.894 0.0000000000
15687  44.728  -48.918  -4.074 0.0000000000
16645  44.065  -47.384  -2.434 0.0000000000
17506  49.068  -46.554  11.234 0.0000000000
17711  41.280  -46.344  0.156 0.0000000000
17744  47.131  -45.838  -1.382 0.0000000000
17747  44.582  -46.493  -1.954 0.0000000000
17748  44.004  -46.613  -1.670 0.0000000000
17749  42.844  -46.828  -1.238 0.0000000000
17750  42.326  -46.883  -1.109 0.0000000000
17768  44.803  -46.669  -2.325 0.0000000000
18736  50.512  -45.104  8.688 0.0000000000
18764  49.743  -45.519  7.928 0.0000000000
18874  42.456  -45.603  0.388 0.0000000000
18891  47.917  -44.998  -0.555 0.0000000000
18912  47.024  -45.648  -1.495 0.0000000000
18914  45.798  -45.572  -2.036 0.0000000000
18915  44.841  -46.173  -1.812 0.0000000000
18932  46.011  -46.193  -2.468 0.0000000000
18933  45.426  -46.273  -2.330 0.0000000000
19944  50.414  -44.412  7.820 0.0000000000
19960  46.674  -44.223  7.001 0.0000000000
20003  49.839  -44.278  3.105 0.0000000000
20017  49.997  -43.937  2.988 0.0000000000
20035  49.149  -43.907  1.944 0.0000000000
20055  44.356  -44.582  0.122 0.0000000000
20056  43.663  -44.687  0.563 0.0000000000
20090  46.512  -45.255  -1.658 0.0000000000
20915  51.349  -42.782  13.447 0.0000000000
21018  50.832  -44.161  8.739 0.0000000000
21019  50.712  -43.964  8.789 0.0000000000
21032  50.665  -44.063  8.318 0.0000000000
21038  44.578  -43.475  7.831 0.0000000000
21053  44.278  -43.323  7.191 0.0000000000
21069  46.620  -43.996  6.471 0.0000000000
21070  45.641  -43.744  6.440 0.0000000000
21085  50.473  -43.799  5.013 0.0000000000
21105  49.908  -43.462  4.432 0.0000000000
21106  49.346  -43.405  4.850 0.0000000000
21108  47.860  -43.316  4.970 0.0000000000
21119  50.155  -43.796  3.605 0.0000000000
21134  50.082  -43.756  3.299 0.0000000000
21135  49.654  -43.481  2.958 0.0000000000
21138  47.224  -43.352  2.182 0.0000000000
21160  43.130  -44.190  1.607 0.0000000000
21168  45.594  -44.035  0.422 0.0000000000
21170  44.102  -44.365  0.633 0.0000000000
21178  48.028  -44.136  0.083 0.0000000000
21180  46.823  -44.429  -0.600 0.0000000000
21981  51.172  -42.291  14.809 0.0000000000
22036  51.446  -42.207  13.940 0.0000000000
22058  49.373  -42.315  12.128 0.0000000000
22120  44.786  -43.096  8.760 0.0000000000
22121  44.345  -42.414  9.054 0.0000000000
22133  43.818  -42.893  8.195 0.0000000000
22135  42.395  -42.100  7.819 0.0000000000
22148  42.534  -42.240  7.410 0.0000000000
22157  44.020  -42.995  6.394 0.0000000000
22167  43.631  -42.642  5.743 0.0000000000
22168  42.933  -42.357  5.843 0.0000000000
22201  42.851  -42.457  3.310 0.0000000000
22216  49.176  -42.895  3.127 0.0000000000
22217  48.439  -42.930  3.054 0.0000000000
22223  43.008  -42.957  2.813 0.0000000000
23153  51.991  -40.915  14.176 0.0000000000
23215  44.563  -41.842  10.051 0.0000000000
23233  43.585  -41.185  9.023 0.0000000000
23247  42.245  -41.646  8.094 0.0000000000
23248  41.807  -41.237  7.971 0.0000000000
23251  42.160  -41.911  7.571 0.0000000000
23253  41.181  -41.335  7.021 0.0000000000
23273  40.686  -41.148  6.068 0.0000000000
23286  45.282  -42.146  3.967 0.0000000000
23290  41.385  -41.456  4.717 0.0000000000
23308  44.968  -42.041  3.802 0.0000000000
24186  50.979  -41.337  15.336 0.0000000000
24205  52.108  -40.465  14.298 0.0000000000
24230  52.297  -40.373  13.839 0.0000000000
24320  44.478  -40.909  10.014 0.0000000000
24334  41.969  -41.004  8.184 0.0000000000
24339  41.516  -40.804  7.908 0.0000000000
25258  52.025  -39.888  14.395 0.0000000000
25382  44.151  -40.368  9.470 0.0000000000
25399  42.348  -39.842  8.492 0.0000000000
26316  52.043  -39.361  14.172 0.0000000000
26479  42.127  -38.790  8.023 0.0000000000
