#!ascii label  , from subject 3544 vox2ras=TkReg
993
108406  39.340  15.503  46.044 0.0000000000
104898  43.357  11.410  40.391 0.0000000000
109361  41.861  16.428  26.257 0.0000000000
103030  49.137  9.934  30.145 0.0000000000
102855  41.405  9.528  45.746 0.0000000000
110131  44.095  17.548  31.657 0.0000000000
102937  46.111  9.217  36.003 0.0000000000
108510  38.405  14.619  28.978 0.0000000000
108456  39.740  15.455  36.696 0.0000000000
106742  41.986  13.299  45.981 0.0000000000
104842  47.281  11.584  45.084 0.0000000000
111701  41.179  19.491  23.979 0.0000000000
105959  41.519  11.789  25.703 0.0000000000
105917  40.111  12.335  32.459 0.0000000000
103050  43.076  8.970  29.037 0.0000000000
110914  37.426  18.550  28.057 0.0000000000
108429  40.889  15.144  44.018 0.0000000000
107560  41.514  15.135  47.712 0.0000000000
103855  43.665  10.297  45.692 0.0000000000
110938  43.672  18.726  25.776 0.0000000000
112503  44.352  20.390  23.562 0.0000000000
110199  42.396  17.337  23.932 0.0000000000
108552  41.142  15.437  24.067 0.0000000000
107712  42.578  14.252  24.982 0.0000000000
105877  39.591  12.383  39.120 0.0000000000
107646  39.121  14.062  34.928 0.0000000000
103950  40.617  10.613  36.707 0.0000000000
102988  48.121  9.985  32.642 0.0000000000
103006  44.988  9.769  32.037 0.0000000000
103034  46.336  9.593  29.619 0.0000000000
102089  44.202  8.022  27.856 0.0000000000
101132  46.192  7.765  29.251 0.0000000000
101086  44.991  7.152  32.849 0.0000000000
105798  38.115  12.667  45.138 0.0000000000
105776  40.252  12.843  47.036 0.0000000000
110884  41.964  18.081  29.148 0.0000000000
105853  47.941  12.617  41.799 0.0000000000
103920  45.215  10.465  38.408 0.0000000000
104923  49.013  11.291  38.608 0.0000000000
103961  49.841  10.088  34.773 0.0000000000
110074  43.280  17.295  36.152 0.0000000000
109260  41.817  16.480  39.952 0.0000000000
106795  39.438  13.537  41.163 0.0000000000
104860  42.410  11.646  42.871 0.0000000000
104785  42.803  12.639  48.483 0.0000000000
106706  45.835  14.080  48.130 0.0000000000
106778  47.554  13.960  45.169 0.0000000000
104856  50.147  12.337  44.153 0.0000000000
106766  35.149  13.414  44.034 0.0000000000
112468  42.299  20.970  26.270 0.0000000000
112471  39.267  20.092  26.139 0.0000000000
110188  39.482  17.303  25.836 0.0000000000
107698  39.661  13.988  27.396 0.0000000000
104039  40.204  10.323  28.278 0.0000000000
109309  41.592  16.340  33.798 0.0000000000
109327  40.881  16.743  31.673 0.0000000000
107683  40.743  14.471  29.527 0.0000000000
102975  42.644  9.588  34.610 0.0000000000
104986  41.220  11.307  30.217 0.0000000000
105953  42.164  12.852  27.375 0.0000000000
104049  42.720  10.289  26.028 0.0000000000
101153  41.455  8.114  27.515 0.0000000000
110899  36.338  18.911  29.412 0.0000000000
111655  36.978  19.928  28.320 0.0000000000
109204  40.960  16.647  46.420 0.0000000000
108396  40.278  15.525  46.875 0.0000000000
110926  42.187  17.862  26.311 0.0000000000
110949  43.571  18.752  24.694 0.0000000000
110193  42.281  17.195  24.976 0.0000000000
109375  42.356  16.256  24.251 0.0000000000
108542  42.443  15.030  25.494 0.0000000000
104915  41.745  11.289  39.583 0.0000000000
104939  39.986  11.562  37.802 0.0000000000
104930  42.117  11.005  38.878 0.0000000000
103996  48.451  10.478  30.935 0.0000000000
103019  47.318  10.257  30.673 0.0000000000
104021  47.969  9.985  29.908 0.0000000000
102071  46.461  8.617  28.954 0.0000000000
102062  47.888  8.935  29.782 0.0000000000
101113  46.770  7.851  30.725 0.0000000000
102042  48.851  8.566  31.308 0.0000000000
103860  38.111  11.123  45.099 0.0000000000
110896  43.765  18.583  28.884 0.0000000000
110148  42.779  18.066  30.589 0.0000000000
105852  49.512  13.155  42.035 0.0000000000
104893  47.868  11.765  40.148 0.0000000000
105872  49.880  12.200  40.020 0.0000000000
103929  50.573  10.866  37.124 0.0000000000
103972  51.533  10.127  34.630 0.0000000000
103974  50.170  10.339  33.557 0.0000000000
106744  40.778  14.152  44.849 0.0000000000
107604  40.330  14.605  42.361 0.0000000000
105830  40.393  12.856  43.583 0.0000000000
104878  40.439  12.197  42.675 0.0000000000
105810  42.261  12.083  44.287 0.0000000000
103843  40.429  11.136  46.419 0.0000000000
104801  41.008  12.323  47.487 0.0000000000
103841  41.955  10.862  46.979 0.0000000000
103866  45.698  11.113  45.046 0.0000000000
104814  44.857  11.612  46.947 0.0000000000
104812  46.616  12.256  46.554 0.0000000000
106739  46.592  14.188  46.602 0.0000000000
105768  48.130  13.316  46.289 0.0000000000
106736  49.022  13.474  45.571 0.0000000000
104858  48.564  11.644  44.420 0.0000000000
103907  49.256  10.304  41.198 0.0000000000
112505  42.722  20.119  23.665 0.0000000000
113347  43.240  21.182  24.873 0.0000000000
112495  42.241  20.583  24.433 0.0000000000
112470  40.239  20.490  26.154 0.0000000000
112484  40.179  19.954  25.272 0.0000000000
110952  38.999  19.280  25.757 0.0000000000
110201  40.055  18.207  24.762 0.0000000000
107714  41.089  14.215  25.183 0.0000000000
108534  40.617  14.607  25.490 0.0000000000
105961  40.432  12.657  26.670 0.0000000000
105947  39.293  12.176  27.990 0.0000000000
105010  40.722  10.967  26.887 0.0000000000
109272  41.862  16.909  36.647 0.0000000000
109280  43.032  17.087  35.301 0.0000000000
108464  40.584  15.775  35.330 0.0000000000
106837  39.266  13.639  33.329 0.0000000000
108490  39.760  15.272  32.979 0.0000000000
107667  39.736  14.411  31.800 0.0000000000
108502  40.255  15.426  30.523 0.0000000000
106860  40.189  13.725  30.971 0.0000000000
102924  45.817  9.510  36.894 0.0000000000
102940  43.195  9.492  36.329 0.0000000000
102956  44.312  9.299  35.255 0.0000000000
103037  43.161  9.347  30.427 0.0000000000
103023  43.024  9.523  31.500 0.0000000000
104031  41.695  10.387  29.665 0.0000000000
104994  41.459  11.298  29.496 0.0000000000
105001  42.148  11.015  27.855 0.0000000000
105016  42.654  11.245  26.268 0.0000000000
104042  42.666  10.191  26.834 0.0000000000
100198  43.636  7.065  28.118 0.0000000000
101158  42.808  7.865  26.741 0.0000000000
100200  41.981  7.032  28.244 0.0000000000
101146  41.264  7.554  28.372 0.0000000000
110115  45.377  17.398  32.551 0.0000000000
110162  36.933  17.773  29.459 0.0000000000
109350  38.009  16.464  28.747 0.0000000000
109247  41.979  16.059  43.257 0.0000000000
109240  41.930  16.390  44.242 0.0000000000
108404  41.106  15.171  45.434 0.0000000000
107568  41.502  14.856  46.691 0.0000000000
103856  43.025  9.965  45.903 0.0000000000
111681  44.923  19.399  24.157 0.0000000000
111690  43.667  19.406  23.512 0.0000000000
110963  42.417  18.614  23.340 0.0000000000
110200  40.496  17.708  24.073 0.0000000000
109383  41.765  16.861  23.461 0.0000000000
107722  41.777  14.441  24.263 0.0000000000
105973  42.000  12.951  24.815 0.0000000000
106803  38.851  13.529  38.213 0.0000000000
107627  39.403  14.755  36.229 0.0000000000
105890  38.980  12.756  36.700 0.0000000000
105904  39.253  12.282  35.125 0.0000000000
104961  40.176  11.373  34.052 0.0000000000
102971  46.639  9.454  33.869 0.0000000000
102972  45.561  9.417  34.053 0.0000000000
103005  46.154  9.945  31.728 0.0000000000
103021  45.232  9.902  30.919 0.0000000000
103049  44.540  8.956  29.314 0.0000000000
102084  43.486  8.666  27.923 0.0000000000
102072  45.269  8.632  28.714 0.0000000000
101142  45.099  7.682  28.539 0.0000000000
100182  44.335  6.979  29.607 0.0000000000
101085  45.900  7.267  33.016 0.0000000000
107581  39.162  14.563  45.896 0.0000000000
106725  39.857  13.682  46.680 0.0000000000
105797  39.131  12.561  45.808 0.0000000000
104832  39.676  11.390  46.057 0.0000000000
102856  40.520  9.808  45.642 0.0000000000
110923  44.795  18.986  27.109 0.0000000000
110912  42.791  18.475  27.575 0.0000000000
110171  41.507  17.131  27.871 0.0000000000
104883  45.535  11.649  40.933 0.0000000000
104912  44.558  11.246  39.647 0.0000000000
104910  46.452  11.316  39.594 0.0000000000
104925  46.877  10.890  38.945 0.0000000000
103931  47.835  10.097  36.949 0.0000000000
104922  49.961  11.467  38.642 0.0000000000
103930  49.365  10.682  37.264 0.0000000000
102935  48.011  9.629  35.524 0.0000000000
102969  48.686  9.873  33.659 0.0000000000
103986  49.648  10.499  31.916 0.0000000000
104007  49.983  10.325  30.770 0.0000000000
102052  50.100  9.443  30.918 0.0000000000
110056  42.150  17.104  38.458 0.0000000000
109268  40.583  16.290  37.998 0.0000000000
109257  41.179  15.659  41.283 0.0000000000
108441  40.240  15.638  39.746 0.0000000000
107616  39.100  14.966  39.030 0.0000000000
105874  39.460  12.625  39.936 0.0000000000
104888  41.156  11.486  41.521 0.0000000000
105844  43.488  11.702  42.322 0.0000000000
106710  40.617  14.035  47.976 0.0000000000
106696  41.672  14.068  48.494 0.0000000000
107548  43.211  14.448  48.063 0.0000000000
103826  43.271  11.150  47.167 0.0000000000
105740  44.964  13.654  48.639 0.0000000000
106722  43.753  13.594  47.042 0.0000000000
105792  45.044  13.488  45.972 0.0000000000
105826  44.586  12.366  43.494 0.0000000000
105842  45.545  12.310  42.547 0.0000000000
105841  46.939  12.730  42.861 0.0000000000
106787  49.477  13.626  43.661 0.0000000000
105838  51.049  12.926  43.552 0.0000000000
103891  48.993  11.228  43.168 0.0000000000
103890  50.179  11.537  42.915 0.0000000000
106747  37.711  13.671  44.770 0.0000000000
105813  37.021  12.805  44.569 0.0000000000
104849  34.686  11.439  43.807 0.0000000000
113331  43.831  21.187  26.760 0.0000000000
112454  41.451  20.754  27.184 0.0000000000
110943  38.121  19.421  26.710 0.0000000000
110927  38.263  18.328  26.968 0.0000000000
109356  38.832  16.331  27.330 0.0000000000
109370  40.024  16.716  25.014 0.0000000000
108536  39.387  15.931  26.632 0.0000000000
107699  39.150  14.303  27.937 0.0000000000
109317  43.428  16.898  33.057 0.0000000000
108474  40.643  15.791  34.357 0.0000000000
109319  41.152  16.544  32.756 0.0000000000
110118  42.385  17.350  32.114 0.0000000000
110134  41.108  17.169  30.755 0.0000000000
109339  40.988  16.512  29.068 0.0000000000
108516  41.214  15.169  28.516 0.0000000000
103936  42.739  10.065  37.854 0.0000000000
103975  41.123  10.281  35.204 0.0000000000
103999  40.729  11.085  32.778 0.0000000000
102992  43.734  9.555  33.387 0.0000000000
103009  41.950  9.935  32.833 0.0000000000
104980  40.666  11.651  31.535 0.0000000000
105939  40.834  12.998  29.986 0.0000000000
106865  41.488  13.357  28.696 0.0000000000
107697  41.997  14.249  27.126 0.0000000000
106878  42.610  13.181  26.155 0.0000000000
105958  42.629  12.329  25.787 0.0000000000
104056  42.082  10.726  25.496 0.0000000000
103065  43.117  8.742  26.515 0.0000000000
102100  42.355  8.791  26.387 0.0000000000
104043  41.521  10.118  26.384 0.0000000000
103068  40.964  9.350  27.513 0.0000000000
100147  43.292  6.880  33.246 0.0000000000
112445  37.407  20.159  28.071 0.0000000000
109213  40.045  16.451  46.261 0.0000000000
109206  40.520  16.116  46.749 0.0000000000
110179  41.758  17.190  26.783 0.0000000000
110940  42.255  17.813  25.893 0.0000000000
109368  42.127  16.652  25.532 0.0000000000
109367  42.361  16.007  25.040 0.0000000000
108543  42.175  15.863  25.756 0.0000000000
104899  42.415  11.330  40.436 0.0000000000
104914  42.734  11.220  39.645 0.0000000000
104020  48.737  10.124  30.170 0.0000000000
104009  48.275  10.294  30.356 0.0000000000
103031  48.362  9.677  29.906 0.0000000000
103032  47.483  9.348  29.537 0.0000000000
102061  48.769  9.403  30.205 0.0000000000
102054  48.416  8.716  30.573 0.0000000000
110130  45.160  17.573  31.722 0.0000000000
110146  44.943  17.810  30.896 0.0000000000
110882  43.793  18.329  29.879 0.0000000000
110147  43.907  17.953  30.806 0.0000000000
105851  50.755  13.103  41.702 0.0000000000
105863  50.210  12.730  40.864 0.0000000000
105862  51.198  12.729  40.931 0.0000000000
103959  51.438  10.095  35.694 0.0000000000
102967  52.168  9.606  34.035 0.0000000000
103983  51.649  10.228  33.523 0.0000000000
107684  38.283  13.935  29.312 0.0000000000
106743  41.197  13.799  45.398 0.0000000000
106763  40.566  13.668  44.272 0.0000000000
106762  40.872  13.277  44.617 0.0000000000
104845  41.041  12.370  43.967 0.0000000000
105795  41.793  12.772  45.268 0.0000000000
102845  41.066  10.113  46.121 0.0000000000
104816  41.332  11.319  47.080 0.0000000000
102844  41.693  10.071  46.336 0.0000000000
104843  46.523  11.512  45.367 0.0000000000
104830  46.078  11.625  45.980 0.0000000000
104829  47.029  12.036  45.906 0.0000000000
105789  47.631  12.653  46.272 0.0000000000
104828  47.926  12.248  45.675 0.0000000000
104827  48.594  12.414  45.484 0.0000000000
104859  47.794  11.489  44.476 0.0000000000
112506  41.777  19.910  23.973 0.0000000000
112507  41.346  19.770  24.129 0.0000000000
112483  41.126  20.492  25.271 0.0000000000
111692  40.449  19.441  24.632 0.0000000000
110959  39.927  18.996  24.891 0.0000000000
110958  40.436  18.601  24.274 0.0000000000
105967  41.308  12.812  25.639 0.0000000000
106885  40.573  13.277  26.298 0.0000000000
105960  41.080  12.480  26.081 0.0000000000
105019  40.495  11.996  26.700 0.0000000000
105018  41.074  11.258  26.381 0.0000000000
109273  40.922  16.397  36.915 0.0000000000
109282  41.180  16.329  35.914 0.0000000000
108455  40.417  15.861  36.270 0.0000000000
105918  39.695  12.762  32.775 0.0000000000
106845  39.621  13.675  32.353 0.0000000000
105925  39.882  13.180  32.126 0.0000000000
107675  40.076  14.372  30.945 0.0000000000
106852  39.977  13.609  31.569 0.0000000000
102938  45.069  9.214  36.127 0.0000000000
102955  45.318  9.211  35.117 0.0000000000
103051  42.401  9.584  29.772 0.0000000000
104030  42.222  9.832  29.063 0.0000000000
104037  41.951  10.375  28.834 0.0000000000
104036  42.319  10.180  28.072 0.0000000000
103059  42.918  9.245  27.578 0.0000000000
100191  43.790  6.898  28.715 0.0000000000
100199  42.957  7.027  28.024 0.0000000000
100192  42.611  6.661  28.923 0.0000000000
110174  37.057  18.454  28.731 0.0000000000
110161  37.489  16.965  29.247 0.0000000000
110173  37.705  17.610  28.413 0.0000000000
109239  42.572  16.736  43.909 0.0000000000
109225  41.674  16.785  45.059 0.0000000000
108394  41.081  16.079  46.837 0.0000000000
108403  41.227  15.864  45.753 0.0000000000
110937  44.892  19.007  26.190 0.0000000000
111680  45.622  19.453  24.555 0.0000000000
110948  44.709  19.038  24.920 0.0000000000
110950  42.768  18.195  24.331 0.0000000000
110956  43.551  18.888  23.777 0.0000000000
110957  42.691  18.341  23.647 0.0000000000
110204  42.204  17.569  23.456 0.0000000000
110205  41.707  17.846  23.308 0.0000000000
108550  42.457  15.178  24.489 0.0000000000
107729  42.138  14.996  23.859 0.0000000000
107721  42.318  14.431  24.384 0.0000000000
106898  41.831  13.441  24.713 0.0000000000
106897  42.158  13.601  24.623 0.0000000000
105878  39.156  12.844  38.635 0.0000000000
106805  38.809  13.484  37.197 0.0000000000
105881  39.061  12.794  37.693 0.0000000000
104938  40.422  11.023  37.340 0.0000000000
104948  39.856  11.393  36.652 0.0000000000
103965  39.957  11.105  36.055 0.0000000000
104962  39.653  11.815  34.509 0.0000000000
103964  40.336  10.751  35.672 0.0000000000
102989  46.981  9.751  32.695 0.0000000000
103020  46.535  10.045  30.535 0.0000000000
103035  45.425  9.579  29.932 0.0000000000
102073  44.783  8.579  28.718 0.0000000000
103048  45.489  9.036  29.107 0.0000000000
101131  46.520  8.038  29.080 0.0000000000
102081  45.908  8.292  28.693 0.0000000000
101141  46.053  7.874  28.856 0.0000000000
101133  45.281  7.373  29.184 0.0000000000
101124  46.027  7.590  29.952 0.0000000000
101100  47.801  8.089  31.716 0.0000000000
101101  46.469  7.569  31.969 0.0000000000
106746  38.611  13.595  45.450 0.0000000000
103859  38.860  10.783  45.388 0.0000000000
103858  39.856  10.851  45.874 0.0000000000
102857  39.497  9.762  45.213 0.0000000000
110883  42.739  18.317  29.561 0.0000000000
110911  43.759  18.726  27.870 0.0000000000
110897  42.786  18.438  28.574 0.0000000000
110898  41.926  18.001  28.261 0.0000000000
105854  46.445  12.021  41.452 0.0000000000
104895  46.114  11.566  40.387 0.0000000000
105866  46.773  11.733  40.715 0.0000000000
104908  48.558  11.614  39.581 0.0000000000
104909  47.445  11.383  39.546 0.0000000000
104924  47.966  11.000  38.849 0.0000000000
103918  47.332  10.517  38.114 0.0000000000
103917  48.462  10.708  38.001 0.0000000000
104905  51.437  11.927  39.400 0.0000000000
104921  50.877  11.544  38.600 0.0000000000
103946  50.111  10.454  36.113 0.0000000000
103947  48.870  9.984  35.845 0.0000000000
102952  48.429  9.694  34.739 0.0000000000
102951  49.110  9.890  34.397 0.0000000000
103993  50.993  10.471  31.964 0.0000000000
103985  50.146  10.469  32.514 0.0000000000
103994  50.236  10.507  31.492 0.0000000000
104006  50.974  10.297  31.178 0.0000000000
103017  50.699  9.930  30.839 0.0000000000
110050  42.221  16.909  39.409 0.0000000000
110049  42.878  17.271  39.184 0.0000000000
109267  41.498  16.796  37.709 0.0000000000
109264  40.660  16.071  39.186 0.0000000000
108428  41.397  15.655  43.641 0.0000000000
109251  41.800  15.844  42.094 0.0000000000
108431  41.329  15.532  42.638 0.0000000000
107608  39.882  14.318  41.630 0.0000000000
108436  40.194  14.775  41.576 0.0000000000
108439  40.043  14.855  41.030 0.0000000000
108442  39.736  15.140  40.088 0.0000000000
107610  39.358  14.314  40.423 0.0000000000
106798  39.034  13.739  39.741 0.0000000000
105867  39.481  12.771  40.822 0.0000000000
104861  41.719  11.781  43.272 0.0000000000
104877  40.991  11.719  42.514 0.0000000000
104876  41.848  11.485  42.304 0.0000000000
104887  42.121  11.342  41.360 0.0000000000
105827  43.255  11.849  43.170 0.0000000000
106711  40.208  13.909  47.400 0.0000000000
105760  40.466  13.490  47.650 0.0000000000
104786  42.071  12.440  48.202 0.0000000000
105744  41.449  13.667  48.366 0.0000000000
105743  42.017  13.282  48.497 0.0000000000
106695  42.497  14.141  48.560 0.0000000000
105742  43.158  13.553  48.780 0.0000000000
103840  42.913  10.440  46.567 0.0000000000
103839  43.955  11.134  46.802 0.0000000000
104796  45.548  12.475  47.584 0.0000000000
104797  44.654  12.269  47.827 0.0000000000
105739  45.477  13.736  48.382 0.0000000000
106693  44.885  13.984  48.551 0.0000000000
106707  44.887  14.127  48.011 0.0000000000
105773  44.326  13.386  46.373 0.0000000000
106720  45.863  14.103  47.312 0.0000000000
106760  47.036  14.102  45.803 0.0000000000
105807  46.107  13.564  45.338 0.0000000000
105825  45.903  12.851  43.885 0.0000000000
105824  47.311  13.506  44.298 0.0000000000
105804  49.543  13.013  45.231 0.0000000000
106776  49.238  13.835  44.590 0.0000000000
106756  50.128  13.390  44.529 0.0000000000
106774  50.587  13.311  43.949 0.0000000000
104855  50.718  12.570  43.726 0.0000000000
103900  48.306  10.457  41.780 0.0000000000
103899  49.695  10.920  42.094 0.0000000000
103906  50.386  10.590  41.280 0.0000000000
107591  37.151  14.606  44.569 0.0000000000
106765  36.089  13.582  44.205 0.0000000000
106764  36.859  13.837  44.420 0.0000000000
105814  35.935  12.566  44.275 0.0000000000
113340  42.706  21.083  25.380 0.0000000000
113339  43.377  21.173  25.782 0.0000000000
112467  43.028  21.033  26.748 0.0000000000
112452  43.263  20.973  27.581 0.0000000000
112453  42.405  20.841  27.373 0.0000000000
112440  41.775  20.607  28.184 0.0000000000
112457  38.560  20.347  27.268 0.0000000000
112473  38.115  19.991  26.976 0.0000000000
112472  38.409  20.025  26.754 0.0000000000
110941  39.233  18.149  25.845 0.0000000000
110942  38.545  18.832  26.225 0.0000000000
110189  38.881  17.875  26.482 0.0000000000
110180  38.461  17.467  27.362 0.0000000000
109363  39.160  16.887  26.602 0.0000000000
109376  40.566  16.642  24.098 0.0000000000
109377  40.166  17.402  24.601 0.0000000000
109369  40.446  15.899  24.571 0.0000000000
107706  40.191  14.032  26.615 0.0000000000
108535  40.120  15.078  26.116 0.0000000000
108525  39.805  14.555  26.866 0.0000000000
108526  39.269  15.112  27.334 0.0000000000
107691  39.206  13.643  27.966 0.0000000000
106873  38.976  13.064  28.266 0.0000000000
106880  39.478  13.056  27.619 0.0000000000
110073  44.052  17.328  35.705 0.0000000000
109296  42.344  16.672  34.592 0.0000000000
109295  43.317  16.915  34.385 0.0000000000
109308  42.791  16.703  33.727 0.0000000000
107636  39.526  14.634  35.328 0.0000000000
108475  40.014  15.199  34.849 0.0000000000
107645  39.484  14.601  34.439 0.0000000000
108489  40.274  15.973  32.383 0.0000000000
108482  40.504  15.894  33.375 0.0000000000
109326  41.660  17.096  32.210 0.0000000000
110133  41.849  17.557  31.346 0.0000000000
108509  40.495  15.255  29.746 0.0000000000
109340  40.732  16.230  29.512 0.0000000000
109348  40.847  15.943  29.062 0.0000000000
109347  41.114  16.130  28.580 0.0000000000
104927  44.884  10.935  39.017 0.0000000000
103922  43.349  10.470  38.477 0.0000000000
103935  43.622  9.979  37.882 0.0000000000
102957  43.377  9.420  35.395 0.0000000000
102958  42.511  9.570  35.564 0.0000000000
102976  41.830  9.857  34.865 0.0000000000
103987  41.229  10.357  34.228 0.0000000000
102994  41.901  9.880  33.880 0.0000000000
102991  44.752  9.578  33.161 0.0000000000
103007  43.920  9.588  32.314 0.0000000000
104024  41.468  10.434  30.879 0.0000000000
103024  42.000  9.812  31.739 0.0000000000
104979  40.970  11.087  31.048 0.0000000000
104012  41.122  10.622  32.012 0.0000000000
105932  40.681  12.521  30.644 0.0000000000
105931  40.982  11.957  30.259 0.0000000000
105946  41.879  12.429  28.047 0.0000000000
106872  41.850  13.413  27.709 0.0000000000
107689  41.507  14.325  28.257 0.0000000000
107696  42.406  13.840  26.465 0.0000000000
106879  42.304  13.296  26.933 0.0000000000
105024  42.451  11.422  25.649 0.0000000000
104055  42.320  10.685  25.607 0.0000000000
102083  44.152  8.294  28.127 0.0000000000
102091  43.309  8.874  27.257 0.0000000000
102090  43.513  8.392  27.197 0.0000000000
101159  42.366  8.196  26.673 0.0000000000
102099  42.775  8.489  26.424 0.0000000000
102092  41.808  8.551  26.775 0.0000000000
103074  41.996  9.570  26.063 0.0000000000
103067  41.432  9.426  26.803 0.0000000000
102093  41.313  8.751  27.292 0.0000000000
100194  40.999  7.153  29.341 0.0000000000
102075  40.553  8.276  28.964 0.0000000000
101103  44.620  7.138  32.040 0.0000000000
100160  43.925  6.987  32.417 0.0000000000
110915  36.968  19.247  28.359 0.0000000000
109211  41.206  16.986  45.833 0.0000000000
108395  40.801  15.969  47.124 0.0000000000
108390  40.888  15.495  47.581 0.0000000000
110925  42.776  18.419  26.557 0.0000000000
110939  42.523  18.144  25.507 0.0000000000
110186  42.273  17.599  25.422 0.0000000000
104916  40.807  11.561  39.640 0.0000000000
104932  40.149  11.816  38.837 0.0000000000
104931  40.987  11.195  38.478 0.0000000000
103938  41.120  10.623  37.585 0.0000000000
103004  47.484  10.246  31.423 0.0000000000
103997  47.799  10.362  30.668 0.0000000000
104010  47.457  10.134  30.246 0.0000000000
104023  46.875  9.667  29.712 0.0000000000
103033  46.864  9.397  29.436 0.0000000000
102069  47.317  8.918  29.379 0.0000000000
101123  46.853  8.123  29.644 0.0000000000
101112  47.545  8.377  30.310 0.0000000000
104846  37.615  11.790  44.959 0.0000000000
110895  44.839  18.480  29.142 0.0000000000
105865  47.485  11.991  40.812 0.0000000000
105864  48.830  12.320  40.605 0.0000000000
105873  49.221  11.921  39.917 0.0000000000
104907  49.534  11.699  39.366 0.0000000000
103928  51.394  10.798  37.286 0.0000000000
103945  51.043  10.547  36.357 0.0000000000
103960  50.823  10.307  35.290 0.0000000000
103973  50.854  10.352  34.144 0.0000000000
103984  50.945  10.449  33.012 0.0000000000
109259  42.419  16.693  40.210 0.0000000000
107590  40.704  14.536  44.453 0.0000000000
108432  40.796  15.085  42.978 0.0000000000
107601  40.389  14.329  43.386 0.0000000000
107602  40.166  13.846  43.006 0.0000000000
105846  39.879  12.977  42.491 0.0000000000
105858  39.712  12.768  41.708 0.0000000000
104863  40.446  12.448  43.155 0.0000000000
104844  41.398  12.157  43.916 0.0000000000
104817  40.736  11.778  47.068 0.0000000000
105775  40.734  12.494  47.392 0.0000000000
104800  41.575  11.941  47.618 0.0000000000
104799  42.462  11.900  47.884 0.0000000000
103854  44.709  11.088  45.975 0.0000000000
103838  44.481  11.262  46.577 0.0000000000
104831  45.364  11.520  46.294 0.0000000000
104813  45.827  11.982  46.803 0.0000000000
105754  46.906  13.368  47.438 0.0000000000
106719  46.770  14.191  47.308 0.0000000000
106704  47.185  13.717  47.361 0.0000000000
106718  47.478  13.849  46.952 0.0000000000
106737  48.259  13.845  46.144 0.0000000000
106758  48.818  13.894  45.365 0.0000000000
105805  48.982  12.709  45.476 0.0000000000
104839  49.666  12.425  44.685 0.0000000000
102894  48.104  9.903  40.950 0.0000000000
102914  49.281  9.264  39.757 0.0000000000
112504  43.671  20.272  23.533 0.0000000000
112493  44.129  20.759  23.772 0.0000000000
112494  43.284  20.660  23.941 0.0000000000
113348  42.644  20.947  24.801 0.0000000000
112482  42.023  20.863  25.355 0.0000000000
112469  41.240  20.735  26.204 0.0000000000
112485  39.644  19.880  25.625 0.0000000000
111673  38.772  19.615  26.150 0.0000000000
111683  39.549  19.539  25.472 0.0000000000
110951  39.391  18.713  25.421 0.0000000000
110195  39.727  17.766  25.229 0.0000000000
107723  41.257  14.646  24.572 0.0000000000
108544  40.692  15.092  24.974 0.0000000000
107705  40.595  14.068  25.850 0.0000000000
106886  40.118  13.224  27.035 0.0000000000
105954  39.987  12.389  27.230 0.0000000000
105011  40.262  11.252  27.377 0.0000000000
104045  40.492  10.484  27.583 0.0000000000
109271  42.594  17.118  36.100 0.0000000000
109281  42.028  16.776  35.544 0.0000000000
109297  41.399  16.234  34.913 0.0000000000
106838  39.088  13.384  34.075 0.0000000000
107653  39.411  14.547  33.553 0.0000000000
107661  39.512  14.471  32.659 0.0000000000
108497  39.781  15.203  32.073 0.0000000000
108496  40.178  15.840  31.419 0.0000000000
108503  39.916  15.069  31.332 0.0000000000
107674  40.363  14.647  30.203 0.0000000000
103933  45.536  9.973  37.696 0.0000000000
102926  43.870  9.604  37.117 0.0000000000
102925  44.817  9.523  37.034 0.0000000000
102974  43.558  9.466  34.412 0.0000000000
103022  44.113  9.624  31.233 0.0000000000
103038  42.184  9.710  30.661 0.0000000000
105002  41.771  11.183  28.606 0.0000000000
105945  42.177  11.606  27.700 0.0000000000
105952  42.436  12.250  26.870 0.0000000000
105009  42.453  11.085  27.209 0.0000000000
101143  44.157  7.319  28.155 0.0000000000
101150  43.756  7.694  27.585 0.0000000000
101144  43.523  7.266  27.809 0.0000000000
100204  42.626  7.259  27.621 0.0000000000
101152  42.100  7.525  27.400 0.0000000000
100193  41.673  6.833  29.180 0.0000000000
110116  44.302  17.254  32.546 0.0000000000
108519  38.237  15.470  28.937 0.0000000000
108415  41.397  15.867  44.653 0.0000000000
108416  41.035  15.226  44.933 0.0000000000
107579  40.928  14.633  45.167 0.0000000000
106724  41.823  13.934  46.452 0.0000000000
102843  42.245  10.148  46.436 0.0000000000
102854  42.413  9.545  45.638 0.0000000000
102853  43.104  9.857  45.548 0.0000000000
103868  43.811  10.165  44.953 0.0000000000
103867  44.462  10.403  44.745 0.0000000000
103882  44.609  10.242  44.114 0.0000000000
103880  46.777  11.073  44.056 0.0000000000
111688  45.310  19.928  23.905 0.0000000000
111697  44.671  20.140  23.594 0.0000000000
110955  44.273  19.115  24.160 0.0000000000
111689  44.382  19.581  23.724 0.0000000000
111698  44.034  19.918  23.443 0.0000000000
111699  43.171  19.521  23.417 0.0000000000
111700  42.137  19.425  23.477 0.0000000000
110964  41.536  18.767  23.443 0.0000000000
110206  40.988  18.198  23.633 0.0000000000
109384  41.126  17.249  23.615 0.0000000000
108560  41.274  16.363  23.688 0.0000000000
109382  42.147  16.531  23.717 0.0000000000
108559  41.831  15.794  23.700 0.0000000000
107713  41.509  14.046  24.701 0.0000000000
106891  41.482  13.533  25.054 0.0000000000
105966  41.666  12.674  25.247 0.0000000000
107619  39.131  14.986  37.175 0.0000000000
107628  38.963  14.190  36.697 0.0000000000
107637  39.117  14.098  35.786 0.0000000000
106821  38.992  13.473  35.348 0.0000000000
105889  39.396  12.108  37.203 0.0000000000
105898  38.991  12.811  35.727 0.0000000000
105905  39.016  12.959  34.853 0.0000000000
105911  39.265  12.716  34.039 0.0000000000
104968  39.819  12.031  33.549 0.0000000000
102954  46.386  9.264  34.979 0.0000000000
102990  45.829  9.630  32.915 0.0000000000
103036  44.297  9.339  30.197 0.0000000000
102074  43.981  8.586  28.629 0.0000000000
102082  45.055  8.230  28.456 0.0000000000
103047  46.160  9.027  28.991 0.0000000000
101149  44.480  7.766  28.037 0.0000000000
101134  44.588  7.241  28.668 0.0000000000
100190  44.526  7.066  29.009 0.0000000000
101125  45.081  7.228  30.295 0.0000000000
101102  45.458  7.313  32.025 0.0000000000
107570  39.517  14.982  46.349 0.0000000000
107580  39.589  14.116  46.355 0.0000000000
106745  39.391  13.584  46.054 0.0000000000
105777  39.674  12.409  46.367 0.0000000000
104834  38.496  11.734  45.422 0.0000000000
104819  39.461  12.046  46.159 0.0000000000
104818  39.883  11.735  46.397 0.0000000000
103857  40.600  10.533  46.133 0.0000000000
111670  45.337  19.082  26.433 0.0000000000
110910  44.823  18.772  28.121 0.0000000000
110924  43.748  18.778  26.852 0.0000000000
110913  42.056  17.936  27.234 0.0000000000
104884  44.775  11.605  40.953 0.0000000000
104913  43.657  11.224  39.666 0.0000000000
104896  45.117  11.475  40.293 0.0000000000
104911  45.488  11.284  39.629 0.0000000000
104926  45.849  10.930  38.980 0.0000000000
104894  47.018  11.608  40.190 0.0000000000
103932  46.585  10.028  37.469 0.0000000000
102923  46.729  9.632  36.680 0.0000000000
105871  50.871  12.431  40.084 0.0000000000
104906  50.456  11.872  39.360 0.0000000000
104936  50.258  11.167  37.922 0.0000000000
104937  49.558  11.111  38.088 0.0000000000
103916  49.119  10.935  38.004 0.0000000000
103948  48.020  9.728  36.108 0.0000000000
102936  47.238  9.485  35.912 0.0000000000
102953  47.413  9.452  34.819 0.0000000000
102970  47.719  9.605  33.739 0.0000000000
102968  49.465  10.121  33.711 0.0000000000
102987  49.203  10.308  32.658 0.0000000000
103003  48.644  10.378  31.764 0.0000000000
103995  49.358  10.528  31.247 0.0000000000
104008  49.070  10.378  30.566 0.0000000000
103018  49.811  10.014  30.476 0.0000000000
102060  49.437  9.669  30.421 0.0000000000
102040  50.505  8.704  31.626 0.0000000000
110064  42.894  17.353  37.004 0.0000000000
108449  39.688  15.656  37.800 0.0000000000
109250  42.659  16.311  41.856 0.0000000000
109256  41.873  16.106  41.037 0.0000000000
109261  41.019  15.920  40.314 0.0000000000
108435  40.696  15.166  41.820 0.0000000000
108438  40.471  15.397  40.702 0.0000000000
108444  40.113  15.759  39.222 0.0000000000
108445  39.564  15.445  38.994 0.0000000000
108450  39.041  15.066  38.187 0.0000000000
107617  38.891  14.418  38.785 0.0000000000
106801  39.000  13.489  39.256 0.0000000000
104890  39.792  12.384  41.234 0.0000000000
104902  39.886  12.184  40.692 0.0000000000
104917  40.059  12.016  39.811 0.0000000000
104900  41.443  11.396  40.524 0.0000000000
104886  43.051  11.489  41.204 0.0000000000
104885  43.980  11.601  41.175 0.0000000000
107569  39.881  14.601  46.742 0.0000000000
107562  40.367  14.733  47.630 0.0000000000
107561  41.019  14.749  48.043 0.0000000000
105759  41.071  13.099  47.874 0.0000000000
106697  41.144  14.046  48.367 0.0000000000
107550  41.782  14.583  48.335 0.0000000000
107549  42.563  14.559  48.211 0.0000000000
107559  42.530  14.489  47.604 0.0000000000
106709  43.212  14.051  47.518 0.0000000000
103827  42.710  11.249  47.346 0.0000000000
104798  43.570  11.946  47.866 0.0000000000
104815  44.257  11.685  47.404 0.0000000000
105757  44.415  12.919  48.560 0.0000000000
104784  43.639  12.950  48.705 0.0000000000
105741  44.172  13.647  48.807 0.0000000000
106708  43.855  14.116  47.811 0.0000000000
105774  43.524  13.177  46.321 0.0000000000
105793  44.057  12.927  45.617 0.0000000000
105809  43.656  12.399  44.511 0.0000000000
105791  45.619  13.632  45.857 0.0000000000
105808  44.895  12.900  44.795 0.0000000000
105843  44.285  11.839  42.192 0.0000000000
105856  44.566  11.701  41.467 0.0000000000
105855  45.196  11.839  41.584 0.0000000000
105840  48.441  13.349  43.202 0.0000000000
105823  48.211  13.695  44.081 0.0000000000
105839  49.352  13.410  42.951 0.0000000000
106794  49.893  13.456  42.938 0.0000000000
106793  50.550  13.339  42.583 0.0000000000
105837  51.505  12.792  42.760 0.0000000000
103879  48.088  11.267  43.825 0.0000000000
103878  48.768  11.423  43.932 0.0000000000
104857  49.340  11.801  44.187 0.0000000000
104873  49.893  11.765  43.609 0.0000000000
104872  50.565  12.029  43.434 0.0000000000
104871  51.112  12.066  43.160 0.0000000000
109215  38.662  15.892  45.528 0.0000000000
108407  38.435  15.395  45.398 0.0000000000
107582  38.129  14.570  45.097 0.0000000000
104847  36.648  11.704  44.602 0.0000000000
105815  34.981  12.444  43.987 0.0000000000
104848  35.681  11.594  44.267 0.0000000000
103872  35.520  10.716  44.068 0.0000000000
112441  40.742  20.602  28.096 0.0000000000
112442  39.710  20.651  28.084 0.0000000000
112459  37.566  20.067  27.737 0.0000000000
111662  37.738  19.667  27.276 0.0000000000
110928  37.666  19.013  27.283 0.0000000000
110181  37.878  18.227  27.599 0.0000000000
110172  38.322  16.758  28.006 0.0000000000
109349  38.547  15.835  28.107 0.0000000000
108545  40.204  15.811  25.263 0.0000000000
109362  39.725  16.288  25.886 0.0000000000
108518  38.767  14.884  28.337 0.0000000000
107692  38.776  13.929  28.551 0.0000000000
109279  43.808  17.135  34.891 0.0000000000
109316  44.137  17.047  33.192 0.0000000000
110117  43.253  17.238  32.329 0.0000000000
108465  39.940  15.267  35.770 0.0000000000
108483  39.915  15.241  33.921 0.0000000000
109318  42.309  16.873  32.883 0.0000000000
110132  43.027  17.655  31.515 0.0000000000
110149  41.683  17.769  30.095 0.0000000000
109333  40.562  16.448  30.624 0.0000000000
110150  40.949  16.980  29.935 0.0000000000
110159  41.221  17.126  29.110 0.0000000000
109355  41.569  16.232  27.282 0.0000000000
104929  43.051  10.918  39.019 0.0000000000
103923  42.468  10.567  38.373 0.0000000000
103949  41.328  10.208  36.998 0.0000000000
102927  42.993  9.693  37.174 0.0000000000
102942  41.726  9.888  36.627 0.0000000000
103963  41.111  10.214  36.160 0.0000000000
103976  40.559  10.765  34.592 0.0000000000
103988  40.701  10.916  33.670 0.0000000000
104972  40.400  11.804  32.404 0.0000000000
102973  44.531  9.420  34.235 0.0000000000
102993  42.766  9.631  33.609 0.0000000000
103008  42.882  9.619  32.566 0.0000000000
103998  41.283  10.477  33.230 0.0000000000
104013  40.672  11.255  32.170 0.0000000000
105924  40.246  12.654  31.828 0.0000000000
106851  40.314  13.241  31.068 0.0000000000
106859  40.502  13.684  30.348 0.0000000000
106866  41.032  13.497  29.528 0.0000000000
105938  41.273  12.300  29.504 0.0000000000
107682  41.206  14.086  29.007 0.0000000000
108524  41.563  15.229  27.718 0.0000000000
108533  42.062  15.263  26.514 0.0000000000
107703  42.535  14.090  25.810 0.0000000000
106884  42.565  13.346  25.363 0.0000000000
105965  42.290  12.701  25.064 0.0000000000
105025  41.999  11.412  25.340 0.0000000000
105017  41.615  11.246  25.740 0.0000000000
103066  43.044  9.248  26.705 0.0000000000
102098  43.132  8.306  26.573 0.0000000000
103072  42.990  8.666  26.323 0.0000000000
103077  42.403  10.034  25.867 0.0000000000
103078  42.135  10.311  25.657 0.0000000000
104050  41.744  10.625  25.815 0.0000000000
104051  41.332  10.595  26.360 0.0000000000
104044  40.946  10.385  26.999 0.0000000000
104038  40.634  9.954  27.744 0.0000000000
103060  40.564  9.252  28.369 0.0000000000
102085  41.009  8.511  27.994 0.0000000000
102053  49.251  9.105  30.724 0.0000000000
101099  48.972  8.232  32.254 0.0000000000
100201  41.460  7.107  28.771 0.0000000000
100205  42.405  7.178  27.805 0.0000000000
101087  44.447  7.092  32.690 0.0000000000
101122  47.387  8.498  29.862 0.0000000000
101140  46.474  8.029  28.848 0.0000000000
101145  41.764  7.313  27.975 0.0000000000
101151  43.031  7.406  27.337 0.0000000000
101157  43.297  7.872  26.959 0.0000000000
102063  47.245  8.646  29.518 0.0000000000
102070  46.822  8.525  29.152 0.0000000000
102080  46.379  8.256  28.903 0.0000000000
102928  42.221  9.837  37.187 0.0000000000
102929  41.758  9.990  37.142 0.0000000000
102939  44.091  9.342  36.230 0.0000000000
102941  42.380  9.645  36.451 0.0000000000
102959  41.742  9.824  35.800 0.0000000000
102986  49.742  10.337  33.124 0.0000000000
103002  49.221  10.467  31.869 0.0000000000
103045  47.106  9.070  29.261 0.0000000000
103046  46.868  8.826  28.971 0.0000000000
103057  45.740  8.510  28.687 0.0000000000
103058  45.573  8.692  28.764 0.0000000000
103073  42.730  9.219  26.221 0.0000000000
103828  42.161  11.451  47.476 0.0000000000
103842  41.110  10.804  46.605 0.0000000000
103853  45.434  11.352  45.797 0.0000000000
103865  46.562  11.306  44.878 0.0000000000
103889  50.785  11.807  42.911 0.0000000000
103908  48.583  10.124  41.084 0.0000000000
103919  46.229  10.480  38.291 0.0000000000
103921  44.262  10.463  38.467 0.0000000000
103924  41.709  10.731  38.201 0.0000000000
103934  44.551  9.968  37.817 0.0000000000
103937  41.890  10.268  37.646 0.0000000000
103951  40.173  10.950  36.363 0.0000000000
103962  49.080  9.865  34.973 0.0000000000
104011  46.914  10.054  30.143 0.0000000000
104019  49.362  10.179  30.404 0.0000000000
104022  47.284  9.756  29.799 0.0000000000
104833  39.331  11.580  45.871 0.0000000000
104840  49.038  12.236  44.993 0.0000000000
104841  48.227  11.893  45.050 0.0000000000
104862  40.859  12.189  43.413 0.0000000000
104874  43.542  11.614  41.801 0.0000000000
104875  42.826  11.564  42.146 0.0000000000
104889  40.242  11.987  41.688 0.0000000000
104897  44.243  11.452  40.333 0.0000000000
104901  40.560  11.701  40.651 0.0000000000
104928  43.962  10.890  39.058 0.0000000000
104935  51.120  11.141  37.892 0.0000000000
104947  40.245  10.985  36.761 0.0000000000
104955  40.033  11.193  34.857 0.0000000000
104956  39.699  11.477  35.561 0.0000000000
104967  40.320  11.552  33.212 0.0000000000
104973  40.061  12.094  32.864 0.0000000000
104987  40.876  11.703  30.730 0.0000000000
105753  47.331  13.452  47.091 0.0000000000
105755  46.087  13.404  47.898 0.0000000000
105756  45.251  13.078  48.306 0.0000000000
105758  41.656  12.658  48.110 0.0000000000
105769  47.758  13.295  46.537 0.0000000000
105770  47.179  12.839  46.881 0.0000000000
105771  46.425  12.672  47.288 0.0000000000
105772  44.735  13.532  46.403 0.0000000000
105787  49.078  13.206  45.624 0.0000000000
105788  48.546  13.092  45.970 0.0000000000
105790  47.125  12.448  46.416 0.0000000000
105794  42.832  12.746  45.617 0.0000000000
105796  39.683  12.997  46.383 0.0000000000
105803  49.959  13.308  44.807 0.0000000000
105806  47.005  13.827  45.144 0.0000000000
105811  41.188  12.678  44.516 0.0000000000
105812  40.665  12.974  44.240 0.0000000000
105821  50.388  13.005  44.425 0.0000000000
105822  49.986  12.748  44.652 0.0000000000
105828  42.409  11.776  43.418 0.0000000000
105829  40.789  12.579  43.966 0.0000000000
105831  40.066  13.080  43.045 0.0000000000
105845  40.189  12.656  42.888 0.0000000000
105857  40.074  12.492  42.297 0.0000000000
105875  39.227  12.851  39.315 0.0000000000
105880  39.519  12.219  38.217 0.0000000000
105897  39.275  12.095  36.156 0.0000000000
105912  39.068  13.124  34.377 0.0000000000
105972  42.106  13.169  24.783 0.0000000000
106692  45.323  13.952  48.543 0.0000000000
106694  43.690  14.136  48.436 0.0000000000
106705  46.843  13.901  47.673 0.0000000000
106717  48.012  13.528  46.355 0.0000000000
106721  44.846  13.743  46.896 0.0000000000
106723  42.690  13.639  46.771 0.0000000000
106738  47.406  14.139  46.494 0.0000000000
106740  45.727  13.814  46.314 0.0000000000
106741  45.210  13.669  46.395 0.0000000000
106757  49.645  13.616  45.006 0.0000000000
106759  47.971  14.140  45.694 0.0000000000
106761  46.387  13.968  46.025 0.0000000000
106775  49.993  13.605  44.277 0.0000000000
106777  48.308  13.952  44.780 0.0000000000
106779  40.226  13.538  43.354 0.0000000000
106780  40.024  13.492  42.749 0.0000000000
106784  51.485  12.972  42.430 0.0000000000
106785  51.113  13.228  43.060 0.0000000000
106786  50.357  13.462  43.462 0.0000000000
106788  48.756  13.770  44.074 0.0000000000
106789  39.792  13.529  42.055 0.0000000000
106792  51.229  13.133  42.269 0.0000000000
106797  39.164  13.422  40.140 0.0000000000
106800  39.145  13.069  39.665 0.0000000000
106813  38.913  13.459  36.233 0.0000000000
106829  39.043  13.490  34.606 0.0000000000
106890  42.410  13.660  24.841 0.0000000000
106892  41.128  13.297  25.620 0.0000000000
107551  41.382  14.387  48.368 0.0000000000
107558  43.234  14.362  47.829 0.0000000000
107567  42.133  14.288  46.946 0.0000000000
107578  41.150  14.886  45.751 0.0000000000
107605  40.064  14.030  42.536 0.0000000000
107607  40.256  14.721  41.842 0.0000000000
107611  39.076  13.917  39.997 0.0000000000
107613  39.230  14.774  39.497 0.0000000000
107614  39.010  14.136  39.620 0.0000000000
107620  38.809  14.299  37.694 0.0000000000
107654  39.055  13.984  34.124 0.0000000000
107690  41.096  14.702  28.889 0.0000000000
107704  42.327  14.421  26.391 0.0000000000
107728  42.378  15.000  24.051 0.0000000000
108389  41.054  15.720  47.384 0.0000000000
108391  40.635  15.175  47.652 0.0000000000
108397  39.739  15.182  46.531 0.0000000000
108405  39.691  15.991  46.227 0.0000000000
108434  41.270  15.513  42.078 0.0000000000
108446  39.077  15.016  38.750 0.0000000000
108448  40.239  15.949  37.113 0.0000000000
108517  40.837  15.426  29.105 0.0000000000
108532  42.400  14.690  26.052 0.0000000000
108551  41.737  15.115  23.845 0.0000000000
108558  42.283  15.568  23.925 0.0000000000
109205  40.720  16.402  46.627 0.0000000000
109252  41.234  15.542  41.809 0.0000000000
109263  41.463  16.635  38.777 0.0000000000
109265  40.071  15.822  38.981 0.0000000000
109269  40.072  15.897  38.580 0.0000000000
110045  42.325  16.765  39.925 0.0000000000
110065  42.218  17.181  37.569 0.0000000000
110103  44.742  17.221  33.085 0.0000000000
110160  40.957  16.783  29.530 0.0000000000
110187  42.097  17.358  25.793 0.0000000000
110194  42.145  17.073  25.437 0.0000000000
110929  37.364  19.590  27.807 0.0000000000
110936  45.820  19.060  26.302 0.0000000000
110962  43.139  18.959  23.415 0.0000000000
110965  40.835  19.006  23.886 0.0000000000
111660  45.409  19.069  26.738 0.0000000000
111661  45.122  19.084  26.634 0.0000000000
111663  37.436  19.882  27.773 0.0000000000
111671  45.119  19.081  26.405 0.0000000000
111672  39.164  19.771  25.905 0.0000000000
111674  38.150  19.795  26.828 0.0000000000
111682  40.050  19.642  25.134 0.0000000000
111684  39.090  19.508  25.795 0.0000000000
111691  40.892  19.623  24.344 0.0000000000
111693  39.974  19.333  25.016 0.0000000000
111702  40.821  19.312  24.138 0.0000000000
112458  37.873  20.080  27.398 0.0000000000
112496  41.060  19.926  24.493 0.0000000000
112497  40.545  19.797  24.782 0.0000000000
113354  43.721  21.037  24.288 0.0000000000
113355  42.981  20.893  24.452 0.0000000000
113356  42.650  20.815  24.545 0.0000000000
