#!ascii label  , from subject 3544 vox2ras=TkReg
988
64597  29.393  -24.517  65.500 0.0000000000
81925  38.846  -9.899  49.493 0.0000000000
71559  30.327  -19.106  56.510 0.0000000000
55343  10.368  -32.405  69.210 0.0000000000
68132  23.634  -21.261  68.301 0.0000000000
76358  31.627  -14.369  55.344 0.0000000000
60021  16.867  -28.701  65.834 0.0000000000
55356  15.034  -32.673  68.174 0.0000000000
62294  20.181  -26.693  66.129 0.0000000000
81922  43.907  -10.463  50.075 0.0000000000
69203  29.567  -20.901  65.848 0.0000000000
70280  29.161  -19.741  62.427 0.0000000000
67034  32.843  -22.880  65.163 0.0000000000
85332  42.454  -6.884  48.427 0.0000000000
81960  46.250  -9.373  46.497 0.0000000000
81876  35.904  -9.488  52.336 0.0000000000
77573  39.575  -13.482  52.764 0.0000000000
76379  35.481  -14.838  53.069 0.0000000000
72689  35.391  -18.036  56.197 0.0000000000
61094  27.248  -27.444  68.723 0.0000000000
51840  9.559  -35.493  72.074 0.0000000000
50840  4.606  -36.672  72.483 0.0000000000
50803  2.746  -37.110  75.587 0.0000000000
64560  26.238  -24.199  67.068 0.0000000000
63419  23.333  -25.195  66.904 0.0000000000
73829  25.869  -16.283  60.655 0.0000000000
71474  32.138  -18.283  61.473 0.0000000000
86498  49.835  -5.975  46.633 0.0000000000
80836  41.434  -10.724  49.342 0.0000000000
79736  41.623  -11.557  51.420 0.0000000000
67035  29.900  -22.642  65.896 0.0000000000
67062  30.450  -22.547  63.990 0.0000000000
64595  30.903  -24.149  64.874 0.0000000000
84163  38.564  -7.686  50.772 0.0000000000
85307  40.724  -6.479  50.327 0.0000000000
83032  40.294  -8.042  48.704 0.0000000000
81949  42.529  -9.724  47.662 0.0000000000
46717  4.019  -40.077  77.193 0.0000000000
78686  34.853  -12.073  52.136 0.0000000000
78673  33.348  -12.609  53.588 0.0000000000
73902  30.540  -16.746  55.484 0.0000000000
72725  33.006  -17.090  54.540 0.0000000000
71557  33.050  -19.088  56.007 0.0000000000
70336  33.457  -19.573  58.442 0.0000000000
55359  12.133  -32.579  68.478 0.0000000000
52968  14.021  -34.500  69.839 0.0000000000
54083  11.926  -34.176  69.986 0.0000000000
52915  11.384  -35.127  72.493 0.0000000000
54086  9.504  -33.997  70.004 0.0000000000
52918  4.984  -34.031  71.973 0.0000000000
49887  3.728  -37.419  73.717 0.0000000000
65759  24.776  -23.003  67.615 0.0000000000
63454  24.400  -24.961  65.762 0.0000000000
64602  23.232  -23.932  65.538 0.0000000000
58882  19.413  -29.154  67.848 0.0000000000
61098  20.505  -27.245  68.196 0.0000000000
70236  32.163  -19.283  63.711 0.0000000000
72601  30.211  -18.501  62.063 0.0000000000
77530  32.485  -12.740  55.609 0.0000000000
76342  30.549  -14.358  56.625 0.0000000000
75120  29.007  -15.878  56.588 0.0000000000
57787  18.327  -30.359  67.379 0.0000000000
55338  16.804  -32.054  69.545 0.0000000000
56617  16.327  -31.147  66.573 0.0000000000
56621  13.649  -30.886  66.926 0.0000000000
58876  11.841  -30.221  68.303 0.0000000000
67039  20.987  -22.818  65.725 0.0000000000
64562  18.905  -24.108  66.813 0.0000000000
61138  19.017  -27.586  65.652 0.0000000000
71357  27.547  -19.062  67.232 0.0000000000
71405  26.241  -19.165  64.064 0.0000000000
69214  28.236  -20.214  64.231 0.0000000000
68210  30.771  -21.167  62.842 0.0000000000
85342  46.308  -6.891  47.161 0.0000000000
84205  44.676  -7.818  47.140 0.0000000000
80871  44.440  -10.463  47.715 0.0000000000
81895  36.783  -9.562  50.819 0.0000000000
79738  39.378  -11.913  51.010 0.0000000000
78696  36.941  -12.236  51.230 0.0000000000
77556  37.194  -14.164  52.850 0.0000000000
75148  37.389  -15.859  54.842 0.0000000000
75164  33.039  -14.924  53.650 0.0000000000
73913  35.558  -16.602  54.239 0.0000000000
62286  28.535  -26.430  67.103 0.0000000000
63417  30.550  -25.354  67.555 0.0000000000
82995  38.113  -7.805  52.656 0.0000000000
57764  7.928  -31.500  70.272 0.0000000000
54088  7.348  -33.760  70.263 0.0000000000
51824  7.464  -36.261  72.363 0.0000000000
50814  7.086  -36.983  74.201 0.0000000000
49874  5.448  -37.908  74.327 0.0000000000
47825  3.632  -39.210  74.866 0.0000000000
47819  2.336  -39.317  75.631 0.0000000000
47802  0.467  -38.908  77.222 0.0000000000
65780  27.723  -24.794  66.481 0.0000000000
62288  26.436  -26.598  66.271 0.0000000000
62253  25.173  -26.921  67.924 0.0000000000
63438  21.547  -25.224  66.662 0.0000000000
72659  27.789  -17.172  57.930 0.0000000000
71455  26.345  -19.055  62.212 0.0000000000
71499  28.133  -18.743  60.281 0.0000000000
70339  30.339  -19.457  58.725 0.0000000000
64546  32.131  -24.482  68.057 0.0000000000
85365  51.114  -7.016  44.520 0.0000000000
84215  47.715  -7.756  46.346 0.0000000000
83068  49.981  -8.680  45.105 0.0000000000
80837  40.449  -10.451  49.184 0.0000000000
80817  41.267  -10.953  50.101 0.0000000000
80818  40.265  -11.083  50.146 0.0000000000
65802  29.368  -23.683  65.622 0.0000000000
65825  29.807  -23.798  64.872 0.0000000000
64621  29.882  -24.322  65.012 0.0000000000
83034  38.864  -8.750  49.466 0.0000000000
84183  39.327  -8.023  49.451 0.0000000000
81924  39.691  -9.588  48.983 0.0000000000
81936  40.672  -9.794  48.529 0.0000000000
45608  3.341  -40.782  77.410 0.0000000000
79706  33.976  -11.301  54.484 0.0000000000
79707  33.654  -11.734  54.738 0.0000000000
71574  30.511  -18.213  55.704 0.0000000000
71572  32.469  -18.428  55.326 0.0000000000
71558  31.902  -19.185  56.071 0.0000000000
70346  33.580  -19.540  57.425 0.0000000000
70347  32.574  -19.725  57.667 0.0000000000
55360  11.118  -32.119  68.842 0.0000000000
54105  12.448  -33.892  69.286 0.0000000000
54107  10.800  -33.415  69.549 0.0000000000
54085  10.409  -34.037  70.059 0.0000000000
54108  9.939  -33.275  69.653 0.0000000000
67000  24.029  -22.001  67.548 0.0000000000
65783  23.964  -22.906  66.111 0.0000000000
68168  23.292  -21.959  66.229 0.0000000000
57778  19.050  -29.828  69.305 0.0000000000
73779  25.644  -16.343  64.944 0.0000000000
72563  31.688  -18.367  63.567 0.0000000000
76343  29.970  -14.429  56.809 0.0000000000
76299  28.996  -14.042  57.739 0.0000000000
57804  17.572  -30.069  65.888 0.0000000000
57796  17.099  -30.701  66.322 0.0000000000
57806  16.515  -29.748  65.904 0.0000000000
58896  14.726  -29.964  66.821 0.0000000000
58886  13.331  -29.895  67.465 0.0000000000
57791  12.767  -30.574  67.462 0.0000000000
67002  19.961  -22.675  67.159 0.0000000000
62296  17.795  -26.493  66.559 0.0000000000
62295  18.204  -26.362  66.142 0.0000000000
61139  18.177  -27.846  65.507 0.0000000000
60008  18.616  -29.208  65.885 0.0000000000
70222  27.599  -19.700  65.363 0.0000000000
69204  29.120  -20.560  65.307 0.0000000000
67051  31.717  -22.751  63.936 0.0000000000
68200  30.658  -21.753  63.320 0.0000000000
67060  31.878  -22.227  63.589 0.0000000000
68197  33.096  -21.236  63.918 0.0000000000
67049  33.299  -22.116  64.731 0.0000000000
85318  41.467  -6.766  49.120 0.0000000000
85330  44.040  -6.497  48.068 0.0000000000
84193  43.123  -7.222  47.829 0.0000000000
80873  42.906  -10.388  48.002 0.0000000000
81948  43.696  -9.677  47.386 0.0000000000
80853  44.220  -10.803  48.506 0.0000000000
81896  36.159  -9.898  51.333 0.0000000000
80800  36.700  -10.608  50.658 0.0000000000
80801  35.916  -10.725  51.175 0.0000000000
77558  34.959  -13.711  52.594 0.0000000000
77577  35.812  -13.212  52.134 0.0000000000
77557  36.148  -14.104  52.684 0.0000000000
76378  36.655  -15.013  53.492 0.0000000000
75160  36.471  -15.705  53.928 0.0000000000
76357  32.068  -13.750  55.093 0.0000000000
77540  32.511  -13.337  54.551 0.0000000000
76370  31.925  -14.512  54.754 0.0000000000
72707  34.484  -17.901  55.354 0.0000000000
72724  33.968  -17.244  54.543 0.0000000000
72706  35.624  -17.400  55.232 0.0000000000
73899  36.471  -16.875  55.144 0.0000000000
62272  27.955  -27.021  67.434 0.0000000000
62271  28.564  -26.846  68.052 0.0000000000
81863  36.449  -9.000  53.601 0.0000000000
82997  36.564  -8.864  52.607 0.0000000000
83014  37.186  -8.716  51.103 0.0000000000
55340  15.485  -32.728  68.836 0.0000000000
54102  15.124  -33.277  69.236 0.0000000000
52916  10.458  -35.442  72.600 0.0000000000
52904  11.323  -35.408  73.497 0.0000000000
51821  10.237  -35.752  73.099 0.0000000000
51822  9.653  -35.768  72.660 0.0000000000
56573  7.143  -31.258  71.319 0.0000000000
55327  7.766  -32.810  70.051 0.0000000000
55329  6.362  -32.733  70.787 0.0000000000
50848  4.953  -35.860  71.763 0.0000000000
51844  5.584  -35.455  71.417 0.0000000000
50846  6.283  -36.444  71.967 0.0000000000
50837  7.215  -36.637  72.953 0.0000000000
50829  6.197  -37.067  72.918 0.0000000000
49873  6.332  -37.369  73.867 0.0000000000
49885  5.571  -37.363  73.175 0.0000000000
50816  2.848  -37.366  74.929 0.0000000000
48923  3.554  -38.452  74.427 0.0000000000
48924  2.780  -38.288  74.872 0.0000000000
47818  3.118  -39.736  75.354 0.0000000000
48916  2.338  -38.467  75.746 0.0000000000
64548  27.046  -24.210  67.699 0.0000000000
65757  27.792  -24.401  67.145 0.0000000000
64559  26.977  -24.652  66.737 0.0000000000
64575  27.100  -25.270  66.255 0.0000000000
64576  26.038  -24.936  66.130 0.0000000000
62291  23.939  -25.432  66.514 0.0000000000
62290  24.517  -25.890  66.429 0.0000000000
62275  23.936  -25.665  67.154 0.0000000000
64605  20.303  -24.694  65.658 0.0000000000
64604  21.272  -24.497  65.685 0.0000000000
63439  20.888  -25.579  66.163 0.0000000000
62257  20.972  -26.595  68.566 0.0000000000
78681  39.299  -12.974  52.078 0.0000000000
78692  40.397  -12.393  51.701 0.0000000000
78671  40.698  -13.311  53.084 0.0000000000
75070  26.423  -15.457  59.632 0.0000000000
75084  27.337  -15.313  58.504 0.0000000000
72648  26.923  -17.057  59.131 0.0000000000
70258  27.426  -19.889  63.493 0.0000000000
71428  26.093  -19.116  63.291 0.0000000000
71454  27.634  -19.324  61.941 0.0000000000
72633  30.937  -18.129  61.599 0.0000000000
71498  29.329  -18.657  60.648 0.0000000000
71497  30.537  -18.390  61.146 0.0000000000
71526  29.712  -18.992  58.935 0.0000000000
71511  31.862  -18.827  60.461 0.0000000000
70313  32.835  -19.166  60.352 0.0000000000
63416  31.118  -24.984  67.727 0.0000000000
85351  50.264  -6.498  46.060 0.0000000000
84204  45.849  -7.930  46.682 0.0000000000
84203  46.860  -7.545  46.707 0.0000000000
83061  47.331  -8.802  46.103 0.0000000000
81967  49.592  -9.670  45.541 0.0000000000
80887  50.849  -9.844  45.344 0.0000000000
61129  16.729  -28.190  66.601 0.0000000000
60010  16.389  -28.821  66.299 0.0000000000
80835  42.303  -10.779  49.288 0.0000000000
81909  43.856  -10.305  50.741 0.0000000000
80816  42.249  -10.843  50.164 0.0000000000
68181  30.010  -21.714  65.748 0.0000000000
68192  30.000  -21.552  64.803 0.0000000000
67052  30.247  -22.876  64.310 0.0000000000
65837  30.720  -23.053  64.087 0.0000000000
65801  31.620  -23.888  65.168 0.0000000000
85297  40.590  -6.393  51.493 0.0000000000
84170  40.019  -6.840  50.676 0.0000000000
84182  40.448  -7.376  49.114 0.0000000000
84181  41.166  -7.234  48.814 0.0000000000
84208  42.029  -7.997  47.851 0.0000000000
83041  41.581  -8.656  48.031 0.0000000000
81935  41.636  -9.597  48.075 0.0000000000
48892  4.653  -38.865  77.371 0.0000000000
80772  35.024  -10.086  53.643 0.0000000000
79726  35.082  -11.392  51.868 0.0000000000
80784  34.463  -10.702  53.172 0.0000000000
78672  34.245  -12.524  52.658 0.0000000000
77559  33.842  -13.594  53.099 0.0000000000
75136  31.139  -15.191  55.398 0.0000000000
73917  31.985  -16.306  54.683 0.0000000000
72726  32.161  -16.941  54.696 0.0000000000
71571  33.594  -18.500  55.567 0.0000000000
71555  34.635  -18.699  56.490 0.0000000000
70345  34.306  -19.248  57.064 0.0000000000
70335  34.699  -19.413  58.147 0.0000000000
61084  25.694  -27.479  69.391 0.0000000000
54127  13.863  -33.465  68.561 0.0000000000
54103  14.475  -33.910  69.409 0.0000000000
54104  13.514  -34.054  69.161 0.0000000000
52947  12.605  -34.759  70.307 0.0000000000
52929  12.392  -35.157  71.365 0.0000000000
52931  10.671  -34.855  71.664 0.0000000000
52951  9.040  -34.606  70.602 0.0000000000
55316  5.573  -32.722  72.303 0.0000000000
52919  4.588  -34.366  72.606 0.0000000000
51827  4.004  -35.495  72.693 0.0000000000
50830  4.160  -37.002  73.035 0.0000000000
51792  3.387  -35.744  74.219 0.0000000000
51782  3.316  -35.794  75.313 0.0000000000
50802  3.034  -36.432  75.792 0.0000000000
64561  25.679  -23.752  67.598 0.0000000000
64600  25.109  -24.760  65.814 0.0000000000
64578  24.594  -23.652  66.081 0.0000000000
63455  23.690  -24.506  65.718 0.0000000000
64579  22.921  -24.476  65.902 0.0000000000
61113  19.990  -27.759  66.881 0.0000000000
61112  20.297  -27.278  67.096 0.0000000000
59990  19.797  -28.546  68.263 0.0000000000
77539  39.291  -14.105  53.912 0.0000000000
75035  25.583  -16.014  61.973 0.0000000000
70256  30.855  -19.330  62.712 0.0000000000
71452  29.913  -18.914  62.221 0.0000000000
72581  30.959  -18.511  62.747 0.0000000000
72599  31.391  -17.905  62.519 0.0000000000
85339  48.973  -6.201  46.837 0.0000000000
45611  0.772  -41.491  77.267 0.0000000000
76339  32.408  -12.351  57.154 0.0000000000
76340  32.037  -13.109  56.384 0.0000000000
76341  31.300  -14.170  56.227 0.0000000000
75118  30.567  -15.107  55.898 0.0000000000
73884  30.054  -16.158  55.841 0.0000000000
72692  28.980  -17.321  56.428 0.0000000000
56600  17.892  -31.086  68.758 0.0000000000
56593  17.418  -31.578  69.381 0.0000000000
56601  17.385  -31.466  68.187 0.0000000000
56602  16.562  -31.920  68.085 0.0000000000
55373  15.306  -32.188  67.569 0.0000000000
57798  15.097  -30.377  66.559 0.0000000000
56619  14.665  -31.073  66.676 0.0000000000
55374  14.609  -32.271  67.469 0.0000000000
55376  12.832  -32.105  67.639 0.0000000000
56603  11.971  -31.454  68.144 0.0000000000
57783  11.112  -31.076  68.695 0.0000000000
68170  21.866  -21.555  66.503 0.0000000000
67021  20.891  -22.109  66.549 0.0000000000
65785  19.708  -23.461  66.363 0.0000000000
64606  19.575  -24.916  65.708 0.0000000000
64563  18.415  -24.692  67.243 0.0000000000
63459  19.111  -25.655  65.802 0.0000000000
62308  19.585  -26.535  65.784 0.0000000000
60007  19.133  -28.621  65.997 0.0000000000
58883  18.874  -29.733  67.620 0.0000000000
71365  26.453  -18.600  66.640 0.0000000000
72545  25.837  -17.823  66.174 0.0000000000
71382  26.912  -19.352  65.406 0.0000000000
70238  27.579  -19.896  64.425 0.0000000000
70257  28.147  -20.125  63.239 0.0000000000
68201  29.986  -21.493  63.800 0.0000000000
68211  30.170  -21.121  63.038 0.0000000000
69237  30.435  -20.533  62.692 0.0000000000
69222  32.077  -20.609  63.103 0.0000000000
69211  33.339  -20.289  64.183 0.0000000000
86480  45.382  -5.634  48.382 0.0000000000
85343  45.288  -6.999  47.316 0.0000000000
83051  45.160  -8.824  46.853 0.0000000000
83053  43.024  -8.692  47.420 0.0000000000
81947  44.768  -9.717  47.182 0.0000000000
81910  38.022  -9.476  49.835 0.0000000000
79752  38.876  -11.384  50.424 0.0000000000
79753  38.103  -11.279  50.425 0.0000000000
78695  37.886  -12.375  51.280 0.0000000000
78682  38.307  -13.029  51.846 0.0000000000
78685  35.542  -12.288  51.714 0.0000000000
77576  36.778  -13.488  52.200 0.0000000000
77555  38.106  -14.083  52.966 0.0000000000
76376  38.342  -14.307  53.486 0.0000000000
76355  38.434  -15.295  55.231 0.0000000000
78642  32.829  -12.641  54.879 0.0000000000
77560  32.964  -13.581  53.710 0.0000000000
76380  34.386  -14.653  53.104 0.0000000000
73915  33.520  -16.355  54.068 0.0000000000
73925  34.099  -16.247  53.798 0.0000000000
73923  35.237  -16.066  53.672 0.0000000000
73912  36.280  -16.451  54.452 0.0000000000
63432  28.467  -25.750  66.293 0.0000000000
63449  30.046  -25.297  66.164 0.0000000000
63431  29.533  -25.742  66.859 0.0000000000
63406  29.814  -26.174  68.572 0.0000000000
83013  37.846  -7.983  51.463 0.0000000000
83023  37.981  -8.482  50.313 0.0000000000
57773  9.654  -30.690  69.604 0.0000000000
57762  9.102  -30.416  70.442 0.0000000000
56597  8.879  -31.846  69.690 0.0000000000
55345  8.625  -32.680  69.812 0.0000000000
54087  8.462  -33.735  70.027 0.0000000000
52952  7.947  -34.753  70.579 0.0000000000
52954  6.029  -34.353  70.809 0.0000000000
51857  7.439  -35.262  70.919 0.0000000000
51842  7.985  -35.612  71.464 0.0000000000
51806  8.176  -36.427  73.162 0.0000000000
50826  8.444  -36.665  73.997 0.0000000000
49864  5.834  -37.854  75.558 0.0000000000
49875  4.658  -38.131  74.052 0.0000000000
48922  4.504  -38.700  74.675 0.0000000000
48915  4.855  -38.920  75.519 0.0000000000
47817  4.161  -39.653  75.610 0.0000000000
46731  3.299  -40.313  76.011 0.0000000000
46719  2.572  -40.811  76.518 0.0000000000
48905  1.791  -38.490  76.601 0.0000000000
46733  1.775  -39.867  76.172 0.0000000000
46720  1.517  -40.678  76.586 0.0000000000
65803  28.821  -24.473  65.776 0.0000000000
65779  28.556  -24.286  66.412 0.0000000000
64574  28.203  -25.070  66.023 0.0000000000
63433  27.349  -25.912  66.146 0.0000000000
62287  27.529  -26.716  66.675 0.0000000000
61123  26.648  -27.162  66.881 0.0000000000
62305  25.137  -25.964  65.886 0.0000000000
62289  25.334  -26.558  66.561 0.0000000000
61111  25.551  -27.041  67.532 0.0000000000
65807  21.569  -23.427  65.463 0.0000000000
64580  22.045  -24.683  65.996 0.0000000000
63420  22.495  -25.123  67.332 0.0000000000
62277  20.770  -26.535  67.667 0.0000000000
63421  21.742  -25.496  67.718 0.0000000000
63408  22.433  -25.445  68.168 0.0000000000
79737  40.487  -11.864  51.177 0.0000000000
76300  28.129  -14.685  58.033 0.0000000000
73870  28.110  -16.409  57.409 0.0000000000
71542  28.685  -18.798  57.222 0.0000000000
72564  25.358  -17.822  63.950 0.0000000000
72582  25.301  -17.542  62.775 0.0000000000
72619  25.877  -17.587  60.803 0.0000000000
71477  28.470  -18.852  61.291 0.0000000000
71478  27.255  -18.833  61.124 0.0000000000
72634  26.622  -17.576  59.785 0.0000000000
71515  27.932  -18.429  59.178 0.0000000000
71527  28.811  -18.805  58.458 0.0000000000
70349  30.585  -19.905  57.820 0.0000000000
70337  32.337  -19.656  58.649 0.0000000000
64573  30.620  -24.975  66.343 0.0000000000
64571  31.796  -24.076  66.047 0.0000000000
65776  32.287  -23.624  65.900 0.0000000000
65753  33.132  -23.239  67.319 0.0000000000
67014  33.451  -22.623  66.605 0.0000000000
87701  51.186  -5.339  44.700 0.0000000000
85340  48.163  -6.439  47.087 0.0000000000
85353  48.497  -7.053  46.620 0.0000000000
81969  48.375  -9.152  45.744 0.0000000000
83059  48.667  -8.328  45.777 0.0000000000
84213  49.438  -7.540  45.891 0.0000000000
84223  50.561  -7.873  44.762 0.0000000000
84232  51.177  -7.627  44.335 0.0000000000
80838  39.542  -10.442  49.520 0.0000000000
45609  2.862  -41.139  77.202 0.0000000000
71573  31.251  -18.432  55.553 0.0000000000
70363  31.691  -19.656  56.971 0.0000000000
55342  11.310  -32.899  69.111 0.0000000000
68153  23.451  -21.604  67.007 0.0000000000
57770  18.628  -30.429  69.881 0.0000000000
73770  25.709  -16.793  65.779 0.0000000000
58902  17.529  -29.398  65.649 0.0000000000
57805  16.920  -29.949  65.799 0.0000000000
58903  16.807  -29.244  65.767 0.0000000000
61140  17.496  -27.864  65.754 0.0000000000
62310  17.803  -27.243  65.841 0.0000000000
60020  17.438  -28.578  65.635 0.0000000000
70221  28.545  -20.082  65.526 0.0000000000
65822  31.890  -23.020  64.238 0.0000000000
67050  32.462  -22.511  64.194 0.0000000000
68191  33.028  -21.792  64.104 0.0000000000
85333  41.948  -6.880  48.688 0.0000000000
85305  41.976  -6.163  49.632 0.0000000000
85317  42.341  -6.392  49.057 0.0000000000
85316  42.942  -6.387  48.666 0.0000000000
85331  43.234  -6.818  48.049 0.0000000000
80854  43.346  -10.711  48.506 0.0000000000
80833  44.040  -10.756  49.348 0.0000000000
80832  44.921  -10.739  49.410 0.0000000000
49851  5.772  -37.808  76.597 0.0000000000
80782  35.551  -10.178  51.672 0.0000000000
72690  34.693  -18.283  55.983 0.0000000000
61109  27.129  -27.322  67.638 0.0000000000
61108  27.820  -27.254  68.117 0.0000000000
81875  36.561  -9.099  51.717 0.0000000000
52932  9.652  -35.089  71.635 0.0000000000
52917  9.843  -35.470  72.221 0.0000000000
56574  6.606  -31.996  71.103 0.0000000000
50847  5.594  -36.259  71.777 0.0000000000
50839  5.723  -36.874  72.427 0.0000000000
49891  5.195  -37.108  72.660 0.0000000000
49877  2.833  -37.748  74.832 0.0000000000
49865  2.606  -37.785  75.335 0.0000000000
47827  2.575  -38.808  75.222 0.0000000000
49852  2.326  -37.760  76.268 0.0000000000
64549  26.356  -23.897  68.168 0.0000000000
62255  23.932  -25.854  68.111 0.0000000000
63407  23.255  -25.388  67.751 0.0000000000
62307  20.352  -26.007  65.929 0.0000000000
63457  20.666  -25.247  65.802 0.0000000000
77572  40.232  -13.441  53.046 0.0000000000
75048  25.867  -15.655  61.201 0.0000000000
76260  26.246  -15.030  60.741 0.0000000000
75057  26.124  -15.606  60.309 0.0000000000
73841  26.817  -16.395  59.065 0.0000000000
73842  26.368  -16.346  59.681 0.0000000000
70281  28.093  -19.819  62.604 0.0000000000
70282  27.041  -19.625  62.731 0.0000000000
72632  31.111  -18.193  61.440 0.0000000000
71496  31.518  -18.441  61.092 0.0000000000
71512  31.145  -18.767  60.273 0.0000000000
71495  32.382  -18.734  60.912 0.0000000000
83062  46.492  -8.740  46.390 0.0000000000
84217  46.521  -8.075  46.485 0.0000000000
61115  16.807  -27.898  67.338 0.0000000000
61100  16.897  -27.649  68.430 0.0000000000
61114  17.237  -27.069  67.596 0.0000000000
80815  43.121  -10.667  50.132 0.0000000000
80798  41.058  -11.318  50.749 0.0000000000
80797  42.157  -10.986  51.091 0.0000000000
67053  29.979  -22.694  64.766 0.0000000000
64620  30.285  -24.076  64.735 0.0000000000
65824  30.405  -23.303  64.384 0.0000000000
64619  30.693  -23.770  64.499 0.0000000000
65823  31.210  -23.340  64.255 0.0000000000
84162  39.282  -7.157  51.289 0.0000000000
84171  39.340  -7.448  50.130 0.0000000000
83033  39.855  -8.443  48.851 0.0000000000
84196  40.899  -7.785  48.562 0.0000000000
83042  40.748  -8.469  48.434 0.0000000000
80857  40.978  -10.398  48.856 0.0000000000
80856  41.520  -10.404  48.621 0.0000000000
47810  4.385  -39.627  76.770 0.0000000000
79718  33.538  -11.823  54.132 0.0000000000
79717  33.913  -11.496  53.429 0.0000000000
73901  31.346  -16.489  55.052 0.0000000000
72710  31.730  -17.624  55.061 0.0000000000
71556  33.885  -18.887  56.176 0.0000000000
70360  34.120  -19.073  56.575 0.0000000000
70361  33.633  -19.326  56.625 0.0000000000
70323  34.347  -19.592  59.356 0.0000000000
81864  35.732  -9.548  54.172 0.0000000000
55358  13.262  -32.885  67.983 0.0000000000
54128  13.009  -33.483  68.579 0.0000000000
52928  13.068  -35.303  70.978 0.0000000000
52948  11.767  -34.591  70.678 0.0000000000
52949  10.946  -34.483  70.798 0.0000000000
52950  10.035  -34.511  70.780 0.0000000000
52906  4.260  -34.459  73.543 0.0000000000
51808  4.140  -35.025  72.816 0.0000000000
51809  3.725  -35.478  73.252 0.0000000000
52907  3.800  -34.960  74.081 0.0000000000
65741  24.889  -22.841  68.497 0.0000000000
65758  25.289  -23.304  68.088 0.0000000000
65781  25.101  -23.485  67.267 0.0000000000
64577  25.215  -24.015  66.467 0.0000000000
65782  24.525  -23.182  66.630 0.0000000000
65805  23.541  -23.212  65.676 0.0000000000
65804  24.216  -23.386  65.954 0.0000000000
59999  19.742  -28.345  67.105 0.0000000000
59998  20.029  -27.827  67.195 0.0000000000
75034  25.982  -15.462  62.351 0.0000000000
73802  25.428  -16.485  62.426 0.0000000000
70255  31.576  -19.508  63.080 0.0000000000
71451  30.632  -18.880  62.544 0.0000000000
71427  31.114  -18.796  62.950 0.0000000000
72562  32.099  -18.069  64.112 0.0000000000
72580  31.360  -18.199  63.163 0.0000000000
72579  32.042  -17.705  63.298 0.0000000000
75100  29.156  -15.001  56.828 0.0000000000
75119  29.585  -15.219  56.478 0.0000000000
73885  29.319  -16.436  56.266 0.0000000000
57780  17.972  -30.869  68.022 0.0000000000
56608  16.897  -31.443  67.199 0.0000000000
56609  15.946  -31.753  67.254 0.0000000000
60011  16.014  -28.940  66.847 0.0000000000
58894  16.213  -29.497  66.075 0.0000000000
58895  15.507  -29.518  66.768 0.0000000000
57799  14.209  -30.408  66.840 0.0000000000
56620  13.968  -31.027  66.784 0.0000000000
56611  14.230  -31.639  67.016 0.0000000000
55375  13.739  -32.249  67.429 0.0000000000
56612  13.361  -31.317  67.148 0.0000000000
57781  12.125  -30.657  67.944 0.0000000000
57782  11.461  -30.706  68.520 0.0000000000
56604  11.419  -31.555  68.548 0.0000000000
57771  11.229  -30.409  68.831 0.0000000000
68155  21.823  -21.174  67.441 0.0000000000
68156  21.107  -21.531  67.609 0.0000000000
65809  19.842  -24.224  65.762 0.0000000000
64582  19.239  -24.413  66.007 0.0000000000
62309  18.522  -26.711  65.813 0.0000000000
63440  18.383  -25.940  66.274 0.0000000000
58893  18.660  -29.608  66.534 0.0000000000
57779  18.517  -30.404  68.619 0.0000000000
71364  27.086  -19.199  66.030 0.0000000000
70237  28.173  -20.058  64.819 0.0000000000
69225  28.000  -20.117  63.787 0.0000000000
69224  28.663  -20.385  63.581 0.0000000000
67063  30.126  -22.068  64.263 0.0000000000
69212  29.501  -20.960  64.658 0.0000000000
68199  31.473  -21.535  63.121 0.0000000000
69238  29.501  -20.525  62.882 0.0000000000
69236  31.223  -20.580  62.738 0.0000000000
69220  33.350  -20.835  64.108 0.0000000000
69221  32.858  -20.553  63.703 0.0000000000
85296  41.215  -6.045  51.135 0.0000000000
86481  44.458  -5.837  48.523 0.0000000000
85344  44.332  -7.000  47.587 0.0000000000
83054  42.127  -8.527  47.748 0.0000000000
84207  42.468  -7.934  47.749 0.0000000000
81911  37.352  -10.051  50.190 0.0000000000
80820  38.344  -10.551  50.016 0.0000000000
80821  37.545  -10.834  50.349 0.0000000000
79741  36.451  -11.467  51.023 0.0000000000
79740  37.407  -11.572  50.746 0.0000000000
78683  37.347  -12.949  51.712 0.0000000000
77575  37.738  -13.589  52.310 0.0000000000
76377  37.744  -14.586  53.538 0.0000000000
76367  37.530  -15.303  54.347 0.0000000000
76356  37.768  -15.627  54.957 0.0000000000
78641  33.231  -11.980  55.571 0.0000000000
76369  32.416  -14.444  54.151 0.0000000000
76382  32.942  -14.363  53.690 0.0000000000
76381  33.460  -14.464  53.399 0.0000000000
73916  32.563  -16.301  54.395 0.0000000000
72723  34.945  -17.192  54.664 0.0000000000
73914  34.466  -16.683  54.120 0.0000000000
73924  34.670  -16.177  53.712 0.0000000000
75150  36.194  -16.132  54.113 0.0000000000
62252  28.881  -26.833  69.019 0.0000000000
62270  29.323  -26.438  68.386 0.0000000000
84150  38.627  -7.454  51.908 0.0000000000
83024  37.369  -9.221  50.362 0.0000000000
55324  17.067  -32.015  70.329 0.0000000000
52967  14.442  -34.306  69.970 0.0000000000
52903  11.978  -35.327  73.262 0.0000000000
58863  10.455  -30.099  69.595 0.0000000000
57753  7.789  -31.115  70.678 0.0000000000
57752  8.397  -30.567  70.937 0.0000000000
57763  8.562  -31.101  70.068 0.0000000000
57774  9.139  -31.290  69.651 0.0000000000
56583  8.140  -31.948  69.991 0.0000000000
54074  5.428  -33.407  71.638 0.0000000000
54090  5.729  -33.815  70.955 0.0000000000
52936  5.388  -34.494  71.345 0.0000000000
51843  6.661  -35.780  71.399 0.0000000000
52935  6.060  -34.989  71.043 0.0000000000
51823  8.598  -35.970  72.520 0.0000000000
50827  7.591  -36.720  73.581 0.0000000000
50813  7.845  -36.849  74.460 0.0000000000
49863  6.697  -37.327  75.052 0.0000000000
50831  3.651  -36.702  73.418 0.0000000000
49886  4.447  -37.507  73.425 0.0000000000
48929  4.188  -38.158  74.057 0.0000000000
46732  2.429  -40.209  75.942 0.0000000000
49853  1.981  -37.877  76.888 0.0000000000
49842  1.570  -37.801  77.370 0.0000000000
48893  0.844  -38.378  77.471 0.0000000000
47811  1.007  -39.482  76.878 0.0000000000
63434  26.406  -25.789  65.960 0.0000000000
64599  25.483  -25.179  65.820 0.0000000000
63453  25.090  -25.351  65.740 0.0000000000
62274  24.533  -26.294  67.299 0.0000000000
62273  25.116  -26.746  67.435 0.0000000000
61096  25.393  -27.197  68.434 0.0000000000
67020  21.522  -21.938  66.224 0.0000000000
67038  21.878  -22.266  65.744 0.0000000000
64581  21.548  -24.926  66.010 0.0000000000
62237  21.276  -26.545  69.213 0.0000000000
62276  21.261  -26.009  68.125 0.0000000000
62256  21.491  -26.150  68.787 0.0000000000
63409  21.812  -25.758  68.453 0.0000000000
79751  39.761  -11.482  50.525 0.0000000000
77484  28.630  -13.773  58.485 0.0000000000
76301  27.515  -14.698  58.661 0.0000000000
73855  27.283  -16.375  58.468 0.0000000000
73854  27.721  -16.430  57.891 0.0000000000
72676  28.274  -17.195  57.150 0.0000000000
71543  28.240  -17.867  57.424 0.0000000000
71383  26.162  -18.892  65.187 0.0000000000
72546  25.468  -17.702  65.098 0.0000000000
71406  25.760  -18.680  64.039 0.0000000000
71429  25.547  -18.511  63.035 0.0000000000
71456  25.473  -18.206  61.978 0.0000000000
71480  25.605  -17.755  61.340 0.0000000000
71479  26.195  -18.298  61.100 0.0000000000
71453  28.815  -19.163  62.020 0.0000000000
71476  29.838  -18.532  61.681 0.0000000000
71500  27.016  -18.349  60.100 0.0000000000
71516  27.190  -17.842  59.356 0.0000000000
70327  30.274  -19.039  59.220 0.0000000000
71541  29.616  -19.395  57.917 0.0000000000
70338  31.255  -19.728  58.745 0.0000000000
70348  31.575  -19.903  57.847 0.0000000000
70324  33.161  -19.462  59.500 0.0000000000
63430  30.306  -25.343  66.729 0.0000000000
64558  30.670  -25.123  66.924 0.0000000000
64547  31.436  -24.808  67.829 0.0000000000
64557  31.194  -24.769  67.128 0.0000000000
64556  31.882  -24.212  66.675 0.0000000000
65754  32.529  -23.786  67.061 0.0000000000
86504  50.900  -6.008  45.504 0.0000000000
86508  51.097  -6.242  44.731 0.0000000000
85373  51.405  -6.808  44.075 0.0000000000
85328  45.825  -6.234  47.771 0.0000000000
84202  47.424  -7.272  46.763 0.0000000000
85341  47.305  -6.736  47.111 0.0000000000
85354  47.832  -7.059  46.819 0.0000000000
83069  49.033  -8.577  45.571 0.0000000000
84225  49.246  -7.936  45.720 0.0000000000
84224  49.804  -7.819  45.446 0.0000000000
64596  30.222  -24.700  65.444 0.0000000000
84172  38.769  -8.054  49.884 0.0000000000
84184  38.982  -8.276  49.604 0.0000000000
83043  40.173  -9.180  48.612 0.0000000000
81923  40.199  -9.884  48.794 0.0000000000
46718  3.457  -40.625  76.862 0.0000000000
80773  34.432  -10.651  54.100 0.0000000000
80762  34.568  -10.864  55.057 0.0000000000
72711  30.844  -17.540  55.387 0.0000000000
70362  32.750  -19.555  56.743 0.0000000000
55341  11.867  -33.249  69.098 0.0000000000
54106  11.587  -33.629  69.505 0.0000000000
54084  11.239  -34.077  70.078 0.0000000000
67018  24.356  -22.594  67.258 0.0000000000
67019  23.900  -22.359  66.634 0.0000000000
67036  23.502  -22.486  65.944 0.0000000000
67037  22.911  -22.521  65.630 0.0000000000
58871  19.069  -29.677  68.440 0.0000000000
58870  19.454  -29.210  68.818 0.0000000000
73789  25.601  -16.169  64.058 0.0000000000
71403  32.283  -18.824  64.108 0.0000000000
71404  31.826  -18.753  63.694 0.0000000000
76321  30.417  -13.802  57.299 0.0000000000
76322  29.376  -14.494  57.101 0.0000000000
76323  28.740  -14.618  57.435 0.0000000000
57795  17.990  -30.309  66.449 0.0000000000
57788  17.665  -30.932  67.213 0.0000000000
57797  16.114  -30.266  66.191 0.0000000000
58885  14.258  -29.701  67.370 0.0000000000
57789  13.798  -30.079  67.144 0.0000000000
57790  13.473  -30.474  67.112 0.0000000000
65760  19.112  -23.277  67.628 0.0000000000
63423  17.898  -25.858  67.283 0.0000000000
63441  18.068  -25.919  66.738 0.0000000000
60018  18.667  -28.223  65.569 0.0000000000
60019  18.282  -28.808  65.550 0.0000000000
58901  18.182  -29.647  65.848 0.0000000000
70212  27.974  -19.614  66.273 0.0000000000
69213  28.797  -20.479  64.549 0.0000000000
67061  31.161  -22.490  63.645 0.0000000000
68198  32.480  -21.537  63.557 0.0000000000
68190  33.479  -21.373  64.390 0.0000000000
85306  41.424  -6.141  50.116 0.0000000000
86462  42.162  -5.697  50.297 0.0000000000
86482  43.619  -6.113  48.605 0.0000000000
85345  43.752  -6.945  47.781 0.0000000000
84206  43.470  -7.584  47.577 0.0000000000
80872  43.491  -10.400  47.850 0.0000000000
80852  45.186  -10.845  48.513 0.0000000000
77578  35.065  -12.769  52.213 0.0000000000
76368  36.862  -15.511  54.058 0.0000000000
72708  33.340  -17.843  54.983 0.0000000000
72722  35.489  -17.072  54.719 0.0000000000
73900  35.805  -17.023  54.802 0.0000000000
72705  36.101  -17.283  55.380 0.0000000000
81862  37.171  -8.595  53.731 0.0000000000
82983  36.971  -8.548  53.158 0.0000000000
82996  37.184  -8.363  52.299 0.0000000000
55339  16.213  -32.296  69.044 0.0000000000
55325  16.357  -32.457  70.102 0.0000000000
55326  15.684  -32.905  69.704 0.0000000000
52905  10.651  -35.655  73.776 0.0000000000
51805  9.299  -36.333  73.607 0.0000000000
56584  7.298  -31.913  70.431 0.0000000000
55328  6.928  -32.856  70.326 0.0000000000
54089  6.396  -33.638  70.568 0.0000000000
52937  4.788  -34.692  71.876 0.0000000000
51825  6.769  -36.308  72.039 0.0000000000
50838  6.641  -36.688  72.537 0.0000000000
50828  6.753  -36.945  73.333 0.0000000000
49876  3.222  -37.566  74.305 0.0000000000
48930  3.804  -37.850  73.930 0.0000000000
47826  2.935  -39.041  74.923 0.0000000000
48917  2.073  -38.896  76.050 0.0000000000
63435  24.227  -25.392  66.099 0.0000000000
62306  24.678  -25.537  65.926 0.0000000000
62254  24.606  -26.664  68.331 0.0000000000
65808  20.545  -23.702  65.660 0.0000000000
63456  21.215  -25.134  65.981 0.0000000000
59972  20.377  -28.111  69.863 0.0000000000
61087  20.767  -27.213  69.304 0.0000000000
78694  38.866  -12.469  51.416 0.0000000000
78693  39.849  -12.469  51.569 0.0000000000
78680  40.545  -12.867  52.345 0.0000000000
76259  26.894  -14.345  60.670 0.0000000000
76278  26.985  -14.748  59.353 0.0000000000
75069  26.780  -15.764  59.049 0.0000000000
72660  27.358  -17.079  58.535 0.0000000000
70259  26.624  -19.518  63.462 0.0000000000
70283  26.470  -19.404  62.913 0.0000000000
72617  30.675  -18.154  61.855 0.0000000000
71475  30.349  -18.333  61.607 0.0000000000
71514  28.995  -18.809  59.542 0.0000000000
71513  30.125  -18.813  59.878 0.0000000000
70326  30.855  -19.156  59.421 0.0000000000
70325  31.970  -19.234  59.713 0.0000000000
70314  32.278  -18.973  60.340 0.0000000000
63404  31.324  -25.070  68.352 0.0000000000
63403  31.761  -24.806  68.458 0.0000000000
85359  50.560  -6.974  45.316 0.0000000000
84216  46.965  -8.170  46.379 0.0000000000
80888  50.399  -10.000  45.530 0.0000000000
81966  50.593  -9.345  45.032 0.0000000000
83067  50.600  -8.647  44.746 0.0000000000
60009  16.972  -28.246  65.995 0.0000000000
60000  16.309  -28.492  67.048 0.0000000000
63411  17.730  -25.814  68.191 0.0000000000
62278  17.590  -26.353  67.625 0.0000000000
61128  17.228  -27.542  66.472 0.0000000000
80834  43.177  -10.809  49.292 0.0000000000
80796  43.148  -10.477  50.959 0.0000000000
65800  32.111  -23.307  64.743 0.0000000000
85319  40.994  -6.660  49.636 0.0000000000
84195  41.629  -7.614  48.306 0.0000000000
81950  41.936  -9.133  47.820 0.0000000000
81934  42.157  -9.944  47.973 0.0000000000
80855  42.390  -10.429  48.319 0.0000000000
48902  5.237  -38.385  76.970 0.0000000000
81877  35.556  -9.600  53.222 0.0000000000
80783  35.065  -10.376  52.439 0.0000000000
79727  34.444  -11.368  52.477 0.0000000000
75153  31.920  -15.423  54.637 0.0000000000
72709  32.528  -17.618  54.883 0.0000000000
71570  34.263  -18.476  55.897 0.0000000000
71554  35.335  -18.501  56.830 0.0000000000
71540  35.047  -18.918  57.294 0.0000000000
71525  35.484  -18.997  57.890 0.0000000000
70334  35.797  -19.267  58.521 0.0000000000
61095  26.362  -27.437  68.533 0.0000000000
61083  26.557  -27.563  69.516 0.0000000000
55357  14.208  -32.842  67.991 0.0000000000
54126  14.639  -33.199  68.668 0.0000000000
52969  13.243  -34.539  69.754 0.0000000000
52946  13.659  -34.963  70.526 0.0000000000
52930  11.558  -34.849  71.568 0.0000000000
54065  5.113  -33.342  72.663 0.0000000000
51826  4.391  -35.428  72.193 0.0000000000
50841  3.855  -35.994  72.623 0.0000000000
50815  3.096  -36.672  74.742 0.0000000000
64601  24.283  -24.044  65.729 0.0000000000
63436  23.590  -25.013  66.134 0.0000000000
61127  19.838  -27.511  66.266 0.0000000000
61126  20.253  -26.961  66.479 0.0000000000
59989  20.110  -27.886  67.761 0.0000000000
59980  20.232  -27.957  68.780 0.0000000000
59981  19.842  -28.641  69.299 0.0000000000
77553  39.742  -13.784  53.482 0.0000000000
75049  25.681  -15.846  61.724 0.0000000000
73817  25.709  -16.093  61.066 0.0000000000
70279  30.175  -19.692  62.486 0.0000000000
72600  30.718  -18.406  62.351 0.0000000000
72616  31.536  -17.938  61.796 0.0000000000
81945  46.399  -10.203  46.789 0.0000000000
81959  46.853  -9.877  46.535 0.0000000000
45610  1.909  -41.393  77.118 0.0000000000
77529  32.695  -11.862  56.302 0.0000000000
77520  32.234  -12.201  56.577 0.0000000000
75137  30.702  -15.950  55.490 0.0000000000
72691  29.875  -17.509  55.854 0.0000000000
71560  29.143  -18.239  56.398 0.0000000000
56592  18.088  -31.009  69.600 0.0000000000
56594  16.879  -31.855  68.850 0.0000000000
55355  15.778  -32.287  68.146 0.0000000000
56618  15.519  -31.105  66.574 0.0000000000
56610  15.051  -31.717  67.011 0.0000000000
56613  12.530  -31.346  67.641 0.0000000000
55377  12.336  -31.895  67.922 0.0000000000
56605  10.885  -31.436  68.846 0.0000000000
55361  10.658  -31.834  68.980 0.0000000000
68154  22.706  -21.184  67.248 0.0000000000
68171  21.376  -21.507  66.986 0.0000000000
67001  20.420  -22.080  67.838 0.0000000000
67022  20.218  -22.776  66.500 0.0000000000
65784  20.402  -22.918  66.058 0.0000000000
63458  19.936  -25.520  65.671 0.0000000000
63422  18.232  -25.427  66.906 0.0000000000
64583  18.719  -25.013  66.303 0.0000000000
64607  19.113  -24.984  65.827 0.0000000000
58892  19.235  -29.142  66.958 0.0000000000
70223  26.964  -19.510  64.951 0.0000000000
70239  26.771  -19.546  64.283 0.0000000000
69239  28.683  -20.165  62.885 0.0000000000
69223  29.368  -20.824  63.740 0.0000000000
68212  29.796  -20.963  63.330 0.0000000000
70278  30.866  -19.928  62.622 0.0000000000
70254  32.350  -19.883  63.474 0.0000000000
85329  44.876  -6.344  47.921 0.0000000000
83050  45.881  -8.944  46.544 0.0000000000
84194  42.709  -7.322  47.951 0.0000000000
83052  44.110  -8.712  47.192 0.0000000000
81946  45.868  -9.847  46.786 0.0000000000
80839  38.984  -10.455  49.752 0.0000000000
79739  38.421  -11.838  50.884 0.0000000000
77574  38.662  -13.571  52.508 0.0000000000
80802  35.285  -10.786  51.542 0.0000000000
79742  35.673  -11.469  51.332 0.0000000000
78697  36.192  -12.070  51.334 0.0000000000
78684  36.425  -12.750  51.658 0.0000000000
77554  38.896  -13.966  53.328 0.0000000000
76366  38.634  -14.544  54.148 0.0000000000
79694  33.548  -11.861  55.072 0.0000000000
78656  33.239  -12.206  54.566 0.0000000000
78657  32.870  -12.867  54.115 0.0000000000
78674  33.022  -13.016  53.772 0.0000000000
75152  32.899  -15.591  53.971 0.0000000000
75151  33.390  -15.867  53.841 0.0000000000
75163  33.787  -15.588  53.548 0.0000000000
75162  34.890  -15.568  53.344 0.0000000000
75161  35.802  -15.755  53.616 0.0000000000
75149  36.798  -16.027  54.476 0.0000000000
75135  37.117  -16.266  55.048 0.0000000000
63451  28.844  -25.093  65.806 0.0000000000
63450  29.409  -25.254  65.887 0.0000000000
62285  29.155  -26.305  67.644 0.0000000000
63418  29.765  -25.918  67.979 0.0000000000
57772  10.798  -30.684  69.006 0.0000000000
56595  10.295  -31.428  69.112 0.0000000000
56596  9.594  -31.673  69.403 0.0000000000
55344  9.414  -32.518  69.547 0.0000000000
54109  9.180  -33.249  69.774 0.0000000000
52933  8.632  -35.160  71.149 0.0000000000
55315  6.034  -32.519  71.643 0.0000000000
54073  5.906  -33.192  71.028 0.0000000000
52953  6.798  -34.698  70.642 0.0000000000
51856  7.863  -35.232  70.941 0.0000000000
52934  8.111  -35.211  70.984 0.0000000000
51841  9.020  -35.529  71.893 0.0000000000
51807  7.615  -36.523  73.003 0.0000000000
50825  9.117  -36.696  74.430 0.0000000000
48914  5.381  -38.478  76.011 0.0000000000
49892  4.932  -37.234  72.866 0.0000000000
48921  5.285  -38.462  75.173 0.0000000000
48903  4.822  -39.036  76.356 0.0000000000
46730  3.924  -40.170  76.417 0.0000000000
48904  2.195  -38.268  76.219 0.0000000000
47820  1.790  -39.241  76.259 0.0000000000
64598  28.821  -24.797  65.751 0.0000000000
63452  25.668  -25.597  65.819 0.0000000000
62304  25.801  -26.187  65.939 0.0000000000
61124  25.925  -27.057  66.882 0.0000000000
61110  26.165  -27.287  67.602 0.0000000000
68169  22.743  -21.576  66.433 0.0000000000
68183  22.719  -21.990  65.915 0.0000000000
65806  22.573  -23.233  65.414 0.0000000000
64603  22.272  -24.065  65.538 0.0000000000
63437  22.661  -24.870  66.516 0.0000000000
62293  20.618  -26.245  66.661 0.0000000000
62292  21.130  -25.854  67.378 0.0000000000
63394  23.080  -25.669  68.645 0.0000000000
80819  39.285  -10.908  50.053 0.0000000000
79750  40.256  -11.475  50.613 0.0000000000
80799  40.511  -11.440  50.662 0.0000000000
77552  40.547  -13.613  53.656 0.0000000000
75101  28.647  -15.370  57.080 0.0000000000
75083  27.815  -15.750  57.849 0.0000000000
73886  28.643  -16.553  56.756 0.0000000000
72693  28.572  -17.242  56.752 0.0000000000
73780  25.346  -16.946  64.469 0.0000000000
73790  25.337  -16.811  63.490 0.0000000000
72602  25.334  -17.286  61.808 0.0000000000
72620  25.555  -17.184  61.115 0.0000000000
72636  25.768  -17.179  60.740 0.0000000000
71501  26.319  -17.829  60.383 0.0000000000
72635  26.078  -17.099  60.285 0.0000000000
72649  26.458  -17.038  59.687 0.0000000000
72647  27.540  -17.647  58.691 0.0000000000
71528  28.182  -18.124  58.145 0.0000000000
70364  31.027  -19.746  57.249 0.0000000000
64572  31.282  -24.428  65.873 0.0000000000
65777  31.750  -24.020  65.737 0.0000000000
64545  32.800  -23.938  68.262 0.0000000000
65736  32.787  -23.783  67.801 0.0000000000
65775  32.886  -23.257  66.580 0.0000000000
67015  33.007  -22.966  65.979 0.0000000000
67033  33.468  -22.351  65.642 0.0000000000
86490  47.727  -5.898  47.569 0.0000000000
85352  49.425  -6.935  46.340 0.0000000000
83060  48.265  -8.613  45.816 0.0000000000
81968  48.748  -9.347  45.712 0.0000000000
83070  48.570  -8.933  45.646 0.0000000000
84214  48.758  -7.811  45.967 0.0000000000
85360  49.951  -7.202  45.893 0.0000000000
46709  3.966  -39.916  77.578 0.0000000000
49884  6.233  -37.241  73.294 0.0000000000
50790  3.019  -36.353  76.242 0.0000000000
51845  4.991  -35.205  71.654 0.0000000000
54125  15.071  -32.960  68.728 0.0000000000
56585  6.764  -32.357  70.606 0.0000000000
57800  13.826  -30.704  66.878 0.0000000000
61125  25.499  -26.867  67.075 0.0000000000
65836  30.869  -22.908  63.922 0.0000000000
68182  23.130  -22.204  65.869 0.0000000000
68184  22.293  -21.797  66.095 0.0000000000
71384  25.577  -18.329  64.605 0.0000000000
71426  31.475  -18.681  63.319 0.0000000000
72618  30.358  -18.325  61.989 0.0000000000
72674  35.754  -18.232  56.845 0.0000000000
72675  28.542  -17.841  56.810 0.0000000000
73771  25.444  -16.946  65.107 0.0000000000
73818  25.553  -16.396  61.403 0.0000000000
73830  25.693  -16.825  60.806 0.0000000000
75117  30.973  -14.810  55.783 0.0000000000
76277  27.827  -14.184  58.919 0.0000000000
76279  26.370  -14.930  60.084 0.0000000000
81937  40.165  -9.609  48.713 0.0000000000
