#!ascii label  , from subject 3544 vox2ras=TkReg
1834
75131  43.947  -15.723  55.208 0.0000000000
59953  33.064  -28.873  72.723 0.0000000000
55285  21.361  -32.485  73.117 0.0000000000
47829  17.156  -39.473  73.909 0.0000000000
58728  27.787  -29.426  80.071 0.0000000000
51896  27.474  -35.240  67.764 0.0000000000
67100  38.449  -22.582  57.348 0.0000000000
77566  52.005  -13.650  52.740 0.0000000000
64567  44.154  -24.140  65.845 0.0000000000
64618  34.434  -25.023  64.500 0.0000000000
57849  26.213  -30.540  60.705 0.0000000000
55207  20.463  -32.145  79.338 0.0000000000
51799  19.523  -35.998  72.799 0.0000000000
51749  19.442  -35.824  78.753 0.0000000000
56469  24.917  -31.993  78.224 0.0000000000
68194  46.909  -21.461  64.523 0.0000000000
63305  34.693  -25.570  78.162 0.0000000000
63346  37.919  -25.897  74.684 0.0000000000
64520  38.677  -24.281  70.518 0.0000000000
59977  34.295  -28.243  69.017 0.0000000000
61162  29.386  -26.936  62.778 0.0000000000
58880  29.367  -29.837  67.432 0.0000000000
56648  22.970  -32.020  63.892 0.0000000000
53120  25.405  -35.155  60.635 0.0000000000
77549  47.875  -13.651  53.192 0.0000000000
73959  48.428  -16.681  49.500 0.0000000000
54142  20.077  -33.400  67.014 0.0000000000
50871  17.528  -36.517  67.471 0.0000000000
58773  31.157  -29.486  77.553 0.0000000000
56566  28.835  -32.036  71.877 0.0000000000
52873  28.414  -34.406  74.812 0.0000000000
55320  24.348  -32.196  70.741 0.0000000000
72686  40.289  -17.914  56.544 0.0000000000
47776  19.872  -40.051  79.326 0.0000000000
43391  17.071  -43.291  75.239 0.0000000000
77495  49.716  -13.166  58.030 0.0000000000
73835  46.743  -16.557  59.725 0.0000000000
70292  43.500  -19.962  61.203 0.0000000000
65878  42.361  -24.508  60.641 0.0000000000
62354  39.993  -26.288  59.735 0.0000000000
70171  42.097  -19.629  69.860 0.0000000000
65795  38.952  -22.755  65.267 0.0000000000
65909  34.605  -23.300  58.285 0.0000000000
65926  30.415  -23.722  58.267 0.0000000000
54206  28.638  -34.328  63.781 0.0000000000
55161  20.062  -31.950  81.939 0.0000000000
53985  19.636  -33.499  78.550 0.0000000000
53958  18.301  -33.333  81.519 0.0000000000
56411  22.397  -31.074  81.894 0.0000000000
60990  34.884  -27.734  76.556 0.0000000000
61014  35.671  -27.646  74.568 0.0000000000
61056  36.233  -27.230  72.420 0.0000000000
59961  33.724  -28.972  71.425 0.0000000000
59987  32.534  -29.100  68.358 0.0000000000
58840  31.082  -29.775  70.483 0.0000000000
55439  20.801  -32.994  62.820 0.0000000000
54236  22.786  -33.672  62.004 0.0000000000
76363  45.493  -14.878  54.591 0.0000000000
76405  45.724  -14.548  51.727 0.0000000000
75167  43.648  -15.194  52.637 0.0000000000
55323  20.802  -32.854  70.399 0.0000000000
52994  18.855  -34.838  67.317 0.0000000000
52943  19.476  -34.947  70.334 0.0000000000
49880  18.309  -37.588  73.096 0.0000000000
49895  17.425  -37.637  70.981 0.0000000000
47843  16.155  -39.451  70.443 0.0000000000
46766  16.194  -41.191  70.906 0.0000000000
60957  31.883  -27.617  79.826 0.0000000000
58743  29.953  -29.848  79.006 0.0000000000
55251  29.644  -32.615  76.786 0.0000000000
55201  28.466  -32.334  78.459 0.0000000000
57685  23.147  -30.634  75.108 0.0000000000
56522  25.186  -31.166  74.502 0.0000000000
56569  22.460  -31.363  71.477 0.0000000000
55352  22.423  -32.279  68.472 0.0000000000
70343  39.102  -19.533  57.398 0.0000000000
70383  38.113  -19.457  54.326 0.0000000000
68277  38.063  -21.560  54.566 0.0000000000
42197  15.914  -44.554  77.050 0.0000000000
72627  45.046  -17.828  60.167 0.0000000000
70288  47.043  -19.132  62.054 0.0000000000
65790  45.979  -23.655  65.829 0.0000000000
67070  44.627  -22.701  63.273 0.0000000000
63488  44.375  -25.305  63.043 0.0000000000
62351  42.238  -26.555  60.140 0.0000000000
63474  42.756  -25.787  62.668 0.0000000000
64555  36.540  -24.629  67.263 0.0000000000
65750  38.412  -23.106  67.670 0.0000000000
65797  36.860  -23.186  65.325 0.0000000000
65849  37.349  -23.242  62.148 0.0000000000
65872  34.325  -23.613  61.496 0.0000000000
65911  32.633  -23.302  58.596 0.0000000000
65874  32.572  -24.113  61.386 0.0000000000
62356  27.408  -26.613  60.470 0.0000000000
51864  29.206  -35.316  68.979 0.0000000000
55367  28.799  -32.771  68.250 0.0000000000
51954  28.399  -35.615  65.563 0.0000000000
52020  26.122  -35.550  59.394 0.0000000000
75203  54.289  -15.646  49.860 0.0000000000
75186  52.075  -15.564  50.420 0.0000000000
55253  21.487  -31.972  76.132 0.0000000000
52901  20.550  -34.601  73.161 0.0000000000
52875  20.874  -34.514  75.298 0.0000000000
50794  20.262  -36.203  75.681 0.0000000000
49845  19.635  -37.646  76.358 0.0000000000
58714  25.422  -29.568  80.836 0.0000000000
55186  26.126  -31.849  79.792 0.0000000000
55172  24.478  -31.489  80.905 0.0000000000
56471  23.063  -31.264  78.819 0.0000000000
70247  48.497  -19.718  63.632 0.0000000000
66968  46.073  -21.899  68.110 0.0000000000
63364  38.810  -25.388  72.382 0.0000000000
62228  36.519  -26.415  69.845 0.0000000000
62283  34.603  -26.444  66.522 0.0000000000
63477  32.579  -25.847  63.512 0.0000000000
61121  32.464  -27.798  66.168 0.0000000000
60015  30.468  -28.378  65.214 0.0000000000
58906  27.953  -29.714  64.555 0.0000000000
54169  25.632  -33.362  65.591 0.0000000000
51968  27.018  -35.543  63.752 0.0000000000
54234  25.123  -33.292  62.095 0.0000000000
77568  49.773  -13.416  52.533 0.0000000000
76414  50.152  -15.412  50.689 0.0000000000
76402  48.050  -14.598  51.226 0.0000000000
50858  18.287  -36.332  69.929 0.0000000000
60966  32.843  -27.739  78.107 0.0000000000
59932  31.881  -28.810  75.315 0.0000000000
58816  30.598  -29.443  72.539 0.0000000000
57697  29.563  -30.962  75.008 0.0000000000
54051  29.537  -34.010  73.470 0.0000000000
51831  27.791  -35.301  71.598 0.0000000000
54013  26.466  -33.038  76.386 0.0000000000
54062  25.931  -33.554  73.152 0.0000000000
54121  25.847  -33.777  68.769 0.0000000000
55368  24.200  -32.837  68.019 0.0000000000
55403  21.395  -32.206  65.245 0.0000000000
73880  41.933  -16.639  55.860 0.0000000000
73920  41.146  -16.021  52.807 0.0000000000
73911  39.755  -17.207  54.375 0.0000000000
49819  19.818  -37.728  79.072 0.0000000000
47805  18.990  -39.698  76.752 0.0000000000
44487  19.178  -42.558  77.829 0.0000000000
45621  16.999  -41.485  74.231 0.0000000000
78633  49.954  -12.008  55.406 0.0000000000
77514  48.245  -13.589  55.913 0.0000000000
76334  46.399  -15.075  56.387 0.0000000000
75096  44.933  -15.921  57.050 0.0000000000
72653  43.293  -17.118  58.242 0.0000000000
71507  41.743  -18.902  59.194 0.0000000000
69261  40.539  -20.681  59.551 0.0000000000
69233  45.761  -20.522  62.984 0.0000000000
68224  42.360  -21.755  61.501 0.0000000000
65892  40.466  -23.811  59.148 0.0000000000
63552  40.681  -25.827  57.664 0.0000000000
62391  39.636  -26.702  57.267 0.0000000000
68145  43.536  -21.973  67.764 0.0000000000
68085  40.311  -21.434  70.104 0.0000000000
66992  40.914  -21.912  67.384 0.0000000000
65792  42.402  -23.823  65.125 0.0000000000
64645  39.919  -24.493  62.135 0.0000000000
64688  37.285  -24.389  59.403 0.0000000000
64669  30.052  -25.182  61.155 0.0000000000
57768  28.858  -31.079  69.423 0.0000000000
56615  28.281  -31.700  66.210 0.0000000000
56647  27.386  -31.642  62.850 0.0000000000
51995  27.544  -35.704  62.172 0.0000000000
54274  27.548  -33.876  60.439 0.0000000000
55162  19.321  -32.140  82.091 0.0000000000
56400  18.722  -31.561  82.434 0.0000000000
59918  34.329  -28.111  75.410 0.0000000000
59917  35.015  -27.834  74.966 0.0000000000
59929  34.390  -28.099  74.298 0.0000000000
59939  35.065  -28.038  72.958 0.0000000000
59952  33.790  -28.746  72.491 0.0000000000
58823  32.806  -29.331  71.100 0.0000000000
58814  32.492  -29.201  71.994 0.0000000000
76364  44.871  -15.079  54.276 0.0000000000
75166  44.411  -14.950  53.133 0.0000000000
75157  43.677  -15.346  53.631 0.0000000000
55311  20.887  -32.816  71.552 0.0000000000
54080  20.319  -33.666  70.086 0.0000000000
54071  20.390  -33.672  71.239 0.0000000000
48926  17.938  -38.305  73.928 0.0000000000
48932  17.136  -38.504  72.432 0.0000000000
48928  16.747  -39.172  72.680 0.0000000000
46756  16.095  -40.591  70.955 0.0000000000
47832  16.375  -39.960  72.297 0.0000000000
59846  27.525  -28.013  80.938 0.0000000000
59862  28.380  -28.308  80.686 0.0000000000
59861  29.740  -28.520  80.291 0.0000000000
58744  29.077  -30.076  79.311 0.0000000000
56452  29.160  -31.577  78.548 0.0000000000
57630  28.370  -30.945  79.231 0.0000000000
56524  21.948  -31.655  74.482 0.0000000000
57713  23.053  -30.777  73.318 0.0000000000
56556  21.788  -31.706  72.323 0.0000000000
56570  21.720  -31.858  71.251 0.0000000000
69272  38.525  -20.657  57.453 0.0000000000
69280  37.725  -20.621  55.942 0.0000000000
68248  37.783  -21.507  56.200 0.0000000000
71460  49.707  -18.245  62.069 0.0000000000
71462  47.831  -18.627  61.754 0.0000000000
71438  48.486  -18.825  62.133 0.0000000000
64588  45.337  -24.391  65.047 0.0000000000
64611  45.255  -24.267  64.247 0.0000000000
63464  44.290  -25.376  63.894 0.0000000000
63473  43.358  -25.661  63.067 0.0000000000
64613  43.931  -25.140  64.434 0.0000000000
64569  35.864  -24.744  66.102 0.0000000000
65774  36.525  -23.901  66.273 0.0000000000
65821  35.461  -24.129  64.681 0.0000000000
65833  36.009  -23.063  63.263 0.0000000000
65835  34.478  -24.176  63.340 0.0000000000
65873  33.251  -24.019  61.666 0.0000000000
64647  33.655  -24.361  62.749 0.0000000000
51879  28.279  -35.605  68.761 0.0000000000
51910  29.040  -35.482  67.704 0.0000000000
51912  27.958  -35.668  67.045 0.0000000000
76397  53.922  -14.896  51.764 0.0000000000
76399  51.977  -14.757  51.593 0.0000000000
55242  21.021  -31.990  77.570 0.0000000000
54029  21.051  -33.392  75.524 0.0000000000
53998  20.255  -33.140  77.441 0.0000000000
52851  19.620  -34.797  78.110 0.0000000000
52850  19.934  -34.342  77.354 0.0000000000
51759  19.974  -35.573  77.314 0.0000000000
50784  19.910  -36.839  76.201 0.0000000000
49844  19.927  -37.182  76.698 0.0000000000
58699  24.582  -29.574  81.380 0.0000000000
57610  24.843  -30.801  81.205 0.0000000000
56409  24.276  -30.891  81.390 0.0000000000
56444  21.898  -31.500  80.748 0.0000000000
56443  22.811  -31.538  80.550 0.0000000000
56472  22.053  -31.370  78.980 0.0000000000
56485  22.036  -31.208  77.720 0.0000000000
63335  37.471  -25.806  75.320 0.0000000000
64451  38.310  -23.877  75.916 0.0000000000
64471  38.961  -24.921  74.629 0.0000000000
64482  39.761  -24.559  73.779 0.0000000000
63355  38.849  -25.590  73.438 0.0000000000
61068  35.531  -27.654  70.700 0.0000000000
62210  36.124  -26.952  70.489 0.0000000000
61090  35.375  -27.335  69.191 0.0000000000
63402  35.679  -26.215  67.921 0.0000000000
61105  34.479  -27.383  67.832 0.0000000000
61120  33.441  -27.181  66.182 0.0000000000
59994  33.253  -28.040  67.320 0.0000000000
58878  31.285  -29.430  68.140 0.0000000000
59996  31.374  -29.099  67.359 0.0000000000
60006  29.534  -29.306  65.963 0.0000000000
60026  28.482  -28.996  64.410 0.0000000000
58891  28.687  -29.843  66.083 0.0000000000
55413  24.947  -32.743  65.216 0.0000000000
54208  25.515  -33.370  63.746 0.0000000000
55435  24.271  -32.306  63.820 0.0000000000
77569  48.695  -13.593  52.483 0.0000000000
77584  48.438  -14.099  51.760 0.0000000000
77570  47.713  -13.901  52.316 0.0000000000
75192  45.625  -15.101  50.878 0.0000000000
54171  19.593  -33.212  65.033 0.0000000000
53018  18.511  -34.403  65.164 0.0000000000
51798  19.974  -35.539  72.908 0.0000000000
51815  19.835  -35.290  71.701 0.0000000000
50843  19.004  -36.147  71.942 0.0000000000
48951  16.449  -38.631  69.352 0.0000000000
49908  16.834  -37.924  69.110 0.0000000000
59890  31.570  -28.748  78.561 0.0000000000
60956  32.366  -27.595  79.197 0.0000000000
58760  31.800  -28.879  77.915 0.0000000000
59908  33.154  -28.556  76.749 0.0000000000
58782  31.301  -29.320  76.751 0.0000000000
58798  30.173  -29.962  74.888 0.0000000000
58790  30.399  -29.925  76.172 0.0000000000
52860  29.061  -33.924  75.970 0.0000000000
55272  29.500  -32.917  74.985 0.0000000000
52884  29.248  -34.586  74.023 0.0000000000
51794  28.980  -35.201  72.590 0.0000000000
51785  28.026  -35.051  73.702 0.0000000000
55240  25.537  -32.326  78.198 0.0000000000
55239  26.285  -32.701  77.542 0.0000000000
56482  25.368  -32.075  77.334 0.0000000000
55297  25.156  -31.847  72.412 0.0000000000
55284  25.898  -32.773  73.831 0.0000000000
54070  25.343  -32.954  71.675 0.0000000000
52941  26.169  -34.099  71.293 0.0000000000
54099  24.845  -33.203  70.302 0.0000000000
54141  25.014  -33.222  68.390 0.0000000000
55350  24.134  -32.880  68.937 0.0000000000
55372  20.694  -32.928  66.997 0.0000000000
55370  22.380  -32.396  67.522 0.0000000000
55390  20.674  -32.602  65.958 0.0000000000
72685  41.282  -17.142  56.245 0.0000000000
73897  40.750  -16.961  55.261 0.0000000000
72720  39.647  -17.545  55.000 0.0000000000
71589  38.525  -18.720  53.627 0.0000000000
48875  20.058  -38.968  78.821 0.0000000000
48886  19.952  -38.774  78.195 0.0000000000
46711  19.797  -40.394  77.832 0.0000000000
43351  17.493  -43.955  77.234 0.0000000000
44495  17.918  -42.724  76.203 0.0000000000
45615  17.896  -41.749  75.903 0.0000000000
44501  17.458  -42.669  75.395 0.0000000000
45637  16.793  -41.987  73.164 0.0000000000
44509  16.727  -43.163  74.121 0.0000000000
78648  51.201  -11.425  54.744 0.0000000000
78621  49.807  -12.365  56.533 0.0000000000
77513  48.858  -13.269  56.490 0.0000000000
76333  47.540  -14.212  56.029 0.0000000000
76310  48.269  -14.047  57.023 0.0000000000
75064  47.398  -15.957  59.306 0.0000000000
75094  46.504  -15.464  57.713 0.0000000000
73848  45.711  -16.254  58.818 0.0000000000
73850  44.066  -16.631  58.164 0.0000000000
73837  45.172  -16.769  59.250 0.0000000000
71486  44.424  -18.577  60.545 0.0000000000
71505  43.334  -18.308  59.727 0.0000000000
71488  42.909  -18.933  60.100 0.0000000000
70318  41.158  -19.603  59.325 0.0000000000
69254  42.503  -20.314  60.825 0.0000000000
69217  47.883  -20.296  64.226 0.0000000000
69232  46.885  -20.239  63.228 0.0000000000
69219  46.299  -20.878  63.618 0.0000000000
65845  43.514  -23.964  62.244 0.0000000000
67072  43.176  -22.780  62.333 0.0000000000
65867  41.926  -23.305  60.960 0.0000000000
67088  41.510  -22.670  60.812 0.0000000000
65879  41.550  -23.937  60.306 0.0000000000
65904  40.170  -24.275  58.395 0.0000000000
64684  41.425  -25.407  59.060 0.0000000000
62344  41.138  -26.451  60.362 0.0000000000
62372  40.435  -26.593  58.160 0.0000000000
62373  39.720  -26.633  58.127 0.0000000000
62374  38.900  -26.303  58.242 0.0000000000
69173  43.382  -20.611  69.046 0.0000000000
65688  39.844  -23.656  71.590 0.0000000000
66935  40.184  -22.572  71.667 0.0000000000
65717  39.309  -23.024  70.121 0.0000000000
67013  39.195  -22.770  66.499 0.0000000000
66973  39.977  -22.150  68.266 0.0000000000
67012  39.779  -22.668  66.478 0.0000000000
67010  41.813  -22.576  66.525 0.0000000000
65793  41.164  -23.446  65.003 0.0000000000
64616  40.908  -24.144  63.361 0.0000000000
65830  39.603  -23.726  62.961 0.0000000000
65870  36.443  -23.398  61.182 0.0000000000
65869  37.615  -23.799  61.041 0.0000000000
65894  36.375  -23.940  58.847 0.0000000000
65919  36.313  -24.354  57.412 0.0000000000
65908  35.549  -23.651  58.081 0.0000000000
65945  33.821  -23.522  56.513 0.0000000000
65912  31.688  -23.483  58.690 0.0000000000
65947  31.829  -23.517  56.726 0.0000000000
62320  31.222  -26.628  63.452 0.0000000000
63509  30.941  -25.485  62.042 0.0000000000
63497  29.969  -25.920  62.100 0.0000000000
63539  27.626  -25.922  58.670 0.0000000000
57741  29.188  -30.460  72.042 0.0000000000
57755  29.350  -30.469  71.052 0.0000000000
57756  28.961  -31.142  70.417 0.0000000000
54180  28.841  -34.298  64.772 0.0000000000
56607  28.428  -31.812  67.678 0.0000000000
55398  28.360  -32.477  64.837 0.0000000000
56633  27.612  -31.553  63.794 0.0000000000
55456  28.228  -33.261  62.705 0.0000000000
53099  26.459  -35.197  62.042 0.0000000000
51981  26.998  -35.636  62.575 0.0000000000
51996  26.667  -35.631  61.466 0.0000000000
52019  26.934  -35.547  60.075 0.0000000000
54275  27.218  -33.430  59.897 0.0000000000
73937  49.115  -16.500  50.047 0.0000000000
73936  50.064  -16.308  49.979 0.0000000000
73927  40.963  -16.096  51.817 0.0000000000
55190  20.264  -32.049  80.218 0.0000000000
55226  20.055  -32.667  78.786 0.0000000000
55191  19.463  -32.597  80.442 0.0000000000
53973  19.174  -33.511  79.724 0.0000000000
52832  18.736  -34.414  80.095 0.0000000000
56412  21.517  -31.318  82.160 0.0000000000
62074  34.632  -26.699  77.413 0.0000000000
63318  35.692  -25.762  77.604 0.0000000000
62093  35.673  -26.775  76.743 0.0000000000
61001  35.993  -27.166  75.807 0.0000000000
62129  36.849  -26.776  74.539 0.0000000000
62149  36.941  -26.781  73.714 0.0000000000
61041  36.312  -27.297  73.258 0.0000000000
59950  35.080  -28.114  71.951 0.0000000000
59970  34.611  -28.435  70.155 0.0000000000
59986  33.575  -28.329  68.093 0.0000000000
58852  33.235  -29.190  69.688 0.0000000000
58854  32.308  -29.549  69.596 0.0000000000
58868  30.856  -29.664  68.706 0.0000000000
56650  22.206  -32.210  63.498 0.0000000000
55461  22.589  -32.876  62.499 0.0000000000
55462  21.797  -33.189  62.563 0.0000000000
76361  47.239  -13.910  53.795 0.0000000000
77571  47.034  -14.071  52.484 0.0000000000
76392  45.837  -14.421  52.618 0.0000000000
75178  44.731  -14.755  51.871 0.0000000000
54123  20.201  -33.466  67.816 0.0000000000
52993  19.290  -34.251  66.983 0.0000000000
54124  19.821  -34.103  68.363 0.0000000000
52982  18.863  -35.104  68.283 0.0000000000
51881  18.395  -35.787  68.578 0.0000000000
50820  18.927  -36.794  72.988 0.0000000000
50834  18.680  -36.735  72.334 0.0000000000
49890  17.589  -37.861  72.157 0.0000000000
48943  16.429  -38.703  70.176 0.0000000000
45676  16.295  -41.658  69.830 0.0000000000
59876  30.481  -28.872  79.558 0.0000000000
58762  30.340  -30.037  78.439 0.0000000000
57666  30.208  -30.976  77.389 0.0000000000
56466  29.833  -31.550  78.076 0.0000000000
55237  29.145  -32.850  77.648 0.0000000000
54010  28.572  -33.677  76.569 0.0000000000
57654  24.006  -30.680  76.976 0.0000000000
57667  25.007  -31.024  76.033 0.0000000000
57684  23.970  -30.462  75.272 0.0000000000
57726  24.245  -30.655  73.245 0.0000000000
56577  23.850  -31.519  71.084 0.0000000000
55334  23.425  -32.193  69.419 0.0000000000
56590  22.578  -31.830  69.806 0.0000000000
55336  21.614  -32.283  69.536 0.0000000000
71537  39.756  -18.849  57.336 0.0000000000
71568  39.306  -18.249  55.778 0.0000000000
70358  38.247  -19.621  56.186 0.0000000000
69305  37.826  -20.121  54.747 0.0000000000
42185  16.818  -44.347  77.479 0.0000000000
43375  16.730  -43.867  75.730 0.0000000000
43392  16.511  -43.469  74.757 0.0000000000
43376  15.999  -44.012  75.481 0.0000000000
73825  47.362  -16.904  60.228 0.0000000000
72640  45.458  -17.175  59.775 0.0000000000
72609  46.599  -18.061  61.037 0.0000000000
71464  45.748  -18.787  61.362 0.0000000000
70290  45.212  -19.558  61.714 0.0000000000
67045  46.425  -22.771  65.290 0.0000000000
67056  45.394  -22.531  63.839 0.0000000000
65827  45.463  -23.530  64.127 0.0000000000
64641  44.238  -24.869  62.618 0.0000000000
64642  43.710  -25.105  61.883 0.0000000000
63516  42.772  -25.939  60.387 0.0000000000
62341  43.286  -26.296  61.536 0.0000000000
62333  42.377  -26.438  61.417 0.0000000000
63506  41.213  -26.051  61.083 0.0000000000
64533  37.750  -24.487  69.235 0.0000000000
65718  38.799  -23.333  69.630 0.0000000000
65751  37.537  -23.575  67.410 0.0000000000
65773  37.298  -23.286  66.370 0.0000000000
65796  37.849  -22.842  65.418 0.0000000000
65831  38.191  -23.012  63.361 0.0000000000
67058  37.290  -22.807  63.906 0.0000000000
65850  36.234  -23.093  62.221 0.0000000000
65884  34.430  -23.331  60.418 0.0000000000
65910  33.615  -23.189  58.457 0.0000000000
65897  33.506  -23.293  59.500 0.0000000000
65898  32.495  -23.483  59.615 0.0000000000
65887  31.350  -23.999  60.312 0.0000000000
61163  28.585  -27.267  62.554 0.0000000000
62346  28.758  -26.318  61.586 0.0000000000
61169  27.429  -27.421  61.595 0.0000000000
62365  26.698  -27.048  59.862 0.0000000000
61183  26.217  -27.698  58.282 0.0000000000
54076  29.553  -33.788  70.658 0.0000000000
55349  28.914  -32.594  69.297 0.0000000000
54118  29.483  -34.303  68.619 0.0000000000
54152  29.227  -34.624  66.984 0.0000000000
53060  28.604  -35.226  64.185 0.0000000000
52010  25.539  -35.662  60.125 0.0000000000
50998  24.701  -36.169  58.785 0.0000000000
75173  54.176  -15.214  51.122 0.0000000000
75184  53.907  -15.572  50.571 0.0000000000
73955  52.154  -16.119  49.317 0.0000000000
55274  21.497  -32.339  74.133 0.0000000000
54054  21.182  -33.035  73.387 0.0000000000
54028  21.232  -32.958  74.660 0.0000000000
52888  20.836  -34.590  74.232 0.0000000000
51787  20.518  -35.453  73.985 0.0000000000
53999  19.757  -33.929  77.809 0.0000000000
51768  20.462  -35.457  76.055 0.0000000000
50805  20.277  -36.138  74.722 0.0000000000
50806  19.700  -36.735  74.406 0.0000000000
49856  19.142  -37.641  75.119 0.0000000000
49857  18.592  -38.180  74.912 0.0000000000
58729  26.738  -29.934  80.230 0.0000000000
56439  26.914  -31.375  79.801 0.0000000000
57619  26.103  -30.757  80.516 0.0000000000
55187  25.424  -31.722  80.170 0.0000000000
55224  24.481  -31.900  79.537 0.0000000000
56410  23.525  -31.127  81.400 0.0000000000
56442  23.624  -31.675  80.341 0.0000000000
56470  24.174  -31.674  78.709 0.0000000000
56495  22.731  -30.824  76.812 0.0000000000
56511  21.979  -31.518  75.485 0.0000000000
65942  38.601  -23.890  56.162 0.0000000000
67112  37.981  -22.677  56.220 0.0000000000
65965  38.379  -23.670  55.357 0.0000000000
70267  49.262  -19.164  63.109 0.0000000000
68162  47.436  -20.976  66.465 0.0000000000
67029  46.739  -22.417  66.502 0.0000000000
65789  46.284  -23.050  66.663 0.0000000000
65765  45.542  -23.459  66.799 0.0000000000
64494  39.866  -24.490  72.945 0.0000000000
64508  39.261  -24.565  71.572 0.0000000000
62169  37.635  -26.141  72.318 0.0000000000
63373  37.936  -25.723  71.525 0.0000000000
63381  37.580  -25.434  70.236 0.0000000000
63401  36.332  -25.672  68.136 0.0000000000
63414  35.873  -25.373  66.918 0.0000000000
63447  34.579  -25.781  65.551 0.0000000000
63476  33.328  -25.435  63.718 0.0000000000
62314  33.548  -26.369  64.949 0.0000000000
61143  32.453  -26.876  64.622 0.0000000000
61150  30.952  -27.123  63.814 0.0000000000
59995  32.504  -28.413  67.052 0.0000000000
60014  31.129  -28.174  65.490 0.0000000000
61146  30.032  -27.793  64.285 0.0000000000
60034  28.460  -28.110  63.414 0.0000000000
60035  27.801  -28.946  63.590 0.0000000000
57815  26.929  -30.093  62.887 0.0000000000
54153  26.547  -34.478  66.227 0.0000000000
53017  26.875  -35.031  65.582 0.0000000000
54181  26.182  -33.974  64.720 0.0000000000
54232  26.018  -34.007  63.456 0.0000000000
54254  25.565  -33.891  61.885 0.0000000000
54256  23.855  -33.527  61.521 0.0000000000
53102  23.906  -34.517  60.799 0.0000000000
77567  50.895  -13.569  52.512 0.0000000000
76388  51.484  -14.216  52.097 0.0000000000
77582  50.318  -13.965  52.040 0.0000000000
76415  49.455  -15.303  50.752 0.0000000000
75190  47.789  -15.809  50.386 0.0000000000
76403  47.234  -14.542  51.338 0.0000000000
75191  46.795  -15.576  50.500 0.0000000000
52924  19.938  -34.621  70.909 0.0000000000
51852  19.032  -35.368  70.017 0.0000000000
50866  17.727  -36.486  68.483 0.0000000000
50852  17.855  -36.860  70.314 0.0000000000
49907  17.258  -37.227  68.830 0.0000000000
62075  33.620  -26.771  77.421 0.0000000000
59897  34.079  -27.927  77.148 0.0000000000
59919  33.500  -28.413  75.785 0.0000000000
59931  32.740  -28.557  74.992 0.0000000000
58806  31.526  -29.078  73.406 0.0000000000
58797  31.147  -29.198  74.547 0.0000000000
58808  29.664  -30.204  73.819 0.0000000000
56551  28.948  -31.731  72.897 0.0000000000
56520  29.586  -31.981  75.464 0.0000000000
56534  29.282  -31.885  74.356 0.0000000000
55307  29.184  -33.003  72.003 0.0000000000
52921  29.646  -34.777  71.160 0.0000000000
51849  28.628  -35.553  70.207 0.0000000000
51880  27.495  -35.290  68.942 0.0000000000
55202  27.773  -32.288  78.732 0.0000000000
53983  27.428  -33.033  77.579 0.0000000000
54026  27.036  -33.494  75.567 0.0000000000
56508  25.866  -32.174  75.671 0.0000000000
54041  26.584  -33.247  75.109 0.0000000000
52887  26.965  -34.323  74.073 0.0000000000
52910  26.699  -34.563  72.583 0.0000000000
52940  26.715  -34.628  70.730 0.0000000000
52979  26.778  -34.576  68.573 0.0000000000
54140  25.826  -33.704  67.681 0.0000000000
55385  25.215  -33.098  66.506 0.0000000000
55400  24.131  -32.541  65.910 0.0000000000
55351  23.364  -32.443  68.609 0.0000000000
55387  23.304  -32.381  66.731 0.0000000000
55416  22.167  -31.996  64.584 0.0000000000
55418  20.682  -32.497  63.712 0.0000000000
73894  43.364  -16.126  55.623 0.0000000000
75146  42.948  -15.715  54.221 0.0000000000
73909  41.548  -16.231  54.038 0.0000000000
72721  38.967  -17.901  54.502 0.0000000000
72733  38.850  -18.062  52.899 0.0000000000
67146  38.482  -22.425  54.180 0.0000000000
53948  17.465  -33.032  82.362 0.0000000000
52821  18.171  -34.371  81.104 0.0000000000
51739  18.937  -35.531  79.703 0.0000000000
50739  18.737  -36.424  80.171 0.0000000000
50763  19.820  -37.027  78.790 0.0000000000
49832  19.928  -37.735  77.396 0.0000000000
48896  19.405  -38.727  76.780 0.0000000000
47822  18.032  -39.309  75.312 0.0000000000
45590  19.954  -41.600  78.349 0.0000000000
46712  19.287  -40.680  77.300 0.0000000000
46725  18.038  -40.669  75.955 0.0000000000
47824  16.987  -40.214  74.034 0.0000000000
46748  16.418  -40.989  72.766 0.0000000000
78663  51.943  -12.277  53.821 0.0000000000
78664  50.754  -12.280  53.798 0.0000000000
78665  49.739  -12.511  53.780 0.0000000000
78650  49.307  -12.598  54.160 0.0000000000
78632  50.607  -11.406  56.071 0.0000000000
78634  49.271  -12.539  54.965 0.0000000000
77534  48.002  -13.496  54.167 0.0000000000
76350  47.271  -13.990  54.783 0.0000000000
76351  46.482  -14.607  55.267 0.0000000000
75129  45.229  -15.484  55.921 0.0000000000
76311  47.370  -14.855  57.350 0.0000000000
75110  46.118  -15.431  57.066 0.0000000000
75112  44.630  -15.877  56.357 0.0000000000
73878  43.713  -16.291  56.500 0.0000000000
72668  43.106  -16.819  57.488 0.0000000000
72654  42.079  -17.924  58.348 0.0000000000
72641  44.207  -17.426  59.395 0.0000000000
72642  42.929  -17.919  59.044 0.0000000000
71535  40.963  -18.426  58.097 0.0000000000
70330  40.819  -19.155  58.707 0.0000000000
69266  40.103  -20.373  58.954 0.0000000000
68239  39.102  -21.659  58.385 0.0000000000
70268  47.970  -19.431  62.666 0.0000000000
70269  46.590  -19.728  62.523 0.0000000000
69246  44.524  -20.294  61.930 0.0000000000
68207  45.133  -21.605  63.294 0.0000000000
68222  43.700  -21.382  62.260 0.0000000000
69248  42.754  -20.887  61.435 0.0000000000
68229  41.778  -21.721  61.013 0.0000000000
68235  40.145  -21.672  59.471 0.0000000000
67096  39.419  -22.560  58.634 0.0000000000
65917  39.378  -24.179  57.371 0.0000000000
64732  39.644  -24.989  56.527 0.0000000000
63534  41.325  -26.059  58.563 0.0000000000
62390  40.367  -26.379  57.385 0.0000000000
66988  45.061  -22.550  67.888 0.0000000000
65749  44.202  -23.180  67.005 0.0000000000
69157  40.893  -20.742  69.457 0.0000000000
66957  39.657  -22.459  69.390 0.0000000000
68101  40.316  -21.684  69.159 0.0000000000
69175  41.613  -20.760  68.721 0.0000000000
68146  42.852  -21.701  67.712 0.0000000000
67009  42.856  -22.853  66.769 0.0000000000
65791  43.145  -23.808  65.668 0.0000000000
65814  42.495  -24.309  64.530 0.0000000000
64627  40.905  -24.526  62.792 0.0000000000
64663  40.136  -25.227  61.344 0.0000000000
65848  38.568  -23.846  62.029 0.0000000000
64664  38.999  -24.689  61.117 0.0000000000
64686  38.659  -25.354  59.518 0.0000000000
63554  37.665  -25.554  57.802 0.0000000000
65946  32.883  -23.418  56.726 0.0000000000
65969  32.335  -23.630  56.256 0.0000000000
63494  32.281  -25.423  62.822 0.0000000000
64679  31.204  -24.348  60.842 0.0000000000
64690  29.865  -24.298  59.832 0.0000000000
63522  28.720  -25.618  60.718 0.0000000000
64691  29.006  -24.828  59.531 0.0000000000
58825  30.806  -29.586  71.478 0.0000000000
58856  30.269  -29.991  69.557 0.0000000000
57785  29.063  -30.344  68.129 0.0000000000
56599  28.614  -31.799  68.829 0.0000000000
57777  28.612  -30.955  68.425 0.0000000000
57793  28.289  -30.491  66.234 0.0000000000
57803  28.033  -30.316  65.180 0.0000000000
57814  27.149  -30.621  63.265 0.0000000000
56663  26.689  -30.999  61.824 0.0000000000
51955  27.829  -35.824  65.156 0.0000000000
51979  28.161  -35.830  63.701 0.0000000000
53077  28.441  -35.259  63.268 0.0000000000
52009  26.440  -35.704  60.491 0.0000000000
53098  27.977  -35.119  61.578 0.0000000000
54252  28.306  -34.499  62.018 0.0000000000
55457  27.736  -32.625  62.076 0.0000000000
55480  26.910  -32.002  60.542 0.0000000000
75176  51.619  -15.151  50.931 0.0000000000
73956  51.220  -16.196  49.392 0.0000000000
75213  51.207  -15.931  48.388 0.0000000000
75168  42.715  -15.420  52.338 0.0000000000
59930  33.599  -28.328  74.639 0.0000000000
59941  33.692  -28.455  73.502 0.0000000000
59962  33.209  -29.085  71.941 0.0000000000
75144  44.608  -15.346  54.769 0.0000000000
75156  44.387  -15.178  54.009 0.0000000000
75145  43.805  -15.520  54.466 0.0000000000
55298  21.302  -32.316  72.048 0.0000000000
55299  21.065  -32.991  72.605 0.0000000000
48927  17.307  -38.672  73.319 0.0000000000
47830  16.686  -39.908  73.301 0.0000000000
59845  28.017  -27.922  80.990 0.0000000000
58727  28.830  -29.253  79.850 0.0000000000
58745  28.179  -30.154  79.606 0.0000000000
56539  21.867  -31.667  73.417 0.0000000000
68247  38.108  -21.625  56.998 0.0000000000
71461  48.935  -18.371  61.784 0.0000000000
71436  50.113  -18.383  62.723 0.0000000000
64566  45.093  -24.194  65.955 0.0000000000
64589  44.468  -24.596  65.112 0.0000000000
64593  35.154  -24.897  65.256 0.0000000000
65799  35.581  -24.384  65.199 0.0000000000
64617  34.799  -24.459  64.192 0.0000000000
65834  35.105  -23.819  63.586 0.0000000000
64629  34.609  -24.277  63.643 0.0000000000
64630  33.959  -24.641  63.481 0.0000000000
51895  28.035  -35.647  67.974 0.0000000000
51913  27.452  -35.377  66.727 0.0000000000
77565  52.994  -13.736  52.896 0.0000000000
76387  52.518  -14.309  52.295 0.0000000000
55225  20.553  -32.246  78.392 0.0000000000
51760  19.739  -35.659  78.073 0.0000000000
50783  20.057  -36.562  76.748 0.0000000000
50775  19.817  -36.259  78.161 0.0000000000
59816  24.412  -29.046  81.410 0.0000000000
57596  24.445  -30.523  81.406 0.0000000000
58700  23.955  -30.137  81.684 0.0000000000
56459  21.103  -31.675  80.053 0.0000000000
56458  21.990  -31.501  79.905 0.0000000000
56473  21.200  -31.699  79.171 0.0000000000
56486  21.316  -31.633  78.362 0.0000000000
64462  37.872  -24.912  75.561 0.0000000000
63334  38.312  -25.268  74.961 0.0000000000
64461  38.736  -24.188  75.370 0.0000000000
63345  38.562  -25.655  74.233 0.0000000000
61080  34.981  -27.874  69.496 0.0000000000
61079  35.529  -27.470  69.918 0.0000000000
61091  34.760  -27.563  68.565 0.0000000000
61106  33.847  -27.556  67.289 0.0000000000
59985  34.208  -28.004  68.432 0.0000000000
58879  30.471  -29.516  67.736 0.0000000000
59997  30.541  -29.281  67.094 0.0000000000
58890  29.378  -29.559  66.481 0.0000000000
58898  29.098  -29.481  65.837 0.0000000000
55414  24.119  -32.411  64.895 0.0000000000
54156  20.174  -33.052  66.441 0.0000000000
54157  19.542  -33.654  66.354 0.0000000000
51816  19.482  -35.809  72.182 0.0000000000
47880  16.110  -39.212  67.809 0.0000000000
58761  31.022  -29.402  78.197 0.0000000000
58772  31.848  -28.972  77.263 0.0000000000
58783  30.609  -30.167  77.096 0.0000000000
52872  29.101  -34.370  75.053 0.0000000000
52885  28.619  -34.843  74.280 0.0000000000
51786  27.539  -34.855  73.722 0.0000000000
55309  25.032  -32.232  71.770 0.0000000000
55308  25.431  -32.837  71.972 0.0000000000
54079  25.092  -33.016  71.206 0.0000000000
54122  24.877  -33.302  69.360 0.0000000000
55333  24.207  -32.705  69.784 0.0000000000
54170  20.039  -32.929  65.759 0.0000000000
72703  40.410  -17.311  55.523 0.0000000000
72704  39.858  -17.798  55.825 0.0000000000
48868  19.395  -38.798  79.525 0.0000000000
48867  19.841  -39.319  79.237 0.0000000000
47792  20.074  -39.545  78.593 0.0000000000
47785  20.189  -40.263  78.695 0.0000000000
43374  17.426  -43.389  75.938 0.0000000000
43362  17.915  -43.443  76.816 0.0000000000
44508  17.070  -42.815  74.513 0.0000000000
80742  51.798  -10.287  56.260 0.0000000000
77512  49.489  -12.995  57.238 0.0000000000
77496  49.045  -13.613  57.584 0.0000000000
75065  46.785  -16.107  59.246 0.0000000000
75078  46.704  -15.775  58.681 0.0000000000
73847  46.353  -16.237  59.204 0.0000000000
73836  45.902  -16.621  59.469 0.0000000000
70291  44.142  -19.546  61.217 0.0000000000
70303  43.842  -19.103  60.689 0.0000000000
70304  43.210  -19.543  60.704 0.0000000000
70305  42.144  -19.604  60.061 0.0000000000
69253  43.094  -20.234  61.188 0.0000000000
69209  47.395  -20.906  64.643 0.0000000000
69218  47.034  -20.804  63.992 0.0000000000
65865  43.324  -24.562  61.673 0.0000000000
65846  42.947  -23.365  61.975 0.0000000000
65866  42.656  -23.925  61.297 0.0000000000
65891  41.265  -24.633  59.413 0.0000000000
64673  42.302  -25.101  60.260 0.0000000000
62353  40.493  -26.475  59.822 0.0000000000
62361  40.543  -26.621  59.022 0.0000000000
62362  39.753  -26.311  59.104 0.0000000000
62363  39.217  -26.076  58.858 0.0000000000
69155  42.782  -20.121  69.417 0.0000000000
65689  39.316  -23.910  70.952 0.0000000000
65703  39.518  -23.286  70.744 0.0000000000
65704  39.098  -23.565  70.413 0.0000000000
65771  39.482  -22.808  65.924 0.0000000000
65770  40.449  -22.896  65.754 0.0000000000
65794  40.057  -22.996  64.987 0.0000000000
65817  39.345  -23.040  64.151 0.0000000000
65895  35.512  -23.501  59.152 0.0000000000
65882  36.652  -23.769  60.050 0.0000000000
65921  34.721  -23.497  57.242 0.0000000000
65913  30.857  -23.635  58.796 0.0000000000
65925  30.855  -23.629  57.789 0.0000000000
64712  30.440  -23.791  57.367 0.0000000000
62321  30.556  -26.766  63.297 0.0000000000
62335  30.878  -26.289  62.912 0.0000000000
62336  29.977  -26.491  62.679 0.0000000000
57725  28.876  -31.159  72.250 0.0000000000
57742  28.900  -31.145  71.399 0.0000000000
56576  28.742  -31.907  70.795 0.0000000000
55397  28.660  -33.060  65.456 0.0000000000
55411  28.559  -33.317  64.382 0.0000000000
55432  28.392  -33.335  63.464 0.0000000000
53100  25.750  -34.802  61.359 0.0000000000
51997  25.980  -35.631  60.807 0.0000000000
55174  20.070  -31.929  81.137 0.0000000000
55176  18.816  -32.641  81.783 0.0000000000
53957  18.722  -32.918  81.410 0.0000000000
53966  18.722  -33.379  80.794 0.0000000000
53967  18.351  -33.842  81.056 0.0000000000
56398  20.656  -31.252  82.674 0.0000000000
56397  21.284  -30.917  82.597 0.0000000000
56413  20.723  -31.440  82.287 0.0000000000
56430  20.877  -31.678  81.750 0.0000000000
60975  34.783  -27.521  77.047 0.0000000000
62073  35.355  -26.768  77.184 0.0000000000
60974  35.212  -27.237  76.966 0.0000000000
61002  35.581  -27.563  75.482 0.0000000000
61013  36.242  -27.311  75.022 0.0000000000
62111  36.673  -26.625  75.369 0.0000000000
61026  36.311  -27.324  74.160 0.0000000000
61027  35.696  -27.691  73.634 0.0000000000
59951  34.446  -28.506  72.207 0.0000000000
59960  34.508  -28.609  71.201 0.0000000000
59959  35.144  -28.168  71.021 0.0000000000
59971  33.851  -28.983  70.462 0.0000000000
59978  33.480  -28.945  69.396 0.0000000000
58839  32.077  -29.643  70.362 0.0000000000
58838  32.829  -29.461  70.199 0.0000000000
58855  31.422  -29.720  69.576 0.0000000000
55438  21.720  -32.468  63.188 0.0000000000
55463  21.256  -33.425  62.535 0.0000000000
76362  46.471  -14.340  54.191 0.0000000000
76373  46.661  -14.173  53.126 0.0000000000
76374  45.756  -14.532  53.530 0.0000000000
76393  45.161  -14.639  52.860 0.0000000000
75179  43.497  -15.227  51.572 0.0000000000
55337  20.801  -32.911  69.246 0.0000000000
54100  20.207  -33.729  68.941 0.0000000000
52942  19.895  -34.337  69.769 0.0000000000
52964  19.877  -34.267  69.192 0.0000000000
52965  19.405  -34.739  69.138 0.0000000000
52966  18.836  -35.325  69.013 0.0000000000
49879  18.986  -37.031  73.364 0.0000000000
48933  16.633  -39.047  71.921 0.0000000000
48935  17.075  -38.336  71.709 0.0000000000
48936  16.584  -38.691  71.034 0.0000000000
47851  16.137  -39.367  69.614 0.0000000000
47852  16.014  -40.102  69.048 0.0000000000
47844  16.005  -40.132  69.907 0.0000000000
46767  16.136  -40.881  70.302 0.0000000000
45692  16.310  -42.332  69.609 0.0000000000
45661  16.314  -41.596  70.468 0.0000000000
60946  30.237  -27.664  80.732 0.0000000000
59877  29.666  -29.310  79.582 0.0000000000
58742  30.819  -29.136  78.841 0.0000000000
57641  29.945  -30.979  78.221 0.0000000000
57628  29.819  -30.587  78.588 0.0000000000
56468  28.939  -32.085  78.457 0.0000000000
56467  29.463  -31.852  78.229 0.0000000000
55219  28.865  -32.612  78.068 0.0000000000
53994  28.723  -33.203  77.458 0.0000000000
53981  28.428  -32.908  77.884 0.0000000000
57669  23.411  -30.587  76.154 0.0000000000
57668  24.363  -30.610  76.125 0.0000000000
56555  22.636  -31.117  72.614 0.0000000000
57712  23.624  -30.564  73.646 0.0000000000
56554  23.615  -30.926  72.256 0.0000000000
56567  24.196  -31.442  71.581 0.0000000000
56568  23.332  -31.148  71.564 0.0000000000
56578  23.364  -31.476  70.687 0.0000000000
56579  22.475  -31.593  70.547 0.0000000000
55322  21.330  -32.295  70.732 0.0000000000
56580  21.915  -31.912  70.248 0.0000000000
55354  20.754  -32.941  68.121 0.0000000000
70357  38.894  -19.113  56.623 0.0000000000
69291  37.696  -20.498  55.301 0.0000000000
70359  37.783  -20.111  55.716 0.0000000000
68278  37.797  -20.839  54.759 0.0000000000
69304  38.211  -20.468  54.145 0.0000000000
68293  38.825  -21.384  53.855 0.0000000000
42196  16.445  -44.259  76.469 0.0000000000
42208  16.255  -44.179  75.948 0.0000000000
42209  15.807  -44.316  76.221 0.0000000000
72625  47.742  -17.411  60.653 0.0000000000
71463  46.671  -18.570  61.480 0.0000000000
70289  46.165  -19.275  61.888 0.0000000000
67055  45.955  -22.739  64.498 0.0000000000
65813  45.822  -23.659  64.817 0.0000000000
63471  44.473  -25.243  63.639 0.0000000000
64624  44.738  -24.584  63.514 0.0000000000
63503  43.442  -25.844  61.338 0.0000000000
63489  43.752  -25.746  62.307 0.0000000000
63490  43.153  -26.158  62.321 0.0000000000
63491  42.345  -26.120  62.056 0.0000000000
63505  41.920  -26.342  61.439 0.0000000000
64643  41.799  -25.729  62.132 0.0000000000
64543  37.164  -24.478  68.128 0.0000000000
64554  37.004  -24.105  67.487 0.0000000000
67032  37.480  -22.887  65.095 0.0000000000
67057  37.786  -22.760  64.261 0.0000000000
67048  36.813  -22.953  64.305 0.0000000000
65851  35.217  -23.455  62.418 0.0000000000
65871  35.369  -23.341  61.327 0.0000000000
65885  33.377  -23.539  60.570 0.0000000000
65886  32.272  -23.830  60.705 0.0000000000
65899  31.530  -23.668  59.631 0.0000000000
64678  31.708  -24.109  60.833 0.0000000000
61164  27.818  -27.706  62.384 0.0000000000
61176  26.233  -27.736  59.352 0.0000000000
52939  29.538  -34.725  70.168 0.0000000000
54096  29.557  -34.048  69.548 0.0000000000
52961  29.491  -34.833  69.241 0.0000000000
53003  29.025  -35.364  66.792 0.0000000000
54151  29.353  -34.933  67.448 0.0000000000
53016  29.009  -35.231  66.092 0.0000000000
53037  28.848  -35.189  65.145 0.0000000000
75175  52.569  -15.169  51.040 0.0000000000
75174  53.490  -15.254  51.148 0.0000000000
75185  53.080  -15.541  50.462 0.0000000000
75205  52.630  -15.914  49.874 0.0000000000
55264  21.517  -32.374  75.214 0.0000000000
54014  20.818  -33.183  76.431 0.0000000000
53984  20.053  -32.853  78.259 0.0000000000
51777  20.750  -35.466  74.989 0.0000000000
48908  19.138  -38.288  76.024 0.0000000000
58698  25.335  -28.804  80.953 0.0000000000
59831  25.656  -28.246  80.923 0.0000000000
59847  26.316  -28.292  80.829 0.0000000000
59864  26.254  -29.301  80.554 0.0000000000
58730  25.917  -30.073  80.579 0.0000000000
56425  25.013  -31.165  81.001 0.0000000000
56441  25.407  -31.401  80.542 0.0000000000
55171  24.993  -31.521  80.629 0.0000000000
55205  24.946  -31.898  79.841 0.0000000000
55188  24.712  -31.694  80.408 0.0000000000
56428  22.697  -31.433  81.250 0.0000000000
56457  22.910  -31.495  79.754 0.0000000000
56456  23.784  -31.701  79.609 0.0000000000
56484  23.387  -30.934  77.735 0.0000000000
55241  21.446  -31.719  76.913 0.0000000000
56496  22.002  -31.303  76.476 0.0000000000
68177  47.152  -21.716  66.139 0.0000000000
68163  46.959  -21.727  66.903 0.0000000000
68119  46.180  -21.455  68.245 0.0000000000
67007  46.506  -22.379  67.193 0.0000000000
66986  46.133  -22.188  67.822 0.0000000000
65764  46.024  -22.820  67.323 0.0000000000
65746  45.861  -22.572  67.649 0.0000000000
62072  35.859  -26.179  76.940 0.0000000000
63354  39.398  -25.068  73.255 0.0000000000
64493  40.091  -24.117  73.582 0.0000000000
63363  39.415  -24.960  72.772 0.0000000000
64507  39.780  -24.353  72.180 0.0000000000
64495  39.463  -24.787  72.387 0.0000000000
62170  36.892  -26.755  72.793 0.0000000000
62148  37.677  -26.356  73.283 0.0000000000
62209  36.942  -26.257  70.659 0.0000000000
62188  37.324  -26.179  71.417 0.0000000000
62208  37.472  -25.938  70.953 0.0000000000
63382  36.941  -25.990  70.038 0.0000000000
63389  37.072  -25.180  68.905 0.0000000000
63390  36.779  -25.848  69.375 0.0000000000
62267  35.242  -26.524  67.682 0.0000000000
63415  35.589  -26.001  67.336 0.0000000000
62282  35.056  -26.328  67.043 0.0000000000
63428  35.193  -25.792  66.386 0.0000000000
63429  34.705  -26.094  66.104 0.0000000000
63448  33.972  -26.057  65.047 0.0000000000
62301  34.391  -26.333  65.969 0.0000000000
61134  33.317  -26.894  65.532 0.0000000000
61135  32.685  -27.144  65.242 0.0000000000
61144  31.792  -27.109  64.416 0.0000000000
61136  31.639  -27.817  65.404 0.0000000000
60005  30.274  -29.086  66.302 0.0000000000
60004  31.433  -28.436  66.138 0.0000000000
60024  30.180  -28.017  64.612 0.0000000000
60033  29.158  -27.795  63.664 0.0000000000
60025  29.480  -28.182  64.317 0.0000000000
58905  28.397  -29.500  64.857 0.0000000000
60027  27.903  -29.326  64.099 0.0000000000
58922  27.312  -29.257  63.162 0.0000000000
58913  27.092  -29.815  63.181 0.0000000000
54154  25.921  -33.736  66.566 0.0000000000
54168  26.376  -34.224  65.555 0.0000000000
54207  25.948  -33.822  64.070 0.0000000000
54233  25.586  -33.617  62.749 0.0000000000
55460  23.505  -32.699  62.342 0.0000000000
54235  23.176  -33.152  62.067 0.0000000000
51998  23.408  -34.885  60.982 0.0000000000
53101  24.799  -34.334  60.868 0.0000000000
76401  49.064  -14.665  51.275 0.0000000000
76416  48.435  -15.210  50.746 0.0000000000
75189  48.778  -15.932  50.382 0.0000000000
76391  46.459  -14.253  52.215 0.0000000000
76390  47.091  -14.186  51.906 0.0000000000
76404  46.529  -14.489  51.556 0.0000000000
53006  18.861  -34.412  66.307 0.0000000000
51934  18.184  -35.076  65.736 0.0000000000
54055  20.958  -33.588  73.411 0.0000000000
54063  20.641  -33.700  72.349 0.0000000000
52912  20.284  -34.620  72.032 0.0000000000
51834  19.246  -35.669  71.092 0.0000000000
51833  19.655  -35.190  71.168 0.0000000000
51853  18.737  -35.967  70.367 0.0000000000
51869  18.620  -35.748  69.528 0.0000000000
50865  18.155  -36.193  69.209 0.0000000000
49894  18.066  -37.064  71.300 0.0000000000
50845  18.085  -36.901  70.934 0.0000000000
49899  17.329  -37.396  69.791 0.0000000000
48970  16.422  -38.424  67.514 0.0000000000
49916  16.804  -37.806  68.193 0.0000000000
62032  31.308  -26.387  80.505 0.0000000000
60944  32.017  -26.993  80.087 0.0000000000
62057  32.712  -26.843  78.397 0.0000000000
60977  33.056  -27.268  77.651 0.0000000000
60976  33.710  -27.640  77.391 0.0000000000
59920  32.604  -28.638  76.030 0.0000000000
59943  32.001  -28.808  74.389 0.0000000000
58799  29.640  -30.469  74.439 0.0000000000
57724  29.160  -30.761  73.061 0.0000000000
57710  29.312  -30.902  74.053 0.0000000000
56506  30.026  -31.535  77.070 0.0000000000
57681  30.121  -30.920  76.560 0.0000000000
56507  29.833  -31.922  76.445 0.0000000000
54038  29.498  -33.871  74.532 0.0000000000
55282  29.242  -32.916  73.725 0.0000000000
55283  29.069  -32.305  73.225 0.0000000000
55294  29.367  -33.401  72.766 0.0000000000
54068  29.710  -34.097  71.678 0.0000000000
54061  29.613  -34.123  72.543 0.0000000000
51812  28.407  -35.355  72.080 0.0000000000
51830  28.551  -35.504  71.154 0.0000000000
51850  27.884  -35.472  70.659 0.0000000000
51866  28.007  -35.594  69.672 0.0000000000
51867  27.331  -35.160  70.149 0.0000000000
56455  26.655  -31.734  79.680 0.0000000000
56454  27.517  -31.672  79.332 0.0000000000
55203  26.733  -32.200  79.207 0.0000000000
55238  26.983  -32.913  77.613 0.0000000000
53997  26.548  -33.028  76.837 0.0000000000
54012  26.864  -33.307  76.357 0.0000000000
56509  25.425  -31.374  75.433 0.0000000000
56521  25.782  -31.969  74.651 0.0000000000
54053  26.320  -33.706  74.060 0.0000000000
52900  26.196  -34.084  73.430 0.0000000000
52899  26.743  -34.479  73.552 0.0000000000
52911  26.159  -34.157  72.840 0.0000000000
52963  26.183  -34.112  70.335 0.0000000000
52980  26.262  -34.116  69.472 0.0000000000
52962  26.790  -34.664  69.714 0.0000000000
54120  26.424  -34.201  67.894 0.0000000000
54155  25.124  -33.141  67.374 0.0000000000
55386  24.338  -32.677  66.923 0.0000000000
55335  22.558  -32.069  69.201 0.0000000000
55389  21.470  -32.408  66.273 0.0000000000
55388  22.361  -32.306  66.518 0.0000000000
55402  22.293  -32.121  65.483 0.0000000000
55417  21.442  -32.119  64.163 0.0000000000
73879  42.695  -16.531  56.244 0.0000000000
73895  42.423  -16.219  55.060 0.0000000000
73910  40.381  -16.900  54.651 0.0000000000
73922  39.751  -16.991  53.749 0.0000000000
71569  38.608  -18.739  55.498 0.0000000000
71582  38.970  -18.172  55.073 0.0000000000
71583  38.477  -18.562  54.550 0.0000000000
71592  38.816  -18.830  52.821 0.0000000000
72738  38.998  -18.242  52.350 0.0000000000
65988  38.472  -23.499  54.423 0.0000000000
67129  37.960  -22.440  55.029 0.0000000000
66009  38.909  -23.316  53.511 0.0000000000
56402  17.336  -32.532  82.314 0.0000000000
52808  17.625  -34.177  81.654 0.0000000000
51728  18.521  -35.106  80.532 0.0000000000
51729  18.025  -35.363  81.003 0.0000000000
50751  19.307  -36.510  79.471 0.0000000000
49818  19.994  -37.872  78.499 0.0000000000
50762  19.948  -37.322  78.412 0.0000000000
47804  19.526  -39.661  77.423 0.0000000000
48887  19.726  -38.780  77.535 0.0000000000
48897  18.901  -38.978  76.233 0.0000000000
47815  18.400  -39.677  75.998 0.0000000000
44473  19.340  -42.993  78.585 0.0000000000
44486  19.684  -42.095  78.182 0.0000000000
45578  20.276  -41.403  79.025 0.0000000000
45591  19.495  -41.633  77.718 0.0000000000
46700  19.825  -41.038  77.886 0.0000000000
45614  18.298  -41.187  76.315 0.0000000000
46735  17.494  -40.819  75.261 0.0000000000
46736  17.078  -40.871  74.478 0.0000000000
46742  16.706  -41.084  73.757 0.0000000000
45648  16.602  -41.961  72.173 0.0000000000
43409  16.349  -43.468  73.540 0.0000000000
78647  52.535  -11.642  54.254 0.0000000000
78649  49.983  -12.136  54.444 0.0000000000
78666  49.338  -12.671  53.803 0.0000000000
79680  51.252  -10.826  56.849 0.0000000000
78620  50.539  -11.692  57.194 0.0000000000
78622  49.268  -12.629  55.782 0.0000000000
77522  48.678  -13.074  55.493 0.0000000000
77533  48.670  -12.993  54.568 0.0000000000
77523  48.056  -13.573  55.165 0.0000000000
76352  45.744  -15.124  55.595 0.0000000000
76335  45.724  -15.323  56.127 0.0000000000
76287  48.658  -14.521  58.329 0.0000000000
76288  47.775  -14.998  58.118 0.0000000000
75095  45.564  -15.799  57.506 0.0000000000
75111  45.512  -15.559  56.629 0.0000000000
73877  44.336  -16.183  57.017 0.0000000000
73865  43.740  -16.533  57.460 0.0000000000
72669  42.306  -17.038  57.218 0.0000000000
71506  42.410  -18.691  59.441 0.0000000000
72643  42.356  -18.250  58.940 0.0000000000
71520  41.340  -18.667  58.662 0.0000000000
71521  40.702  -18.863  58.349 0.0000000000
69260  41.172  -20.393  59.898 0.0000000000
70319  40.458  -20.031  59.089 0.0000000000
69267  39.468  -20.651  58.557 0.0000000000
69262  39.949  -20.984  59.124 0.0000000000
70246  49.296  -19.346  63.916 0.0000000000
69245  45.204  -20.208  62.290 0.0000000000
68196  45.593  -21.772  63.735 0.0000000000
68209  43.573  -22.070  62.475 0.0000000000
68223  43.033  -21.685  62.038 0.0000000000
69249  42.204  -21.050  61.054 0.0000000000
65880  40.798  -23.260  59.923 0.0000000000
67089  40.955  -22.648  60.291 0.0000000000
67092  40.444  -22.602  59.719 0.0000000000
67093  39.918  -22.577  59.187 0.0000000000
65893  39.791  -23.168  58.807 0.0000000000
65905  39.511  -23.716  58.099 0.0000000000
64695  40.630  -24.974  58.307 0.0000000000
64696  40.106  -24.598  57.965 0.0000000000
63553  40.348  -25.533  57.242 0.0000000000
63575  40.087  -25.679  56.684 0.0000000000
63574  40.467  -25.980  57.068 0.0000000000
63525  42.290  -26.246  59.814 0.0000000000
63526  41.884  -26.064  59.321 0.0000000000
62359  41.962  -26.469  59.590 0.0000000000
62410  39.658  -26.358  56.352 0.0000000000
68122  43.701  -21.381  68.455 0.0000000000
66971  44.649  -22.044  68.262 0.0000000000
66989  44.148  -22.488  67.663 0.0000000000
66947  40.101  -22.204  70.679 0.0000000000
68070  40.313  -21.480  71.104 0.0000000000
69139  40.593  -20.558  70.459 0.0000000000
65733  38.551  -23.170  68.618 0.0000000000
66958  39.190  -22.725  68.783 0.0000000000
66972  40.458  -21.869  67.939 0.0000000000
68126  40.240  -21.903  68.639 0.0000000000
68125  40.627  -21.652  68.254 0.0000000000
69176  40.912  -21.180  68.732 0.0000000000
68124  41.378  -21.246  68.202 0.0000000000
68123  42.346  -21.128  68.201 0.0000000000
68147  41.815  -21.508  67.659 0.0000000000
65769  41.515  -23.100  65.806 0.0000000000
65768  42.547  -23.345  66.081 0.0000000000
64591  42.807  -24.374  64.679 0.0000000000
65815  41.874  -24.086  64.343 0.0000000000
65829  40.472  -24.018  63.166 0.0000000000
64677  37.310  -24.115  60.025 0.0000000000
64665  38.241  -24.225  60.939 0.0000000000
64676  37.951  -24.418  60.299 0.0000000000
64675  38.698  -25.146  60.024 0.0000000000
64687  38.183  -25.042  59.375 0.0000000000
63537  38.332  -25.621  58.551 0.0000000000
64697  37.662  -24.976  58.605 0.0000000000
64711  36.340  -24.556  57.075 0.0000000000
65923  32.734  -23.272  57.600 0.0000000000
64737  31.399  -23.762  56.323 0.0000000000
64761  31.779  -24.069  55.781 0.0000000000
63468  33.023  -26.031  64.043 0.0000000000
63493  32.880  -25.257  63.157 0.0000000000
63510  30.351  -25.517  61.774 0.0000000000
64668  31.006  -24.960  61.522 0.0000000000
64680  30.383  -24.580  60.613 0.0000000000
65888  30.780  -24.186  60.299 0.0000000000
62355  28.156  -26.201  60.882 0.0000000000
63523  28.057  -25.909  60.323 0.0000000000
63538  28.276  -25.340  58.981 0.0000000000
58815  31.581  -29.229  72.221 0.0000000000
57767  29.439  -30.515  70.022 0.0000000000
58841  30.083  -29.990  70.715 0.0000000000
57776  29.286  -30.435  69.005 0.0000000000
57786  28.486  -30.667  67.305 0.0000000000
56616  28.028  -30.876  65.682 0.0000000000
57828  27.015  -31.079  62.670 0.0000000000
56662  27.051  -31.493  62.085 0.0000000000
53038  26.731  -34.872  64.710 0.0000000000
51956  27.320  -35.562  64.835 0.0000000000
51980  27.615  -35.875  63.214 0.0000000000
51994  28.057  -35.788  62.931 0.0000000000
52021  25.138  -35.895  59.331 0.0000000000
53135  27.405  -34.944  60.216 0.0000000000
53119  27.709  -34.771  60.885 0.0000000000
54253  27.971  -33.904  61.383 0.0000000000
55498  26.872  -32.497  59.915 0.0000000000
55497  27.315  -33.109  60.257 0.0000000000
76400  50.537  -14.718  51.336 0.0000000000
75187  50.839  -15.687  50.427 0.0000000000
75207  50.820  -16.177  49.855 0.0000000000
73975  50.783  -16.267  48.923 0.0000000000
75147  42.342  -15.815  53.786 0.0000000000
75158  42.894  -15.528  53.286 0.0000000000
75159  42.041  -15.693  53.076 0.0000000000
56414  19.956  -31.584  82.384 0.0000000000
56415  19.270  -31.756  82.401 0.0000000000
55163  18.573  -32.380  82.093 0.0000000000
59906  34.961  -27.834  75.949 0.0000000000
59928  35.080  -27.960  73.970 0.0000000000
59940  34.431  -28.286  73.233 0.0000000000
58822  33.309  -29.209  70.618 0.0000000000
58824  31.825  -29.513  71.263 0.0000000000
76375  45.004  -14.869  53.737 0.0000000000
49881  17.571  -38.115  72.764 0.0000000000
47835  16.189  -39.808  71.293 0.0000000000
46755  16.236  -40.932  71.662 0.0000000000
60947  29.323  -27.794  80.997 0.0000000000
57629  29.239  -30.877  78.834 0.0000000000
57642  29.535  -31.181  78.473 0.0000000000
56453  28.529  -31.740  78.805 0.0000000000
56523  22.486  -31.047  74.811 0.0000000000
57700  23.009  -30.672  74.182 0.0000000000
56538  22.449  -31.112  73.806 0.0000000000
55310  21.284  -32.299  71.400 0.0000000000
70344  38.420  -20.077  56.962 0.0000000000
69279  38.061  -20.661  56.659 0.0000000000
68263  37.732  -21.494  55.340 0.0000000000
42198  15.302  -44.518  77.532 0.0000000000
72607  48.417  -17.905  61.196 0.0000000000
64612  44.678  -24.954  64.228 0.0000000000
63472  44.115  -25.586  63.281 0.0000000000
63465  43.747  -25.450  63.765 0.0000000000
64625  42.752  -25.465  63.132 0.0000000000
65798  35.997  -23.999  65.371 0.0000000000
65820  36.167  -23.326  64.408 0.0000000000
65852  34.188  -24.000  62.646 0.0000000000
65853  33.528  -24.262  62.370 0.0000000000
64666  32.716  -24.296  61.732 0.0000000000
51878  28.887  -35.520  68.631 0.0000000000
51877  29.192  -35.351  68.539 0.0000000000
51894  28.663  -35.582  68.075 0.0000000000
51911  28.627  -35.565  67.313 0.0000000000
51931  28.496  -35.593  66.460 0.0000000000
76398  53.024  -14.824  51.736 0.0000000000
55265  21.224  -32.690  76.021 0.0000000000
55254  21.038  -32.441  76.750 0.0000000000
59832  25.056  -28.529  81.078 0.0000000000
58715  24.892  -30.286  81.170 0.0000000000
57609  25.347  -30.618  80.867 0.0000000000
56408  24.651  -30.909  81.262 0.0000000000
56426  24.564  -31.157  81.171 0.0000000000
63336  36.745  -26.038  75.869 0.0000000000
63325  37.073  -25.184  75.958 0.0000000000
64452  37.682  -24.065  76.399 0.0000000000
65623  39.381  -23.635  75.119 0.0000000000
64469  39.812  -23.995  74.326 0.0000000000
64470  39.541  -24.182  74.554 0.0000000000
63344  39.320  -25.108  74.034 0.0000000000
62190  35.975  -27.238  71.124 0.0000000000
62189  36.585  -26.773  71.625 0.0000000000
62229  35.901  -26.881  69.504 0.0000000000
62247  36.258  -26.340  69.061 0.0000000000
62248  35.557  -26.692  68.514 0.0000000000
62249  34.928  -27.012  67.983 0.0000000000
62268  34.612  -26.887  67.295 0.0000000000
62269  34.136  -26.973  66.683 0.0000000000
61107  33.095  -27.801  66.813 0.0000000000
59988  31.787  -29.318  68.148 0.0000000000
60016  29.327  -29.045  65.299 0.0000000000
58899  28.549  -29.631  65.390 0.0000000000
58900  28.224  -29.788  65.000 0.0000000000
54182  25.552  -33.299  64.590 0.0000000000
55434  24.956  -32.738  64.272 0.0000000000
55458  25.043  -32.832  63.414 0.0000000000
55459  24.560  -32.700  62.632 0.0000000000
77585  47.692  -14.220  51.682 0.0000000000
75177  45.341  -14.747  51.451 0.0000000000
51914  18.356  -35.273  66.695 0.0000000000
51835  18.768  -36.167  70.873 0.0000000000
49900  16.854  -38.065  70.002 0.0000000000
48958  16.446  -38.538  68.455 0.0000000000
59875  31.590  -28.230  79.433 0.0000000000
59874  32.216  -28.091  79.045 0.0000000000
59889  32.489  -28.300  78.343 0.0000000000
59888  32.907  -28.297  77.849 0.0000000000
59898  33.307  -28.230  77.445 0.0000000000
59899  32.572  -28.699  77.475 0.0000000000
59909  32.299  -28.828  76.821 0.0000000000
59921  31.821  -28.893  76.259 0.0000000000
58789  31.044  -29.258  75.677 0.0000000000
57696  30.022  -30.608  75.699 0.0000000000
55262  29.599  -32.794  76.027 0.0000000000
54024  29.404  -33.644  75.600 0.0000000000
52897  29.339  -34.695  73.061 0.0000000000
51784  28.823  -35.093  73.490 0.0000000000
51795  28.222  -35.201  72.951 0.0000000000
51813  27.661  -35.110  72.446 0.0000000000
55204  25.726  -32.031  79.492 0.0000000000
55222  26.091  -32.370  78.648 0.0000000000
56481  25.873  -32.559  77.064 0.0000000000
56552  25.159  -31.625  72.936 0.0000000000
56536  25.496  -31.785  73.657 0.0000000000
55296  25.533  -32.542  72.685 0.0000000000
54069  25.710  -33.462  71.986 0.0000000000
52923  26.269  -34.179  72.104 0.0000000000
54078  25.560  -33.598  70.838 0.0000000000
54098  25.549  -33.706  69.862 0.0000000000
55353  21.516  -32.517  68.370 0.0000000000
55371  21.511  -32.584  67.307 0.0000000000
55404  20.483  -32.512  64.879 0.0000000000
72684  42.032  -16.786  56.417 0.0000000000
73896  41.306  -16.693  55.257 0.0000000000
72702  40.936  -17.020  55.577 0.0000000000
72719  40.137  -17.235  55.065 0.0000000000
70390  38.561  -19.560  53.523 0.0000000000
49807  19.814  -38.383  79.171 0.0000000000
47793  19.974  -39.753  78.107 0.0000000000
43350  18.073  -43.829  77.764 0.0000000000
43361  18.548  -43.227  77.473 0.0000000000
44494  18.483  -42.695  76.874 0.0000000000
45603  18.711  -41.691  76.840 0.0000000000
45604  18.273  -42.244  76.431 0.0000000000
45620  17.274  -41.871  74.731 0.0000000000
45628  16.983  -42.035  73.981 0.0000000000
45627  17.107  -42.338  74.305 0.0000000000
44522  16.941  -42.778  73.698 0.0000000000
79701  51.761  -10.814  55.153 0.0000000000
79688  51.487  -10.648  55.812 0.0000000000
78609  50.023  -12.467  57.609 0.0000000000
76332  48.211  -13.791  56.363 0.0000000000
75077  47.855  -15.365  58.694 0.0000000000
75093  47.232  -15.276  58.113 0.0000000000
75079  45.945  -15.862  58.189 0.0000000000
73863  45.312  -16.142  58.175 0.0000000000
73864  44.660  -16.246  57.720 0.0000000000
73849  44.712  -16.574  58.627 0.0000000000
72652  44.045  -16.896  58.637 0.0000000000
72628  44.405  -17.992  60.042 0.0000000000
71487  43.601  -18.751  60.321 0.0000000000
70317  41.872  -19.199  59.502 0.0000000000
70306  41.522  -20.049  59.962 0.0000000000
69231  47.665  -20.101  63.549 0.0000000000
65844  44.357  -23.818  63.012 0.0000000000
67071  43.857  -22.862  62.786 0.0000000000
67083  42.624  -22.700  61.830 0.0000000000
67084  42.065  -22.682  61.325 0.0000000000
64685  40.991  -24.855  58.897 0.0000000000
64694  41.118  -25.427  58.574 0.0000000000
62352  41.313  -26.651  59.848 0.0000000000
62360  41.367  -26.540  59.080 0.0000000000
62392  38.813  -26.663  57.282 0.0000000000
68100  43.836  -20.758  69.037 0.0000000000
65687  40.246  -23.351  72.294 0.0000000000
66936  39.878  -22.883  71.003 0.0000000000
66948  39.723  -22.644  70.318 0.0000000000
66994  39.141  -22.783  67.062 0.0000000000
66974  39.168  -22.701  67.943 0.0000000000
66993  39.904  -22.410  67.245 0.0000000000
67011  40.706  -22.539  66.475 0.0000000000
65816  40.662  -23.665  63.921 0.0000000000
64698  36.989  -24.486  58.416 0.0000000000
65907  36.324  -24.141  57.899 0.0000000000
65920  35.739  -24.035  57.063 0.0000000000
65943  35.504  -24.243  56.414 0.0000000000
65924  31.817  -23.403  57.748 0.0000000000
65948  31.253  -23.515  57.177 0.0000000000
62319  31.946  -26.473  63.708 0.0000000000
63478  31.944  -25.932  63.155 0.0000000000
62334  31.484  -26.210  63.159 0.0000000000
63496  30.584  -25.887  62.357 0.0000000000
62364  27.136  -26.440  59.304 0.0000000000
63531  27.766  -25.887  59.608 0.0000000000
58817  29.715  -29.948  72.808 0.0000000000
58826  29.868  -29.879  71.754 0.0000000000
55384  28.770  -33.169  66.900 0.0000000000
56626  28.316  -32.168  65.361 0.0000000000
56627  28.000  -31.503  64.941 0.0000000000
55412  28.131  -32.436  64.096 0.0000000000
55433  27.911  -32.472  63.161 0.0000000000
53078  26.471  -34.743  62.904 0.0000000000
52031  25.186  -35.556  58.330 0.0000000000
54291  27.256  -34.163  59.812 0.0000000000
75188  49.741  -15.910  50.365 0.0000000000
55208  19.765  -32.688  79.478 0.0000000000
55175  19.265  -32.466  81.409 0.0000000000
52842  19.146  -34.609  79.113 0.0000000000
56396  21.876  -30.873  82.409 0.0000000000
56429  21.752  -31.466  81.535 0.0000000000
56445  20.967  -31.605  80.936 0.0000000000
62055  34.923  -26.092  77.651 0.0000000000
62054  35.165  -26.030  77.674 0.0000000000
60989  35.462  -27.299  76.461 0.0000000000
60988  35.833  -27.099  76.176 0.0000000000
62092  36.102  -26.681  76.260 0.0000000000
62110  37.361  -26.326  74.811 0.0000000000
62128  37.723  -26.322  74.143 0.0000000000
61042  35.682  -27.679  72.666 0.0000000000
61057  35.722  -27.558  71.654 0.0000000000
59969  35.124  -28.094  70.510 0.0000000000
59979  32.878  -29.194  69.121 0.0000000000
58867  31.847  -29.510  68.785 0.0000000000
58869  29.855  -29.920  68.436 0.0000000000
56649  22.671  -32.107  63.640 0.0000000000
55436  23.413  -32.194  63.366 0.0000000000
55437  22.670  -32.360  63.051 0.0000000000
54237  21.746  -33.843  62.327 0.0000000000
77550  47.302  -13.944  52.876 0.0000000000
76406  45.347  -14.551  52.260 0.0000000000
54143  19.740  -33.909  67.412 0.0000000000
52981  19.332  -34.483  67.929 0.0000000000
54101  19.865  -34.224  68.912 0.0000000000
51897  18.422  -35.519  67.632 0.0000000000
51882  18.023  -36.065  67.844 0.0000000000
50819  19.454  -36.455  73.387 0.0000000000
50833  19.179  -36.290  72.629 0.0000000000
49889  18.120  -37.225  71.880 0.0000000000
49896  16.820  -38.265  70.553 0.0000000000
47863  16.159  -39.304  68.736 0.0000000000
47836  16.055  -40.161  70.583 0.0000000000
46782  16.122  -40.922  69.420 0.0000000000
59860  30.833  -28.173  80.121 0.0000000000
59859  31.284  -28.005  80.003 0.0000000000
58774  30.512  -30.354  77.870 0.0000000000
57652  30.088  -31.219  77.875 0.0000000000
56479  29.932  -31.631  77.867 0.0000000000
56480  29.731  -32.018  77.784 0.0000000000
55236  29.464  -32.670  77.362 0.0000000000
54009  29.295  -33.315  76.705 0.0000000000
52861  28.452  -34.061  75.615 0.0000000000
56483  24.478  -31.389  77.689 0.0000000000
57653  24.788  -31.201  76.784 0.0000000000
57683  24.760  -30.783  75.311 0.0000000000
57698  24.468  -30.641  74.481 0.0000000000
57699  23.708  -30.502  74.424 0.0000000000
57711  24.205  -30.542  73.857 0.0000000000
56537  24.837  -30.983  73.564 0.0000000000
56553  24.586  -31.165  72.496 0.0000000000
55321  23.743  -32.033  70.069 0.0000000000
56589  23.132  -31.713  70.017 0.0000000000
56591  22.111  -31.954  69.672 0.0000000000
71551  40.077  -18.444  57.095 0.0000000000
72687  39.726  -18.123  56.210 0.0000000000
71552  39.483  -18.601  56.661 0.0000000000
71553  38.871  -18.826  56.169 0.0000000000
70374  38.102  -19.262  55.135 0.0000000000
70375  37.843  -19.845  55.334 0.0000000000
70384  37.912  -19.653  54.875 0.0000000000
42172  17.518  -44.248  78.282 0.0000000000
43363  17.161  -43.932  76.567 0.0000000000
43377  14.941  -44.058  75.773 0.0000000000
72639  46.098  -16.933  59.890 0.0000000000
72626  46.365  -17.491  60.492 0.0000000000
72608  47.258  -17.984  61.129 0.0000000000
71485  45.448  -18.316  60.772 0.0000000000
71465  44.977  -18.938  61.133 0.0000000000
68188  47.174  -21.559  65.260 0.0000000000
68189  46.544  -22.082  64.729 0.0000000000
65828  44.966  -23.584  63.621 0.0000000000
64623  45.143  -24.051  63.862 0.0000000000
64660  43.227  -25.093  61.319 0.0000000000
64661  42.772  -25.085  60.807 0.0000000000
63504  43.172  -25.674  60.911 0.0000000000
62350  43.048  -26.296  60.847 0.0000000000
62342  42.669  -26.525  61.080 0.0000000000
62331  43.359  -26.282  61.967 0.0000000000
62343  41.876  -26.578  60.776 0.0000000000
63518  40.665  -26.216  60.444 0.0000000000
70151  41.829  -18.713  70.712 0.0000000000
64532  38.249  -24.076  69.755 0.0000000000
65719  38.197  -23.730  69.153 0.0000000000
65734  37.895  -23.734  68.392 0.0000000000
65752  36.930  -23.856  66.997 0.0000000000
65772  38.453  -22.898  66.490 0.0000000000
65818  38.341  -22.765  64.555 0.0000000000
65832  36.969  -22.905  63.101 0.0000000000
67059  36.643  -22.932  63.804 0.0000000000
65883  35.481  -23.377  60.249 0.0000000000
65896  34.521  -23.259  59.344 0.0000000000
62337  29.230  -26.635  62.332 0.0000000000
61168  28.170  -26.909  61.752 0.0000000000
62357  26.900  -27.150  60.448 0.0000000000
62377  26.568  -26.999  58.835 0.0000000000
55319  29.093  -32.841  71.059 0.0000000000
55332  28.939  -32.580  70.199 0.0000000000
54097  29.259  -33.264  69.824 0.0000000000
54119  29.281  -33.441  68.886 0.0000000000
54138  29.255  -33.805  67.885 0.0000000000
54137  29.403  -34.653  67.836 0.0000000000
54167  29.090  -34.317  65.850 0.0000000000
52011  24.620  -35.545  59.888 0.0000000000
51010  24.714  -35.994  58.393 0.0000000000
75183  54.375  -15.227  50.713 0.0000000000
75204  53.566  -15.938  49.877 0.0000000000
73954  53.123  -16.210  49.244 0.0000000000
73973  52.603  -16.187  48.556 0.0000000000
73978  47.627  -16.767  48.955 0.0000000000
55286  21.173  -33.036  73.131 0.0000000000
54042  21.195  -33.013  73.874 0.0000000000
54043  20.981  -33.677  74.508 0.0000000000
52863  20.487  -34.246  76.455 0.0000000000
50818  20.055  -36.077  73.890 0.0000000000
49867  19.126  -37.288  73.912 0.0000000000
50795  19.829  -36.825  75.425 0.0000000000
49868  18.576  -37.946  74.266 0.0000000000
48919  18.060  -38.654  74.717 0.0000000000
60933  26.626  -27.501  81.006 0.0000000000
59863  27.156  -28.824  80.509 0.0000000000
58746  27.403  -30.276  79.876 0.0000000000
57618  26.822  -30.853  80.095 0.0000000000
56440  26.139  -31.423  80.219 0.0000000000
56424  25.592  -31.139  80.671 0.0000000000
55223  25.127  -32.066  79.011 0.0000000000
57597  23.767  -30.596  81.620 0.0000000000
55159  24.213  -31.259  81.202 0.0000000000
55160  23.941  -31.509  81.048 0.0000000000
56427  23.581  -31.595  80.941 0.0000000000
55189  24.145  -31.682  80.655 0.0000000000
55206  24.283  -31.830  80.099 0.0000000000
57655  23.344  -30.682  76.928 0.0000000000
56510  22.579  -30.915  75.808 0.0000000000
70228  48.600  -19.846  64.338 0.0000000000
69208  48.026  -20.477  65.098 0.0000000000
68187  47.578  -20.999  65.356 0.0000000000
68176  47.569  -21.017  65.718 0.0000000000
67044  46.809  -22.328  65.853 0.0000000000
67030  46.534  -22.954  66.045 0.0000000000
65766  44.606  -23.669  66.577 0.0000000000
65672  40.359  -23.659  73.059 0.0000000000
65673  40.131  -23.976  72.404 0.0000000000
62127  38.280  -26.017  73.627 0.0000000000
62147  38.293  -25.917  72.956 0.0000000000
62168  38.241  -25.801  72.505 0.0000000000
63365  38.168  -25.762  72.207 0.0000000000
63372  38.477  -25.120  71.098 0.0000000000
64521  38.094  -24.660  70.056 0.0000000000
63400  36.823  -25.086  68.287 0.0000000000
63427  35.597  -25.295  66.340 0.0000000000
63446  35.101  -25.434  65.789 0.0000000000
64594  34.591  -25.313  65.031 0.0000000000
63475  33.905  -25.317  64.194 0.0000000000
63466  34.190  -25.576  64.794 0.0000000000
63467  33.574  -25.914  64.468 0.0000000000
62303  33.283  -26.707  65.162 0.0000000000
62318  32.586  -26.330  64.008 0.0000000000
61149  31.481  -26.843  63.845 0.0000000000
60003  32.075  -28.204  66.351 0.0000000000
61122  31.892  -28.065  66.032 0.0000000000
61145  30.744  -27.730  64.543 0.0000000000
61151  29.782  -27.363  63.531 0.0000000000
61152  28.976  -27.608  63.311 0.0000000000
60045  27.390  -28.423  62.538 0.0000000000
60046  26.894  -29.024  62.176 0.0000000000
52992  26.940  -34.813  67.395 0.0000000000
53004  26.936  -34.999  66.444 0.0000000000
53061  26.415  -34.533  63.919 0.0000000000
53079  26.016  -34.487  62.140 0.0000000000
55482  24.335  -33.006  61.915 0.0000000000
54257  23.474  -34.016  61.469 0.0000000000
54255  24.929  -33.600  61.543 0.0000000000
53121  24.743  -35.075  60.382 0.0000000000
76389  50.831  -14.120  51.993 0.0000000000
77583  49.474  -14.043  51.876 0.0000000000
76418  46.619  -14.866  51.004 0.0000000000
76417  47.482  -15.060  50.799 0.0000000000
53005  19.245  -34.113  66.556 0.0000000000
52925  19.585  -35.124  70.898 0.0000000000
51868  18.946  -35.275  69.446 0.0000000000
50844  18.577  -36.549  71.373 0.0000000000
50851  18.417  -36.465  70.639 0.0000000000
50859  17.731  -36.700  69.451 0.0000000000
49915  17.187  -37.123  67.897 0.0000000000
49922  17.095  -37.082  67.036 0.0000000000
62040  32.571  -26.412  79.627 0.0000000000
63306  33.807  -25.637  78.585 0.0000000000
63320  34.080  -25.985  77.588 0.0000000000
59907  34.206  -28.111  76.581 0.0000000000
59942  32.712  -28.657  73.759 0.0000000000
58805  32.289  -28.983  72.802 0.0000000000
58807  30.419  -29.564  73.667 0.0000000000
57682  29.838  -31.292  75.845 0.0000000000
56535  29.094  -32.047  73.556 0.0000000000
55295  29.065  -32.565  72.746 0.0000000000
55318  29.438  -33.482  71.494 0.0000000000
52909  29.502  -34.770  72.127 0.0000000000
51829  29.223  -35.320  70.686 0.0000000000
51848  29.209  -35.299  69.763 0.0000000000
51865  28.718  -35.535  69.329 0.0000000000
57631  27.528  -30.915  79.633 0.0000000000
55221  27.173  -32.686  78.191 0.0000000000
53982  27.972  -33.033  77.782 0.0000000000
53995  27.909  -33.394  77.169 0.0000000000
54011  27.657  -33.684  76.182 0.0000000000
54025  27.533  -33.779  75.214 0.0000000000
56494  25.445  -31.658  76.353 0.0000000000
56493  25.850  -32.381  76.576 0.0000000000
55263  26.222  -32.845  75.935 0.0000000000
55273  26.085  -32.841  74.879 0.0000000000
54027  26.608  -33.193  75.904 0.0000000000
54040  27.035  -33.862  74.541 0.0000000000
52886  27.582  -34.551  74.220 0.0000000000
52898  27.279  -34.733  73.687 0.0000000000
51814  27.157  -34.811  72.686 0.0000000000
51832  27.213  -34.844  72.029 0.0000000000
52922  26.709  -34.551  71.661 0.0000000000
51851  27.252  -35.007  71.145 0.0000000000
54139  26.467  -34.321  67.028 0.0000000000
55399  24.892  -32.803  66.036 0.0000000000
55415  23.150  -32.067  64.483 0.0000000000
55369  23.331  -32.509  67.725 0.0000000000
55401  23.236  -32.237  65.682 0.0000000000
56635  22.146  -31.988  63.931 0.0000000000
56636  21.856  -32.153  63.676 0.0000000000
54209  20.353  -33.406  62.749 0.0000000000
75132  43.293  -15.857  54.922 0.0000000000
73908  42.313  -15.992  54.280 0.0000000000
73921  40.432  -16.492  53.402 0.0000000000
72729  39.302  -17.467  54.096 0.0000000000
72730  38.756  -17.967  53.782 0.0000000000
72732  39.224  -17.409  53.180 0.0000000000
67130  37.809  -22.154  55.608 0.0000000000
68262  37.864  -21.833  54.949 0.0000000000
67162  38.866  -22.376  53.770 0.0000000000
56401  17.761  -31.995  82.261 0.0000000000
53951  18.085  -33.015  81.924 0.0000000000
52800  17.327  -33.597  82.297 0.0000000000
52820  18.436  -34.236  80.725 0.0000000000
50774  20.023  -36.938  77.924 0.0000000000
49833  19.739  -38.206  77.027 0.0000000000
48909  18.603  -38.639  75.496 0.0000000000
47823  17.424  -39.740  74.718 0.0000000000
45577  20.367  -40.970  79.047 0.0000000000
46699  20.139  -40.772  78.401 0.0000000000
46724  18.596  -40.597  76.548 0.0000000000
47816  17.811  -40.017  75.497 0.0000000000
77545  52.495  -13.094  53.402 0.0000000000
78662  52.980  -12.463  53.915 0.0000000000
77546  51.428  -12.934  53.209 0.0000000000
77547  50.257  -12.853  53.154 0.0000000000
77548  49.007  -12.944  53.478 0.0000000000
75143  45.138  -15.308  55.285 0.0000000000
75130  44.603  -15.625  55.563 0.0000000000
77472  49.397  -13.747  58.349 0.0000000000
76312  46.604  -15.226  57.118 0.0000000000
75113  44.058  -15.954  55.845 0.0000000000
73866  43.104  -16.627  56.993 0.0000000000
72670  41.116  -17.895  57.472 0.0000000000
71504  43.979  -18.187  60.026 0.0000000000
72655  41.369  -18.207  58.159 0.0000000000
72671  40.465  -18.220  57.211 0.0000000000
71536  40.369  -18.656  57.726 0.0000000000
70342  39.829  -19.138  57.729 0.0000000000
70331  40.107  -19.562  58.432 0.0000000000
70332  39.385  -19.978  58.127 0.0000000000
69271  39.055  -20.334  57.941 0.0000000000
69268  38.907  -20.967  58.059 0.0000000000
68241  38.606  -21.665  57.757 0.0000000000
71437  49.138  -18.788  62.384 0.0000000000
70270  45.775  -19.850  62.271 0.0000000000
68195  46.168  -21.689  64.105 0.0000000000
68206  45.767  -21.276  63.576 0.0000000000
68208  44.251  -21.757  62.726 0.0000000000
69234  44.801  -20.847  62.619 0.0000000000
69235  44.149  -20.942  62.268 0.0000000000
69247  43.596  -20.593  61.700 0.0000000000
69255  41.652  -20.683  60.489 0.0000000000
69256  40.987  -20.980  60.167 0.0000000000
68230  41.222  -21.702  60.506 0.0000000000
68234  40.663  -21.686  60.008 0.0000000000
68238  39.616  -21.661  58.948 0.0000000000
67097  38.936  -22.561  58.031 0.0000000000
65906  38.889  -23.146  57.669 0.0000000000
65918  38.822  -23.690  57.076 0.0000000000
64708  39.378  -24.441  56.936 0.0000000000
63517  42.310  -25.775  59.832 0.0000000000
63551  40.968  -26.108  58.016 0.0000000000
62371  40.870  -26.392  58.159 0.0000000000
62389  40.740  -26.266  57.815 0.0000000000
62409  40.238  -26.189  56.824 0.0000000000
66970  45.295  -22.028  68.315 0.0000000000
65748  44.874  -23.133  67.313 0.0000000000
70152  40.845  -19.692  70.821 0.0000000000
69138  41.307  -19.898  70.092 0.0000000000
66956  40.044  -22.103  69.923 0.0000000000
68102  40.052  -22.072  68.866 0.0000000000
69156  41.829  -20.230  69.348 0.0000000000
69174  42.620  -20.646  68.828 0.0000000000
66991  42.273  -22.087  67.135 0.0000000000
66990  43.241  -22.364  67.340 0.0000000000
67008  43.634  -22.910  67.034 0.0000000000
65767  43.603  -23.540  66.371 0.0000000000
64590  43.437  -24.387  65.083 0.0000000000
64614  42.817  -24.916  63.960 0.0000000000
64626  42.016  -25.320  62.782 0.0000000000
64615  41.562  -24.419  63.518 0.0000000000
64644  41.062  -25.363  61.911 0.0000000000
64662  40.712  -25.596  61.288 0.0000000000
63519  40.037  -26.036  60.228 0.0000000000
65847  39.301  -24.092  62.272 0.0000000000
65868  38.367  -24.111  61.289 0.0000000000
64646  39.167  -24.298  61.917 0.0000000000
63520  39.377  -25.544  60.236 0.0000000000
63528  39.131  -25.731  59.440 0.0000000000
63536  38.870  -25.848  58.823 0.0000000000
62375  38.285  -26.013  57.983 0.0000000000
64709  37.346  -24.910  58.087 0.0000000000
65922  33.725  -23.259  57.452 0.0000000000
65968  32.934  -23.722  55.972 0.0000000000
64631  33.274  -24.979  63.220 0.0000000000
64648  32.954  -24.668  62.470 0.0000000000
64667  32.029  -24.389  61.463 0.0000000000
64649  31.854  -25.100  62.122 0.0000000000
65900  30.593  -23.891  59.643 0.0000000000
65901  29.994  -23.930  59.310 0.0000000000
62345  29.489  -26.208  62.040 0.0000000000
63511  29.555  -25.697  61.496 0.0000000000
64670  29.575  -25.333  61.043 0.0000000000
63530  28.431  -25.441  59.886 0.0000000000
64682  28.881  -25.202  60.166 0.0000000000
64681  29.450  -25.035  60.515 0.0000000000
56588  28.694  -31.817  69.831 0.0000000000
58881  28.762  -30.024  66.731 0.0000000000
57802  28.302  -30.124  65.731 0.0000000000
57808  27.563  -30.568  64.311 0.0000000000
57829  26.808  -30.481  62.371 0.0000000000
57838  26.509  -30.452  61.540 0.0000000000
51933  27.402  -35.518  65.781 0.0000000000
51932  27.894  -35.772  66.107 0.0000000000
51967  27.718  -35.925  64.189 0.0000000000
51966  28.262  -35.710  64.625 0.0000000000
52008  27.285  -35.570  60.961 0.0000000000
53097  28.238  -35.252  62.417 0.0000000000
54230  28.501  -34.267  62.784 0.0000000000
54231  28.243  -33.705  62.160 0.0000000000
55479  27.364  -32.669  60.891 0.0000000000
56676  27.266  -32.046  61.544 0.0000000000
56677  26.787  -31.459  61.175 0.0000000000
56690  26.483  -31.437  60.238 0.0000000000
75206  51.628  -15.985  49.903 0.0000000000
73974  51.659  -16.148  48.824 0.0000000000
75212  52.042  -15.988  48.259 0.0000000000
73977  48.929  -16.654  48.958 0.0000000000
75169  41.787  -15.650  52.108 0.0000000000
42184  17.477  -44.119  77.671 0.0000000000
44521  17.030  -42.521  74.104 0.0000000000
45563  20.261  -40.964  79.202 0.0000000000
46671  20.098  -40.577  79.293 0.0000000000
46685  20.301  -40.615  79.051 0.0000000000
46686  20.346  -40.801  78.865 0.0000000000
47784  20.131  -39.910  79.030 0.0000000000
48920  17.513  -38.910  74.155 0.0000000000
51796  27.405  -34.907  73.243 0.0000000000
51797  26.950  -34.725  73.041 0.0000000000
51811  29.137  -35.274  71.645 0.0000000000
51893  29.137  -35.420  68.174 0.0000000000
52862  27.911  -33.903  75.506 0.0000000000
52874  27.946  -34.053  74.956 0.0000000000
52978  29.420  -35.053  68.436 0.0000000000
52991  29.315  -35.165  67.789 0.0000000000
53002  29.192  -35.258  67.299 0.0000000000
53993  29.200  -33.076  77.338 0.0000000000
53996  27.077  -33.192  77.073 0.0000000000
54039  27.524  -34.046  74.693 0.0000000000
54052  26.700  -34.171  74.051 0.0000000000
54077  29.212  -33.121  70.426 0.0000000000
55153  17.359  -32.751  82.354 0.0000000000
55173  24.037  -31.623  80.874 0.0000000000
55218  29.356  -32.440  77.850 0.0000000000
55220  28.124  -32.707  78.217 0.0000000000
55252  26.176  -32.805  76.747 0.0000000000
55306  29.521  -33.630  72.094 0.0000000000
55440  20.207  -33.225  62.927 0.0000000000
55481  24.745  -33.089  62.000 0.0000000000
56491  29.988  -31.609  77.579 0.0000000000
56492  29.818  -32.100  77.207 0.0000000000
56550  29.119  -31.439  73.579 0.0000000000
56634  22.622  -31.973  64.108 0.0000000000
57727  23.720  -30.677  72.899 0.0000000000
57728  23.210  -30.839  72.761 0.0000000000
57794  28.159  -30.451  65.706 0.0000000000
58781  31.853  -29.007  76.961 0.0000000000
58837  33.299  -29.256  69.988 0.0000000000
58853  32.958  -29.316  69.591 0.0000000000
58866  32.528  -29.360  69.089 0.0000000000
58889  30.000  -29.427  67.012 0.0000000000
58912  27.437  -29.709  63.795 0.0000000000
58923  26.965  -29.504  62.626 0.0000000000
59910  31.825  -28.973  76.731 0.0000000000
60017  28.694  -29.297  64.985 0.0000000000
60044  28.024  -27.843  62.753 0.0000000000
60965  33.060  -28.114  77.819 0.0000000000
61069  35.173  -27.949  70.154 0.0000000000
61092  34.188  -27.796  68.039 0.0000000000
61137  30.983  -28.020  65.180 0.0000000000
61173  27.049  -27.226  60.797 0.0000000000
62076  33.016  -26.770  77.697 0.0000000000
62284  34.105  -26.712  66.170 0.0000000000
62302  33.849  -26.525  65.557 0.0000000000
62315  32.954  -26.527  64.581 0.0000000000
62316  32.349  -26.667  64.268 0.0000000000
62332  42.914  -26.438  61.753 0.0000000000
62347  27.965  -26.676  61.261 0.0000000000
63319  34.678  -26.071  77.604 0.0000000000
63380  38.232  -24.917  70.475 0.0000000000
63463  44.492  -25.239  63.922 0.0000000000
63492  41.701  -25.951  61.722 0.0000000000
63495  31.411  -25.701  62.577 0.0000000000
63507  40.426  -25.759  60.829 0.0000000000
63508  39.773  -25.469  60.754 0.0000000000
63512  29.048  -25.738  61.224 0.0000000000
63515  43.225  -26.011  60.826 0.0000000000
63521  29.258  -25.463  61.006 0.0000000000
63527  39.672  -26.039  59.763 0.0000000000
63529  38.642  -25.505  59.146 0.0000000000
63535  40.994  -25.736  58.193 0.0000000000
64544  36.731  -24.983  67.952 0.0000000000
64568  43.613  -23.977  65.736 0.0000000000
64570  35.408  -25.248  65.966 0.0000000000
64592  35.661  -24.505  65.483 0.0000000000
64628  40.230  -24.163  62.764 0.0000000000
64650  31.311  -25.317  62.054 0.0000000000
64674  41.818  -25.183  59.685 0.0000000000
64689  30.389  -24.202  60.105 0.0000000000
64706  40.364  -25.160  57.674 0.0000000000
64707  39.877  -24.807  57.299 0.0000000000
64710  36.865  -24.787  57.590 0.0000000000
65640  39.942  -23.651  74.328 0.0000000000
65747  45.530  -22.843  67.495 0.0000000000
65819  36.769  -23.077  64.683 0.0000000000
65881  37.391  -23.976  60.342 0.0000000000
65914  30.153  -23.750  58.785 0.0000000000
66969  45.845  -21.943  68.204 0.0000000000
66987  45.653  -22.374  67.915 0.0000000000
67031  37.716  -22.823  65.142 0.0000000000
67046  37.749  -22.788  64.866 0.0000000000
67047  37.246  -22.877  64.651 0.0000000000
67113  37.755  -21.965  55.852 0.0000000000
68148  41.153  -21.547  67.850 0.0000000000
71484  46.151  -18.233  61.035 0.0000000000
71519  41.984  -18.474  58.927 0.0000000000
75172  54.405  -15.100  51.040 0.0000000000
76372  47.261  -13.925  53.257 0.0000000000
76419  46.116  -14.734  51.273 0.0000000000
79687  52.049  -10.488  55.369 0.0000000000
80728  51.984  -10.010  56.873 0.0000000000
80729  51.619  -10.446  56.451 0.0000000000
