#!ascii label  , from subject 3544 vox2ras=TkReg
288
89515  23.421  -3.401  -5.227 0.0000000000
81426  25.477  -11.078  -3.218 0.0000000000
94136  21.456  0.448  -7.005 0.0000000000
102441  22.840  8.840  -9.412 0.0000000000
78249  23.827  -13.234  -3.607 0.0000000000
98447  25.112  4.416  -5.198 0.0000000000
100510  25.394  6.515  -6.294 0.0000000000
85978  22.449  -5.857  -6.262 0.0000000000
84782  24.289  -7.386  -4.476 0.0000000000
88298  25.617  -4.586  -3.607 0.0000000000
94091  26.408  0.587  -2.915 0.0000000000
91802  27.491  -1.681  -2.450 0.0000000000
91847  22.017  -1.461  -6.243 0.0000000000
96317  25.171  2.427  -4.386 0.0000000000
100544  22.698  6.708  -8.421 0.0000000000
102427  26.023  8.565  -8.103 0.0000000000
83670  26.932  -8.373  -3.327 0.0000000000
98464  23.080  4.186  -7.020 0.0000000000
99524  24.115  5.857  -7.439 0.0000000000
88324  22.795  -4.288  -5.843 0.0000000000
88322  23.637  -5.069  -5.096 0.0000000000
89502  24.617  -3.574  -4.293 0.0000000000
79311  24.471  -12.421  -3.533 0.0000000000
93046  21.683  -0.492  -6.571 0.0000000000
94107  23.901  0.478  -4.760 0.0000000000
95243  23.755  1.527  -5.099 0.0000000000
100502  27.121  6.632  -4.905 0.0000000000
99484  27.221  5.243  -3.897 0.0000000000
102416  21.406  8.330  -7.615 0.0000000000
100527  20.877  6.457  -7.489 0.0000000000
101512  22.814  7.613  -8.682 0.0000000000
105370  26.087  11.710  -11.319 0.0000000000
105347  26.231  10.826  -9.960 0.0000000000
103394  25.998  9.357  -8.811 0.0000000000
105335  27.167  10.767  -9.043 0.0000000000
103377  27.157  9.450  -7.662 0.0000000000
85944  26.356  -6.490  -3.395 0.0000000000
84774  25.847  -7.401  -3.597 0.0000000000
77106  23.481  -14.074  -3.263 0.0000000000
96334  23.355  2.263  -5.771 0.0000000000
97418  23.659  3.820  -6.258 0.0000000000
99498  25.174  5.442  -5.711 0.0000000000
101474  26.437  7.071  -5.761 0.0000000000
84798  22.584  -7.381  -5.858 0.0000000000
85963  23.604  -6.423  -5.214 0.0000000000
87108  25.184  -5.520  -3.856 0.0000000000
87106  26.792  -5.569  -3.176 0.0000000000
91819  24.623  -1.241  -4.046 0.0000000000
90622  25.553  -2.565  -3.459 0.0000000000
92996  27.195  -0.588  -2.503 0.0000000000
88334  21.920  -3.873  -6.639 0.0000000000
89539  20.305  -3.188  -7.170 0.0000000000
90654  23.063  -2.470  -5.481 0.0000000000
93022  24.370  -0.361  -4.391 0.0000000000
95217  25.932  1.550  -3.394 0.0000000000
97359  27.136  3.018  -3.008 0.0000000000
97392  25.067  3.136  -4.703 0.0000000000
98422  27.231  4.167  -3.393 0.0000000000
99544  22.798  5.934  -8.249 0.0000000000
103412  23.904  9.007  -9.931 0.0000000000
103396  24.105  8.590  -9.307 0.0000000000
101509  24.724  7.748  -8.177 0.0000000000
100542  24.244  6.626  -7.864 0.0000000000
101492  25.826  7.917  -7.224 0.0000000000
102402  26.794  8.232  -6.670 0.0000000000
81435  24.371  -10.447  -4.117 0.0000000000
83683  23.928  -8.402  -4.589 0.0000000000
89483  26.015  -3.639  -3.314 0.0000000000
89481  27.543  -4.053  -2.691 0.0000000000
98478  22.631  4.511  -7.467 0.0000000000
99525  23.419  5.547  -7.699 0.0000000000
88313  23.676  -3.974  -5.017 0.0000000000
89503  23.958  -3.407  -4.712 0.0000000000
75867  22.635  -15.526  -2.648 0.0000000000
77092  23.166  -14.839  -2.865 0.0000000000
80329  25.039  -11.596  -3.369 0.0000000000
93055  20.474  -0.426  -7.475 0.0000000000
94123  22.615  0.469  -5.888 0.0000000000
94135  22.034  0.437  -6.473 0.0000000000
101472  28.490  7.599  -5.166 0.0000000000
101460  28.044  6.978  -4.675 0.0000000000
102432  21.992  8.510  -8.344 0.0000000000
102417  21.004  7.781  -7.368 0.0000000000
101513  22.047  7.524  -8.368 0.0000000000
102431  22.633  8.436  -8.891 0.0000000000
105346  26.895  11.080  -9.555 0.0000000000
105334  27.598  10.966  -9.030 0.0000000000
85943  27.259  -6.504  -3.140 0.0000000000
84773  26.699  -7.450  -3.386 0.0000000000
80331  23.602  -11.708  -4.275 0.0000000000
96348  22.720  2.513  -6.600 0.0000000000
96362  21.873  2.408  -7.381 0.0000000000
99510  24.258  5.505  -6.700 0.0000000000
98462  24.102  4.798  -6.191 0.0000000000
99509  24.903  5.935  -6.346 0.0000000000
100504  25.764  6.227  -5.697 0.0000000000
100509  26.023  6.772  -5.894 0.0000000000
104381  22.818  9.629  -9.460 0.0000000000
85965  22.371  -6.695  -6.185 0.0000000000
88311  24.855  -4.561  -4.082 0.0000000000
87119  24.471  -5.519  -4.386 0.0000000000
87107  25.979  -5.542  -3.471 0.0000000000
88297  26.416  -4.623  -3.242 0.0000000000
93006  25.751  -0.430  -3.224 0.0000000000
91818  25.287  -1.377  -3.528 0.0000000000
93005  26.483  -0.533  -2.740 0.0000000000
88349  21.449  -4.072  -6.880 0.0000000000
90677  19.857  -2.226  -7.302 0.0000000000
90667  21.222  -2.335  -7.020 0.0000000000
90655  22.406  -2.451  -6.012 0.0000000000
91846  22.642  -1.481  -5.693 0.0000000000
91835  23.277  -1.465  -5.117 0.0000000000
95227  24.127  1.050  -4.662 0.0000000000
94106  24.426  0.589  -4.449 0.0000000000
95225  25.262  1.548  -3.946 0.0000000000
96306  26.329  2.403  -3.378 0.0000000000
96316  25.721  2.403  -3.810 0.0000000000
97403  24.653  3.519  -5.228 0.0000000000
96333  24.043  2.655  -5.442 0.0000000000
97402  25.225  3.773  -4.791 0.0000000000
98441  26.948  4.611  -3.719 0.0000000000
98421  28.145  4.422  -3.104 0.0000000000
100545  22.162  6.896  -8.372 0.0000000000
99528  20.488  5.560  -7.143 0.0000000000
100526  21.839  6.493  -8.103 0.0000000000
99527  21.273  5.493  -7.637 0.0000000000
100525  22.385  6.142  -8.237 0.0000000000
105360  25.452  10.970  -11.062 0.0000000000
105371  25.371  11.207  -11.671 0.0000000000
103411  24.968  9.575  -10.118 0.0000000000
102428  25.250  8.269  -8.351 0.0000000000
101510  24.278  7.247  -8.098 0.0000000000
102415  25.742  8.118  -7.712 0.0000000000
101493  25.100  7.455  -7.427 0.0000000000
104346  28.079  10.253  -7.955 0.0000000000
102413  27.070  8.700  -7.004 0.0000000000
103362  27.998  9.135  -6.842 0.0000000000
81448  23.653  -10.285  -4.588 0.0000000000
84796  23.798  -7.067  -4.949 0.0000000000
84783  23.690  -7.716  -4.897 0.0000000000
83671  26.141  -8.367  -3.585 0.0000000000
83681  25.327  -8.253  -3.787 0.0000000000
82533  25.380  -9.319  -3.715 0.0000000000
91803  26.749  -1.992  -2.641 0.0000000000
90621  26.365  -2.709  -2.910 0.0000000000
90607  27.162  -2.700  -2.639 0.0000000000
97430  22.674  3.560  -7.106 0.0000000000
97431  22.098  3.546  -7.555 0.0000000000
99511  23.605  5.105  -7.030 0.0000000000
100511  24.819  6.236  -6.709 0.0000000000
87141  22.520  -5.094  -6.237 0.0000000000
87129  22.904  -5.376  -5.829 0.0000000000
88323  23.295  -4.510  -5.441 0.0000000000
88312  24.046  -4.534  -4.728 0.0000000000
78248  24.633  -13.326  -3.109 0.0000000000
79310  25.179  -12.436  -3.096 0.0000000000
79296  25.791  -12.433  -2.564 0.0000000000
94077  26.935  1.165  -2.734 0.0000000000
94076  27.468  0.559  -2.475 0.0000000000
91870  20.157  -1.323  -7.435 0.0000000000
91860  21.416  -1.426  -6.763 0.0000000000
93034  22.937  -0.490  -5.470 0.0000000000
93035  22.292  -0.502  -6.026 0.0000000000
94122  23.283  0.500  -5.308 0.0000000000
99485  26.130  5.354  -4.799 0.0000000000
98443  25.665  4.379  -4.653 0.0000000000
100492  26.891  6.010  -4.642 0.0000000000
100491  27.606  6.271  -4.415 0.0000000000
105359  26.055  11.255  -10.620 0.0000000000
104390  25.803  10.593  -10.221 0.0000000000
103410  25.664  9.852  -9.632 0.0000000000
104363  26.600  10.137  -8.847 0.0000000000
103393  26.760  9.862  -8.445 0.0000000000
103378  26.406  8.949  -7.989 0.0000000000
104362  27.324  10.409  -8.550 0.0000000000
85945  25.519  -6.462  -3.688 0.0000000000
84781  25.026  -7.368  -3.888 0.0000000000
77107  22.449  -14.473  -3.369 0.0000000000
78250  22.954  -13.552  -3.786 0.0000000000
78262  23.261  -12.887  -4.056 0.0000000000
79312  23.747  -12.343  -3.960 0.0000000000
80330  24.280  -11.446  -3.845 0.0000000000
94147  20.057  0.534  -7.619 0.0000000000
95256  22.385  1.355  -6.429 0.0000000000
96349  22.232  1.889  -6.893 0.0000000000
96347  23.514  3.074  -6.108 0.0000000000
97404  24.063  3.623  -5.832 0.0000000000
97419  23.190  3.618  -6.614 0.0000000000
98449  23.969  4.252  -6.118 0.0000000000
98448  24.479  4.463  -5.734 0.0000000000
99497  25.864  5.880  -5.364 0.0000000000
101473  27.250  7.409  -5.498 0.0000000000
102392  28.167  8.099  -5.753 0.0000000000
103398  21.835  9.125  -7.993 0.0000000000
103397  22.215  9.155  -8.623 0.0000000000
103413  23.065  9.206  -9.842 0.0000000000
85953  24.131  -6.417  -4.680 0.0000000000
87120  23.866  -5.604  -4.897 0.0000000000
85952  24.754  -6.447  -4.131 0.0000000000
87087  27.547  -5.534  -2.897 0.0000000000
90642  24.401  -2.445  -4.318 0.0000000000
90641  24.992  -2.867  -3.982 0.0000000000
90623  24.958  -2.111  -3.848 0.0000000000
91817  26.069  -1.562  -2.910 0.0000000000
91816  26.780  -1.269  -2.599 0.0000000000
94090  26.887  0.015  -2.653 0.0000000000
92995  28.075  -0.676  -2.248 0.0000000000
87157  21.662  -4.607  -6.778 0.0000000000
88333  22.371  -4.310  -6.297 0.0000000000
89516  22.782  -3.546  -5.796 0.0000000000
89527  21.617  -3.213  -6.815 0.0000000000
89526  22.175  -3.304  -6.381 0.0000000000
90643  23.625  -2.448  -4.825 0.0000000000
91834  23.939  -1.408  -4.529 0.0000000000
93007  24.942  -0.324  -3.880 0.0000000000
93023  23.594  -0.457  -4.892 0.0000000000
93021  24.674  0.142  -4.236 0.0000000000
94092  25.482  0.611  -3.531 0.0000000000
95216  26.613  1.675  -2.990 0.0000000000
96291  27.345  2.609  -2.790 0.0000000000
95244  22.955  1.461  -5.792 0.0000000000
96332  24.608  2.568  -4.877 0.0000000000
97391  25.706  3.391  -4.215 0.0000000000
97376  26.145  3.017  -3.698 0.0000000000
97375  26.728  3.261  -3.361 0.0000000000
99526  22.278  5.499  -7.925 0.0000000000
103426  24.182  9.553  -11.104 0.0000000000
102440  23.210  8.653  -9.433 0.0000000000
102439  23.720  8.496  -9.276 0.0000000000
102430  23.321  8.089  -8.961 0.0000000000
101511  23.499  7.364  -8.553 0.0000000000
103395  24.719  8.817  -9.212 0.0000000000
102429  24.188  8.091  -8.729 0.0000000000
100543  23.688  6.468  -8.237 0.0000000000
99543  23.184  6.092  -8.311 0.0000000000
100524  24.079  6.115  -7.813 0.0000000000
100523  24.508  6.442  -7.316 0.0000000000
101482  25.390  7.095  -6.744 0.0000000000
102414  26.406  8.432  -7.362 0.0000000000
101481  26.125  7.527  -6.474 0.0000000000
101480  26.907  7.934  -6.227 0.0000000000
102400  28.543  8.668  -6.239 0.0000000000
80344  23.772  -11.043  -4.289 0.0000000000
81434  25.143  -10.536  -3.556 0.0000000000
83682  24.633  -8.261  -4.120 0.0000000000
82548  24.407  -9.355  -4.246 0.0000000000
82534  24.839  -9.920  -3.926 0.0000000000
89501  25.274  -3.631  -3.786 0.0000000000
89460  27.557  -3.382  -2.620 0.0000000000
89482  26.879  -3.694  -2.890 0.0000000000
88296  27.166  -4.706  -2.901 0.0000000000
84797  23.267  -7.381  -5.383 0.0000000000
85964  22.958  -6.400  -5.752 0.0000000000
87128  23.407  -5.577  -5.398 0.0000000000
88332  22.773  -4.730  -5.918 0.0000000000
88348  21.893  -4.411  -6.691 0.0000000000
89538  20.990  -3.251  -7.136 0.0000000000
90666  21.803  -2.376  -6.539 0.0000000000
91861  20.846  -1.386  -7.250 0.0000000000
93008  24.640  -0.642  -4.106 0.0000000000
93047  21.128  -0.471  -7.127 0.0000000000
93057  19.096  -0.251  -7.252 0.0000000000
94105  24.879  0.687  -4.100 0.0000000000
94146  20.821  0.484  -7.456 0.0000000000
95226  24.552  1.565  -4.556 0.0000000000
95242  24.229  2.086  -4.983 0.0000000000
95257  21.870  1.321  -6.951 0.0000000000
96305  26.883  2.477  -2.995 0.0000000000
96361  22.357  2.996  -7.219 0.0000000000
97358  27.587  3.187  -2.860 0.0000000000
97374  27.224  3.468  -3.138 0.0000000000
97390  26.314  3.591  -3.746 0.0000000000
98402  27.468  3.660  -3.072 0.0000000000
98423  26.666  3.857  -3.599 0.0000000000
98442  26.443  4.357  -3.950 0.0000000000
98463  23.602  4.526  -6.610 0.0000000000
98477  23.265  4.768  -7.178 0.0000000000
99486  25.513  4.904  -5.085 0.0000000000
99499  24.455  5.088  -6.033 0.0000000000
100503  26.417  6.447  -5.292 0.0000000000
100522  25.018  6.773  -6.876 0.0000000000
101461  27.501  6.857  -4.841 0.0000000000
101494  24.509  6.961  -7.659 0.0000000000
102401  27.527  8.395  -6.400 0.0000000000
103363  27.438  8.939  -6.962 0.0000000000
103376  28.439  9.746  -7.361 0.0000000000
103414  22.609  9.198  -9.229 0.0000000000
104377  26.830  10.568  -9.079 0.0000000000
