#!ascii label  , from subject 3850 vox2ras=TkReg
1356
52526  16.205  -31.374  62.551 0.0000000000
59328  26.597  -25.646  69.196 0.0000000000
80378  33.776  -8.071  44.703 0.0000000000
69255  25.772  -18.507  53.500 0.0000000000
63749  29.612  -22.191  60.057 0.0000000000
89902  44.529  0.306  34.559 0.0000000000
131261  35.461  -11.543  47.545 0.0000000000
71674  31.323  -14.610  46.405 0.0000000000
53786  11.745  -31.557  59.875 0.0000000000
59350  19.944  -25.866  68.544 0.0000000000
58280  23.658  -25.885  63.635 0.0000000000
58318  17.377  -28.306  60.596 0.0000000000
83689  40.204  -4.917  39.592 0.0000000000
54722  16.734  -30.216  69.463 0.0000000000
51164  13.219  -31.528  67.472 0.0000000000
83649  38.929  -4.783  43.542 0.0000000000
52466  7.865  -32.357  65.455 0.0000000000
46766  4.847  -37.763  64.011 0.0000000000
73878  29.701  -13.501  51.330 0.0000000000
67052  28.193  -20.485  57.186 0.0000000000
60630  27.780  -25.737  54.679 0.0000000000
57154  26.273  -26.736  59.357 0.0000000000
75018  36.183  -12.480  48.675 0.0000000000
73969  33.638  -13.586  46.631 0.0000000000
73907  33.148  -12.655  48.247 0.0000000000
78215  38.529  -9.730  49.448 0.0000000000
51293  16.293  -32.719  59.094 0.0000000000
51309  14.160  -33.415  57.958 0.0000000000
51265  14.579  -31.502  60.950 0.0000000000
57077  16.611  -28.562  65.577 0.0000000000
59413  17.462  -26.339  64.184 0.0000000000
54823  17.074  -29.882  61.827 0.0000000000
53824  17.610  -32.190  58.142 0.0000000000
81535  34.445  -7.028  41.882 0.0000000000
82531  36.159  -6.373  46.849 0.0000000000
82548  36.778  -5.140  44.470 0.0000000000
81532  36.992  -6.223  42.176 0.0000000000
52397  11.635  -31.432  70.491 0.0000000000
53660  10.706  -31.248  66.880 0.0000000000
52421  9.162  -31.244  69.177 0.0000000000
48958  3.159  -35.219  69.702 0.0000000000
48990  4.667  -35.182  67.060 0.0000000000
45657  3.485  -38.384  65.854 0.0000000000
43574  2.851  -40.976  65.181 0.0000000000
43548  2.016  -40.916  67.114 0.0000000000
69209  30.634  -18.361  59.616 0.0000000000
64873  29.671  -21.886  58.463 0.0000000000
62750  28.660  -23.263  56.167 0.0000000000
61617  28.867  -24.851  57.760 0.0000000000
60556  21.445  -24.645  60.414 0.0000000000
57109  25.199  -26.387  61.312 0.0000000000
59509  22.698  -25.481  58.021 0.0000000000
58415  24.499  -26.176  56.193 0.0000000000
71569  27.290  -16.201  52.794 0.0000000000
71612  27.441  -15.046  49.150 0.0000000000
69286  24.972  -18.136  49.898 0.0000000000
89935  46.877  1.134  30.523 0.0000000000
89924  44.193  0.335  31.715 0.0000000000
79282  34.418  -9.304  46.320 0.0000000000
76185  33.472  -11.812  45.547 0.0000000000
80332  36.799  -8.292  48.557 0.0000000000
58189  23.312  -26.286  68.479 0.0000000000
58224  25.320  -26.762  66.595 0.0000000000
58229  21.168  -26.341  65.458 0.0000000000
60513  19.470  -24.956  62.535 0.0000000000
59496  17.417  -26.847  58.535 0.0000000000
82594  42.426  -4.440  40.371 0.0000000000
84775  42.039  -3.852  38.938 0.0000000000
85790  41.892  -2.831  37.016 0.0000000000
87844  42.416  -1.491  34.865 0.0000000000
53678  16.527  -30.453  65.976 0.0000000000
51214  15.074  -32.041  64.774 0.0000000000
52431  15.834  -31.768  68.368 0.0000000000
57055  17.394  -28.225  69.201 0.0000000000
83670  39.253  -5.348  41.598 0.0000000000
52493  12.643  -31.021  64.271 0.0000000000
53728  9.171  -31.779  62.535 0.0000000000
50124  6.927  -34.401  62.361 0.0000000000
51165  5.675  -33.111  68.208 0.0000000000
50099  6.084  -34.780  65.382 0.0000000000
41525  0.110  -43.525  68.154 0.0000000000
74964  32.240  -11.739  51.285 0.0000000000
70429  27.495  -16.659  55.336 0.0000000000
70395  28.929  -17.053  57.462 0.0000000000
68168  26.770  -19.371  55.708 0.0000000000
64912  28.091  -22.813  54.389 0.0000000000
61692  27.887  -24.701  53.360 0.0000000000
60684  26.322  -26.379  51.303 0.0000000000
58257  26.579  -25.840  64.575 0.0000000000
58294  27.603  -26.152  62.494 0.0000000000
60555  28.111  -25.357  59.770 0.0000000000
58376  27.446  -26.692  57.322 0.0000000000
58455  25.730  -26.299  53.946 0.0000000000
73930  30.370  -14.009  48.625 0.0000000000
71696  29.098  -15.979  45.936 0.0000000000
74997  35.528  -12.167  49.980 0.0000000000
73926  34.991  -13.103  48.253 0.0000000000
74998  34.580  -12.385  49.575 0.0000000000
76128  36.991  -11.659  49.449 0.0000000000
51277  16.286  -32.110  60.760 0.0000000000
51279  15.107  -31.948  59.990 0.0000000000
51263  15.637  -31.897  61.647 0.0000000000
54792  16.516  -30.185  63.673 0.0000000000
55895  16.881  -29.289  63.456 0.0000000000
53747  16.835  -30.939  62.341 0.0000000000
53783  17.153  -31.702  60.346 0.0000000000
81514  34.360  -7.434  43.037 0.0000000000
81462  35.135  -7.389  45.850 0.0000000000
82538  36.710  -5.151  45.529 0.0000000000
82568  35.569  -6.404  44.280 0.0000000000
81494  35.816  -6.375  43.438 0.0000000000
47831  2.692  -36.597  68.583 0.0000000000
46681  3.332  -36.822  67.601 0.0000000000
46702  2.915  -38.039  67.293 0.0000000000
44597  3.053  -39.096  65.508 0.0000000000
44598  2.598  -39.458  66.119 0.0000000000
43560  2.483  -40.716  66.180 0.0000000000
65940  30.246  -20.823  59.431 0.0000000000
63775  29.811  -22.049  59.225 0.0000000000
62707  29.294  -23.413  58.177 0.0000000000
62696  29.305  -23.234  58.938 0.0000000000
59346  27.417  -24.967  68.189 0.0000000000
61608  20.169  -24.491  58.077 0.0000000000
59495  22.561  -25.197  59.090 0.0000000000
60583  20.951  -24.715  57.559 0.0000000000
60610  21.451  -25.116  55.339 0.0000000000
70454  26.484  -16.945  53.234 0.0000000000
70479  26.129  -16.596  51.318 0.0000000000
88841  44.294  -0.235  35.424 0.0000000000
89900  46.423  0.700  35.491 0.0000000000
89909  46.230  0.777  34.371 0.0000000000
89922  45.994  1.164  32.216 0.0000000000
89918  44.270  0.422  32.665 0.0000000000
131262  35.098  -10.218  47.376 0.0000000000
76173  33.723  -11.204  45.957 0.0000000000
77218  34.326  -11.605  46.549 0.0000000000
71673  32.415  -14.370  46.649 0.0000000000
73982  32.699  -14.004  45.625 0.0000000000
71706  31.428  -15.084  44.943 0.0000000000
78206  36.552  -10.854  48.371 0.0000000000
79255  36.661  -9.756  48.255 0.0000000000
80341  35.290  -9.061  47.978 0.0000000000
53807  12.946  -31.958  58.917 0.0000000000
53788  10.218  -32.652  60.054 0.0000000000
58191  21.291  -26.593  68.388 0.0000000000
58210  22.390  -26.512  67.412 0.0000000000
59382  20.807  -25.936  67.011 0.0000000000
58304  16.872  -27.127  62.224 0.0000000000
60501  17.999  -25.203  63.129 0.0000000000
60531  17.715  -25.611  61.943 0.0000000000
61584  18.184  -25.121  60.684 0.0000000000
58331  17.279  -27.551  60.117 0.0000000000
57157  17.323  -29.308  58.463 0.0000000000
64938  27.115  -23.209  52.224 0.0000000000
82612  41.217  -4.927  40.009 0.0000000000
82622  42.545  -5.078  39.576 0.0000000000
83701  41.204  -4.453  39.083 0.0000000000
85791  41.062  -3.430  37.599 0.0000000000
85800  41.102  -2.831  36.209 0.0000000000
86850  41.968  -2.005  36.347 0.0000000000
53641  16.479  -30.334  67.771 0.0000000000
52447  16.162  -31.222  67.165 0.0000000000
53627  16.727  -31.293  68.504 0.0000000000
55856  16.794  -29.183  68.885 0.0000000000
55862  16.632  -29.197  67.693 0.0000000000
83655  40.960  -4.494  41.764 0.0000000000
83657  38.809  -5.076  42.609 0.0000000000
83682  36.873  -5.621  41.065 0.0000000000
51189  13.854  -32.248  66.151 0.0000000000
51204  13.350  -31.534  64.748 0.0000000000
52478  12.515  -31.475  65.331 0.0000000000
53662  8.433  -31.302  65.864 0.0000000000
53682  9.320  -31.164  65.204 0.0000000000
53705  8.392  -32.353  64.315 0.0000000000
52514  8.157  -33.127  62.681 0.0000000000
52498  7.501  -33.218  64.213 0.0000000000
51152  5.153  -33.240  69.293 0.0000000000
47879  4.735  -36.518  65.739 0.0000000000
49002  5.569  -35.441  66.300 0.0000000000
49026  5.112  -36.285  64.729 0.0000000000
49039  6.057  -35.953  63.200 0.0000000000
71544  28.472  -14.940  54.780 0.0000000000
68148  28.829  -19.919  58.279 0.0000000000
69211  29.389  -18.186  58.402 0.0000000000
69230  28.406  -18.699  57.411 0.0000000000
69231  27.995  -18.336  56.794 0.0000000000
67053  27.694  -20.180  56.759 0.0000000000
67076  27.504  -20.950  55.346 0.0000000000
65970  28.171  -21.484  56.044 0.0000000000
61662  28.489  -24.965  55.409 0.0000000000
62766  28.555  -24.020  54.256 0.0000000000
61679  27.633  -25.172  53.913 0.0000000000
60667  27.286  -25.746  51.997 0.0000000000
60650  27.025  -26.154  53.269 0.0000000000
58243  24.415  -26.452  65.543 0.0000000000
58241  26.080  -26.426  65.623 0.0000000000
58259  25.253  -26.476  64.486 0.0000000000
57137  25.981  -26.003  59.901 0.0000000000
57120  26.780  -27.391  61.578 0.0000000000
57134  27.371  -27.260  61.063 0.0000000000
59467  27.869  -25.794  60.493 0.0000000000
58342  27.666  -26.530  59.706 0.0000000000
59492  28.211  -26.198  58.474 0.0000000000
58377  27.106  -26.947  57.874 0.0000000000
59555  24.171  -25.947  54.210 0.0000000000
58434  25.190  -26.492  54.597 0.0000000000
73865  31.038  -12.591  51.586 0.0000000000
73890  30.963  -12.743  49.683 0.0000000000
73911  29.630  -13.965  49.734 0.0000000000
70522  26.654  -16.971  47.398 0.0000000000
71650  28.206  -15.218  47.328 0.0000000000
89947  46.854  0.974  29.574 0.0000000000
76162  35.905  -12.418  47.483 0.0000000000
75059  34.677  -13.029  46.583 0.0000000000
73967  35.239  -13.565  47.052 0.0000000000
73950  33.670  -13.418  47.446 0.0000000000
71625  32.569  -13.711  47.614 0.0000000000
77161  38.649  -10.247  50.283 0.0000000000
77174  37.696  -10.802  49.387 0.0000000000
51308  15.066  -33.429  58.084 0.0000000000
52558  13.822  -31.791  59.554 0.0000000000
53766  12.757  -31.307  60.623 0.0000000000
59368  17.638  -26.636  67.039 0.0000000000
60452  18.426  -26.051  65.922 0.0000000000
58249  16.920  -27.759  65.277 0.0000000000
58283  16.900  -27.868  63.000 0.0000000000
57124  17.538  -28.962  61.071 0.0000000000
54859  17.563  -30.642  59.695 0.0000000000
53782  17.340  -31.139  60.337 0.0000000000
52586  16.845  -32.725  58.074 0.0000000000
83703  39.303  -4.651  38.822 0.0000000000
53590  17.204  -31.172  70.596 0.0000000000
83628  37.548  -5.137  46.658 0.0000000000
83639  37.480  -4.802  45.080 0.0000000000
81475  37.904  -5.474  43.637 0.0000000000
81491  37.837  -5.558  42.924 0.0000000000
82581  36.791  -5.440  43.083 0.0000000000
81534  35.477  -6.607  42.122 0.0000000000
52435  12.818  -31.396  68.482 0.0000000000
52464  11.698  -31.353  66.927 0.0000000000
52452  11.213  -30.981  68.313 0.0000000000
53629  9.656  -30.934  68.545 0.0000000000
52439  8.342  -31.932  68.001 0.0000000000
50054  4.426  -34.177  69.513 0.0000000000
48979  3.538  -35.553  68.190 0.0000000000
47861  4.346  -36.425  66.898 0.0000000000
46748  4.297  -37.620  65.107 0.0000000000
45671  3.580  -38.621  65.084 0.0000000000
67030  30.409  -20.237  59.038 0.0000000000
65958  28.894  -21.476  57.594 0.0000000000
65969  28.513  -21.780  56.842 0.0000000000
63795  28.985  -22.826  57.302 0.0000000000
62734  28.755  -24.110  56.672 0.0000000000
60606  28.369  -25.215  56.285 0.0000000000
59456  22.336  -25.237  62.185 0.0000000000
58299  24.566  -26.150  62.316 0.0000000000
58329  23.499  -25.678  60.732 0.0000000000
58346  23.656  -26.053  59.790 0.0000000000
58364  24.831  -26.425  58.517 0.0000000000
58378  25.515  -26.534  57.633 0.0000000000
59507  23.973  -25.800  57.135 0.0000000000
60609  23.066  -25.040  55.385 0.0000000000
72738  28.402  -14.477  52.164 0.0000000000
72752  27.925  -14.512  50.690 0.0000000000
71600  26.742  -15.834  50.823 0.0000000000
70493  26.235  -16.513  50.084 0.0000000000
89921  46.965  1.222  32.566 0.0000000000
89928  46.023  0.937  31.237 0.0000000000
80366  34.069  -8.460  45.361 0.0000000000
79309  33.306  -8.829  44.353 0.0000000000
78252  33.022  -10.235  45.075 0.0000000000
73993  33.142  -12.970  45.980 0.0000000000
75062  32.401  -13.512  45.408 0.0000000000
80328  39.544  -8.254  49.791 0.0000000000
81432  39.320  -7.504  49.430 0.0000000000
82520  38.022  -6.374  48.406 0.0000000000
81437  36.544  -7.391  48.171 0.0000000000
81451  35.232  -7.551  46.552 0.0000000000
58187  25.127  -26.402  68.605 0.0000000000
58206  26.068  -26.291  67.616 0.0000000000
58208  24.333  -26.655  67.543 0.0000000000
58226  23.457  -26.455  66.489 0.0000000000
58262  22.715  -25.871  64.558 0.0000000000
60473  19.153  -26.112  65.109 0.0000000000
59412  20.633  -26.152  64.593 0.0000000000
59441  21.952  -25.140  63.346 0.0000000000
60529  20.549  -24.663  62.006 0.0000000000
61597  19.216  -24.929  59.416 0.0000000000
60585  18.015  -26.417  57.208 0.0000000000
85785  43.692  -2.903  39.336 0.0000000000
84776  41.102  -3.870  38.702 0.0000000000
85787  42.199  -3.102  38.309 0.0000000000
86844  43.842  -2.005  37.895 0.0000000000
87830  43.407  -1.583  37.321 0.0000000000
87839  43.466  -0.966  35.736 0.0000000000
88845  43.542  -0.848  34.612 0.0000000000
87847  43.385  -1.157  33.650 0.0000000000
52490  16.191  -30.919  63.844 0.0000000000
51247  15.447  -31.495  62.813 0.0000000000
52492  15.896  -31.546  64.785 0.0000000000
51186  15.533  -31.475  66.753 0.0000000000
51175  14.370  -31.489  67.346 0.0000000000
52392  16.577  -32.574  69.467 0.0000000000
52434  13.855  -31.494  68.814 0.0000000000
52395  13.478  -32.220  70.541 0.0000000000
58149  25.679  -26.301  70.207 0.0000000000
58151  24.167  -26.835  70.296 0.0000000000
58169  22.443  -26.718  69.364 0.0000000000
58171  20.357  -26.590  69.552 0.0000000000
58156  19.580  -27.260  70.186 0.0000000000
58193  18.474  -26.884  69.087 0.0000000000
57072  16.784  -28.451  66.779 0.0000000000
55879  16.593  -29.317  65.701 0.0000000000
82561  42.231  -4.614  41.730 0.0000000000
82596  41.252  -4.688  41.063 0.0000000000
83678  40.213  -5.159  40.272 0.0000000000
83671  38.104  -5.506  41.782 0.0000000000
83680  38.414  -5.530  40.799 0.0000000000
83691  38.532  -5.537  39.830 0.0000000000
51233  14.628  -31.559  63.333 0.0000000000
52509  13.566  -31.261  62.448 0.0000000000
52529  11.973  -30.742  62.015 0.0000000000
52495  11.047  -31.287  65.396 0.0000000000
53726  10.826  -30.592  63.932 0.0000000000
53749  10.281  -31.061  61.888 0.0000000000
52531  9.109  -32.619  61.902 0.0000000000
51267  7.957  -34.049  60.976 0.0000000000
52422  7.640  -31.627  69.113 0.0000000000
52454  7.238  -32.951  67.069 0.0000000000
51178  5.917  -33.324  67.149 0.0000000000
51205  6.704  -33.834  65.094 0.0000000000
50107  6.535  -34.750  64.062 0.0000000000
42518  1.032  -41.445  68.017 0.0000000000
74977  34.383  -11.982  50.595 0.0000000000
73853  30.148  -13.647  53.172 0.0000000000
72707  28.556  -15.001  53.758 0.0000000000
71555  27.558  -15.646  53.626 0.0000000000
70442  27.262  -17.119  54.050 0.0000000000
71508  28.136  -16.643  56.423 0.0000000000
69241  26.883  -18.165  55.696 0.0000000000
68177  26.161  -19.336  54.808 0.0000000000
67090  26.442  -21.358  54.342 0.0000000000
66001  27.469  -22.524  53.919 0.0000000000
64926  27.639  -23.168  53.286 0.0000000000
64896  28.270  -22.538  55.422 0.0000000000
63828  28.470  -23.506  54.000 0.0000000000
62792  27.610  -24.643  51.344 0.0000000000
61705  27.425  -25.243  51.351 0.0000000000
60683  26.775  -25.903  50.936 0.0000000000
63726  29.669  -22.905  61.523 0.0000000000
58222  26.967  -26.123  66.672 0.0000000000
58239  27.099  -25.508  65.806 0.0000000000
58255  27.696  -25.246  64.493 0.0000000000
57093  25.817  -26.752  62.944 0.0000000000
58275  27.101  -25.909  63.527 0.0000000000
59424  27.902  -24.893  63.685 0.0000000000
60526  28.366  -24.496  62.164 0.0000000000
60539  28.557  -24.769  61.120 0.0000000000
62685  28.982  -23.710  59.940 0.0000000000
60580  28.525  -25.107  58.420 0.0000000000
59505  28.286  -26.067  57.562 0.0000000000
59533  27.097  -25.830  55.492 0.0000000000
58394  26.220  -26.555  56.523 0.0000000000
58412  26.305  -26.329  55.734 0.0000000000
58453  26.721  -26.282  54.489 0.0000000000
59592  26.237  -26.106  52.786 0.0000000000
73888  32.820  -12.127  49.282 0.0000000000
72763  32.249  -13.138  48.284 0.0000000000
72802  30.725  -14.642  47.239 0.0000000000
72782  28.644  -14.590  48.488 0.0000000000
71648  29.215  -14.837  47.197 0.0000000000
72838  29.648  -15.142  45.744 0.0000000000
87851  43.188  -0.854  32.314 0.0000000000
76130  36.005  -11.577  50.118 0.0000000000
77164  36.451  -11.368  50.426 0.0000000000
52543  16.375  -31.750  61.531 0.0000000000
51262  15.962  -31.731  62.078 0.0000000000
52525  16.460  -31.087  62.665 0.0000000000
53746  16.734  -30.327  62.860 0.0000000000
52542  16.696  -31.474  61.907 0.0000000000
52557  16.419  -31.852  61.029 0.0000000000
81496  34.269  -7.459  44.063 0.0000000000
80394  33.320  -8.249  43.510 0.0000000000
81476  34.849  -7.504  45.357 0.0000000000
82550  35.407  -6.770  45.242 0.0000000000
82569  34.836  -6.896  44.538 0.0000000000
81495  34.885  -6.723  43.699 0.0000000000
46661  2.144  -37.364  68.704 0.0000000000
46682  2.771  -37.311  67.865 0.0000000000
45641  2.570  -38.679  66.776 0.0000000000
45623  2.248  -38.413  67.841 0.0000000000
44586  1.845  -39.457  66.834 0.0000000000
63748  29.919  -21.642  60.451 0.0000000000
63763  29.705  -21.733  59.851 0.0000000000
63764  29.630  -22.526  59.418 0.0000000000
62684  29.542  -23.056  59.914 0.0000000000
60401  27.177  -25.431  69.305 0.0000000000
59327  27.237  -25.254  68.668 0.0000000000
61620  19.402  -24.625  57.572 0.0000000000
61631  19.838  -24.362  56.593 0.0000000000
60595  20.597  -24.665  56.378 0.0000000000
69265  25.962  -17.775  53.313 0.0000000000
70455  25.898  -17.375  52.758 0.0000000000
89901  45.321  0.516  35.122 0.0000000000
89910  45.242  0.771  34.037 0.0000000000
89911  44.446  0.273  33.673 0.0000000000
131259  35.363  -10.962  47.515 0.0000000000
77217  34.644  -10.981  47.211 0.0000000000
76182  34.717  -11.860  47.107 0.0000000000
71693  31.743  -14.584  45.764 0.0000000000
71694  30.797  -15.069  45.461 0.0000000000
77186  35.901  -11.279  47.682 0.0000000000
131260  36.390  -10.460  48.015 0.0000000000
79256  35.685  -10.200  47.506 0.0000000000
53808  12.190  -32.258  59.037 0.0000000000
53809  11.361  -32.405  59.340 0.0000000000
53810  10.761  -32.656  59.526 0.0000000000
53787  10.801  -31.755  59.885 0.0000000000
59349  20.764  -26.541  68.132 0.0000000000
59365  20.631  -26.087  67.778 0.0000000000
59366  19.675  -25.916  67.481 0.0000000000
58319  17.022  -27.403  61.157 0.0000000000
59459  17.282  -26.476  61.624 0.0000000000
59470  17.277  -26.659  60.647 0.0000000000
58330  17.157  -28.423  59.462 0.0000000000
57139  17.281  -29.199  59.867 0.0000000000
64937  27.590  -23.620  51.966 0.0000000000
82624  41.575  -4.804  39.580 0.0000000000
83702  40.461  -4.534  38.992 0.0000000000
85811  40.931  -2.766  34.977 0.0000000000
53626  16.781  -30.734  68.200 0.0000000000
53616  17.221  -31.006  68.760 0.0000000000
54731  16.673  -30.081  68.336 0.0000000000
83637  39.063  -4.833  44.415 0.0000000000
84743  40.269  -4.374  43.574 0.0000000000
84751  40.157  -4.368  43.074 0.0000000000
84752  39.618  -4.432  43.188 0.0000000000
51176  13.762  -31.445  66.953 0.0000000000
51190  13.181  -32.120  65.732 0.0000000000
51177  13.183  -31.820  66.677 0.0000000000
53683  8.600  -32.081  64.950 0.0000000000
52481  7.966  -32.689  64.602 0.0000000000
52482  7.246  -33.047  64.869 0.0000000000
51143  5.203  -33.068  70.049 0.0000000000
47899  4.526  -36.870  65.072 0.0000000000
49014  5.093  -36.235  65.274 0.0000000000
47921  4.986  -36.797  64.386 0.0000000000
47920  5.155  -36.435  64.072 0.0000000000
67043  28.652  -20.275  57.898 0.0000000000
68149  28.693  -19.425  57.811 0.0000000000
68158  27.882  -19.436  57.237 0.0000000000
67063  27.890  -20.726  56.530 0.0000000000
61663  28.180  -25.297  54.732 0.0000000000
60649  27.309  -25.828  53.348 0.0000000000
58261  23.595  -26.093  64.529 0.0000000000
58260  24.443  -26.403  64.513 0.0000000000
58279  24.455  -26.324  63.538 0.0000000000
57136  26.428  -26.483  60.266 0.0000000000
57135  26.836  -27.087  60.594 0.0000000000
57153  26.814  -26.722  59.638 0.0000000000
57152  27.268  -26.663  59.949 0.0000000000
57166  27.152  -27.021  59.087 0.0000000000
58362  27.176  -27.054  58.538 0.0000000000
57167  26.709  -27.041  58.568 0.0000000000
73866  30.224  -13.212  52.077 0.0000000000
73877  30.541  -12.893  50.859 0.0000000000
75035  36.166  -12.524  48.118 0.0000000000
75045  36.039  -12.862  47.420 0.0000000000
73965  35.935  -13.013  47.869 0.0000000000
73906  33.878  -12.863  48.567 0.0000000000
75020  34.539  -13.309  47.955 0.0000000000
73928  33.746  -13.230  47.974 0.0000000000
71645  33.073  -13.726  47.344 0.0000000000
72778  33.062  -13.186  47.587 0.0000000000
77160  39.400  -9.578  50.569 0.0000000000
74995  36.713  -12.050  49.224 0.0000000000
76141  36.781  -11.838  48.684 0.0000000000
76142  36.527  -11.723  48.339 0.0000000000
51280  14.516  -31.790  59.723 0.0000000000
52544  14.089  -31.566  60.437 0.0000000000
52559  13.335  -31.629  59.910 0.0000000000
52545  13.355  -31.415  60.708 0.0000000000
57078  16.702  -28.075  66.070 0.0000000000
58248  16.560  -28.313  64.820 0.0000000000
55903  17.060  -29.316  62.473 0.0000000000
57095  17.025  -28.697  63.281 0.0000000000
57110  17.038  -28.765  62.152 0.0000000000
55908  17.316  -29.497  61.473 0.0000000000
54841  17.408  -30.272  60.925 0.0000000000
51292  16.655  -32.310  59.799 0.0000000000
52571  16.925  -32.700  59.150 0.0000000000
82523  37.660  -5.573  47.488 0.0000000000
82530  37.025  -5.601  46.643 0.0000000000
82549  36.187  -5.910  44.881 0.0000000000
83638  38.318  -4.942  44.747 0.0000000000
82547  37.609  -5.340  44.032 0.0000000000
82565  37.357  -5.395  43.577 0.0000000000
82566  36.948  -5.353  43.530 0.0000000000
81513  35.160  -6.709  42.808 0.0000000000
81512  36.054  -6.285  42.729 0.0000000000
52418  12.215  -31.588  69.645 0.0000000000
52436  11.699  -31.528  68.828 0.0000000000
52419  11.361  -31.180  69.661 0.0000000000
53619  9.905  -31.332  68.993 0.0000000000
52438  8.951  -31.081  68.475 0.0000000000
53630  8.987  -30.912  67.967 0.0000000000
48957  3.735  -34.908  69.211 0.0000000000
46701  3.377  -37.335  67.067 0.0000000000
47862  3.816  -36.630  67.230 0.0000000000
46726  3.797  -37.542  66.207 0.0000000000
46725  4.144  -37.378  65.692 0.0000000000
46749  4.028  -38.039  65.515 0.0000000000
45670  4.086  -38.276  64.852 0.0000000000
44608  2.753  -40.035  65.311 0.0000000000
43573  2.888  -40.471  64.380 0.0000000000
43561  2.168  -41.322  66.363 0.0000000000
65949  30.033  -21.142  58.761 0.0000000000
67041  29.881  -20.699  58.563 0.0000000000
65950  29.535  -21.341  58.234 0.0000000000
64874  29.251  -22.108  57.809 0.0000000000
62720  28.904  -24.090  57.541 0.0000000000
62719  29.000  -23.454  57.438 0.0000000000
61629  28.965  -24.660  56.924 0.0000000000
61630  28.880  -25.160  56.978 0.0000000000
59469  21.852  -25.058  61.198 0.0000000000
58317  23.082  -25.694  61.834 0.0000000000
59468  22.730  -25.329  60.984 0.0000000000
59494  23.176  -26.017  58.885 0.0000000000
58345  24.269  -26.359  59.612 0.0000000000
58381  23.800  -26.239  58.500 0.0000000000
58380  24.276  -26.162  57.931 0.0000000000
59508  23.492  -25.768  57.767 0.0000000000
71568  27.880  -15.193  52.575 0.0000000000
71582  27.839  -14.759  52.089 0.0000000000
71583  27.462  -15.282  51.623 0.0000000000
70480  25.423  -17.311  50.697 0.0000000000
70494  25.569  -17.151  49.366 0.0000000000
89923  44.946  0.928  31.789 0.0000000000
89929  45.281  0.438  31.070 0.0000000000
90977  44.658  0.367  31.429 0.0000000000
79283  33.950  -9.140  45.745 0.0000000000
78241  34.095  -9.618  46.051 0.0000000000
77219  33.399  -10.878  45.646 0.0000000000
76186  32.436  -12.193  44.945 0.0000000000
75060  34.521  -13.195  46.673 0.0000000000
73991  34.213  -12.952  46.609 0.0000000000
73981  33.380  -13.519  46.168 0.0000000000
72836  31.966  -14.429  45.307 0.0000000000
73994  31.838  -13.992  44.993 0.0000000000
73995  31.547  -13.833  44.360 0.0000000000
78203  39.099  -9.455  49.984 0.0000000000
79239  39.491  -8.774  50.202 0.0000000000
79244  38.805  -9.001  49.594 0.0000000000
80331  37.783  -8.429  48.806 0.0000000000
80330  38.729  -8.286  49.233 0.0000000000
81435  38.454  -7.426  48.922 0.0000000000
81436  37.497  -7.463  48.528 0.0000000000
82521  37.260  -6.910  48.208 0.0000000000
80350  35.234  -9.068  47.125 0.0000000000
80342  35.318  -8.397  47.502 0.0000000000
80364  34.951  -9.016  46.581 0.0000000000
80365  34.812  -8.361  45.898 0.0000000000
58188  24.217  -26.264  68.543 0.0000000000
58228  21.524  -26.013  66.091 0.0000000000
58227  22.503  -26.107  66.392 0.0000000000
58245  22.605  -26.051  65.344 0.0000000000
58246  21.754  -26.582  64.988 0.0000000000
60453  17.952  -26.411  65.533 0.0000000000
60474  18.206  -26.026  64.966 0.0000000000
60500  19.041  -24.848  63.597 0.0000000000
60499  19.931  -25.567  64.058 0.0000000000
60512  20.164  -25.067  63.144 0.0000000000
59426  20.901  -25.349  63.862 0.0000000000
59458  21.025  -24.586  62.393 0.0000000000
60530  19.512  -24.917  61.756 0.0000000000
60572  18.034  -26.119  59.163 0.0000000000
61583  19.049  -24.980  60.373 0.0000000000
61610  18.540  -25.285  58.757 0.0000000000
60584  18.099  -26.061  57.941 0.0000000000
53804  17.723  -31.478  58.982 0.0000000000
54876  17.871  -30.945  58.423 0.0000000000
53823  17.877  -31.749  57.698 0.0000000000
83667  42.850  -4.408  40.890 0.0000000000
83700  42.039  -4.600  39.491 0.0000000000
83686  43.196  -4.068  39.823 0.0000000000
83698  42.998  -3.884  39.333 0.0000000000
84773  43.298  -3.634  39.332 0.0000000000
84774  42.732  -3.673  39.017 0.0000000000
83716  40.297  -4.384  38.358 0.0000000000
84777  40.665  -4.253  38.661 0.0000000000
86841  42.872  -2.740  38.330 0.0000000000
86845  42.802  -2.259  37.571 0.0000000000
86859  41.907  -1.777  35.198 0.0000000000
87840  42.548  -1.351  35.575 0.0000000000
88842  43.574  -0.687  34.933 0.0000000000
87843  43.180  -1.250  34.516 0.0000000000
53700  16.345  -30.657  64.737 0.0000000000
52491  16.127  -31.199  64.457 0.0000000000
53679  16.405  -31.027  65.628 0.0000000000
52448  15.806  -31.418  67.604 0.0000000000
52461  15.879  -31.511  66.693 0.0000000000
52462  15.573  -31.503  67.170 0.0000000000
51187  15.080  -31.380  66.921 0.0000000000
51174  14.900  -31.713  67.869 0.0000000000
53605  16.943  -32.054  70.237 0.0000000000
52393  15.827  -32.491  70.433 0.0000000000
52433  14.641  -31.558  68.904 0.0000000000
52416  14.155  -31.904  69.672 0.0000000000
52417  13.177  -31.832  69.623 0.0000000000
58150  25.163  -26.549  70.488 0.0000000000
58170  21.451  -26.677  69.386 0.0000000000
57043  18.062  -28.002  69.879 0.0000000000
58173  18.146  -27.551  69.307 0.0000000000
58172  18.966  -27.030  69.721 0.0000000000
58194  17.881  -27.404  68.502 0.0000000000
58212  17.711  -27.689  67.392 0.0000000000
57064  17.164  -28.412  68.107 0.0000000000
54749  16.522  -29.916  66.453 0.0000000000
55870  16.542  -29.269  66.453 0.0000000000
54763  16.546  -29.775  65.374 0.0000000000
78264  32.500  -9.938  44.526 0.0000000000
83668  41.033  -4.622  41.349 0.0000000000
83669  40.465  -5.064  41.214 0.0000000000
82597  40.795  -4.956  40.587 0.0000000000
83679  39.411  -5.428  40.557 0.0000000000
81510  37.411  -5.685  42.498 0.0000000000
83658  38.212  -5.478  42.360 0.0000000000
82598  37.581  -5.848  42.020 0.0000000000
83693  36.872  -5.551  40.213 0.0000000000
83681  37.524  -5.524  40.917 0.0000000000
83692  37.706  -5.616  40.036 0.0000000000
83705  37.746  -5.445  39.207 0.0000000000
51232  14.981  -31.797  63.676 0.0000000000
51217  13.465  -31.219  63.723 0.0000000000
52510  12.822  -31.177  63.013 0.0000000000
52511  11.651  -30.647  63.600 0.0000000000
53659  11.273  -31.372  66.487 0.0000000000
53680  11.047  -31.270  66.187 0.0000000000
53704  9.128  -31.899  64.003 0.0000000000
53703  10.449  -31.036  64.640 0.0000000000
53727  10.233  -31.045  63.328 0.0000000000
53750  9.512  -32.041  61.459 0.0000000000
51236  7.462  -33.681  63.007 0.0000000000
51251  7.573  -33.763  61.998 0.0000000000
52423  6.283  -32.271  69.182 0.0000000000
52440  7.064  -32.819  68.220 0.0000000000
50075  4.543  -34.401  67.751 0.0000000000
50086  5.217  -34.888  66.889 0.0000000000
49013  5.633  -35.570  65.817 0.0000000000
50093  5.742  -34.885  66.554 0.0000000000
51191  6.200  -33.601  66.104 0.0000000000
43532  0.849  -41.244  68.292 0.0000000000
42520  0.203  -42.759  68.258 0.0000000000
41524  0.308  -42.966  67.892 0.0000000000
74952  31.531  -12.167  52.139 0.0000000000
73854  29.636  -14.324  53.569 0.0000000000
72722  29.229  -14.734  53.320 0.0000000000
72706  29.205  -14.713  53.928 0.0000000000
71545  27.826  -15.398  54.730 0.0000000000
70441  27.341  -16.384  54.531 0.0000000000
70379  29.423  -17.482  57.975 0.0000000000
70396  28.254  -17.177  56.889 0.0000000000
68160  27.184  -18.834  55.994 0.0000000000
69232  27.408  -18.265  56.177 0.0000000000
69253  26.271  -18.019  55.048 0.0000000000
67078  26.194  -20.441  54.411 0.0000000000
67077  26.852  -20.719  54.994 0.0000000000
65986  27.555  -21.896  54.764 0.0000000000
65987  26.871  -21.679  54.491 0.0000000000
64913  27.782  -22.573  54.056 0.0000000000
63805  28.671  -22.861  56.568 0.0000000000
64895  28.489  -22.324  56.294 0.0000000000
63806  28.535  -23.015  55.822 0.0000000000
62767  28.277  -24.367  53.741 0.0000000000
62781  28.058  -24.223  53.081 0.0000000000
63829  28.178  -23.711  53.369 0.0000000000
61704  27.743  -24.826  52.368 0.0000000000
58207  25.262  -26.710  67.590 0.0000000000
58205  26.617  -25.702  67.708 0.0000000000
58223  26.255  -26.779  66.640 0.0000000000
58258  25.933  -26.126  64.486 0.0000000000
58240  26.715  -26.000  65.692 0.0000000000
59396  27.672  -25.286  65.317 0.0000000000
58256  27.354  -25.551  64.746 0.0000000000
58298  25.125  -26.491  62.794 0.0000000000
57108  25.596  -26.559  61.953 0.0000000000
58314  27.739  -27.057  61.703 0.0000000000
58295  27.352  -26.938  62.732 0.0000000000
58274  27.562  -25.321  63.760 0.0000000000
59439  27.697  -25.148  62.839 0.0000000000
59438  28.157  -24.652  63.121 0.0000000000
59454  27.863  -24.833  62.286 0.0000000000
60540  28.015  -25.149  60.791 0.0000000000
60554  28.279  -24.737  60.116 0.0000000000
61581  28.884  -24.282  60.480 0.0000000000
61595  28.466  -24.195  59.548 0.0000000000
60568  28.154  -24.838  59.132 0.0000000000
59506  28.039  -26.624  57.800 0.0000000000
59519  27.963  -25.676  57.194 0.0000000000
58392  26.862  -26.037  56.376 0.0000000000
58396  24.897  -26.631  56.829 0.0000000000
58395  25.620  -26.662  56.712 0.0000000000
58414  24.926  -26.404  55.682 0.0000000000
58456  25.206  -26.185  53.539 0.0000000000
58433  25.963  -26.352  54.839 0.0000000000
58432  26.505  -26.325  54.946 0.0000000000
58454  26.331  -26.264  54.118 0.0000000000
59573  26.380  -26.174  53.508 0.0000000000
58478  25.695  -26.001  53.134 0.0000000000
74963  33.240  -11.667  51.280 0.0000000000
73874  32.938  -11.931  50.303 0.0000000000
75002  30.606  -13.492  49.196 0.0000000000
73909  31.614  -13.155  48.907 0.0000000000
73929  31.029  -13.622  48.490 0.0000000000
72780  31.618  -13.704  47.959 0.0000000000
73952  30.243  -14.462  47.897 0.0000000000
72765  27.979  -14.638  49.529 0.0000000000
72764  28.863  -14.389  49.872 0.0000000000
72783  27.888  -14.699  48.805 0.0000000000
71677  27.987  -15.705  46.491 0.0000000000
71676  28.786  -15.102  46.582 0.0000000000
72824  29.531  -14.868  46.437 0.0000000000
72825  29.044  -15.101  46.083 0.0000000000
90997  47.820  1.181  29.886 0.0000000000
91009  47.750  1.339  28.964 0.0000000000
91008  48.724  1.479  29.275 0.0000000000
87850  42.970  -0.627  32.969 0.0000000000
86884  42.886  -1.073  32.726 0.0000000000
73903  35.775  -12.543  49.017 0.0000000000
73925  35.538  -12.819  48.491 0.0000000000
73904  35.164  -12.709  49.039 0.0000000000
73905  34.499  -12.854  48.815 0.0000000000
74999  33.967  -12.434  49.149 0.0000000000
76129  36.401  -11.654  49.843 0.0000000000
51294  15.519  -32.514  58.942 0.0000000000
51278  15.698  -32.181  60.303 0.0000000000
51264  15.191  -31.681  61.258 0.0000000000
55886  16.610  -29.322  64.236 0.0000000000
57084  16.662  -28.783  64.365 0.0000000000
54807  16.935  -29.858  62.670 0.0000000000
53764  17.180  -30.561  61.779 0.0000000000
53765  17.037  -31.295  61.270 0.0000000000
51276  16.682  -32.126  60.309 0.0000000000
82540  35.546  -6.797  46.246 0.0000000000
82539  36.092  -5.998  45.914 0.0000000000
82567  36.345  -5.847  43.952 0.0000000000
52398  10.850  -31.120  70.307 0.0000000000
45640  3.212  -38.140  66.579 0.0000000000
45658  2.970  -38.742  66.160 0.0000000000
43547  1.941  -40.334  66.714 0.0000000000
44587  1.697  -40.090  67.037 0.0000000000
65930  30.563  -20.595  60.193 0.0000000000
64855  29.968  -21.263  59.711 0.0000000000
64865  29.956  -21.606  59.040 0.0000000000
63785  29.706  -22.222  58.728 0.0000000000
63776  29.561  -22.719  58.760 0.0000000000
62708  28.918  -23.942  58.340 0.0000000000
60557  20.883  -24.309  59.735 0.0000000000
60570  21.689  -24.720  59.379 0.0000000000
60571  21.009  -24.411  58.684 0.0000000000
60582  21.783  -25.157  58.272 0.0000000000
60594  22.260  -24.995  56.794 0.0000000000
71584  26.849  -16.230  51.908 0.0000000000
70465  26.206  -16.710  52.346 0.0000000000
70466  25.680  -17.489  51.892 0.0000000000
88835  44.712  -0.277  36.406 0.0000000000
88834  45.538  0.195  36.499 0.0000000000
88840  45.044  0.284  35.918 0.0000000000
89916  46.118  0.966  33.307 0.0000000000
89917  45.214  0.674  32.953 0.0000000000
79281  34.554  -9.801  47.109 0.0000000000
78229  34.044  -9.913  46.517 0.0000000000
131266  34.192  -10.593  46.975 0.0000000000
76172  34.062  -11.409  46.265 0.0000000000
72821  33.327  -14.066  46.677 0.0000000000
73970  33.281  -14.083  46.129 0.0000000000
72822  32.617  -14.313  45.987 0.0000000000
78216  37.733  -10.140  49.132 0.0000000000
79253  38.157  -9.412  48.961 0.0000000000
80339  36.953  -9.040  48.677 0.0000000000
80333  35.915  -8.313  48.326 0.0000000000
80340  36.156  -9.135  48.324 0.0000000000
79268  35.249  -9.671  47.357 0.0000000000
53826  13.192  -32.488  58.511 0.0000000000
52575  10.561  -33.422  59.518 0.0000000000
53789  9.680  -33.005  60.174 0.0000000000
58190  22.366  -26.483  68.421 0.0000000000
58211  21.387  -26.531  67.308 0.0000000000
59383  20.383  -26.150  66.227 0.0000000000
58284  17.041  -26.759  63.283 0.0000000000
60491  18.142  -25.465  64.059 0.0000000000
59443  17.406  -26.064  62.600 0.0000000000
60514  17.827  -25.346  62.510 0.0000000000
61560  18.161  -25.082  62.235 0.0000000000
61573  18.847  -24.845  61.237 0.0000000000
60543  17.727  -25.820  61.123 0.0000000000
60558  17.881  -26.013  60.199 0.0000000000
59481  17.341  -26.783  59.636 0.0000000000
58368  17.146  -27.713  57.966 0.0000000000
58347  16.965  -28.387  58.495 0.0000000000
66013  26.612  -22.732  52.417 0.0000000000
82611  41.927  -4.536  40.015 0.0000000000
82610  42.645  -4.974  39.753 0.0000000000
82635  41.919  -4.999  39.305 0.0000000000
85792  40.422  -3.719  37.106 0.0000000000
85801  40.340  -3.431  36.382 0.0000000000
85799  41.586  -2.501  36.467 0.0000000000
86851  41.518  -2.422  36.176 0.0000000000
86860  41.457  -2.336  35.598 0.0000000000
85810  41.491  -2.336  34.588 0.0000000000
53657  16.432  -30.355  67.004 0.0000000000
53658  16.436  -30.917  66.615 0.0000000000
53642  16.364  -30.821  67.677 0.0000000000
52413  16.434  -32.038  68.797 0.0000000000
54741  16.436  -29.827  67.336 0.0000000000
83647  41.309  -4.473  42.541 0.0000000000
83656  40.162  -4.695  42.396 0.0000000000
83673  37.022  -5.889  41.506 0.0000000000
51202  14.479  -32.062  65.462 0.0000000000
51215  14.543  -31.959  64.423 0.0000000000
51203  13.905  -32.200  65.093 0.0000000000
53661  9.549  -30.996  66.398 0.0000000000
53681  10.442  -31.053  65.775 0.0000000000
52496  8.515  -32.370  63.049 0.0000000000
52497  8.050  -32.898  63.716 0.0000000000
51218  7.309  -33.681  63.725 0.0000000000
52402  5.948  -32.512  70.316 0.0000000000
49004  4.714  -36.234  66.701 0.0000000000
49003  5.204  -35.791  66.454 0.0000000000
49025  5.362  -35.817  64.445 0.0000000000
72687  29.127  -14.604  54.739 0.0000000000
71527  28.430  -15.198  55.420 0.0000000000
71528  28.106  -16.229  55.762 0.0000000000
68139  29.358  -19.320  58.523 0.0000000000
69210  29.924  -18.224  59.018 0.0000000000
68140  29.216  -18.829  58.050 0.0000000000
69222  28.938  -18.242  57.796 0.0000000000
69223  28.611  -17.948  57.212 0.0000000000
68159  27.430  -19.406  56.399 0.0000000000
68167  27.167  -20.012  56.058 0.0000000000
67065  27.176  -20.383  55.661 0.0000000000
67064  27.612  -20.585  56.044 0.0000000000
65971  27.785  -21.228  55.520 0.0000000000
65985  28.024  -22.211  55.158 0.0000000000
62751  28.591  -23.767  55.680 0.0000000000
61677  28.381  -24.359  55.124 0.0000000000
61678  28.211  -24.675  54.348 0.0000000000
61693  27.625  -25.320  52.698 0.0000000000
60668  26.765  -26.107  52.485 0.0000000000
58242  25.257  -26.463  65.573 0.0000000000
57122  25.774  -26.541  60.844 0.0000000000
57121  26.207  -27.031  61.231 0.0000000000
59455  27.717  -25.462  61.668 0.0000000000
58313  27.627  -26.358  61.175 0.0000000000
58325  27.980  -26.393  60.099 0.0000000000
59478  27.968  -25.890  59.431 0.0000000000
58341  27.728  -26.228  59.133 0.0000000000
58361  27.587  -26.718  58.637 0.0000000000
59535  24.529  -26.317  54.690 0.0000000000
59554  24.629  -26.220  53.889 0.0000000000
58479  25.256  -26.148  52.808 0.0000000000
59594  24.940  -26.573  52.155 0.0000000000
74965  31.640  -12.076  51.175 0.0000000000
73876  31.340  -12.330  50.482 0.0000000000
73891  30.173  -13.370  50.005 0.0000000000
73910  30.034  -13.800  49.275 0.0000000000
71629  27.277  -15.666  48.665 0.0000000000
71628  27.850  -15.069  48.237 0.0000000000
71651  27.384  -15.895  47.600 0.0000000000
77206  35.652  -11.945  47.555 0.0000000000
76171  35.184  -11.930  47.427 0.0000000000
75057  35.968  -12.797  46.914 0.0000000000
75047  35.134  -13.296  46.726 0.0000000000
73968  34.383  -13.448  46.884 0.0000000000
73948  35.183  -13.352  47.626 0.0000000000
73949  34.423  -13.428  47.538 0.0000000000
72800  33.819  -13.590  47.103 0.0000000000
71672  33.048  -14.129  47.092 0.0000000000
71646  32.716  -14.118  47.338 0.0000000000
71647  31.959  -14.260  47.331 0.0000000000
77172  39.224  -9.614  50.228 0.0000000000
77173  38.904  -10.117  50.045 0.0000000000
77162  37.945  -10.967  50.123 0.0000000000
78204  37.573  -10.572  49.117 0.0000000000
77175  36.756  -11.255  48.575 0.0000000000
77176  36.388  -11.242  48.165 0.0000000000
51295  14.875  -32.296  58.744 0.0000000000
52572  13.849  -32.409  58.629 0.0000000000
53806  13.471  -32.083  58.898 0.0000000000
53785  12.761  -31.582  59.888 0.0000000000
53767  12.219  -31.266  60.632 0.0000000000
59367  18.192  -25.788  67.447 0.0000000000
60436  18.230  -25.687  66.735 0.0000000000
59384  17.772  -25.939  66.686 0.0000000000
59399  17.600  -26.870  65.019 0.0000000000
58265  16.817  -27.223  64.162 0.0000000000
58264  16.668  -28.112  64.137 0.0000000000
58303  17.141  -28.115  61.721 0.0000000000
55918  17.466  -29.805  60.371 0.0000000000
53805  17.575  -32.019  59.455 0.0000000000
53604  17.356  -31.252  69.694 0.0000000000
54700  17.337  -30.410  71.380 0.0000000000
83627  38.129  -4.942  46.909 0.0000000000
83626  39.117  -4.811  46.432 0.0000000000
83633  37.502  -4.978  46.100 0.0000000000
82546  38.356  -5.294  43.870 0.0000000000
82564  38.347  -5.327  43.180 0.0000000000
81474  38.016  -5.526  43.378 0.0000000000
81492  37.436  -5.434  43.230 0.0000000000
81511  36.780  -5.684  42.725 0.0000000000
82582  36.464  -5.761  43.201 0.0000000000
81533  36.286  -6.277  42.128 0.0000000000
82601  35.667  -6.484  41.548 0.0000000000
52450  12.565  -31.460  67.314 0.0000000000
52451  11.892  -31.250  67.942 0.0000000000
52465  11.280  -31.040  67.586 0.0000000000
53643  10.758  -30.685  67.776 0.0000000000
52437  10.894  -31.445  68.907 0.0000000000
53628  10.472  -30.807  68.424 0.0000000000
53644  9.829  -30.692  67.596 0.0000000000
53645  8.813  -31.290  67.082 0.0000000000
52453  7.775  -31.944  66.561 0.0000000000
50055  3.970  -34.418  69.855 0.0000000000
50076  3.996  -34.608  68.104 0.0000000000
48978  3.990  -35.242  67.491 0.0000000000
47844  4.162  -36.140  67.306 0.0000000000
48991  4.676  -35.957  67.083 0.0000000000
47880  4.373  -36.665  66.227 0.0000000000
47900  4.306  -36.969  65.545 0.0000000000
46767  4.431  -38.182  64.454 0.0000000000
45684  3.944  -38.908  64.400 0.0000000000
44607  3.281  -39.500  64.736 0.0000000000
68123  30.723  -19.376  59.674 0.0000000000
68138  30.064  -19.279  59.222 0.0000000000
67031  29.896  -20.034  58.630 0.0000000000
67042  29.139  -20.531  58.281 0.0000000000
67051  28.674  -20.830  57.618 0.0000000000
65959  28.460  -21.244  57.078 0.0000000000
64882  28.737  -22.260  57.113 0.0000000000
62733  28.719  -23.406  56.661 0.0000000000
63786  29.438  -22.698  58.094 0.0000000000
61661  28.677  -24.460  55.929 0.0000000000
61645  28.685  -24.805  56.339 0.0000000000
60629  28.246  -25.437  55.355 0.0000000000
58301  22.677  -25.429  62.955 0.0000000000
58300  23.506  -25.704  62.727 0.0000000000
58316  23.927  -25.960  61.504 0.0000000000
59479  22.974  -25.609  59.931 0.0000000000
58328  24.157  -26.087  60.447 0.0000000000
58315  24.666  -26.261  61.010 0.0000000000
58327  24.816  -26.176  60.070 0.0000000000
57138  25.387  -26.229  59.688 0.0000000000
57155  25.617  -26.714  59.106 0.0000000000
57168  26.086  -26.867  58.547 0.0000000000
58363  25.321  -26.503  58.373 0.0000000000
58397  24.426  -26.212  57.020 0.0000000000
59521  24.059  -25.748  56.314 0.0000000000
60593  22.949  -25.041  56.244 0.0000000000
59537  23.782  -25.293  55.836 0.0000000000
59536  24.129  -25.626  55.197 0.0000000000
60631  23.274  -25.644  54.070 0.0000000000
73879  29.051  -14.057  51.748 0.0000000000
72739  27.942  -14.494  51.607 0.0000000000
71599  27.424  -15.180  50.243 0.0000000000
71613  26.851  -15.706  49.598 0.0000000000
70507  26.549  -16.440  48.697 0.0000000000
89927  46.907  1.270  31.515 0.0000000000
89937  45.242  -0.019  30.135 0.0000000000
80377  34.353  -7.925  45.274 0.0000000000
79293  33.540  -8.885  45.070 0.0000000000
79294  33.045  -9.457  44.725 0.0000000000
78242  33.755  -10.032  45.781 0.0000000000
75071  34.788  -12.413  46.828 0.0000000000
75073  33.614  -12.521  45.973 0.0000000000
75074  32.801  -12.812  45.542 0.0000000000
75061  32.904  -13.432  45.736 0.0000000000
75075  31.931  -13.147  44.878 0.0000000000
79245  38.298  -8.959  48.971 0.0000000000
82524  36.879  -6.449  47.668 0.0000000000
82525  36.096  -6.810  47.424 0.0000000000
81438  35.742  -7.766  47.969 0.0000000000
81443  35.977  -7.248  47.719 0.0000000000
82532  35.579  -6.945  47.031 0.0000000000
58186  26.055  -25.744  68.569 0.0000000000
58225  24.385  -26.615  66.548 0.0000000000
58209  23.380  -26.455  67.480 0.0000000000
58244  23.531  -26.213  65.489 0.0000000000
60435  19.058  -25.772  66.630 0.0000000000
60451  19.645  -26.169  65.648 0.0000000000
59398  20.761  -26.720  65.150 0.0000000000
60490  19.024  -25.482  64.512 0.0000000000
60489  19.722  -26.123  64.576 0.0000000000
59397  21.390  -27.136  64.830 0.0000000000
59411  21.411  -26.814  64.569 0.0000000000
58263  21.998  -26.004  64.638 0.0000000000
58281  22.846  -25.403  63.937 0.0000000000
59440  22.369  -25.261  62.839 0.0000000000
59457  21.439  -24.637  62.191 0.0000000000
60541  21.200  -24.596  61.399 0.0000000000
61572  19.744  -24.661  61.039 0.0000000000
61582  20.063  -25.075  60.047 0.0000000000
61596  20.139  -24.521  59.072 0.0000000000
61609  19.347  -24.786  58.454 0.0000000000
60597  18.587  -25.806  56.731 0.0000000000
55929  17.391  -30.105  59.096 0.0000000000
68178  25.714  -19.548  53.847 0.0000000000
86839  44.496  -1.892  38.931 0.0000000000
84780  40.838  -3.816  38.051 0.0000000000
85788  41.559  -3.532  38.456 0.0000000000
85786  43.046  -3.104  38.825 0.0000000000
86840  43.474  -2.514  38.491 0.0000000000
86843  44.269  -1.618  38.054 0.0000000000
87829  44.028  -1.372  37.502 0.0000000000
87834  43.703  -1.145  36.755 0.0000000000
87835  42.898  -1.435  36.619 0.0000000000
87838  44.149  -0.761  36.257 0.0000000000
88844  43.807  -0.540  34.336 0.0000000000
87842  43.544  -1.053  34.182 0.0000000000
52506  16.238  -31.023  63.181 0.0000000000
51246  15.776  -31.359  63.082 0.0000000000
51230  15.797  -31.381  63.668 0.0000000000
51231  15.549  -31.650  64.013 0.0000000000
51213  15.530  -31.733  65.218 0.0000000000
52460  16.212  -31.314  66.180 0.0000000000
52477  15.898  -31.523  65.717 0.0000000000
51201  14.988  -31.556  65.816 0.0000000000
51188  14.402  -31.516  66.426 0.0000000000
51163  13.742  -31.688  67.873 0.0000000000
53617  17.108  -31.918  69.136 0.0000000000
52414  15.897  -32.437  69.141 0.0000000000
52432  15.273  -31.687  68.618 0.0000000000
51161  14.810  -31.683  68.390 0.0000000000
51162  14.395  -31.806  68.182 0.0000000000
52396  12.534  -31.810  70.531 0.0000000000
52373  12.790  -31.842  71.421 0.0000000000
52374  11.830  -31.562  71.358 0.0000000000
60402  26.818  -25.568  69.608 0.0000000000
60388  26.619  -25.701  69.813 0.0000000000
58166  25.009  -26.282  69.582 0.0000000000
58167  24.141  -26.416  69.556 0.0000000000
58168  23.315  -26.555  69.468 0.0000000000
59330  19.137  -26.405  69.088 0.0000000000
59351  18.692  -26.420  68.345 0.0000000000
59352  17.875  -26.667  67.865 0.0000000000
57071  16.607  -28.818  66.194 0.0000000000
55878  16.565  -29.230  65.099 0.0000000000
54776  16.524  -29.606  64.610 0.0000000000
53725  16.418  -30.590  63.416 0.0000000000
83653  42.767  -4.508  41.733 0.0000000000
82576  42.358  -4.596  41.113 0.0000000000
82562  41.755  -4.549  41.888 0.0000000000
82577  41.840  -4.630  41.322 0.0000000000
82595  41.898  -4.591  40.699 0.0000000000
81529  41.052  -4.837  40.476 0.0000000000
82613  40.778  -4.993  40.106 0.0000000000
83690  39.365  -5.199  39.654 0.0000000000
83672  37.394  -5.730  41.532 0.0000000000
83704  38.347  -5.152  38.868 0.0000000000
51248  15.105  -31.660  62.491 0.0000000000
51249  14.622  -31.581  62.175 0.0000000000
51216  14.037  -31.632  64.063 0.0000000000
51234  14.113  -31.135  63.001 0.0000000000
52527  13.624  -31.351  61.633 0.0000000000
52528  13.003  -31.183  61.843 0.0000000000
52546  12.592  -31.088  61.164 0.0000000000
53768  11.266  -30.965  60.911 0.0000000000
52463  12.465  -31.683  66.322 0.0000000000
52479  11.604  -31.411  65.918 0.0000000000
52494  11.604  -31.099  64.820 0.0000000000
53702  11.139  -30.717  64.326 0.0000000000
52530  11.003  -30.557  62.677 0.0000000000
53748  11.094  -30.544  61.810 0.0000000000
53769  10.231  -31.740  60.781 0.0000000000
53770  9.517  -32.501  60.570 0.0000000000
52548  8.829  -32.706  61.032 0.0000000000
52513  8.746  -32.677  62.396 0.0000000000
52532  8.431  -33.203  61.713 0.0000000000
52549  8.492  -33.469  60.704 0.0000000000
52467  7.209  -33.010  65.893 0.0000000000
51153  4.793  -33.616  69.474 0.0000000000
50074  4.922  -33.635  68.383 0.0000000000
50094  5.448  -35.236  66.612 0.0000000000
50085  5.427  -34.122  67.468 0.0000000000
51219  7.019  -33.782  64.268 0.0000000000
50106  6.962  -34.147  63.834 0.0000000000
50117  6.911  -34.279  63.339 0.0000000000
50118  6.567  -35.149  62.818 0.0000000000
43531  1.218  -40.703  68.208 0.0000000000
42530  1.413  -41.693  67.463 0.0000000000
42531  1.260  -42.668  66.914 0.0000000000
42519  0.590  -42.073  68.008 0.0000000000
74976  34.845  -11.286  50.704 0.0000000000
73852  30.886  -12.945  52.691 0.0000000000
73867  29.456  -14.116  52.594 0.0000000000
73868  28.946  -14.399  52.411 0.0000000000
72723  28.734  -14.947  52.893 0.0000000000
70453  27.076  -16.765  53.488 0.0000000000
70443  26.914  -17.253  53.692 0.0000000000
69254  26.372  -18.057  53.959 0.0000000000
71507  28.721  -16.013  56.499 0.0000000000
70414  27.725  -17.238  56.226 0.0000000000
70430  26.875  -17.202  55.105 0.0000000000
66002  26.744  -22.356  53.514 0.0000000000
64927  27.103  -23.064  53.089 0.0000000000
63816  28.139  -23.393  54.946 0.0000000000
63840  27.853  -23.914  52.310 0.0000000000
62793  27.542  -25.057  50.719 0.0000000000
61706  27.187  -25.524  50.621 0.0000000000
60682  27.150  -25.570  51.225 0.0000000000
61719  27.073  -25.813  49.893 0.0000000000
62672  29.666  -22.952  60.579 0.0000000000
59364  27.246  -25.607  67.114 0.0000000000
59381  27.169  -25.705  66.556 0.0000000000
58221  27.062  -25.607  66.280 0.0000000000
59380  27.388  -25.207  66.295 0.0000000000
60488  28.298  -24.718  64.762 0.0000000000
58278  25.294  -26.532  63.463 0.0000000000
58276  26.642  -26.364  63.506 0.0000000000
57107  26.152  -27.077  62.355 0.0000000000
58296  26.789  -27.031  62.861 0.0000000000
59423  28.290  -24.730  64.051 0.0000000000
60498  28.702  -24.517  63.754 0.0000000000
60527  27.994  -24.861  61.602 0.0000000000
61571  28.912  -24.197  61.488 0.0000000000
62673  29.468  -23.546  60.810 0.0000000000
62697  28.846  -23.672  59.174 0.0000000000
61607  28.553  -24.421  58.664 0.0000000000
60569  28.105  -25.479  58.768 0.0000000000
60581  28.774  -25.679  57.979 0.0000000000
61618  28.803  -25.337  57.485 0.0000000000
60591  28.383  -25.461  57.240 0.0000000000
60592  27.894  -25.436  56.785 0.0000000000
60607  27.736  -25.468  55.918 0.0000000000
57178  26.302  -26.751  57.878 0.0000000000
57177  26.651  -26.818  57.536 0.0000000000
58393  26.774  -26.623  56.733 0.0000000000
58413  25.705  -26.471  55.683 0.0000000000
58411  26.630  -26.150  55.572 0.0000000000
59534  26.855  -26.079  55.365 0.0000000000
59552  27.083  -25.896  54.236 0.0000000000
59571  27.038  -26.034  53.598 0.0000000000
59591  26.616  -26.205  52.981 0.0000000000
60669  26.270  -26.158  52.036 0.0000000000
59593  25.568  -26.380  52.249 0.0000000000
59606  25.917  -26.488  51.589 0.0000000000
74979  33.474  -12.212  49.369 0.0000000000
75000  33.490  -12.450  48.898 0.0000000000
73889  31.724  -12.107  49.369 0.0000000000
73908  32.321  -12.417  48.508 0.0000000000
72762  32.734  -12.808  47.964 0.0000000000
72779  32.430  -13.311  47.841 0.0000000000
73892  29.389  -14.006  50.631 0.0000000000
73931  29.491  -14.115  48.979 0.0000000000
72804  29.201  -14.822  47.883 0.0000000000
72781  29.604  -14.528  48.210 0.0000000000
72803  29.578  -14.766  47.373 0.0000000000
72823  30.322  -14.811  46.084 0.0000000000
88848  43.775  -0.323  33.300 0.0000000000
88851  43.526  -0.131  32.462 0.0000000000
88852  43.657  -0.409  31.780 0.0000000000
46747  4.612  -37.476  64.617 0.0000000000
47816  2.774  -35.814  68.963 0.0000000000
47846  3.090  -36.604  68.047 0.0000000000
47881  3.896  -36.850  66.687 0.0000000000
47941  5.370  -36.856  63.429 0.0000000000
48967  3.701  -34.930  68.459 0.0000000000
48977  4.373  -34.860  67.309 0.0000000000
50065  4.837  -33.581  68.920 0.0000000000
50066  4.673  -33.883  69.063 0.0000000000
50067  4.253  -34.554  68.932 0.0000000000
51200  15.487  -31.494  66.185 0.0000000000
51235  13.551  -31.170  63.074 0.0000000000
51250  14.089  -31.443  61.917 0.0000000000
51266  13.986  -31.423  61.145 0.0000000000
51296  14.314  -32.198  58.836 0.0000000000
52430  16.090  -31.250  68.171 0.0000000000
52449  15.423  -31.607  67.777 0.0000000000
52476  16.174  -31.340  65.287 0.0000000000
52480  11.061  -31.269  65.824 0.0000000000
52507  16.068  -31.154  63.517 0.0000000000
52508  15.872  -31.392  64.084 0.0000000000
52512  10.918  -30.589  63.410 0.0000000000
52547  12.036  -31.050  61.203 0.0000000000
52556  16.655  -31.731  60.821 0.0000000000
52570  17.060  -32.237  59.816 0.0000000000
52587  13.493  -32.975  58.259 0.0000000000
53618  10.289  -31.275  68.866 0.0000000000
53701  16.305  -31.114  65.015 0.0000000000
53724  16.586  -30.239  63.400 0.0000000000
53784  13.290  -31.786  59.427 0.0000000000
53825  13.536  -32.473  58.571 0.0000000000
53827  12.697  -32.562  58.546 0.0000000000
54762  16.526  -29.522  65.032 0.0000000000
54777  16.451  -30.089  64.239 0.0000000000
54791  16.621  -29.839  63.639 0.0000000000
55869  16.622  -29.032  65.827 0.0000000000
57094  25.627  -26.703  62.704 0.0000000000
57105  27.095  -27.244  62.479 0.0000000000
57106  26.782  -27.319  62.344 0.0000000000
57119  27.267  -27.355  61.990 0.0000000000
57123  25.336  -26.246  60.449 0.0000000000
57156  25.269  -26.529  59.264 0.0000000000
57169  25.717  -26.627  58.322 0.0000000000
57179  25.960  -26.612  57.972 0.0000000000
57188  26.514  -26.724  56.990 0.0000000000
57189  26.239  -26.713  57.179 0.0000000000
57190  25.952  -26.640  57.473 0.0000000000
58165  25.760  -26.126  69.736 0.0000000000
58185  26.492  -25.494  68.128 0.0000000000
58192  20.559  -26.203  68.833 0.0000000000
58230  17.290  -27.644  66.430 0.0000000000
58247  21.351  -27.038  65.195 0.0000000000
58277  26.074  -26.626  63.297 0.0000000000
58282  22.198  -25.569  64.104 0.0000000000
58297  26.484  -27.069  62.708 0.0000000000
58302  22.458  -25.360  63.674 0.0000000000
58326  27.691  -26.821  60.637 0.0000000000
58343  25.171  -26.630  58.934 0.0000000000
58344  24.876  -26.476  59.299 0.0000000000
58348  16.918  -27.594  59.065 0.0000000000
58360  27.856  -26.398  58.678 0.0000000000
58365  24.310  -26.444  58.831 0.0000000000
58366  23.798  -26.386  59.133 0.0000000000
58379  24.907  -26.370  57.726 0.0000000000
58410  26.726  -25.910  55.689 0.0000000000
58431  26.768  -26.310  54.938 0.0000000000
58477  26.085  -26.165  53.497 0.0000000000
59315  26.195  -26.218  70.338 0.0000000000
59329  19.804  -26.292  69.272 0.0000000000
59347  26.766  -25.188  68.122 0.0000000000
59348  26.506  -25.539  68.605 0.0000000000
59385  17.698  -26.823  66.025 0.0000000000
59408  28.285  -24.726  64.506 0.0000000000
59409  28.004  -24.981  64.629 0.0000000000
59410  27.754  -25.290  64.800 0.0000000000
59425  21.556  -25.776  64.508 0.0000000000
59427  17.529  -25.925  63.468 0.0000000000
59442  21.030  -24.795  62.882 0.0000000000
59480  22.184  -25.185  60.142 0.0000000000
59493  28.016  -26.590  58.383 0.0000000000
59520  27.565  -25.941  56.890 0.0000000000
59522  23.376  -25.316  56.590 0.0000000000
59523  22.987  -25.367  57.300 0.0000000000
59553  26.944  -26.254  54.791 0.0000000000
59572  26.744  -26.185  53.629 0.0000000000
59574  24.768  -25.974  52.946 0.0000000000
60472  19.967  -26.411  65.001 0.0000000000
60528  21.089  -24.492  61.873 0.0000000000
60542  20.672  -24.584  60.764 0.0000000000
60608  23.564  -25.364  54.845 0.0000000000
61548  18.600  -24.917  62.724 0.0000000000
61549  18.121  -25.056  62.653 0.0000000000
61559  18.807  -25.021  62.011 0.0000000000
61574  18.130  -25.076  61.540 0.0000000000
61598  18.434  -25.335  59.768 0.0000000000
61619  20.011  -24.159  57.131 0.0000000000
61621  18.738  -25.170  57.781 0.0000000000
61632  19.352  -24.608  56.861 0.0000000000
61633  18.933  -24.942  57.219 0.0000000000
61644  28.797  -24.547  56.462 0.0000000000
62780  28.470  -23.879  53.648 0.0000000000
63736  29.690  -22.924  60.896 0.0000000000
64925  28.235  -23.280  53.717 0.0000000000
70415  27.300  -17.529  55.682 0.0000000000
71556  27.230  -16.361  53.524 0.0000000000
71570  26.740  -16.480  52.590 0.0000000000
71624  32.903  -13.640  47.468 0.0000000000
71626  32.150  -13.721  47.743 0.0000000000
71627  28.457  -15.037  47.890 0.0000000000
71649  28.909  -14.900  47.426 0.0000000000
71675  29.179  -14.826  46.945 0.0000000000
72688  28.652  -14.878  54.325 0.0000000000
72751  28.589  -14.254  51.133 0.0000000000
72761  33.016  -12.801  47.854 0.0000000000
72801  33.358  -13.701  47.235 0.0000000000
72820  33.802  -13.653  46.844 0.0000000000
72839  29.245  -15.130  45.918 0.0000000000
73875  32.121  -11.968  50.303 0.0000000000
73887  33.263  -12.061  49.704 0.0000000000
73924  35.837  -12.662  48.591 0.0000000000
73927  34.397  -13.209  48.196 0.0000000000
73946  35.880  -12.766  48.242 0.0000000000
73947  35.589  -13.097  47.933 0.0000000000
73951  30.848  -14.135  48.061 0.0000000000
73966  35.821  -13.398  47.371 0.0000000000
73979  34.405  -13.104  46.646 0.0000000000
73980  34.149  -13.197  46.709 0.0000000000
73992  33.707  -12.918  46.433 0.0000000000
74978  33.726  -11.991  49.933 0.0000000000
74980  30.995  -12.978  49.546 0.0000000000
74981  30.760  -13.145  49.550 0.0000000000
74996  36.348  -12.149  49.300 0.0000000000
75001  31.032  -13.194  49.326 0.0000000000
75017  36.698  -12.221  48.981 0.0000000000
75019  34.700  -13.232  48.092 0.0000000000
75021  31.039  -13.459  48.935 0.0000000000
75022  30.767  -13.631  48.772 0.0000000000
75034  36.454  -12.269  48.559 0.0000000000
75036  34.764  -13.304  47.856 0.0000000000
75037  34.573  -13.394  47.723 0.0000000000
75046  35.849  -13.285  46.803 0.0000000000
75048  34.713  -13.308  46.744 0.0000000000
75058  35.442  -12.797  46.717 0.0000000000
75072  34.254  -12.550  46.429 0.0000000000
76151  36.424  -12.204  48.320 0.0000000000
76152  36.326  -12.163  47.981 0.0000000000
76170  35.356  -12.391  47.188 0.0000000000
76183  34.488  -11.926  46.667 0.0000000000
76184  34.144  -11.990  46.118 0.0000000000
77183  38.759  -9.913  49.681 0.0000000000
77184  38.337  -10.166  49.532 0.0000000000
77185  36.349  -11.604  48.041 0.0000000000
77197  36.068  -11.905  47.708 0.0000000000
77207  33.967  -10.683  46.420 0.0000000000
78202  39.399  -9.306  50.402 0.0000000000
78205  37.249  -10.675  48.830 0.0000000000
78217  36.956  -10.213  48.636 0.0000000000
79284  33.396  -9.531  45.332 0.0000000000
80334  35.516  -8.298  47.941 0.0000000000
80351  35.118  -8.322  46.847 0.0000000000
81439  35.485  -8.009  47.713 0.0000000000
81442  36.389  -6.962  47.754 0.0000000000
81444  35.449  -7.630  47.374 0.0000000000
81477  34.353  -7.349  44.911 0.0000000000
81493  37.001  -5.302  43.080 0.0000000000
81509  37.754  -5.598  42.596 0.0000000000
81528  41.448  -4.678  40.396 0.0000000000
81530  40.712  -5.010  40.367 0.0000000000
81531  37.331  -6.065  42.149 0.0000000000
81546  41.441  -4.728  40.127 0.0000000000
81547  41.131  -4.857  40.252 0.0000000000
81548  40.903  -4.929  40.302 0.0000000000
82526  35.746  -7.123  47.404 0.0000000000
82551  34.909  -7.169  44.985 0.0000000000
82563  41.381  -4.463  41.899 0.0000000000
82578  41.394  -4.567  41.520 0.0000000000
82579  38.131  -5.513  42.682 0.0000000000
82580  37.834  -5.623  42.340 0.0000000000
82599  37.207  -6.116  41.823 0.0000000000
82623  42.161  -5.143  39.295 0.0000000000
82625  40.832  -4.915  39.608 0.0000000000
82636  41.803  -4.773  39.450 0.0000000000
82637  41.246  -4.714  39.341 0.0000000000
83645  42.384  -4.591  41.937 0.0000000000
83687  42.593  -4.668  39.794 0.0000000000
83688  42.278  -5.025  39.499 0.0000000000
83699  42.622  -4.186  39.412 0.0000000000
87833  44.275  -0.728  37.078 0.0000000000
90976  44.664  0.596  31.618 0.0000000000
90986  44.896  0.553  31.448 0.0000000000
90987  44.876  0.331  31.247 0.0000000000
131263  35.294  -11.358  47.506 0.0000000000
131264  35.341  -10.282  47.430 0.0000000000
131265  34.309  -10.407  47.120 0.0000000000
131267  34.053  -10.255  46.954 0.0000000000
131268  35.163  -10.450  47.432 0.0000000000
