#!ascii label  , from subject 3260 vox2ras=TkReg
1164
118262  44.935  23.140  29.635 0.0000000000
125976  45.503  32.334  36.135 0.0000000000
117282  48.257  20.866  34.616 0.0000000000
115345  38.074  21.113  27.541 0.0000000000
116284  40.199  20.289  32.313 0.0000000000
123879  45.845  29.282  31.226 0.0000000000
125978  41.636  32.684  35.826 0.0000000000
129316  41.982  35.702  28.942 0.0000000000
114273  49.499  18.230  30.853 0.0000000000
117379  48.140  20.192  26.577 0.0000000000
122339  47.251  27.650  33.150 0.0000000000
119073  45.902  24.029  35.462 0.0000000000
120700  47.751  25.213  37.871 0.0000000000
113115  48.075  17.977  37.846 0.0000000000
126105  43.444  32.326  23.280 0.0000000000
127599  45.984  33.275  29.502 0.0000000000
115302  44.561  20.030  29.991 0.0000000000
117357  42.149  21.985  28.371 0.0000000000
117348  38.731  21.603  30.209 0.0000000000
119100  41.986  23.277  31.233 0.0000000000
121535  45.445  26.382  29.760 0.0000000000
120038  42.934  24.194  27.560 0.0000000000
126036  40.521  32.741  30.277 0.0000000000
112220  50.263  15.354  31.119 0.0000000000
113217  50.208  17.248  28.468 0.0000000000
110355  49.262  15.698  28.807 0.0000000000
126114  45.705  32.109  21.147 0.0000000000
123841  45.340  28.948  34.932 0.0000000000
122329  46.946  26.615  35.719 0.0000000000
123082  46.121  28.403  37.739 0.0000000000
118180  44.231  22.310  37.816 0.0000000000
117221  45.866  21.806  39.062 0.0000000000
113118  45.753  18.503  37.408 0.0000000000
112199  46.595  18.065  34.193 0.0000000000
129224  44.581  36.101  32.743 0.0000000000
129299  44.489  35.990  28.936 0.0000000000
126749  45.580  33.335  32.505 0.0000000000
125257  46.239  31.061  31.674 0.0000000000
117285  45.745  21.871  36.255 0.0000000000
117308  44.318  21.593  33.117 0.0000000000
117331  46.363  21.072  30.978 0.0000000000
114291  38.531  17.935  30.274 0.0000000000
114305  40.711  17.605  29.123 0.0000000000
123903  46.271  29.906  26.703 0.0000000000
123898  43.239  29.250  29.200 0.0000000000
151999  44.052  34.354  36.707 0.0000000000
123776  45.555  29.707  39.052 0.0000000000
126862  36.898  33.170  24.429 0.0000000000
126840  39.246  32.244  25.384 0.0000000000
127563  42.738  35.025  32.340 0.0000000000
116261  48.602  19.672  32.633 0.0000000000
117342  48.099  20.413  30.050 0.0000000000
115327  49.382  19.896  29.013 0.0000000000
116365  49.243  20.036  25.377 0.0000000000
119990  46.610  25.346  31.177 0.0000000000
119977  45.170  24.768  33.006 0.0000000000
120740  47.789  25.354  33.945 0.0000000000
119062  48.046  23.641  35.955 0.0000000000
117266  47.482  21.389  37.432 0.0000000000
120676  46.368  25.407  39.259 0.0000000000
117234  47.549  21.673  38.965 0.0000000000
115272  48.559  19.633  35.808 0.0000000000
114265  48.265  18.612  33.412 0.0000000000
112211  48.159  16.733  31.966 0.0000000000
129392  44.864  34.991  21.223 0.0000000000
125315  43.948  30.866  24.524 0.0000000000
126818  44.459  32.606  26.869 0.0000000000
126815  46.394  31.880  26.897 0.0000000000
125274  46.054  31.218  29.223 0.0000000000
123167  47.099  28.652  30.663 0.0000000000
118230  42.302  22.980  33.890 0.0000000000
115294  42.389  19.714  31.478 0.0000000000
114321  41.936  17.477  27.711 0.0000000000
116339  46.327  19.751  27.814 0.0000000000
118264  43.376  22.447  28.713 0.0000000000
118253  41.930  22.258  29.970 0.0000000000
118242  43.382  23.151  30.453 0.0000000000
120006  45.836  24.977  29.235 0.0000000000
120783  44.959  25.470  28.366 0.0000000000
119125  43.888  23.726  28.112 0.0000000000
117368  42.500  22.569  27.883 0.0000000000
110329  50.839  14.123  31.270 0.0000000000
111317  50.110  15.422  29.532 0.0000000000
109350  49.933  13.912  30.362 0.0000000000
111368  39.324  15.171  27.060 0.0000000000
125220  45.174  30.857  34.802 0.0000000000
123817  45.386  28.714  36.540 0.0000000000
124505  45.998  30.411  36.878 0.0000000000
115250  43.852  20.083  37.560 0.0000000000
115249  44.567  19.779  37.867 0.0000000000
126743  45.475  33.760  34.839 0.0000000000
127558  45.668  34.122  32.972 0.0000000000
126742  45.699  33.357  34.168 0.0000000000
125233  45.390  31.273  33.364 0.0000000000
117283  47.516  20.803  34.945 0.0000000000
117297  46.218  21.533  33.819 0.0000000000
117296  47.284  21.175  33.484 0.0000000000
115347  36.607  20.240  27.518 0.0000000000
116327  36.975  20.745  29.008 0.0000000000
117325  38.734  21.073  31.747 0.0000000000
115299  38.236  19.666  31.270 0.0000000000
115307  39.393  18.965  31.188 0.0000000000
114290  39.480  17.707  29.949 0.0000000000
115306  40.344  18.949  31.161 0.0000000000
123895  45.357  30.583  29.217 0.0000000000
123905  44.674  29.432  28.041 0.0000000000
123891  44.222  30.316  30.125 0.0000000000
116371  38.876  21.393  26.448 0.0000000000
115372  37.359  20.228  26.091 0.0000000000
126721  42.748  33.395  35.769 0.0000000000
126690  43.596  33.221  38.234 0.0000000000
125961  42.350  32.909  37.408 0.0000000000
151978  41.294  32.991  31.718 0.0000000000
151986  41.542  33.512  30.970 0.0000000000
151979  41.994  33.566  33.456 0.0000000000
151998  43.505  34.669  35.421 0.0000000000
115292  48.857  19.045  31.607 0.0000000000
116276  48.835  19.950  30.829 0.0000000000
114274  49.430  18.914  30.584 0.0000000000
113244  49.512  17.740  26.217 0.0000000000
115353  49.794  19.006  27.005 0.0000000000
114352  49.526  18.374  25.221 0.0000000000
120748  47.894  25.937  32.021 0.0000000000
119974  47.758  25.190  32.289 0.0000000000
121503  47.807  25.969  33.357 0.0000000000
121474  47.925  26.154  37.303 0.0000000000
120728  49.046  25.493  35.873 0.0000000000
119933  48.729  24.280  37.041 0.0000000000
118205  47.289  22.351  37.175 0.0000000000
119042  48.192  23.390  37.556 0.0000000000
123056  44.571  28.275  38.747 0.0000000000
123054  45.663  28.243  38.734 0.0000000000
121437  45.417  26.344  38.990 0.0000000000
115237  46.717  20.098  38.663 0.0000000000
117219  46.885  21.724  39.337 0.0000000000
114205  48.186  19.631  38.675 0.0000000000
116201  48.592  20.247  38.191 0.0000000000
114232  49.147  18.547  37.473 0.0000000000
114261  48.996  19.016  34.618 0.0000000000
113144  47.957  18.816  35.952 0.0000000000
112213  46.813  16.544  32.654 0.0000000000
112212  47.420  17.055  32.472 0.0000000000
126892  44.319  33.761  22.319 0.0000000000
126111  44.860  32.707  22.080 0.0000000000
125322  43.629  31.710  23.424 0.0000000000
128491  40.994  34.576  27.107 0.0000000000
126822  41.089  32.864  26.315 0.0000000000
128490  41.908  34.346  27.586 0.0000000000
128445  45.327  34.423  29.699 0.0000000000
128487  44.265  34.074  28.172 0.0000000000
128485  45.368  33.608  28.141 0.0000000000
126817  45.383  32.402  26.755 0.0000000000
126797  46.359  32.530  28.325 0.0000000000
126057  46.431  31.864  27.988 0.0000000000
126034  46.269  31.734  29.909 0.0000000000
123855  46.724  28.994  32.531 0.0000000000
124567  46.567  30.072  31.391 0.0000000000
123146  47.561  28.061  31.821 0.0000000000
121516  47.521  26.889  30.950 0.0000000000
119970  44.826  24.797  33.957 0.0000000000
119979  43.165  24.720  33.331 0.0000000000
119075  43.773  23.660  35.248 0.0000000000
116280  44.137  20.707  31.598 0.0000000000
116281  43.175  20.627  32.071 0.0000000000
116294  43.479  20.198  31.008 0.0000000000
114287  42.370  18.359  29.537 0.0000000000
115317  43.508  18.740  29.216 0.0000000000
117355  48.402  20.278  29.327 0.0000000000
115314  47.425  19.763  29.361 0.0000000000
116338  47.288  19.909  27.661 0.0000000000
116323  40.090  21.682  28.342 0.0000000000
116308  39.042  21.570  29.265 0.0000000000
117346  40.423  21.844  29.651 0.0000000000
118245  40.014  22.238  31.249 0.0000000000
118238  40.225  22.411  31.927 0.0000000000
122368  45.710  27.521  30.920 0.0000000000
117382  40.742  22.306  27.291 0.0000000000
112234  49.769  16.496  31.013 0.0000000000
113198  50.353  17.507  29.513 0.0000000000
113197  50.368  16.708  29.299 0.0000000000
112263  49.858  16.644  27.993 0.0000000000
123139  46.529  28.251  33.624 0.0000000000
121499  46.682  26.820  34.491 0.0000000000
123126  45.476  27.993  35.527 0.0000000000
123113  46.330  27.271  36.669 0.0000000000
121475  46.984  26.552  37.463 0.0000000000
119899  44.267  24.592  38.588 0.0000000000
119898  45.121  24.600  38.765 0.0000000000
117236  44.971  21.657  38.721 0.0000000000
115238  45.899  19.991  38.625 0.0000000000
113117  46.639  18.413  37.665 0.0000000000
113145  47.397  18.386  36.092 0.0000000000
113164  46.221  18.140  35.368 0.0000000000
112200  46.101  17.485  33.739 0.0000000000
111279  46.293  15.531  32.860 0.0000000000
126876  42.887  33.616  23.163 0.0000000000
130076  43.535  36.260  30.850 0.0000000000
130129  43.321  36.766  28.374 0.0000000000
129247  44.383  35.367  31.212 0.0000000000
128406  44.707  34.572  31.114 0.0000000000
127571  45.559  33.436  31.085 0.0000000000
126027  46.317  31.906  30.938 0.0000000000
126021  45.868  32.032  31.801 0.0000000000
124550  45.709  30.609  33.249 0.0000000000
118221  45.618  22.752  36.221 0.0000000000
118227  44.613  22.596  35.418 0.0000000000
117298  44.903  21.959  34.346 0.0000000000
117307  45.421  21.419  32.968 0.0000000000
116292  45.526  20.872  30.550 0.0000000000
117412  47.555  21.130  24.392 0.0000000000
117396  46.960  20.494  25.561 0.0000000000
113201  37.251  17.556  29.966 0.0000000000
116310  37.160  20.753  29.816 0.0000000000
114292  37.575  18.518  30.370 0.0000000000
113222  38.056  16.837  29.656 0.0000000000
113221  38.698  16.848  29.304 0.0000000000
112257  39.682  16.497  28.427 0.0000000000
112264  40.569  16.372  27.503 0.0000000000
123194  45.164  29.078  27.153 0.0000000000
123195  44.176  28.622  27.755 0.0000000000
126718  45.373  33.327  36.278 0.0000000000
125193  45.629  31.569  37.034 0.0000000000
125944  44.810  32.824  38.296 0.0000000000
124475  44.867  30.678  39.440 0.0000000000
123765  43.995  28.980  38.818 0.0000000000
121440  43.410  26.398  38.594 0.0000000000
119914  43.495  24.505  38.272 0.0000000000
126841  38.309  32.477  25.138 0.0000000000
127643  39.413  33.883  26.526 0.0000000000
129318  40.261  34.770  28.089 0.0000000000
129265  42.306  36.137  30.488 0.0000000000
129239  43.478  35.798  32.441 0.0000000000
152003  44.458  35.168  34.527 0.0000000000
116258  49.171  20.545  33.699 0.0000000000
117304  47.991  20.420  32.552 0.0000000000
117316  48.304  20.163  31.202 0.0000000000
117340  49.095  20.611  29.639 0.0000000000
116336  48.558  19.931  27.573 0.0000000000
114301  50.006  18.435  28.802 0.0000000000
116334  49.523  19.510  27.288 0.0000000000
117378  48.444  20.485  26.003 0.0000000000
119996  46.191  24.801  30.596 0.0000000000
119088  44.913  24.282  31.461 0.0000000000
119983  46.158  25.118  32.024 0.0000000000
119968  46.863  24.717  33.574 0.0000000000
119958  46.432  24.524  34.607 0.0000000000
120734  47.405  25.683  34.739 0.0000000000
119951  48.186  24.693  35.653 0.0000000000
119063  47.198  23.522  35.988 0.0000000000
118206  46.638  22.426  36.963 0.0000000000
117267  46.607  21.358  36.895 0.0000000000
116237  47.600  20.492  36.503 0.0000000000
123788  46.199  29.668  37.784 0.0000000000
122286  45.966  27.470  38.502 0.0000000000
120686  47.179  25.296  38.865 0.0000000000
119002  46.167  23.608  39.576 0.0000000000
119001  46.824  23.558  39.764 0.0000000000
119021  47.545  23.485  39.058 0.0000000000
117244  48.128  21.641  38.428 0.0000000000
116225  48.591  20.165  36.637 0.0000000000
116252  48.582  20.358  34.678 0.0000000000
116251  49.176  20.033  34.191 0.0000000000
114264  48.842  18.843  33.674 0.0000000000
114267  48.402  18.580  32.577 0.0000000000
113167  47.715  18.402  34.036 0.0000000000
113170  47.865  18.321  32.895 0.0000000000
113179  48.923  17.300  31.583 0.0000000000
111295  49.766  15.627  31.337 0.0000000000
127710  46.204  33.802  20.925 0.0000000000
126102  45.081  31.736  22.198 0.0000000000
124610  44.356  30.361  23.914 0.0000000000
128488  43.637  34.219  28.106 0.0000000000
126085  43.587  31.856  25.346 0.0000000000
126084  44.251  31.622  25.560 0.0000000000
125310  45.209  31.306  25.703 0.0000000000
125308  46.390  30.966  25.990 0.0000000000
125297  46.363  30.916  27.101 0.0000000000
124596  45.684  30.942  28.694 0.0000000000
124585  45.887  30.600  30.082 0.0000000000
125262  46.435  31.008  30.783 0.0000000000
124574  46.413  30.216  30.714 0.0000000000
123175  46.598  28.736  30.813 0.0000000000
122366  46.810  27.213  30.543 0.0000000000
120762  46.236  25.961  30.046 0.0000000000
119090  43.162  24.107  31.684 0.0000000000
119084  41.943  23.447  32.846 0.0000000000
117311  40.976  21.822  32.846 0.0000000000
117299  43.655  22.177  33.899 0.0000000000
116269  42.426  20.989  32.781 0.0000000000
116283  41.199  20.201  32.375 0.0000000000
114288  41.261  18.090  29.634 0.0000000000
114304  41.558  17.634  28.711 0.0000000000
117330  47.063  20.645  30.975 0.0000000000
116291  46.510  20.541  30.337 0.0000000000
115315  45.610  19.766  29.128 0.0000000000
116353  46.000  19.700  26.624 0.0000000000
115331  44.684  18.935  28.280 0.0000000000
109363  48.516  14.428  29.619 0.0000000000
110357  48.285  16.050  28.481 0.0000000000
118263  44.155  22.789  29.244 0.0000000000
118252  43.143  22.405  29.639 0.0000000000
118251  44.299  23.008  30.161 0.0000000000
119116  45.471  23.866  29.252 0.0000000000
119124  44.737  23.801  28.512 0.0000000000
118273  44.836  23.130  28.915 0.0000000000
118274  43.976  23.060  28.496 0.0000000000
110330  50.550  14.033  30.812 0.0000000000
125209  45.489  31.167  35.978 0.0000000000
124516  45.370  29.816  36.009 0.0000000000
126732  45.523  33.156  35.322 0.0000000000
125989  45.614  32.108  35.019 0.0000000000
117289  47.921  21.134  34.130 0.0000000000
115346  37.402  20.775  27.797 0.0000000000
115333  37.077  20.767  28.518 0.0000000000
116344  38.020  21.202  27.995 0.0000000000
116285  39.222  20.588  32.071 0.0000000000
115297  39.778  19.630  31.751 0.0000000000
123890  45.108  30.499  30.274 0.0000000000
124575  44.824  30.236  30.810 0.0000000000
115356  38.857  21.166  26.858 0.0000000000
115371  38.012  20.844  26.525 0.0000000000
115357  38.193  21.010  27.041 0.0000000000
115358  37.459  20.348  26.876 0.0000000000
151995  42.835  33.287  36.907 0.0000000000
125977  42.431  33.000  36.466 0.0000000000
114270  48.915  18.451  31.627 0.0000000000
114271  49.145  18.804  31.166 0.0000000000
113257  49.616  18.137  25.485 0.0000000000
121511  47.868  26.603  32.587 0.0000000000
121512  47.638  27.124  32.987 0.0000000000
121473  48.684  25.639  37.059 0.0000000000
120712  48.421  25.155  37.306 0.0000000000
119925  48.162  24.341  37.790 0.0000000000
122275  44.336  27.304  38.693 0.0000000000
122274  45.014  27.359  39.010 0.0000000000
121438  44.788  26.426  38.929 0.0000000000
114207  47.258  19.175  38.644 0.0000000000
115236  47.248  20.041  38.684 0.0000000000
114219  48.180  18.330  38.243 0.0000000000
114218  48.674  19.149  38.475 0.0000000000
114233  48.660  18.125  37.725 0.0000000000
113125  48.637  18.444  36.690 0.0000000000
113126  48.212  18.118  37.232 0.0000000000
111287  47.306  15.865  32.405 0.0000000000
126875  43.615  33.455  22.918 0.0000000000
126893  43.948  34.247  22.511 0.0000000000
126874  44.132  33.002  22.808 0.0000000000
129333  41.370  34.673  28.286 0.0000000000
129332  42.437  34.839  28.609 0.0000000000
128444  45.668  33.834  29.654 0.0000000000
128472  45.398  33.939  28.542 0.0000000000
128471  45.842  33.543  28.617 0.0000000000
127622  46.006  33.240  28.115 0.0000000000
127612  46.104  33.199  28.823 0.0000000000
126783  46.209  32.614  29.391 0.0000000000
123148  46.794  28.594  32.951 0.0000000000
123159  47.444  28.386  31.751 0.0000000000
123147  47.266  28.197  32.362 0.0000000000
122347  47.725  27.540  31.904 0.0000000000
119959  45.397  24.498  34.773 0.0000000000
119960  44.349  24.585  34.932 0.0000000000
119074  44.858  23.604  35.430 0.0000000000
116293  44.480  20.476  30.610 0.0000000000
115303  43.929  19.679  30.140 0.0000000000
116337  48.097  19.823  27.485 0.0000000000
116351  47.537  20.226  26.698 0.0000000000
116322  40.637  21.915  28.340 0.0000000000
117359  40.620  21.826  28.888 0.0000000000
118243  42.385  22.874  30.515 0.0000000000
118254  41.326  22.209  30.138 0.0000000000
118244  41.084  22.642  30.935 0.0000000000
118237  40.871  22.943  32.185 0.0000000000
121524  45.147  26.987  30.328 0.0000000000
121536  44.711  26.452  29.681 0.0000000000
120022  43.536  24.822  27.695 0.0000000000
120784  44.041  25.458  28.174 0.0000000000
117356  42.742  22.201  28.204 0.0000000000
117381  41.858  22.718  27.698 0.0000000000
117370  41.316  22.203  28.008 0.0000000000
116354  40.564  22.070  27.673 0.0000000000
112233  50.225  15.994  30.697 0.0000000000
113184  50.443  16.711  29.993 0.0000000000
111318  49.798  15.307  29.392 0.0000000000
111329  50.076  15.968  29.021 0.0000000000
111330  49.757  15.866  28.826 0.0000000000
112270  49.485  16.966  27.203 0.0000000000
111345  49.288  16.271  27.892 0.0000000000
126916  45.597  33.267  20.873 0.0000000000
126917  45.385  33.077  20.437 0.0000000000
123848  45.835  29.136  33.952 0.0000000000
123134  45.770  28.156  34.659 0.0000000000
123842  45.264  28.587  35.271 0.0000000000
123114  45.689  27.736  36.388 0.0000000000
123095  46.014  27.382  36.979 0.0000000000
122311  46.846  27.057  37.075 0.0000000000
123081  46.126  27.560  37.428 0.0000000000
119023  44.084  23.577  38.330 0.0000000000
118152  44.754  22.964  38.853 0.0000000000
117237  44.437  21.635  38.134 0.0000000000
114210  45.027  19.411  37.944 0.0000000000
115239  45.040  19.979  38.410 0.0000000000
114209  45.622  19.276  38.320 0.0000000000
114221  46.098  18.644  38.134 0.0000000000
113128  46.153  18.354  36.829 0.0000000000
112179  45.726  18.143  35.023 0.0000000000
112193  45.490  17.716  34.225 0.0000000000
112208  46.175  16.611  32.975 0.0000000000
112201  45.331  16.712  33.366 0.0000000000
129238  44.040  36.374  32.227 0.0000000000
130089  43.739  36.438  30.280 0.0000000000
129237  44.689  36.012  32.099 0.0000000000
127557  45.682  33.862  32.428 0.0000000000
128397  45.352  34.497  31.999 0.0000000000
127561  45.571  33.832  31.853 0.0000000000
128405  45.111  34.001  31.070 0.0000000000
126757  45.668  32.945  31.845 0.0000000000
126012  45.406  32.256  32.684 0.0000000000
124541  45.191  30.209  33.931 0.0000000000
124540  45.403  30.730  33.533 0.0000000000
124551  45.984  29.884  33.356 0.0000000000
117292  45.259  22.179  35.505 0.0000000000
117291  45.981  21.694  35.023 0.0000000000
117306  46.518  21.175  32.690 0.0000000000
117320  45.762  21.250  31.713 0.0000000000
116279  44.888  21.071  31.245 0.0000000000
114293  36.325  19.383  30.111 0.0000000000
116309  38.065  21.414  29.506 0.0000000000
116296  37.878  21.153  30.572 0.0000000000
114280  38.261  18.608  30.664 0.0000000000
115309  37.808  19.348  30.857 0.0000000000
113200  38.174  17.478  29.939 0.0000000000
113199  38.893  17.350  29.737 0.0000000000
114306  40.056  17.542  29.292 0.0000000000
113220  39.512  17.056  29.000 0.0000000000
113219  40.280  17.160  28.749 0.0000000000
112265  39.926  16.085  27.707 0.0000000000
113235  40.517  16.817  28.000 0.0000000000
123909  46.541  29.943  26.467 0.0000000000
123193  45.884  29.496  26.674 0.0000000000
123897  44.035  29.398  28.759 0.0000000000
123906  44.322  29.114  28.184 0.0000000000
123184  43.522  29.016  28.506 0.0000000000
123185  42.653  29.178  28.996 0.0000000000
126719  44.945  34.158  36.523 0.0000000000
125959  45.195  32.989  37.756 0.0000000000
126688  44.461  33.449  37.873 0.0000000000
125930  43.937  32.433  39.088 0.0000000000
124462  43.985  29.713  39.093 0.0000000000
122287  43.032  27.503  38.665 0.0000000000
120688  43.245  25.575  38.470 0.0000000000
126881  38.296  33.539  23.411 0.0000000000
126861  37.748  32.975  24.230 0.0000000000
127644  38.451  33.893  26.583 0.0000000000
128493  39.081  34.618  27.010 0.0000000000
128474  39.617  34.951  27.551 0.0000000000
151992  41.668  34.297  31.248 0.0000000000
128426  41.488  35.143  30.334 0.0000000000
129266  41.724  35.836  30.306 0.0000000000
128409  42.311  35.399  31.324 0.0000000000
128408  42.756  35.753  31.388 0.0000000000
128400  42.635  35.347  31.830 0.0000000000
129226  43.607  35.108  33.593 0.0000000000
127537  44.319  34.503  36.062 0.0000000000
127550  44.706  34.617  35.447 0.0000000000
116262  48.674  20.161  33.023 0.0000000000
117303  48.113  20.209  32.307 0.0000000000
116266  48.454  19.825  31.875 0.0000000000
116289  49.242  20.155  30.039 0.0000000000
116302  49.269  20.217  29.309 0.0000000000
117354  48.839  20.590  29.122 0.0000000000
116317  49.095  20.159  28.467 0.0000000000
115366  49.764  19.158  26.085 0.0000000000
116349  49.454  19.581  26.594 0.0000000000
116350  49.063  19.944  26.117 0.0000000000
117365  48.781  20.231  26.313 0.0000000000
117377  48.892  20.483  25.634 0.0000000000
117394  48.413  20.920  25.113 0.0000000000
117393  49.018  20.722  24.846 0.0000000000
119991  46.197  24.865  31.276 0.0000000000
119982  46.790  25.372  31.944 0.0000000000
119967  47.827  24.810  33.257 0.0000000000
119975  47.068  24.981  32.638 0.0000000000
119957  47.362  24.768  34.650 0.0000000000
121494  46.665  26.449  35.125 0.0000000000
121498  47.127  26.266  34.570 0.0000000000
121493  47.243  26.100  35.385 0.0000000000
119943  49.075  24.822  35.903 0.0000000000
119071  47.583  24.143  35.547 0.0000000000
119053  46.716  23.018  36.509 0.0000000000
119052  47.368  23.048  36.575 0.0000000000
118204  47.939  22.419  37.510 0.0000000000
116238  46.948  20.711  36.270 0.0000000000
124474  45.512  31.060  38.775 0.0000000000
124489  46.079  30.882  37.891 0.0000000000
123775  46.022  30.072  38.504 0.0000000000
122273  45.608  27.206  38.899 0.0000000000
121448  46.185  26.308  38.860 0.0000000000
121447  46.642  25.949  38.661 0.0000000000
120675  46.804  25.287  39.288 0.0000000000
118151  45.279  22.699  39.068 0.0000000000
119003  45.529  23.635  39.177 0.0000000000
118150  45.994  22.686  39.318 0.0000000000
117218  47.126  21.596  39.176 0.0000000000
118148  47.080  22.417  39.556 0.0000000000
118147  47.257  22.010  39.290 0.0000000000
119022  47.238  23.859  39.526 0.0000000000
118166  47.412  22.517  39.244 0.0000000000
118179  47.836  22.533  38.732 0.0000000000
115259  49.208  19.560  36.875 0.0000000000
116213  48.794  20.199  37.550 0.0000000000
116236  48.247  20.117  35.678 0.0000000000
115283  48.437  19.929  35.216 0.0000000000
115282  48.639  19.623  34.855 0.0000000000
114262  48.681  18.559  34.264 0.0000000000
113163  46.806  18.246  35.036 0.0000000000
113162  47.557  18.474  34.999 0.0000000000
113168  47.136  18.220  34.157 0.0000000000
113176  47.849  17.639  32.419 0.0000000000
113175  48.349  17.719  32.144 0.0000000000
112222  48.776  16.640  31.614 0.0000000000
112221  49.316  16.596  31.347 0.0000000000
129386  44.394  35.734  21.726 0.0000000000
130175  43.931  36.390  21.348 0.0000000000
129394  44.068  36.000  20.881 0.0000000000
127711  45.918  34.140  21.151 0.0000000000
125321  44.054  31.385  23.107 0.0000000000
126110  45.238  32.327  21.836 0.0000000000
124615  44.458  31.139  22.746 0.0000000000
151884  44.495  30.699  22.937 0.0000000000
125314  44.672  30.775  25.256 0.0000000000
130128  44.115  36.675  28.246 0.0000000000
129331  43.364  35.127  28.370 0.0000000000
129330  44.014  35.123  28.203 0.0000000000
127637  44.788  33.182  27.613 0.0000000000
127638  43.980  33.317  27.574 0.0000000000
126819  43.660  32.876  26.701 0.0000000000
126835  44.047  32.278  26.090 0.0000000000
126834  44.786  32.112  26.236 0.0000000000
126816  46.242  32.409  27.005 0.0000000000
126082  45.467  31.753  26.165 0.0000000000
126075  45.968  31.800  26.452 0.0000000000
125309  45.819  31.174  25.826 0.0000000000
125305  46.228  31.334  26.175 0.0000000000
125307  46.637  30.926  26.052 0.0000000000
126066  46.435  31.380  27.036 0.0000000000
125289  46.119  31.267  27.871 0.0000000000
124586  45.531  30.684  29.455 0.0000000000
123878  47.177  29.322  30.977 0.0000000000
123888  46.499  29.561  30.872 0.0000000000
122367  46.504  27.648  30.720 0.0000000000
122358  46.914  28.172  30.552 0.0000000000
119989  46.912  25.866  31.073 0.0000000000
120755  46.650  26.217  30.515 0.0000000000
119995  46.444  25.521  30.474 0.0000000000
119102  46.082  24.859  29.979 0.0000000000
119089  44.059  24.315  31.483 0.0000000000
119985  44.564  24.722  32.211 0.0000000000
119080  42.516  23.861  33.820 0.0000000000
119083  42.766  24.113  32.647 0.0000000000
119081  42.112  23.332  33.538 0.0000000000
118233  41.236  22.729  32.957 0.0000000000
118232  41.806  22.866  33.476 0.0000000000
118228  43.800  22.567  35.002 0.0000000000
116295  42.780  20.005  31.437 0.0000000000
116282  42.215  20.237  32.156 0.0000000000
115295  41.794  19.552  31.650 0.0000000000
115305  41.384  18.961  31.037 0.0000000000
114276  41.809  18.563  30.258 0.0000000000
114303  42.410  17.984  28.401 0.0000000000
113234  41.222  17.130  27.863 0.0000000000
113248  41.559  16.851  26.854 0.0000000000
117317  47.924  20.219  31.643 0.0000000000
116278  48.028  20.404  31.970 0.0000000000
117329  47.754  20.384  30.841 0.0000000000
116320  47.047  19.676  28.676 0.0000000000
116304  46.918  19.848  29.602 0.0000000000
116321  46.228  19.761  28.930 0.0000000000
116305  45.808  20.180  29.657 0.0000000000
115330  45.564  19.438  28.546 0.0000000000
116384  45.955  20.076  25.007 0.0000000000
116367  46.482  20.110  25.748 0.0000000000
116368  45.659  19.613  25.562 0.0000000000
117343  42.818  21.999  28.764 0.0000000000
117344  42.179  21.968  29.116 0.0000000000
120763  45.756  25.700  29.406 0.0000000000
120764  45.191  25.982  29.047 0.0000000000
120782  45.466  25.434  28.811 0.0000000000
120021  44.404  24.587  28.039 0.0000000000
120037  43.586  24.196  27.845 0.0000000000
119133  43.099  23.648  27.860 0.0000000000
118284  43.319  23.229  28.123 0.0000000000
118275  43.082  22.721  28.192 0.0000000000
111306  50.503  14.801  30.864 0.0000000000
112245  50.338  15.380  30.522 0.0000000000
111316  50.300  15.011  30.228 0.0000000000
110339  49.904  14.737  29.760 0.0000000000
110345  49.501  15.095  29.396 0.0000000000
124528  45.143  29.711  35.085 0.0000000000
123801  46.010  29.200  36.927 0.0000000000
116215  44.159  20.832  37.761 0.0000000000
113119  45.015  18.578  37.097 0.0000000000
152005  44.817  35.126  33.952 0.0000000000
128393  45.026  35.282  33.168 0.0000000000
127555  45.583  34.155  33.760 0.0000000000
126750  45.508  32.893  33.219 0.0000000000
126013  45.332  32.280  33.223 0.0000000000
125999  45.400  31.965  33.836 0.0000000000
125234  44.981  31.092  33.913 0.0000000000
117284  46.628  21.050  35.679 0.0000000000
117290  46.954  21.234  34.495 0.0000000000
117319  46.788  20.886  31.739 0.0000000000
117335  38.580  21.443  31.166 0.0000000000
116286  38.246  20.479  31.425 0.0000000000
115298  38.850  19.671  31.585 0.0000000000
114279  38.994  18.326  30.719 0.0000000000
114278  39.904  18.316  30.589 0.0000000000
114289  40.362  17.942  29.811 0.0000000000
124601  45.641  30.501  27.778 0.0000000000
123904  45.482  30.090  27.727 0.0000000000
123896  44.805  30.189  28.952 0.0000000000
123892  43.380  29.549  29.912 0.0000000000
116388  38.329  21.304  26.120 0.0000000000
116372  37.820  20.870  26.195 0.0000000000
115359  36.693  19.907  26.506 0.0000000000
114322  35.930  19.734  27.018 0.0000000000
151997  43.363  33.944  36.724 0.0000000000
127522  43.591  33.898  37.271 0.0000000000
126704  43.321  33.465  37.624 0.0000000000
125946  43.129  32.860  38.385 0.0000000000
126774  41.231  33.367  30.152 0.0000000000
151985  41.615  33.777  31.952 0.0000000000
151990  41.849  33.993  32.329 0.0000000000
127572  41.938  34.523  32.025 0.0000000000
115289  48.654  19.155  32.232 0.0000000000
115293  48.967  19.376  31.179 0.0000000000
115301  49.330  19.558  30.385 0.0000000000
115312  49.484  19.640  29.558 0.0000000000
113233  49.834  17.496  27.315 0.0000000000
114317  49.904  18.249  27.660 0.0000000000
114334  49.807  18.343  26.597 0.0000000000
114351  49.683  18.550  25.547 0.0000000000
115383  49.629  19.122  25.445 0.0000000000
119981  47.242  25.709  31.712 0.0000000000
120746  48.135  25.542  32.859 0.0000000000
121483  48.112  26.244  36.406 0.0000000000
121492  47.889  26.089  35.839 0.0000000000
121482  48.849  25.840  36.569 0.0000000000
120721  49.110  25.230  36.327 0.0000000000
119944  48.621  24.226  36.256 0.0000000000
119051  48.135  23.292  36.816 0.0000000000
123763  45.040  29.651  39.448 0.0000000000
123067  45.719  28.877  38.948 0.0000000000
123055  45.266  28.608  38.951 0.0000000000
120677  45.862  25.411  39.204 0.0000000000
116204  46.222  20.886  38.794 0.0000000000
117220  46.451  21.840  39.237 0.0000000000
115221  46.960  20.443  39.007 0.0000000000
115220  47.186  20.530  39.018 0.0000000000
116185  47.318  20.927  38.863 0.0000000000
116202  48.058  20.759  38.659 0.0000000000
115234  48.440  19.926  38.554 0.0000000000
115248  49.106  19.617  37.968 0.0000000000
114248  48.452  19.314  35.660 0.0000000000
114249  48.502  19.053  36.160 0.0000000000
114259  48.431  18.871  35.134 0.0000000000
113161  48.135  18.648  34.663 0.0000000000
112207  46.749  17.625  33.205 0.0000000000
112206  47.187  17.882  32.939 0.0000000000
128515  44.332  35.678  22.189 0.0000000000
128532  44.567  35.243  21.911 0.0000000000
128531  44.821  34.783  21.545 0.0000000000
127697  45.235  33.999  21.265 0.0000000000
126112  44.526  33.058  22.350 0.0000000000
126104  44.243  32.317  22.777 0.0000000000
125316  43.543  31.172  23.999 0.0000000000
127642  40.434  33.646  26.459 0.0000000000
127656  40.268  32.922  26.051 0.0000000000
127641  41.487  33.811  26.727 0.0000000000
129298  44.701  35.322  29.021 0.0000000000
129329  44.451  34.739  28.418 0.0000000000
129312  44.814  34.741  28.690 0.0000000000
128486  44.931  33.942  28.211 0.0000000000
127636  45.597  33.155  27.670 0.0000000000
127635  46.161  32.938  27.535 0.0000000000
126807  46.340  32.563  27.599 0.0000000000
126806  46.411  31.926  27.160 0.0000000000
126796  46.457  32.108  27.658 0.0000000000
126044  46.222  31.879  28.765 0.0000000000
124560  46.288  29.995  32.518 0.0000000000
123865  47.058  29.001  31.768 0.0000000000
123864  47.483  28.558  31.535 0.0000000000
123166  47.604  28.373  30.899 0.0000000000
122357  47.248  27.669  30.628 0.0000000000
122353  47.713  27.576  31.191 0.0000000000
121514  47.817  26.786  31.629 0.0000000000
119978  44.202  24.944  33.139 0.0000000000
119961  43.344  24.469  34.776 0.0000000000
119076  42.968  23.744  34.735 0.0000000000
117321  44.767  21.110  32.191 0.0000000000
117322  43.923  21.034  32.440 0.0000000000
115304  42.626  19.141  30.573 0.0000000000
115318  42.833  18.741  29.771 0.0000000000
114286  42.876  18.276  28.850 0.0000000000
114302  43.112  18.269  28.155 0.0000000000
116303  47.762  19.994  29.558 0.0000000000
116319  47.889  19.738  28.674 0.0000000000
116343  38.726  21.350  27.600 0.0000000000
116325  38.465  21.406  28.551 0.0000000000
116324  39.339  21.563  28.391 0.0000000000
117347  39.620  21.729  29.918 0.0000000000
117345  41.278  21.997  29.484 0.0000000000
117333  40.225  22.053  30.477 0.0000000000
117334  39.376  21.921  30.905 0.0000000000
118246  39.553  22.033  31.471 0.0000000000
117323  39.803  22.010  32.057 0.0000000000
116272  39.814  21.036  32.516 0.0000000000
123168  45.621  28.871  31.466 0.0000000000
123169  45.103  28.804  31.819 0.0000000000
121525  44.189  27.117  30.511 0.0000000000
120765  44.412  26.036  28.854 0.0000000000
118286  41.975  23.088  27.432 0.0000000000
118287  41.332  22.885  27.348 0.0000000000
117383  40.136  21.686  26.762 0.0000000000
116355  40.089  21.645  27.124 0.0000000000
151971  40.614  32.304  31.043 0.0000000000
151970  40.635  32.046  32.285 0.0000000000
151984  41.295  32.519  34.527 0.0000000000
113178  49.342  17.483  31.243 0.0000000000
113185  50.049  17.294  30.510 0.0000000000
112246  50.398  15.920  29.892 0.0000000000
113216  50.283  16.629  28.874 0.0000000000
122340  46.842  27.440  33.729 0.0000000000
122335  46.403  27.471  34.295 0.0000000000
122330  46.188  27.157  35.282 0.0000000000
122321  46.005  27.465  35.907 0.0000000000
123830  45.099  28.727  35.751 0.0000000000
122320  46.686  27.105  36.256 0.0000000000
122310  47.474  26.645  36.631 0.0000000000
121460  47.470  25.718  37.804 0.0000000000
120679  44.578  25.555  38.734 0.0000000000
119004  44.893  23.654  38.773 0.0000000000
117222  45.275  21.963  39.010 0.0000000000
116206  44.747  20.837  38.335 0.0000000000
116205  45.405  20.784  38.680 0.0000000000
117235  45.552  21.424  38.859 0.0000000000
114208  46.422  19.199  38.532 0.0000000000
114220  47.032  18.524  38.272 0.0000000000
113116  47.577  18.080  37.806 0.0000000000
113127  47.126  18.488  37.030 0.0000000000
113146  46.584  18.172  36.077 0.0000000000
112191  46.581  18.181  34.607 0.0000000000
112192  46.230  18.089  34.580 0.0000000000
112214  46.482  16.140  32.715 0.0000000000
111278  47.077  15.117  32.778 0.0000000000
126106  42.873  32.692  23.458 0.0000000000
130107  42.487  36.726  29.781 0.0000000000
130130  42.614  36.575  28.748 0.0000000000
130106  43.329  36.831  29.643 0.0000000000
130105  43.968  36.591  29.595 0.0000000000
129278  44.377  36.105  29.583 0.0000000000
128398  44.968  35.162  32.129 0.0000000000
129246  44.493  35.094  30.698 0.0000000000
129261  44.738  35.055  30.261 0.0000000000
128424  45.044  34.506  30.348 0.0000000000
128423  45.427  33.921  30.360 0.0000000000
127586  45.867  33.212  30.239 0.0000000000
126772  46.164  32.574  30.187 0.0000000000
126766  45.929  32.708  31.041 0.0000000000
125249  45.777  31.221  32.543 0.0000000000
124561  46.258  29.762  33.044 0.0000000000
123856  46.401  29.279  33.180 0.0000000000
119065  45.547  23.334  35.837 0.0000000000
118223  45.191  22.806  35.765 0.0000000000
116306  45.027  20.280  29.992 0.0000000000
117395  47.636  20.605  25.644 0.0000000000
116366  47.104  20.350  26.086 0.0000000000
112248  36.821  16.577  29.955 0.0000000000
116326  37.545  21.095  28.704 0.0000000000
115319  37.036  19.734  30.384 0.0000000000
116297  37.467  20.274  30.854 0.0000000000
112247  37.615  16.303  29.568 0.0000000000
112259  38.350  16.124  29.095 0.0000000000
112258  39.176  16.130  28.494 0.0000000000
111350  39.501  15.545  27.583 0.0000000000
123170  43.827  29.195  31.403 0.0000000000
123882  43.749  29.636  30.732 0.0000000000
125958  45.359  32.741  37.203 0.0000000000
125175  45.451  31.994  38.089 0.0000000000
125156  45.283  31.840  38.719 0.0000000000
125945  43.984  33.023  38.646 0.0000000000
125157  44.880  32.028  39.189 0.0000000000
124461  44.529  29.964  39.469 0.0000000000
121439  44.080  26.438  38.675 0.0000000000
120680  43.854  25.622  38.652 0.0000000000
119913  44.078  24.062  38.479 0.0000000000
118170  44.165  22.993  37.923 0.0000000000
126090  38.861  32.220  25.046 0.0000000000
127659  37.787  33.061  26.041 0.0000000000
127658  38.787  32.953  26.170 0.0000000000
128492  40.001  34.626  26.944 0.0000000000
129334  40.482  34.783  27.741 0.0000000000
129317  41.067  35.133  28.588 0.0000000000
127589  40.817  33.812  29.613 0.0000000000
129281  41.010  34.993  28.998 0.0000000000
129280  41.495  36.010  29.593 0.0000000000
130108  41.954  36.569  29.562 0.0000000000
130091  42.713  36.428  30.309 0.0000000000
129249  43.187  36.091  31.258 0.0000000000
129225  44.187  36.108  33.213 0.0000000000
152001  44.458  35.456  33.738 0.0000000000
152006  45.272  34.511  34.347 0.0000000000
126733  45.334  33.993  35.493 0.0000000000
117288  48.786  21.147  33.976 0.0000000000
117295  48.122  20.947  33.307 0.0000000000
117294  48.555  20.678  33.153 0.0000000000
117328  48.270  20.362  30.578 0.0000000000
117327  48.753  20.410  30.329 0.0000000000
117341  48.631  20.621  29.824 0.0000000000
116318  48.530  20.077  28.487 0.0000000000
117367  48.355  19.936  27.055 0.0000000000
114284  50.022  18.427  30.006 0.0000000000
115311  49.712  18.989  29.415 0.0000000000
115326  49.558  19.422  28.723 0.0000000000
115341  49.727  19.058  27.889 0.0000000000
116316  49.390  19.658  27.890 0.0000000000
116335  48.934  19.837  27.110 0.0000000000
117366  48.470  20.026  26.727 0.0000000000
119104  45.372  23.608  30.162 0.0000000000
119105  44.901  23.385  30.452 0.0000000000
119095  45.801  24.231  30.722 0.0000000000
119992  45.603  24.520  31.370 0.0000000000
119984  45.390  24.820  32.119 0.0000000000
119976  46.120  25.002  32.878 0.0000000000
119969  45.849  24.709  33.782 0.0000000000
121504  47.316  26.747  33.636 0.0000000000
120741  47.524  25.949  34.010 0.0000000000
120730  47.642  25.660  35.423 0.0000000000
120733  47.597  25.217  35.109 0.0000000000
119072  46.852  24.084  35.419 0.0000000000
119064  46.260  23.386  36.096 0.0000000000
118220  46.065  22.621  36.658 0.0000000000
117268  46.153  22.036  36.853 0.0000000000
116254  47.313  20.599  35.757 0.0000000000
116253  47.916  20.446  35.321 0.0000000000
123066  46.103  28.840  38.568 0.0000000000
122298  46.044  27.990  38.167 0.0000000000
122297  46.373  27.177  37.836 0.0000000000
121461  46.971  26.066  38.013 0.0000000000
120685  47.478  25.140  38.390 0.0000000000
120678  45.307  25.507  38.931 0.0000000000
119897  45.740  24.568  39.277 0.0000000000
119896  46.327  24.558  39.574 0.0000000000
118149  46.594  22.624  39.525 0.0000000000
119895  46.955  24.683  39.589 0.0000000000
119912  47.367  24.383  39.188 0.0000000000
119911  47.667  24.491  38.539 0.0000000000
119036  48.000  23.465  38.324 0.0000000000
118190  48.218  22.495  38.070 0.0000000000
117256  48.152  21.569  37.819 0.0000000000
116214  48.378  20.838  38.038 0.0000000000
116226  48.122  20.664  37.414 0.0000000000
116257  49.081  19.875  33.322 0.0000000000
115285  49.319  19.432  33.957 0.0000000000
115287  48.697  19.274  33.102 0.0000000000
113174  48.771  17.914  31.805 0.0000000000
113166  48.149  18.451  33.797 0.0000000000
113171  47.568  18.169  33.089 0.0000000000
114268  48.107  18.391  32.723 0.0000000000
111308  49.937  15.808  31.076 0.0000000000
111294  50.261  15.114  31.483 0.0000000000
126898  45.736  32.904  20.979 0.0000000000
126890  45.217  33.000  21.537 0.0000000000
126889  45.536  32.593  21.288 0.0000000000
126109  45.475  31.867  21.676 0.0000000000
125318  44.866  30.803  22.577 0.0000000000
151879  44.992  30.104  25.146 0.0000000000
126096  42.078  32.028  23.925 0.0000000000
126095  42.798  31.941  24.098 0.0000000000
128489  42.829  34.233  27.953 0.0000000000
126086  43.009  32.048  25.054 0.0000000000
126094  43.187  31.562  24.293 0.0000000000
126093  43.671  31.354  24.836 0.0000000000
126833  45.198  32.012  26.271 0.0000000000
126083  44.981  31.710  25.918 0.0000000000
125311  44.611  31.255  25.491 0.0000000000
151881  45.084  30.452  25.316 0.0000000000
124608  46.017  30.496  25.572 0.0000000000
124607  46.525  30.421  25.880 0.0000000000
124599  46.289  30.117  26.849 0.0000000000
125288  46.322  31.241  27.383 0.0000000000
125298  46.190  30.929  27.430 0.0000000000
124600  45.970  30.594  27.522 0.0000000000
124597  45.492  30.666  28.319 0.0000000000
123889  45.979  29.983  30.711 0.0000000000
125268  46.332  30.915  30.093 0.0000000000
123176  46.131  28.556  31.220 0.0000000000
121523  45.865  26.912  30.319 0.0000000000
121521  46.982  26.834  30.615 0.0000000000
121522  46.413  26.709  30.409 0.0000000000
121534  45.957  26.337  29.940 0.0000000000
120005  46.026  25.309  29.789 0.0000000000
119115  45.833  24.541  29.514 0.0000000000
119097  44.467  23.666  30.848 0.0000000000
119098  43.627  23.782  30.925 0.0000000000
119099  42.746  23.634  30.995 0.0000000000
119986  43.600  24.632  32.352 0.0000000000
119091  42.317  23.738  31.878 0.0000000000
119092  41.524  23.344  31.922 0.0000000000
119085  41.355  23.196  32.524 0.0000000000
118234  40.668  22.341  32.496 0.0000000000
116271  40.606  21.013  32.672 0.0000000000
119078  44.179  23.088  35.392 0.0000000000
118225  43.374  23.186  34.981 0.0000000000
117300  42.708  22.323  33.712 0.0000000000
117309  43.170  21.469  33.100 0.0000000000
117310  41.941  21.914  33.332 0.0000000000
116270  41.544  21.011  32.779 0.0000000000
115296  40.779  19.546  31.780 0.0000000000
114277  40.847  18.410  30.448 0.0000000000
113218  40.862  17.251  28.511 0.0000000000
113249  40.945  16.641  27.415 0.0000000000
116267  47.991  20.418  32.284 0.0000000000
117305  47.510  20.647  32.530 0.0000000000
116290  47.378  20.269  30.277 0.0000000000
115316  44.885  19.534  29.434 0.0000000000
116352  46.757  20.163  26.793 0.0000000000
115368  45.121  19.202  25.552 0.0000000000
115354  45.264  19.188  26.344 0.0000000000
115342  45.453  19.209  27.448 0.0000000000
115332  43.908  18.430  27.857 0.0000000000
109362  49.214  14.404  29.740 0.0000000000
110346  48.910  15.162  29.221 0.0000000000
110347  47.924  15.406  29.034 0.0000000000
110356  48.775  15.822  28.546 0.0000000000
109361  49.626  14.379  29.906 0.0000000000
110337  50.470  14.478  30.699 0.0000000000
110338  50.234  14.463  30.286 0.0000000000
111288  46.779  15.825  32.608 0.0000000000
111307  50.151  15.573  31.095 0.0000000000
111367  39.731  15.464  27.292 0.0000000000
112209  45.711  15.917  32.956 0.0000000000
112219  50.385  15.049  31.279 0.0000000000
112232  50.386  15.189  30.988 0.0000000000
112255  50.248  16.180  29.183 0.0000000000
112256  50.143  16.388  28.666 0.0000000000
113172  47.277  18.122  33.510 0.0000000000
113236  39.990  16.734  28.389 0.0000000000
114206  47.914  19.363  38.724 0.0000000000
114222  45.345  18.895  37.734 0.0000000000
114258  48.491  19.198  35.273 0.0000000000
114275  42.281  18.677  30.134 0.0000000000
114285  49.635  19.116  29.995 0.0000000000
114368  49.555  18.954  25.132 0.0000000000
115219  47.254  20.643  38.944 0.0000000000
115235  47.674  20.217  38.767 0.0000000000
115240  44.475  20.270  38.017 0.0000000000
115271  48.496  19.418  35.387 0.0000000000
115290  48.699  19.419  31.828 0.0000000000
115308  38.558  19.059  31.087 0.0000000000
115313  47.693  19.753  29.180 0.0000000000
115328  47.475  19.658  29.009 0.0000000000
115329  47.205  19.671  29.188 0.0000000000
115367  49.527  19.517  25.577 0.0000000000
115370  38.602  21.103  26.733 0.0000000000
115384  49.415  19.461  24.992 0.0000000000
116186  47.081  21.024  38.969 0.0000000000
116187  46.796  20.995  38.961 0.0000000000
116188  46.367  21.362  39.014 0.0000000000
116203  46.753  20.577  38.956 0.0000000000
116265  48.584  19.549  32.144 0.0000000000
116268  47.794  20.350  32.199 0.0000000000
116273  39.438  21.183  32.270 0.0000000000
116277  48.161  20.345  32.153 0.0000000000
116287  37.887  19.913  31.152 0.0000000000
116307  39.889  21.609  29.076 0.0000000000
116340  40.830  22.040  28.099 0.0000000000
116341  40.280  21.819  27.825 0.0000000000
116342  39.664  21.548  27.644 0.0000000000
116356  39.214  21.376  26.927 0.0000000000
116357  38.706  21.285  27.022 0.0000000000
116364  49.479  19.734  25.975 0.0000000000
116370  39.755  21.453  26.622 0.0000000000
116373  37.433  20.482  25.753 0.0000000000
117286  45.394  22.385  35.995 0.0000000000
117301  42.184  22.520  33.651 0.0000000000
117312  40.109  21.727  32.397 0.0000000000
117313  39.653  21.407  32.305 0.0000000000
117318  47.525  20.416  31.691 0.0000000000
117324  39.281  21.654  31.918 0.0000000000
117332  40.883  22.104  30.140 0.0000000000
117353  49.117  20.505  29.129 0.0000000000
117358  41.353  21.957  28.588 0.0000000000
117369  41.969  22.320  27.915 0.0000000000
117380  42.314  22.845  27.751 0.0000000000
117410  49.005  20.683  24.340 0.0000000000
118167  47.248  23.157  39.509 0.0000000000
118168  44.937  22.370  38.884 0.0000000000
118169  44.511  22.637  38.493 0.0000000000
118224  43.669  23.110  35.207 0.0000000000
118229  42.957  22.917  34.359 0.0000000000
118239  39.760  22.087  31.736 0.0000000000
118241  43.962  23.395  30.572 0.0000000000
118250  44.921  23.212  30.115 0.0000000000
118285  42.649  23.047  27.823 0.0000000000
118298  41.362  23.098  27.144 0.0000000000
118299  40.817  22.741  26.925 0.0000000000
119005  44.421  23.569  38.621 0.0000000000
119024  43.646  23.574  37.852 0.0000000000
119079  43.889  23.083  35.317 0.0000000000
119096  45.260  23.789  30.902 0.0000000000
119103  45.897  24.235  30.015 0.0000000000
119114  45.939  24.910  29.615 0.0000000000
119900  43.705  25.098  38.519 0.0000000000
119932  49.033  24.738  36.453 0.0000000000
119950  48.820  25.093  35.612 0.0000000000
119962  42.802  24.246  34.444 0.0000000000
119971  43.793  24.974  34.114 0.0000000000
119972  42.946  24.657  34.134 0.0000000000
119994  46.771  25.977  30.723 0.0000000000
120007  45.697  24.501  29.119 0.0000000000
120019  45.672  25.212  28.966 0.0000000000
120020  45.431  24.708  28.636 0.0000000000
120687  46.609  25.622  39.025 0.0000000000
120701  47.341  25.484  38.188 0.0000000000
120711  49.058  25.175  36.877 0.0000000000
120729  48.348  25.497  35.547 0.0000000000
120751  47.440  26.258  31.393 0.0000000000
120754  47.055  26.341  30.880 0.0000000000
121436  45.861  26.102  39.000 0.0000000000
121491  48.640  26.022  35.954 0.0000000000
121505  46.797  27.112  34.040 0.0000000000
121517  43.924  27.678  30.977 0.0000000000
122285  46.398  26.571  38.393 0.0000000000
122319  47.486  26.549  36.142 0.0000000000
122328  47.425  26.358  35.822 0.0000000000
122348  47.613  27.412  32.567 0.0000000000
122354  44.415  28.707  31.913 0.0000000000
122355  43.975  28.874  31.859 0.0000000000
122359  45.455  28.094  31.543 0.0000000000
122370  44.303  27.716  31.132 0.0000000000
123057  43.798  28.140  38.731 0.0000000000
123068  43.173  28.114  38.823 0.0000000000
123096  45.675  28.131  37.149 0.0000000000
123127  45.307  28.311  35.384 0.0000000000
123135  45.393  28.393  35.176 0.0000000000
123138  46.998  28.191  33.034 0.0000000000
123158  47.667  28.171  31.444 0.0000000000
123160  44.735  29.106  31.888 0.0000000000
123161  44.317  29.252  31.804 0.0000000000
123171  43.102  28.943  30.721 0.0000000000
123183  43.939  28.966  28.358 0.0000000000
123192  46.190  29.628  26.482 0.0000000000
123764  44.639  29.262  39.043 0.0000000000
123831  45.242  28.517  35.492 0.0000000000
123866  45.000  29.271  31.734 0.0000000000
123867  44.760  29.464  31.658 0.0000000000
123877  47.526  28.714  31.292 0.0000000000
123880  45.293  29.715  31.368 0.0000000000
123881  44.386  29.921  31.201 0.0000000000
123893  42.893  29.242  29.619 0.0000000000
123899  42.924  29.219  29.291 0.0000000000
123902  46.461  30.071  26.675 0.0000000000
123910  46.468  29.778  26.223 0.0000000000
124576  44.535  30.274  30.614 0.0000000000
124587  44.679  30.389  30.451 0.0000000000
124588  44.475  30.345  30.382 0.0000000000
124612  44.214  30.873  23.175 0.0000000000
124616  44.260  31.138  22.936 0.0000000000
125158  44.024  31.485  39.288 0.0000000000
125176  45.117  32.173  38.598 0.0000000000
125303  46.466  31.000  26.503 0.0000000000
125304  46.422  31.176  26.378 0.0000000000
125313  45.269  30.974  25.530 0.0000000000
125319  44.811  31.138  22.465 0.0000000000
125320  44.587  31.477  22.594 0.0000000000
125325  44.326  31.327  22.813 0.0000000000
125326  44.173  31.301  22.934 0.0000000000
125929  44.390  32.568  38.805 0.0000000000
125943  45.239  32.640  37.853 0.0000000000
125960  42.797  33.226  37.796 0.0000000000
125998  45.285  31.960  33.248 0.0000000000
126035  40.946  32.981  30.172 0.0000000000
126056  46.384  31.545  27.388 0.0000000000
126073  46.395  31.483  26.776 0.0000000000
126074  46.333  31.685  26.643 0.0000000000
126089  39.087  32.169  25.129 0.0000000000
126098  39.126  32.170  24.901 0.0000000000
126099  38.863  32.295  24.694 0.0000000000
126101  45.162  31.407  22.136 0.0000000000
126103  44.756  32.005  22.438 0.0000000000
126116  45.792  32.202  20.936 0.0000000000
126125  45.533  32.076  20.341 0.0000000000
126689  44.030  33.414  38.117 0.0000000000
126701  45.191  33.459  36.887 0.0000000000
126702  44.880  33.509  37.441 0.0000000000
126703  44.061  33.906  37.500 0.0000000000
126705  42.776  33.236  37.447 0.0000000000
126720  44.520  34.088  37.112 0.0000000000
126773  46.183  32.766  30.020 0.0000000000
126775  40.549  33.277  29.854 0.0000000000
126784  46.232  32.723  29.779 0.0000000000
126823  40.531  32.869  26.129 0.0000000000
126891  44.836  33.496  21.827 0.0000000000
126904  45.815  33.086  20.902 0.0000000000
126905  45.622  32.730  20.755 0.0000000000
127521  43.713  34.137  37.118 0.0000000000
127559  45.432  34.523  33.573 0.0000000000
127562  45.659  34.093  32.325 0.0000000000
127587  46.089  32.905  30.113 0.0000000000
127588  41.439  34.096  30.238 0.0000000000
127600  46.137  32.947  29.848 0.0000000000
127623  45.592  33.470  28.120 0.0000000000
127657  39.768  33.006  25.996 0.0000000000
127696  45.754  33.436  21.056 0.0000000000
127698  44.715  34.287  21.896 0.0000000000
127699  44.310  34.648  22.205 0.0000000000
127700  43.974  34.779  22.435 0.0000000000
128392  45.343  34.802  32.573 0.0000000000
128396  45.205  34.233  31.524 0.0000000000
128399  42.888  35.556  31.758 0.0000000000
128407  44.778  34.837  31.642 0.0000000000
128410  41.816  34.870  31.260 0.0000000000
128425  41.915  35.678  30.645 0.0000000000
128427  40.929  34.411  29.544 0.0000000000
128428  40.419  34.086  29.302 0.0000000000
128462  45.833  33.741  29.026 0.0000000000
128463  45.503  34.267  29.123 0.0000000000
128473  44.990  34.329  28.452 0.0000000000
128533  44.215  35.257  22.251 0.0000000000
128539  45.977  34.230  20.907 0.0000000000
128540  45.272  34.437  21.137 0.0000000000
128543  46.019  34.078  20.975 0.0000000000
129248  43.958  36.176  31.137 0.0000000000
129250  42.621  35.894  31.146 0.0000000000
129262  44.515  35.576  30.277 0.0000000000
129263  44.221  36.123  30.356 0.0000000000
129264  42.866  36.281  30.611 0.0000000000
129276  44.934  34.954  29.644 0.0000000000
129277  44.661  35.540  29.587 0.0000000000
129279  41.985  36.507  29.855 0.0000000000
129297  45.095  34.734  29.143 0.0000000000
129300  41.495  35.876  29.011 0.0000000000
129301  41.145  35.143  28.735 0.0000000000
129311  45.226  34.470  28.852 0.0000000000
129313  44.366  35.736  28.401 0.0000000000
129314  43.756  36.072  27.973 0.0000000000
129315  42.968  35.936  28.557 0.0000000000
129328  44.770  34.474  28.459 0.0000000000
129360  44.349  36.049  22.162 0.0000000000
129375  45.088  35.244  21.949 0.0000000000
129376  44.363  35.813  22.078 0.0000000000
129385  44.659  35.065  21.715 0.0000000000
129387  44.232  35.999  21.419 0.0000000000
129393  44.615  35.291  20.976 0.0000000000
130075  43.647  36.318  30.642 0.0000000000
130090  43.206  36.446  30.405 0.0000000000
130120  44.215  36.527  28.914 0.0000000000
130121  43.680  36.948  28.893 0.0000000000
130122  42.841  37.110  28.990 0.0000000000
130123  41.951  36.687  29.093 0.0000000000
130127  44.347  36.318  28.522 0.0000000000
130180  43.717  37.027  20.996 0.0000000000
151980  41.200  32.839  30.665 0.0000000000
151991  41.729  34.169  31.906 0.0000000000
