#!ascii label  , from subject 3260 vox2ras=TkReg
673
81698  22.520  -10.042  -11.422 0.0000000000
90114  27.696  -3.302  -14.712 0.0000000000
101007  24.645  5.313  -16.762 0.0000000000
94953  16.167  0.676  -10.481 0.0000000000
76455  25.500  -14.363  -9.331 0.0000000000
80394  28.431  -11.535  -10.275 0.0000000000
85266  25.814  -7.074  -13.315 0.0000000000
90118  20.854  -3.388  -14.228 0.0000000000
96222  26.995  1.426  -19.270 0.0000000000
103552  26.816  7.211  -13.760 0.0000000000
105930  23.482  9.391  -15.388 0.0000000000
79122  24.112  -12.630  -10.752 0.0000000000
77767  27.407  -13.188  -9.655 0.0000000000
80414  25.909  -11.230  -11.913 0.0000000000
87698  20.404  -5.037  -13.570 0.0000000000
90096  18.343  -3.262  -12.203 0.0000000000
97381  21.809  2.580  -13.514 0.0000000000
94983  23.061  0.697  -14.799 0.0000000000
99842  25.191  4.308  -18.389 0.0000000000
101006  28.461  5.285  -16.677 0.0000000000
102288  26.702  6.636  -16.225 0.0000000000
107893  23.185  12.341  -13.069 0.0000000000
105922  21.370  10.317  -13.904 0.0000000000
107902  23.779  11.633  -14.959 0.0000000000
87729  27.138  -5.845  -16.167 0.0000000000
85243  27.952  -7.223  -12.819 0.0000000000
87692  28.892  -5.633  -13.283 0.0000000000
99771  20.949  4.659  -13.052 0.0000000000
93776  27.773  -0.731  -13.839 0.0000000000
84076  21.793  -8.382  -11.578 0.0000000000
84096  23.825  -8.427  -12.224 0.0000000000
86398  22.644  -6.802  -12.607 0.0000000000
87715  23.615  -4.960  -14.180 0.0000000000
90131  24.835  -3.289  -15.542 0.0000000000
92548  18.299  -1.200  -12.578 0.0000000000
93800  23.939  -0.619  -16.007 0.0000000000
92591  26.757  -0.785  -16.136 0.0000000000
96178  27.556  2.066  -16.008 0.0000000000
102259  20.183  6.518  -13.725 0.0000000000
103584  23.768  7.272  -15.729 0.0000000000
108859  25.417  12.796  -17.680 0.0000000000
106952  25.454  10.392  -16.777 0.0000000000
104794  26.203  8.121  -16.118 0.0000000000
105919  27.580  9.200  -14.597 0.0000000000
82916  26.909  -9.338  -12.561 0.0000000000
81699  21.727  -9.851  -11.021 0.0000000000
80417  22.684  -11.139  -11.163 0.0000000000
80416  23.842  -11.706  -11.270 0.0000000000
79136  25.517  -11.992  -11.349 0.0000000000
81696  24.617  -10.746  -11.773 0.0000000000
98592  23.765  4.012  -15.162 0.0000000000
98616  24.279  3.608  -17.399 0.0000000000
102319  24.324  5.623  -18.174 0.0000000000
101021  25.613  5.819  -17.941 0.0000000000
102305  25.183  6.127  -17.417 0.0000000000
106931  24.010  11.551  -13.658 0.0000000000
106932  23.770  11.114  -13.879 0.0000000000
108848  24.274  12.747  -15.223 0.0000000000
90143  27.473  -4.002  -15.857 0.0000000000
87712  28.532  -5.655  -15.054 0.0000000000
88921  28.530  -4.746  -14.478 0.0000000000
99752  18.990  3.519  -12.106 0.0000000000
99724  19.249  3.908  -11.751 0.0000000000
77771  23.837  -14.091  -9.648 0.0000000000
76434  24.957  -15.200  -8.742 0.0000000000
75153  26.250  -15.139  -8.300 0.0000000000
75152  26.722  -14.731  -8.350 0.0000000000
79118  27.776  -12.263  -10.212 0.0000000000
77747  28.166  -13.080  -8.268 0.0000000000
85248  21.636  -7.343  -12.124 0.0000000000
86400  21.022  -6.677  -12.218 0.0000000000
88924  20.157  -4.152  -14.040 0.0000000000
88922  21.919  -4.737  -13.989 0.0000000000
88934  22.313  -4.096  -14.427 0.0000000000
88949  24.585  -4.211  -15.332 0.0000000000
90132  23.584  -3.387  -15.258 0.0000000000
92520  17.164  -1.074  -10.777 0.0000000000
93767  17.694  -0.436  -12.085 0.0000000000
96207  25.357  1.523  -17.701 0.0000000000
93815  23.547  -0.026  -16.290 0.0000000000
93832  25.441  0.057  -17.576 0.0000000000
93812  25.790  -0.442  -16.925 0.0000000000
93830  27.026  -0.347  -18.080 0.0000000000
95010  27.382  0.515  -16.506 0.0000000000
96206  28.834  1.306  -17.121 0.0000000000
102271  28.307  5.992  -15.611 0.0000000000
99795  27.915  4.382  -15.202 0.0000000000
105920  22.760  9.482  -13.146 0.0000000000
104764  20.130  8.218  -13.625 0.0000000000
103554  21.934  8.091  -13.236 0.0000000000
102257  22.650  6.852  -14.174 0.0000000000
104780  23.604  8.261  -15.287 0.0000000000
105941  26.162  9.317  -16.574 0.0000000000
105928  27.194  9.507  -15.807 0.0000000000
104779  26.734  8.463  -15.741 0.0000000000
85244  25.353  -7.743  -12.856 0.0000000000
82917  26.123  -9.370  -12.628 0.0000000000
84117  26.580  -7.838  -13.291 0.0000000000
84073  29.667  -8.213  -11.582 0.0000000000
82899  29.290  -9.138  -11.380 0.0000000000
77786  23.979  -13.429  -10.081 0.0000000000
77785  24.914  -13.257  -10.290 0.0000000000
76453  26.842  -13.717  -9.409 0.0000000000
77784  25.860  -13.205  -10.507 0.0000000000
79119  27.052  -12.101  -10.942 0.0000000000
80396  27.414  -11.570  -11.333 0.0000000000
87657  19.670  -5.242  -11.838 0.0000000000
88911  19.219  -4.443  -13.040 0.0000000000
90107  18.944  -3.246  -13.107 0.0000000000
96148  18.527  1.526  -12.803 0.0000000000
94973  19.418  0.750  -12.762 0.0000000000
96145  21.600  1.362  -13.556 0.0000000000
96209  24.058  2.243  -17.250 0.0000000000
97423  25.619  2.676  -18.111 0.0000000000
98626  28.061  3.330  -18.623 0.0000000000
101039  27.240  5.002  -18.416 0.0000000000
102302  28.296  6.117  -16.835 0.0000000000
103583  27.183  6.915  -15.329 0.0000000000
108809  20.689  13.249  -11.850 0.0000000000
151338  21.822  11.720  -13.105 0.0000000000
106944  23.065  10.242  -13.301 0.0000000000
106942  23.426  10.588  -14.917 0.0000000000
86436  25.857  -6.240  -14.829 0.0000000000
85264  27.063  -7.241  -13.657 0.0000000000
85286  27.685  -6.747  -14.321 0.0000000000
86397  28.490  -6.792  -12.743 0.0000000000
97330  16.162  1.923  -10.163 0.0000000000
97345  17.991  2.624  -12.323 0.0000000000
97342  20.841  3.262  -12.691 0.0000000000
99815  22.011  4.671  -15.270 0.0000000000
76430  27.865  -13.778  -8.243 0.0000000000
92568  27.497  -1.452  -14.360 0.0000000000
90104  28.232  -3.240  -14.158 0.0000000000
82901  22.247  -9.111  -11.366 0.0000000000
81715  23.889  -9.447  -12.002 0.0000000000
84075  22.729  -8.338  -11.625 0.0000000000
85246  23.597  -7.667  -12.406 0.0000000000
86416  24.438  -6.408  -13.137 0.0000000000
87676  21.775  -5.958  -12.733 0.0000000000
87696  22.680  -5.479  -13.388 0.0000000000
87694  24.809  -5.857  -13.760 0.0000000000
87731  25.620  -5.360  -15.350 0.0000000000
88966  25.902  -4.454  -15.765 0.0000000000
90129  26.458  -3.113  -15.648 0.0000000000
91319  18.462  -2.271  -12.512 0.0000000000
91348  20.096  -2.291  -14.131 0.0000000000
93778  20.648  -0.269  -13.673 0.0000000000
92569  21.218  -1.091  -14.739 0.0000000000
91360  22.265  -2.121  -15.137 0.0000000000
91358  24.158  -2.254  -15.462 0.0000000000
91356  26.095  -2.137  -16.201 0.0000000000
92576  27.141  -1.232  -15.411 0.0000000000
93788  27.450  -0.220  -14.688 0.0000000000
96162  27.359  1.439  -14.935 0.0000000000
98603  28.465  3.087  -16.396 0.0000000000
151026  21.160  5.643  -13.524 0.0000000000
151028  22.124  5.326  -14.646 0.0000000000
102273  23.768  6.317  -15.734 0.0000000000
108853  24.123  12.184  -16.926 0.0000000000
107908  24.239  11.023  -16.267 0.0000000000
107923  25.588  12.041  -17.570 0.0000000000
105943  24.314  9.671  -15.965 0.0000000000
104796  24.295  8.568  -15.940 0.0000000000
103599  24.667  7.561  -16.120 0.0000000000
102290  24.693  6.350  -16.280 0.0000000000
103597  26.101  7.102  -15.570 0.0000000000
104778  27.111  8.027  -15.182 0.0000000000
104761  27.298  8.158  -14.133 0.0000000000
81713  25.532  -10.308  -12.253 0.0000000000
81712  26.533  -10.237  -12.478 0.0000000000
81692  28.362  -10.602  -11.774 0.0000000000
84092  27.228  -8.475  -12.632 0.0000000000
81709  28.695  -9.873  -11.797 0.0000000000
80418  21.948  -10.676  -10.900 0.0000000000
81697  23.589  -10.298  -11.696 0.0000000000
99813  24.388  4.732  -16.305 0.0000000000
99814  24.426  4.338  -16.702 0.0000000000
99827  24.549  4.748  -17.038 0.0000000000
102318  24.575  6.025  -18.103 0.0000000000
102306  24.684  5.742  -17.495 0.0000000000
108842  24.016  12.287  -14.871 0.0000000000
90127  27.960  -3.874  -15.481 0.0000000000
88931  28.337  -4.726  -15.357 0.0000000000
90113  28.270  -3.941  -14.714 0.0000000000
77770  24.734  -13.933  -9.728 0.0000000000
76456  24.564  -14.773  -9.217 0.0000000000
76433  25.477  -14.928  -8.769 0.0000000000
76432  26.235  -14.552  -8.798 0.0000000000
79117  28.262  -12.047  -9.757 0.0000000000
79099  28.341  -12.205  -9.261 0.0000000000
80376  28.637  -11.658  -9.573 0.0000000000
80375  28.981  -11.204  -9.301 0.0000000000
85249  21.084  -7.399  -12.030 0.0000000000
88935  21.423  -4.097  -14.297 0.0000000000
90117  21.789  -3.420  -14.537 0.0000000000
90116  22.699  -3.488  -14.892 0.0000000000
91345  22.095  -2.751  -14.822 0.0000000000
93757  16.779  -0.064  -10.865 0.0000000000
94951  17.122  0.106  -11.495 0.0000000000
96223  25.941  1.486  -18.341 0.0000000000
95028  25.032  0.743  -17.188 0.0000000000
95046  25.878  0.388  -18.313 0.0000000000
93850  26.374  -0.143  -18.467 0.0000000000
95044  27.625  0.465  -18.653 0.0000000000
95025  28.467  0.652  -17.850 0.0000000000
96221  28.012  1.503  -18.857 0.0000000000
102255  27.011  6.419  -14.312 0.0000000000
100977  27.415  5.545  -14.618 0.0000000000
104782  23.214  9.108  -13.647 0.0000000000
104748  22.082  8.635  -12.971 0.0000000000
104781  23.173  8.500  -14.374 0.0000000000
104762  22.907  8.153  -13.971 0.0000000000
106950  27.093  10.484  -16.530 0.0000000000
106940  27.585  10.663  -15.928 0.0000000000
105927  27.730  10.259  -15.523 0.0000000000
84118  26.052  -7.669  -13.232 0.0000000000
84072  30.291  -8.166  -11.155 0.0000000000
80397  23.369  -12.459  -10.856 0.0000000000
79121  25.187  -12.625  -10.847 0.0000000000
79135  26.328  -11.878  -11.450 0.0000000000
80413  26.997  -11.388  -11.864 0.0000000000
88899  18.576  -4.017  -11.838 0.0000000000
88912  18.694  -4.015  -12.676 0.0000000000
88926  18.899  -4.003  -13.202 0.0000000000
97362  20.056  2.431  -12.909 0.0000000000
96146  20.603  1.492  -13.260 0.0000000000
96165  21.852  2.128  -13.646 0.0000000000
98638  24.041  4.025  -18.512 0.0000000000
97402  23.816  2.825  -16.854 0.0000000000
98629  24.963  3.590  -18.262 0.0000000000
97424  24.858  2.949  -17.847 0.0000000000
98628  25.994  3.396  -18.230 0.0000000000
98627  27.099  3.304  -18.457 0.0000000000
99841  26.559  4.187  -18.138 0.0000000000
102304  26.251  6.233  -17.180 0.0000000000
101020  26.830  5.710  -17.877 0.0000000000
102303  27.409  6.208  -17.052 0.0000000000
102287  27.778  6.787  -16.050 0.0000000000
106926  23.385  11.486  -13.027 0.0000000000
107880  22.914  12.399  -12.424 0.0000000000
108821  22.312  13.282  -12.479 0.0000000000
108822  21.724  12.657  -12.552 0.0000000000
108832  22.666  12.763  -13.162 0.0000000000
106933  23.215  10.889  -13.179 0.0000000000
106943  23.456  10.291  -13.783 0.0000000000
86454  26.563  -6.305  -15.578 0.0000000000
86434  27.644  -6.695  -14.813 0.0000000000
86453  27.443  -6.431  -15.554 0.0000000000
87693  28.608  -5.648  -14.110 0.0000000000
86412  28.370  -6.483  -13.459 0.0000000000
86411  28.780  -6.264  -12.887 0.0000000000
86396  29.181  -6.673  -12.439 0.0000000000
97314  15.606  2.594  -9.877 0.0000000000
97313  16.328  2.678  -10.191 0.0000000000
97329  16.922  2.199  -10.677 0.0000000000
97347  17.795  2.332  -11.037 0.0000000000
98546  19.918  3.755  -12.561 0.0000000000
98547  19.032  3.348  -12.766 0.0000000000
98567  21.577  3.939  -13.303 0.0000000000
98582  21.925  3.933  -14.254 0.0000000000
77768  26.509  -13.561  -9.953 0.0000000000
77748  27.724  -13.392  -8.765 0.0000000000
84077  20.798  -8.472  -11.219 0.0000000000
84097  22.374  -7.928  -11.813 0.0000000000
85247  22.684  -7.419  -12.291 0.0000000000
85269  23.401  -7.233  -12.591 0.0000000000
85268  24.028  -7.127  -12.716 0.0000000000
86417  23.311  -6.551  -12.817 0.0000000000
87677  20.800  -5.598  -12.755 0.0000000000
87716  22.776  -4.658  -14.103 0.0000000000
87695  23.966  -5.688  -13.539 0.0000000000
87714  24.756  -5.278  -14.487 0.0000000000
87713  25.407  -5.685  -14.777 0.0000000000
87732  24.857  -4.838  -15.151 0.0000000000
88967  25.432  -4.402  -15.553 0.0000000000
90146  25.519  -3.886  -15.635 0.0000000000
90145  26.179  -3.836  -15.764 0.0000000000
90130  25.716  -3.050  -15.704 0.0000000000
92549  17.817  -1.186  -12.058 0.0000000000
92535  17.936  -1.701  -12.011 0.0000000000
92561  18.987  -1.564  -13.192 0.0000000000
91335  18.977  -2.372  -13.123 0.0000000000
94971  21.175  0.293  -13.588 0.0000000000
94960  19.174  0.244  -12.538 0.0000000000
93777  21.054  -0.225  -13.871 0.0000000000
93801  23.039  -0.516  -15.702 0.0000000000
93803  21.731  -0.929  -14.678 0.0000000000
92581  22.601  -1.387  -15.311 0.0000000000
92583  21.140  -1.885  -14.805 0.0000000000
92580  23.551  -1.373  -15.611 0.0000000000
91359  23.098  -2.245  -15.479 0.0000000000
92592  26.149  -1.089  -16.390 0.0000000000
91366  25.802  -1.526  -16.287 0.0000000000
92577  26.649  -1.518  -16.053 0.0000000000
93799  27.106  0.005  -15.799 0.0000000000
94993  27.623  1.172  -16.107 0.0000000000
96180  27.321  1.300  -15.510 0.0000000000
96179  27.596  1.928  -15.669 0.0000000000
96161  28.002  1.804  -14.346 0.0000000000
97378  27.875  2.715  -14.996 0.0000000000
99839  28.327  4.227  -18.279 0.0000000000
98625  28.878  3.233  -18.074 0.0000000000
99826  28.805  4.126  -17.286 0.0000000000
105910  21.028  10.606  -13.149 0.0000000000
104751  19.931  8.943  -13.329 0.0000000000
103570  19.822  7.473  -14.004 0.0000000000
103571  19.200  7.505  -13.959 0.0000000000
102242  19.316  6.449  -13.581 0.0000000000
151033  20.293  5.817  -12.688 0.0000000000
99772  20.620  5.689  -13.252 0.0000000000
151029  20.530  6.043  -13.468 0.0000000000
102274  22.952  6.227  -14.769 0.0000000000
108861  24.027  12.977  -17.017 0.0000000000
108860  24.537  12.662  -17.171 0.0000000000
107917  23.914  11.956  -16.691 0.0000000000
107924  24.999  12.251  -17.473 0.0000000000
107914  26.754  11.193  -17.046 0.0000000000
107922  26.412  11.935  -17.396 0.0000000000
107915  25.879  11.219  -17.197 0.0000000000
106953  24.627  10.436  -16.368 0.0000000000
105942  24.972  9.433  -16.524 0.0000000000
104795  25.277  8.350  -16.386 0.0000000000
103598  25.435  7.292  -16.096 0.0000000000
82920  23.828  -8.987  -12.059 0.0000000000
81714  24.520  -9.850  -12.110 0.0000000000
82919  24.335  -9.066  -12.294 0.0000000000
81711  27.343  -10.084  -12.482 0.0000000000
81693  27.650  -10.726  -12.152 0.0000000000
85263  27.578  -7.010  -13.622 0.0000000000
84116  27.117  -7.857  -13.218 0.0000000000
84091  27.856  -8.151  -12.196 0.0000000000
82914  28.302  -9.117  -11.818 0.0000000000
82885  29.750  -9.696  -10.643 0.0000000000
81691  29.000  -10.287  -11.100 0.0000000000
79138  24.152  -12.191  -11.133 0.0000000000
79137  24.615  -12.117  -11.179 0.0000000000
80415  24.961  -11.444  -11.536 0.0000000000
81695  25.258  -10.933  -11.869 0.0000000000
98581  22.622  3.457  -14.209 0.0000000000
97380  22.342  2.575  -13.735 0.0000000000
98605  24.222  3.772  -16.400 0.0000000000
101024  24.045  4.722  -17.893 0.0000000000
101053  24.000  4.721  -19.354 0.0000000000
101040  25.990  5.038  -18.006 0.0000000000
101041  24.638  5.321  -18.551 0.0000000000
101022  24.952  6.103  -18.230 0.0000000000
107892  24.355  11.822  -13.726 0.0000000000
106927  23.102  11.723  -13.290 0.0000000000
107901  23.948  11.923  -14.152 0.0000000000
108849  23.560  12.532  -15.642 0.0000000000
87745  27.452  -5.133  -16.167 0.0000000000
87728  28.094  -5.632  -15.962 0.0000000000
88920  28.851  -4.719  -13.619 0.0000000000
99751  19.504  4.051  -12.203 0.0000000000
99749  20.677  4.543  -12.741 0.0000000000
77772  22.879  -13.947  -9.506 0.0000000000
76457  23.599  -14.754  -9.279 0.0000000000
75175  24.030  -15.139  -9.104 0.0000000000
75135  26.293  -15.724  -7.786 0.0000000000
75134  27.272  -15.146  -7.661 0.0000000000
77782  27.262  -12.647  -10.332 0.0000000000
77766  28.011  -12.802  -9.031 0.0000000000
79100  27.984  -12.507  -9.565 0.0000000000
85230  21.232  -7.895  -11.890 0.0000000000
84098  21.912  -7.786  -11.929 0.0000000000
86399  22.055  -6.760  -12.428 0.0000000000
88923  20.991  -4.613  -13.993 0.0000000000
88933  23.276  -4.141  -14.743 0.0000000000
88932  24.029  -4.757  -15.055 0.0000000000
93756  17.182  -0.591  -11.054 0.0000000000
93780  18.868  -0.850  -13.015 0.0000000000
96194  24.279  1.307  -16.888 0.0000000000
94995  23.259  0.539  -15.861 0.0000000000
95012  23.856  0.586  -16.420 0.0000000000
93833  24.862  0.251  -16.974 0.0000000000
93813  25.032  -0.359  -16.817 0.0000000000
92594  24.632  -0.679  -16.287 0.0000000000
93811  26.683  -0.177  -16.880 0.0000000000
95026  27.674  0.156  -17.480 0.0000000000
95009  28.092  0.805  -16.888 0.0000000000
96205  28.461  1.766  -16.524 0.0000000000
99812  28.309  4.303  -16.172 0.0000000000
100989  28.204  5.409  -15.646 0.0000000000
100978  27.101  5.408  -14.166 0.0000000000
105909  21.297  9.704  -13.810 0.0000000000
104750  20.754  9.004  -13.177 0.0000000000
104749  21.440  8.774  -13.082 0.0000000000
103569  21.883  7.513  -13.339 0.0000000000
151032  21.084  6.376  -13.477 0.0000000000
103568  22.368  7.653  -13.467 0.0000000000
103585  23.337  7.543  -14.819 0.0000000000
106951  26.360  10.426  -16.765 0.0000000000
105940  26.736  9.922  -16.457 0.0000000000
105929  26.621  8.833  -16.114 0.0000000000
85245  24.435  -7.755  -12.604 0.0000000000
84095  24.836  -8.447  -12.565 0.0000000000
84094  25.839  -8.438  -12.884 0.0000000000
84093  26.644  -8.566  -12.877 0.0000000000
85242  28.589  -7.446  -12.345 0.0000000000
84090  28.813  -8.250  -11.833 0.0000000000
82884  30.126  -8.873  -10.883 0.0000000000
77787  23.399  -13.604  -9.822 0.0000000000
77769  25.645  -13.789  -9.923 0.0000000000
76454  26.327  -14.049  -9.376 0.0000000000
77783  26.731  -12.926  -10.448 0.0000000000
79120  26.128  -12.536  -11.020 0.0000000000
80395  27.802  -11.592  -10.884 0.0000000000
87678  19.831  -5.124  -12.784 0.0000000000
88898  19.187  -4.571  -12.237 0.0000000000
87699  19.725  -4.622  -13.478 0.0000000000
88925  19.326  -4.030  -13.569 0.0000000000
90105  20.253  -3.448  -13.961 0.0000000000
96126  17.015  1.435  -11.458 0.0000000000
96136  17.071  0.935  -11.798 0.0000000000
96134  18.071  1.241  -12.670 0.0000000000
96144  22.008  1.062  -13.703 0.0000000000
94970  21.858  0.644  -13.845 0.0000000000
97379  23.349  2.348  -14.333 0.0000000000
96163  23.208  1.427  -14.539 0.0000000000
96195  23.827  1.557  -16.561 0.0000000000
97413  25.205  2.126  -17.722 0.0000000000
97422  26.542  2.439  -18.616 0.0000000000
97421  27.557  2.415  -18.906 0.0000000000
99840  27.614  4.211  -18.588 0.0000000000
101038  27.982  4.840  -18.579 0.0000000000
101019  28.131  5.362  -17.826 0.0000000000
102286  28.444  6.105  -16.001 0.0000000000
102272  27.807  6.271  -15.256 0.0000000000
103566  27.066  7.161  -14.730 0.0000000000
106935  21.672  10.675  -13.692 0.0000000000
106934  22.426  10.596  -13.357 0.0000000000
105932  23.177  9.745  -13.509 0.0000000000
105931  23.265  9.601  -14.292 0.0000000000
106941  24.011  10.472  -15.756 0.0000000000
86414  26.254  -6.583  -13.963 0.0000000000
85265  26.597  -7.028  -13.673 0.0000000000
86435  26.817  -6.707  -14.572 0.0000000000
85287  27.319  -6.856  -14.189 0.0000000000
86433  28.179  -6.475  -14.465 0.0000000000
85227  29.409  -7.491  -12.005 0.0000000000
96127  16.323  1.280  -10.522 0.0000000000
97328  17.384  1.801  -11.653 0.0000000000
97365  17.847  2.388  -12.500 0.0000000000
98548  18.418  2.944  -12.220 0.0000000000
97344  19.637  3.067  -12.852 0.0000000000
97361  21.259  2.747  -13.083 0.0000000000
98566  21.989  3.283  -13.604 0.0000000000
98594  22.093  3.827  -14.761 0.0000000000
99798  23.603  4.719  -15.555 0.0000000000
76431  27.130  -14.094  -8.678 0.0000000000
91332  27.774  -2.499  -14.056 0.0000000000
82900  23.264  -9.091  -11.699 0.0000000000
84074  23.281  -8.411  -11.818 0.0000000000
85228  23.208  -7.937  -11.921 0.0000000000
85267  24.984  -7.007  -12.832 0.0000000000
87656  20.211  -5.892  -12.132 0.0000000000
87697  21.422  -5.218  -13.398 0.0000000000
87675  22.520  -6.300  -12.732 0.0000000000
86415  25.421  -6.357  -13.647 0.0000000000
86455  25.992  -6.053  -15.604 0.0000000000
87730  26.301  -5.724  -16.015 0.0000000000
88948  25.250  -4.640  -15.403 0.0000000000
87748  25.667  -4.801  -15.670 0.0000000000
87746  26.802  -5.124  -16.141 0.0000000000
88964  27.195  -4.520  -16.082 0.0000000000
90144  26.868  -3.882  -15.840 0.0000000000
90128  27.174  -3.346  -15.365 0.0000000000
91303  17.677  -2.382  -11.490 0.0000000000
91334  19.557  -2.350  -13.656 0.0000000000
91333  20.297  -2.821  -13.880 0.0000000000
93766  18.781  -0.304  -12.655 0.0000000000
93789  21.943  -0.493  -14.480 0.0000000000
93791  20.325  -0.860  -14.119 0.0000000000
93792  19.813  -1.072  -13.917 0.0000000000
92571  19.995  -1.657  -14.281 0.0000000000
91362  21.200  -2.220  -14.676 0.0000000000
91346  21.378  -2.677  -14.564 0.0000000000
90133  22.719  -2.818  -15.206 0.0000000000
91357  25.194  -2.038  -15.833 0.0000000000
92593  25.322  -1.178  -16.278 0.0000000000
91355  26.804  -2.308  -15.623 0.0000000000
91344  27.244  -2.396  -14.862 0.0000000000
94982  27.167  0.773  -15.128 0.0000000000
94981  27.592  0.838  -14.367 0.0000000000
97420  28.404  2.374  -18.468 0.0000000000
98614  29.013  2.414  -16.630 0.0000000000
97392  27.811  2.668  -15.888 0.0000000000
104765  19.461  8.054  -13.764 0.0000000000
151027  21.707  5.683  -13.916 0.0000000000
99786  21.582  4.810  -13.962 0.0000000000
100993  22.314  5.133  -15.197 0.0000000000
100992  23.000  5.206  -15.474 0.0000000000
100991  23.904  5.437  -15.841 0.0000000000
110903  23.848  13.582  -15.985 0.0000000000
109870  23.623  13.296  -16.224 0.0000000000
109877  23.859  13.221  -16.715 0.0000000000
108854  23.748  12.567  -16.616 0.0000000000
107909  23.548  11.500  -16.093 0.0000000000
107916  24.633  11.533  -16.963 0.0000000000
102289  25.707  6.488  -16.306 0.0000000000
104793  26.636  7.751  -15.623 0.0000000000
103596  26.868  7.073  -15.482 0.0000000000
105906  28.194  10.077  -13.930 0.0000000000
105907  27.553  9.205  -13.434 0.0000000000
104746  27.020  8.203  -13.086 0.0000000000
82918  25.203  -9.246  -12.476 0.0000000000
80425  26.536  -10.898  -12.253 0.0000000000
81694  27.044  -10.747  -12.398 0.0000000000
80412  27.823  -11.225  -11.590 0.0000000000
80411  28.457  -11.099  -11.092 0.0000000000
82915  27.551  -9.210  -12.207 0.0000000000
81710  28.107  -9.980  -12.281 0.0000000000
80410  28.905  -10.934  -10.554 0.0000000000
80393  29.068  -11.152  -9.946 0.0000000000
90103  28.718  -3.738  -13.851 0.0000000000
80363  28.694  -11.795  -8.992 0.0000000000
80426  26.139  -10.692  -12.272 0.0000000000
82898  29.875  -8.619  -11.290 0.0000000000
84115  27.486  -7.737  -12.894 0.0000000000
85229  22.769  -7.856  -11.847 0.0000000000
85288  27.005  -6.872  -13.989 0.0000000000
86413  26.633  -6.706  -14.042 0.0000000000
86437  25.318  -5.824  -14.283 0.0000000000
86452  28.125  -6.319  -15.303 0.0000000000
87674  29.207  -5.733  -12.555 0.0000000000
87747  26.095  -5.030  -15.985 0.0000000000
88936  20.829  -4.097  -14.177 0.0000000000
88947  27.879  -4.598  -15.996 0.0000000000
88950  23.855  -4.154  -15.162 0.0000000000
88965  26.525  -4.481  -15.977 0.0000000000
88968  25.109  -4.336  -15.456 0.0000000000
90106  19.765  -3.359  -13.660 0.0000000000
90115  23.164  -3.712  -15.035 0.0000000000
90147  25.094  -4.070  -15.527 0.0000000000
91347  20.697  -2.293  -14.464 0.0000000000
91361  21.591  -2.160  -14.836 0.0000000000
91367  25.620  -1.703  -16.160 0.0000000000
92521  16.841  -1.414  -10.512 0.0000000000
92536  17.474  -1.371  -11.411 0.0000000000
92537  17.021  -1.547  -10.977 0.0000000000
92560  19.532  -1.412  -13.716 0.0000000000
92570  20.848  -1.377  -14.647 0.0000000000
92578  25.042  -1.511  -15.967 0.0000000000
92579  24.581  -1.323  -15.797 0.0000000000
92582  21.628  -1.372  -14.863 0.0000000000
93746  17.025  -0.760  -10.687 0.0000000000
93765  19.287  -0.177  -12.691 0.0000000000
93779  19.577  -0.444  -13.217 0.0000000000
93790  21.362  -0.601  -14.366 0.0000000000
93802  22.210  -0.723  -14.820 0.0000000000
93814  24.280  -0.017  -16.583 0.0000000000
93831  26.183  -0.268  -17.741 0.0000000000
93849  26.948  -0.130  -18.778 0.0000000000
93851  25.916  -0.101  -18.131 0.0000000000
94952  16.708  0.628  -11.116 0.0000000000
94961  18.256  0.655  -12.589 0.0000000000
94962  17.394  0.544  -12.066 0.0000000000
94963  17.077  0.557  -11.635 0.0000000000
94972  20.202  0.541  -13.177 0.0000000000
94974  18.900  0.843  -12.652 0.0000000000
94984  22.179  0.065  -14.431 0.0000000000
94985  21.628  0.063  -14.073 0.0000000000
94994  27.291  0.822  -15.801 0.0000000000
94996  22.817  -0.053  -15.114 0.0000000000
95011  24.449  0.870  -16.759 0.0000000000
95027  25.435  0.948  -17.702 0.0000000000
95043  28.300  0.978  -18.496 0.0000000000
95045  26.562  0.491  -18.916 0.0000000000
96125  17.303  1.612  -11.840 0.0000000000
96135  17.539  1.458  -12.301 0.0000000000
96147  19.622  1.564  -12.965 0.0000000000
96149  17.746  2.035  -12.649 0.0000000000
96164  22.466  1.323  -13.962 0.0000000000
96181  23.519  1.515  -15.276 0.0000000000
96192  27.812  1.978  -16.285 0.0000000000
96193  27.976  1.536  -16.492 0.0000000000
96208  24.659  1.525  -17.267 0.0000000000
96220  28.611  1.501  -18.173 0.0000000000
97305  15.213  2.985  -9.543 0.0000000000
97315  14.801  2.351  -9.476 0.0000000000
97343  20.398  3.182  -12.719 0.0000000000
97346  17.730  2.394  -11.998 0.0000000000
97360  21.841  2.817  -13.494 0.0000000000
97363  19.029  2.556  -13.080 0.0000000000
97364  18.159  2.484  -12.721 0.0000000000
97391  27.735  2.259  -16.138 0.0000000000
97393  23.889  2.746  -15.554 0.0000000000
97411  29.111  2.005  -16.801 0.0000000000
97412  28.953  2.214  -17.692 0.0000000000
97414  24.537  2.480  -17.544 0.0000000000
97415  24.215  2.968  -17.482 0.0000000000
97425  24.468  3.031  -17.689 0.0000000000
98545  20.798  3.901  -12.687 0.0000000000
98568  18.919  3.040  -13.071 0.0000000000
98569  18.589  2.935  -12.893 0.0000000000
98580  23.420  3.383  -14.655 0.0000000000
98591  24.246  4.363  -15.816 0.0000000000
98593  22.617  3.944  -14.885 0.0000000000
98602  28.875  2.642  -16.553 0.0000000000
98604  24.405  4.263  -16.291 0.0000000000
98615  29.125  2.841  -17.065 0.0000000000
98630  24.410  3.615  -17.951 0.0000000000
98637  24.357  3.991  -18.505 0.0000000000
99796  27.855  5.143  -15.025 0.0000000000
99797  24.106  4.801  -15.824 0.0000000000
99799  22.624  4.535  -15.321 0.0000000000
99800  21.760  4.223  -15.076 0.0000000000
99828  24.305  4.358  -17.391 0.0000000000
99843  24.546  4.109  -18.745 0.0000000000
99844  24.072  4.264  -17.963 0.0000000000
99849  24.114  4.528  -18.984 0.0000000000
99850  24.050  4.210  -18.912 0.0000000000
99851  23.852  4.427  -18.792 0.0000000000
99859  23.945  4.289  -19.567 0.0000000000
99860  23.859  4.054  -19.202 0.0000000000
99861  23.628  4.815  -19.049 0.0000000000
99868  23.988  4.383  -20.013 0.0000000000
99869  23.838  4.534  -19.828 0.0000000000
99870  23.636  4.958  -19.616 0.0000000000
100990  27.927  5.629  -15.098 0.0000000000
101023  24.230  5.139  -17.772 0.0000000000
101042  24.065  5.241  -18.543 0.0000000000
101043  23.877  4.847  -18.366 0.0000000000
101054  23.983  5.150  -18.944 0.0000000000
101055  23.812  4.940  -18.938 0.0000000000
101061  24.019  4.463  -19.913 0.0000000000
101062  23.855  5.033  -19.774 0.0000000000
101063  23.789  5.024  -19.478 0.0000000000
101069  24.091  4.217  -19.855 0.0000000000
101070  23.909  4.664  -20.049 0.0000000000
101071  23.790  4.910  -19.917 0.0000000000
102243  18.724  7.038  -13.923 0.0000000000
102258  22.172  6.836  -13.632 0.0000000000
102260  19.250  6.989  -14.097 0.0000000000
102261  18.976  7.328  -14.022 0.0000000000
103555  20.979  7.605  -13.360 0.0000000000
103567  22.783  7.524  -14.099 0.0000000000
103572  18.957  7.559  -13.931 0.0000000000
104763  22.759  8.427  -13.369 0.0000000000
104766  19.056  7.832  -13.859 0.0000000000
105908  21.996  9.343  -13.050 0.0000000000
105921  21.907  10.065  -13.665 0.0000000000
105933  22.676  10.006  -13.346 0.0000000000
107872  20.916  12.327  -11.690 0.0000000000
107882  22.193  12.419  -13.034 0.0000000000
107894  22.898  12.218  -13.274 0.0000000000
107903  22.659  11.408  -13.227 0.0000000000
108808  21.283  13.529  -11.748 0.0000000000
108820  23.096  12.977  -12.929 0.0000000000
108823  20.967  12.588  -12.248 0.0000000000
108831  23.073  12.674  -13.229 0.0000000000
108833  22.319  12.837  -12.825 0.0000000000
109819  21.401  14.485  -11.829 0.0000000000
109820  20.858  14.323  -11.807 0.0000000000
109821  20.523  14.021  -12.147 0.0000000000
109831  21.806  14.480  -12.167 0.0000000000
109832  21.531  14.051  -12.417 0.0000000000
109833  21.040  13.827  -12.387 0.0000000000
109862  24.028  13.222  -15.733 0.0000000000
110860  21.059  14.812  -11.866 0.0000000000
110861  20.796  14.866  -12.091 0.0000000000
110862  20.929  14.492  -12.224 0.0000000000
110874  21.327  15.028  -12.045 0.0000000000
110875  21.208  14.698  -12.265 0.0000000000
110876  21.099  14.405  -12.328 0.0000000000
151023  21.838  4.856  -14.878 0.0000000000
151024  21.766  5.133  -14.421 0.0000000000
151025  21.296  5.398  -13.595 0.0000000000
151030  20.633  6.177  -13.537 0.0000000000
151031  20.944  5.898  -13.511 0.0000000000
151337  21.734  11.183  -13.388 0.0000000000
151339  22.291  11.872  -13.279 0.0000000000
151340  22.073  11.144  -13.386 0.0000000000
