#!ascii label  , from subject 3260 vox2ras=TkReg
2143
20907  46.241  -60.319  -1.316 0.2000000030
20891  46.827  -60.583  -0.598 0.2000000030
22066  46.822  -59.741  -0.996 0.2000000030
23304  46.726  -58.540  -2.331 0.1000000015
19660  46.484  -61.199  -0.646 0.3000000119
22051  47.031  -60.158  -0.522 0.2000000030
22084  46.386  -59.438  -1.807 0.1000000015
20929  46.057  -59.840  -1.847 0.2000000030
23291  46.870  -58.933  -1.472 0.1000000015
23303  47.042  -58.295  -1.771 0.1000000015
24547  47.092  -57.818  -2.372 0.1000000015
25756  47.149  -57.357  -2.089 0.1000000015
24548  46.920  -58.074  -2.600 0.1000000015
26934  46.416  -56.105  -2.734 0.1000000015
24562  46.955  -57.434  -2.752 0.1000000015
25769  46.740  -56.850  -3.072 0.1000000015
26947  46.006  -55.494  -3.285 0.2000000030
26946  46.156  -55.688  -3.651 0.1000000015
24487  46.814  -58.051  -0.301 0.1000000015
24513  46.782  -57.559  -0.657 0.1000000015
22050  47.106  -59.577  -0.421 0.2000000030
25737  47.094  -57.225  -1.616 0.1000000015
23290  47.088  -58.558  -1.055 0.1000000015
25738  46.702  -56.652  -1.743 0.1000000015
26918  46.096  -56.047  -2.194 0.1000000015
27990  45.043  -54.473  -2.989 0.2000000030
26935  45.675  -55.295  -2.861 0.2000000030
29111  44.656  -53.516  -3.115 0.1000000015
27989  45.512  -54.628  -3.286 0.2000000030
30361  44.917  -52.758  -3.274 0.2000000030
30360  45.499  -52.632  -3.675 0.1000000015
31513  45.827  -52.012  -3.280 0.1000000015
25715  46.966  -57.188  -1.119 0.1000000015
25716  46.488  -57.086  -0.864 0.1000000015
30347  44.387  -52.497  -2.616 0.2000000030
30335  45.034  -51.819  -1.709 0.2000000030
30346  45.202  -52.127  -2.896 0.2000000030
31488  46.114  -51.812  -1.398 0.1000000015
31499  46.641  -51.445  -2.251 0.2000000030
25739  45.989  -56.437  -1.547 0.1000000015
25740  45.113  -56.268  -1.504 0.1000000015
26919  45.469  -55.685  -2.013 0.2000000030
27991  44.066  -54.359  -2.664 0.2000000030
31481  46.411  -52.208  -0.832 0.3000000119
31487  46.913  -51.969  -1.100 0.2000000030
31498  47.454  -51.238  -2.123 0.2000000030
31524  47.833  -50.989  -3.829 0.2000000030
29100  43.215  -53.564  -2.260 0.3000000119
26936  44.917  -54.995  -2.380 0.2000000030
30322  45.936  -52.541  -0.355 0.3000000119
29089  46.258  -53.128  -0.086 0.3000000119
30309  46.629  -52.448  0.420 0.3000000119
30321  46.911  -52.678  -0.515 0.3000000119
31486  47.703  -51.542  -1.197 0.2000000030
31510  48.035  -50.949  -3.000 0.2000000030
32746  48.349  -50.431  -3.656 0.2000000030
30311  44.575  -52.607  0.504 0.4000000060
30323  44.364  -52.109  -0.613 0.3000000119
30336  43.814  -51.970  -1.751 0.2000000030
31469  47.447  -51.665  -0.121 0.3000000119
31497  48.295  -51.029  -2.109 0.2000000030
31479  48.083  -51.176  -0.730 0.2000000030
32734  48.559  -50.341  -2.838 0.2000000030
30298  45.026  -52.245  0.994 0.3000000119
30310  45.639  -52.343  0.396 0.3000000119
32706  47.391  -50.599  -0.329 0.2000000030
33923  48.409  -49.825  -1.477 0.2000000030
32719  48.032  -50.486  -0.822 0.2000000030
33931  49.100  -48.765  -2.503 0.1000000015
32718  48.367  -50.367  -1.322 0.2000000030
33943  49.347  -48.624  -2.943 0.2000000030
33944  48.819  -49.478  -2.738 0.2000000030
33959  48.635  -49.600  -3.374 0.2000000030
32695  45.022  -51.254  0.799 0.3000000119
32708  45.394  -50.483  0.527 0.3000000119
31471  45.922  -51.586  0.490 0.3000000119
33915  45.718  -49.509  0.326 0.2000000030
32707  46.378  -50.600  0.234 0.3000000119
35094  46.138  -48.565  0.319 0.2000000030
31470  46.932  -51.621  0.301 0.3000000119
33913  47.260  -49.634  -0.534 0.1000000015
33924  47.916  -49.643  -1.142 0.1000000015
36329  48.023  -48.066  -1.762 0.1000000015
35111  47.773  -48.596  -1.331 0.1000000015
35093  47.123  -48.575  -0.394 0.1000000015
36327  49.144  -47.828  -2.577 0.1000000015
32710  43.886  -50.398  0.809 0.3000000119
33916  44.701  -49.483  0.538 0.2000000030
35095  45.000  -48.360  0.799 0.2000000030
35077  44.706  -47.850  1.219 0.2000000030
36271  44.781  -47.002  2.156 0.1000000015
36299  45.695  -47.779  0.770 0.1000000015
36298  46.430  -47.647  0.459 0.1000000015
36313  47.360  -47.709  -1.014 0.1000000015
37557  47.657  -47.230  -1.856 0.1000000015
35097  43.528  -48.995  0.832 0.2000000030
36270  45.472  -46.810  1.900 0.1000000015
37514  46.104  -46.463  1.589 0.1000000015
36285  45.928  -47.158  1.202 0.1000000015
36284  46.518  -46.767  0.862 0.1000000015
37526  46.868  -46.203  0.572 0.1000000015
37538  47.268  -46.549  -0.359 0.1000000015
36297  47.061  -47.222  0.074 0.1000000015
38753  45.368  -45.391  2.495 0.1000000015
39954  47.099  -44.501  0.262 0.1000000015
38804  47.041  -45.712  -0.484 0.1000000015
38754  45.023  -45.917  2.725 0.1000000015
25757  46.975  -56.866  -2.298 0.1000000015
24512  47.054  -57.773  -0.921 0.1000000015
29121  45.182  -53.288  -3.579 0.1000000015
17226  48.710  -62.234  10.607 0.5000000000
17203  48.050  -63.698  11.496 0.5000000000
17202  48.484  -62.931  11.235 0.5000000000
17201  48.663  -62.405  11.087 0.5000000000
18362  48.899  -61.616  10.652 0.5000000000
17230  45.191  -62.364  10.264 0.2000000030
17229  45.766  -62.967  9.966 0.2000000030
17207  45.515  -62.589  10.713 0.3000000119
17205  46.680  -63.720  11.119 0.3000000119
17183  46.956  -63.513  11.986 0.5000000000
17182  47.696  -63.438  12.104 0.5000000000
18328  47.996  -62.795  12.626 0.5000000000
17180  48.487  -62.855  11.809 0.5000000000
18327  48.509  -62.367  12.154 0.5000000000
18349  48.757  -61.995  11.416 0.5000000000
19559  50.368  -61.014  9.470 0.5000000000
19525  49.584  -60.828  10.054 0.5000000000
20783  50.799  -60.473  9.263 0.5000000000
21949  49.060  -59.848  6.896 0.5000000000
18352  44.970  -62.191  10.975 0.3000000119
18331  45.904  -62.634  11.781 0.3000000119
18326  48.847  -61.493  12.399 0.5000000000
19510  49.036  -61.275  11.113 0.5000000000
21933  50.389  -60.071  9.386 0.5000000000
21940  50.677  -59.645  8.871 0.5000000000
20805  45.870  -60.898  5.301 0.4000000060
20804  46.612  -60.738  5.265 0.5000000000
21956  47.331  -59.666  5.693 0.5000000000
21950  48.303  -59.703  6.367 0.5000000000
23135  50.201  -59.001  7.580 0.5000000000
19608  45.398  -61.860  5.043 0.4000000060
18363  44.572  -61.976  10.278 0.3000000119
18333  44.630  -61.761  11.477 0.4000000060
19491  45.570  -62.088  12.171 0.4000000060
18329  47.241  -63.012  12.610 0.5000000000
18310  47.521  -62.312  13.144 0.5000000000
18308  48.727  -61.560  13.002 0.5000000000
18309  48.289  -61.917  13.272 0.5000000000
18292  48.860  -61.535  13.752 0.5000000000
18307  49.000  -61.249  12.965 0.5000000000
19490  49.051  -61.086  11.945 0.5000000000
20755  49.506  -60.469  10.306 0.5000000000
23122  50.087  -58.800  8.488 0.6000000238
21951  47.711  -59.274  6.051 0.5000000000
24378  48.963  -58.323  7.182 0.5000000000
24361  49.136  -57.949  7.608 0.5000000000
18438  43.681  -63.229  5.041 0.4000000060
18437  44.865  -62.934  4.744 0.4000000060
19532  38.145  -60.812  9.568 0.1000000015
20738  39.200  -59.822  10.656 0.1000000015
20719  38.915  -59.522  11.256 0.1000000015
20756  40.132  -60.477  10.014 0.1000000015
19496  40.735  -60.265  11.154 0.1000000015
20718  40.287  -59.994  11.533 0.1000000015
19514  40.989  -60.627  10.570 0.1000000015
19495  41.262  -60.577  11.681 0.1000000015
19479  41.231  -60.479  12.194 0.1000000015
19527  43.120  -61.479  10.480 0.2000000030
19512  42.868  -61.182  11.030 0.1000000015
18353  44.226  -61.711  10.968 0.3000000119
18311  46.684  -62.358  12.825 0.5000000000
19493  43.741  -61.210  11.714 0.4000000060
19492  44.887  -61.619  12.127 0.4000000060
19474  46.947  -61.703  13.442 0.4000000060
19472  48.358  -61.703  13.909 0.5000000000
19471  49.180  -61.191  13.479 0.5000000000
21934  49.682  -59.698  9.812 0.5000000000
23148  48.005  -58.872  6.584 0.5000000000
21957  46.592  -59.295  5.745 0.5000000000
19609  44.153  -62.077  5.244 0.4000000060
16239  42.857  -64.690  4.105 0.5000000000
18298  38.413  -62.541  13.594 0.1000000015
18336  37.447  -61.973  11.784 0.1000000015
18356  37.350  -61.669  11.414 0.1000000015
20740  37.276  -60.773  11.368 0.1000000015
20739  38.084  -60.250  10.711 0.1000000015
20704  38.437  -59.113  11.807 0.1000000015
20720  37.714  -59.885  11.508 0.1000000015
20703  39.792  -59.370  12.065 0.1000000015
23045  42.686  -58.343  13.613 0.2000000030
19529  41.615  -61.411  9.979 0.1000000015
19513  41.937  -61.044  10.929 0.1000000015
19478  41.757  -60.625  12.358 0.1000000015
20686  43.093  -59.541  13.180 0.2000000030
19494  42.373  -60.929  11.791 0.2000000030
19477  42.930  -60.752  12.517 0.1000000015
20685  43.979  -59.682  13.430 0.2000000030
21872  43.495  -58.760  13.671 0.2000000030
21856  43.746  -58.182  14.071 0.2000000030
19476  44.382  -60.836  12.787 0.2000000030
20683  45.819  -60.041  14.125 0.3000000119
20682  46.890  -60.370  14.438 0.4000000060
19455  47.424  -61.096  14.108 0.5000000000
24346  48.864  -57.887  8.381 0.5000000000
19454  48.563  -61.258  14.513 0.4000000060
24364  46.686  -57.633  7.768 0.5000000000
24348  47.111  -57.891  8.431 0.5000000000
24347  47.994  -57.948  8.433 0.5000000000
25585  46.347  -57.355  7.207 0.5000000000
25584  47.048  -57.666  7.285 0.5000000000
24362  48.352  -57.768  7.798 0.5000000000
20736  49.311  -60.606  11.328 0.5000000000
19470  49.227  -60.860  12.986 0.5000000000
23158  45.927  -58.256  5.668 0.5000000000
24389  46.286  -57.690  6.039 0.5000000000
25601  47.339  -57.852  7.009 0.5000000000
23124  48.460  -58.296  9.112 0.5000000000
20806  44.713  -60.850  5.390 0.5000000000
21958  45.696  -59.329  5.724 0.5000000000
25582  48.530  -57.840  7.333 0.5000000000
23123  49.317  -58.425  8.900 0.6000000238
23149  47.348  -58.670  6.348 0.5000000000
17330  43.174  -64.185  4.694 0.4000000060
19459  38.606  -62.243  14.456 0.1000000015
19480  37.427  -62.039  12.756 0.1000000015
19481  36.887  -61.417  12.977 0.1000000015
19461  36.833  -61.191  13.653 0.1000000015
21860  36.441  -59.796  15.163 0.1000000015
19498  37.106  -61.545  12.001 0.1000000015
20721  36.965  -60.593  12.155 0.1000000015
20705  37.332  -59.626  12.261 0.1000000015
21889  39.212  -58.647  12.352 0.1000000015
23061  40.421  -58.131  13.041 0.1000000015
20702  41.050  -60.012  12.396 0.1000000015
21874  41.443  -58.411  13.326 0.2000000030
23046  41.989  -57.912  13.639 0.2000000030
21887  41.521  -59.518  12.885 0.1000000015
21873  42.159  -58.929  13.233 0.2000000030
20684  44.859  -59.980  13.623 0.3000000119
21870  45.259  -59.546  13.987 0.3000000119
21855  44.407  -58.451  14.206 0.2000000030
21854  45.611  -58.977  14.502 0.2000000030
20681  47.767  -60.676  14.803 0.4000000060
20665  46.506  -59.698  14.787 0.3000000119
20680  48.293  -60.805  15.067 0.4000000060
20664  47.338  -59.997  15.146 0.4000000060
23114  46.044  -58.752  9.767 0.5000000000
21936  46.546  -58.855  10.025 0.5000000000
23112  47.861  -58.743  9.854 0.5000000000
19438  49.084  -61.017  15.208 0.5000000000
23089  45.664  -58.256  10.939 0.5000000000
23088  46.454  -58.326  11.114 0.5000000000
23087  47.353  -58.390  11.386 0.5000000000
23100  47.031  -58.832  10.545 0.5000000000
19452  49.583  -60.687  13.908 0.5000000000
23086  48.260  -58.465  11.762 0.5000000000
23099  48.093  -58.719  10.765 0.6000000238
23111  49.021  -58.713  9.935 0.5000000000
21923  49.432  -59.912  11.056 0.5000000000
21935  49.303  -59.111  10.411 0.5000000000
16263  41.964  -64.869  2.197 0.4000000060
16252  42.168  -65.173  3.475 0.4000000060
16238  43.713  -64.585  4.192 0.4000000060
24258  36.552  -57.841  16.117 0.1000000015
24273  35.994  -57.635  14.893 0.1000000015
20706  36.650  -60.377  13.104 0.1000000015
20688  36.685  -60.644  14.297 0.1000000015
23065  36.507  -58.693  13.641 0.1000000015
21892  36.513  -59.723  13.644 0.1000000015
23064  37.358  -58.337  12.874 0.1000000015
24288  36.975  -57.692  13.241 0.1000000015
23063  38.479  -58.129  12.698 0.1000000015
23062  39.703  -58.034  12.834 0.1000000015
24270  40.253  -57.121  13.336 0.2000000030
24269  41.274  -57.100  13.687 0.2000000030
24257  41.771  -56.770  13.957 0.2000000030
23030  43.037  -57.779  13.917 0.2000000030
23029  43.946  -57.766  14.383 0.2000000030
26714  51.498  -55.315  13.261 0.2000000030
23028  44.914  -57.950  14.718 0.2000000030
25512  50.824  -55.760  12.542 0.2000000030
25497  51.285  -56.014  13.191 0.2000000030
24280  51.228  -56.881  14.010 0.2000000030
24247  51.309  -57.245  15.276 0.2000000030
25524  50.310  -55.510  12.040 0.2000000030
25513  50.021  -56.150  12.740 0.2000000030
24281  50.825  -56.991  13.864 0.2000000030
24267  50.493  -57.665  14.176 0.2000000030
23026  50.889  -58.268  15.439 0.3000000119
21849  50.531  -58.861  15.177 0.2000000030
21850  50.427  -59.278  15.408 0.4000000060
26735  48.085  -56.083  11.352 0.2000000030
25514  49.112  -56.537  12.864 0.3000000119
25499  49.670  -56.904  13.355 0.3000000119
24283  49.275  -57.789  13.540 0.4000000060
23058  50.034  -58.268  14.100 0.3000000119
21868  50.311  -58.898  14.597 0.4000000060
20678  50.323  -59.512  14.849 0.5000000000
20651  49.022  -60.310  15.948 0.4000000060
20662  48.718  -60.728  15.430 0.5000000000
25528  46.146  -56.844  11.058 0.5000000000
25527  47.314  -56.533  11.201 0.4000000060
24298  48.227  -57.707  12.636 0.4000000060
24284  48.686  -57.915  13.199 0.4000000060
23076  48.972  -58.997  12.701 0.5000000000
21886  49.467  -59.255  13.425 0.5000000000
20697  50.074  -59.520  14.331 0.5000000000
19436  49.746  -60.615  14.591 0.5000000000
24308  47.692  -57.595  11.828 0.5000000000
23085  48.971  -58.908  11.805 0.5000000000
23098  48.904  -58.839  10.944 0.5000000000
21924  49.297  -59.317  10.971 0.5000000000
21913  49.328  -59.906  12.116 0.5000000000
26670  36.749  -56.675  17.123 0.1000000015
25461  36.559  -57.115  16.539 0.1000000015
25477  36.079  -57.306  16.011 0.1000000015
26672  35.780  -55.809  16.132 0.1000000015
25489  36.411  -56.723  14.507 0.1000000015
26708  36.666  -55.891  14.012 0.1000000015
25503  38.037  -57.015  13.124 0.1000000015
25487  38.250  -56.338  13.349 0.1000000015
24286  38.874  -57.444  13.003 0.1000000015
25486  39.419  -56.360  13.410 0.2000000030
26705  39.788  -55.519  13.877 0.2000000030
25485  40.556  -56.269  13.694 0.2000000030
24256  42.419  -56.949  14.092 0.2000000030
26694  51.485  -55.510  14.076 0.1000000015
26678  51.518  -56.110  14.555 0.2000000030
25483  51.485  -56.263  14.135 0.2000000030
25465  51.244  -56.827  15.686 0.2000000030
23027  46.163  -58.034  15.059 0.2000000030
27790  50.688  -54.671  14.134 0.1000000015
26695  51.116  -55.367  14.567 0.1000000015
26680  50.872  -55.878  15.380 0.1000000015
25466  50.399  -56.549  15.937 0.1000000015
24235  50.795  -57.927  16.209 0.1000000015
23013  50.774  -58.455  15.881 0.2000000030
21853  46.937  -59.055  15.460 0.3000000119
25458  49.976  -57.176  16.242 0.1000000015
23015  49.497  -58.585  16.357 0.1000000015
21839  49.800  -59.300  16.156 0.3000000119
21852  47.951  -59.670  15.681 0.2000000030
21905  49.196  -59.384  12.847 0.5000000000
21904  49.391  -59.713  13.137 0.5000000000
20679  49.969  -60.098  14.451 0.5000000000
20698  49.654  -60.068  13.637 0.5000000000
21914  49.255  -59.410  11.897 0.5000000000
26660  36.458  -56.114  17.480 0.1000000015
27760  35.820  -54.846  17.058 0.1000000015
27768  35.869  -54.545  15.781 0.1000000015
26692  36.211  -55.559  14.945 0.1000000015
27802  36.884  -54.942  14.111 0.1000000015
27782  36.363  -54.199  14.822 0.1000000015
27801  38.024  -54.760  13.864 0.1000000015
27800  39.143  -54.922  14.149 0.2000000030
26704  40.530  -55.635  14.057 0.2000000030
25475  41.731  -56.151  14.228 0.2000000030
26689  41.893  -55.431  14.631 0.2000000030
25474  42.628  -56.213  14.366 0.2000000030
24255  43.316  -57.033  14.351 0.2000000030
24254  44.248  -57.131  14.683 0.2000000030
28907  50.225  -53.948  13.695 0.1000000015
26681  49.926  -55.804  15.443 0.1000000015
25467  49.332  -56.625  15.881 0.1000000015
24240  46.814  -57.661  15.401 0.1000000015
24253  45.290  -57.216  14.844 0.2000000030
25468  48.314  -56.478  15.574 0.1000000015
24249  48.563  -57.106  15.917 0.1000000015
24237  49.187  -57.653  16.193 0.1000000015
23016  48.548  -58.457  16.210 0.2000000030
21841  47.873  -58.949  15.996 0.2000000030
21842  47.394  -58.632  15.833 0.2000000030
28851  36.212  -53.689  18.547 0.1000000015
27752  36.476  -54.546  18.045 0.1000000015
30026  35.809  -52.144  18.751 0.1000000015
28865  36.103  -53.659  17.551 0.1000000015
30051  35.892  -52.704  17.129 0.1000000015
28899  36.901  -53.187  15.006 0.1000000015
28900  36.209  -53.379  15.586 0.1000000015
27781  37.406  -53.997  14.400 0.1000000015
27780  38.634  -54.095  14.408 0.1000000015
27779  39.976  -54.497  14.506 0.1000000015
26690  40.942  -55.357  14.418 0.2000000030
25473  43.564  -56.286  14.525 0.2000000030
25472  44.571  -56.379  14.722 0.2000000030
30115  49.819  -52.760  13.287 0.1000000015
28909  48.421  -53.530  13.644 0.1000000015
27792  48.956  -54.405  14.068 0.1000000015
26698  48.457  -55.164  14.517 0.1000000015
24252  46.256  -57.194  15.070 0.2000000030
27793  47.971  -54.416  13.865 0.1000000015
26682  48.910  -55.838  15.221 0.1000000015
24250  47.816  -57.077  15.742 0.1000000015
24239  47.449  -57.681  15.738 0.2000000030
31200  35.819  -51.219  18.180 0.1000000015
31225  36.167  -51.316  16.537 0.1000000015
30073  36.724  -51.778  15.829 0.1000000015
28898  38.026  -53.106  14.760 0.1000000015
28897  39.306  -53.269  14.616 0.1000000015
27778  41.199  -54.560  14.710 0.1000000015
28894  42.271  -54.185  14.543 0.1000000015
27777  42.120  -54.698  14.730 0.1000000015
27776  42.876  -54.589  14.394 0.2000000030
26688  42.804  -55.449  14.561 0.2000000030
27775  43.580  -54.630  14.223 0.1000000015
26687  43.846  -55.367  14.438 0.2000000030
30101  47.000  -52.450  13.590 0.1000000015
28911  46.478  -53.392  13.500 0.1000000015
28912  45.481  -53.318  13.566 0.1000000015
27795  45.959  -54.279  13.772 0.1000000015
26701  45.471  -55.038  14.172 0.1000000015
26686  44.986  -55.669  14.573 0.1000000015
30099  48.759  -52.693  13.525 0.1000000015
28910  47.467  -53.467  13.569 0.1000000015
27794  46.966  -54.378  13.729 0.1000000015
26700  46.462  -55.136  14.175 0.1000000015
26685  45.994  -55.841  14.538 0.1000000015
25471  45.592  -56.490  14.832 0.1000000015
26699  47.457  -55.166  14.318 0.1000000015
26684  46.965  -55.858  14.725 0.1000000015
25469  47.434  -56.494  15.270 0.1000000015
32407  36.073  -50.515  16.696 0.1000000015
31224  36.753  -51.111  16.017 0.1000000015
31242  37.676  -50.936  15.716 0.1000000015
30088  38.733  -52.193  14.895 0.1000000015
30087  39.884  -52.390  14.785 0.1000000015
28895  41.689  -53.894  14.648 0.1000000015
31258  44.596  -51.269  13.845 0.1000000015
30105  43.013  -52.335  14.056 0.1000000015
28915  42.481  -53.486  14.247 0.1000000015
32453  46.211  -50.382  14.040 0.1000000015
32454  45.237  -50.353  14.285 0.1000000015
30103  45.024  -52.288  13.513 0.1000000015
30104  43.997  -52.284  13.692 0.1000000015
28914  43.505  -53.301  13.850 0.1000000015
27798  43.253  -54.083  14.059 0.1000000015
31256  46.596  -51.414  13.789 0.1000000015
30102  46.033  -52.355  13.552 0.1000000015
28913  44.482  -53.288  13.643 0.1000000015
27797  44.017  -54.221  13.905 0.1000000015
26703  43.979  -54.801  14.203 0.1000000015
31240  39.539  -51.347  14.940 0.1000000015
32459  40.800  -51.061  14.689 0.1000000015
30107  41.179  -52.142  14.549 0.1000000015
32458  41.222  -50.757  14.575 0.1000000015
31262  41.069  -51.398  14.611 0.1000000015
28916  41.461  -53.014  14.424 0.1000000015
32455  44.208  -50.321  14.422 0.1000000015
31259  43.572  -51.286  14.054 0.1000000015
31260  42.575  -51.313  14.276 0.1000000015
31261  41.677  -51.371  14.440 0.1000000015
30106  42.047  -52.288  14.312 0.1000000015
17184  46.408  -63.203  11.663 0.4000000060
18330  46.512  -62.935  12.282 0.4000000060
19475  45.761  -61.612  12.914 0.4000000060
20757  39.273  -60.193  9.969 0.1000000015
19457  45.308  -60.655  13.439 0.4000000060
19456  46.346  -60.947  13.789 0.4000000060
19460  37.748  -61.906  14.022 0.1000000015
23031  42.373  -57.466  13.870 0.2000000030
20701  42.249  -60.032  12.826 0.2000000030
20700  43.480  -60.211  12.969 0.2000000030
20699  44.281  -60.213  13.201 0.2000000030
21871  44.634  -59.204  13.844 0.3000000119
19458  44.717  -60.405  13.241 0.3000000119
23126  46.592  -58.307  9.022 0.5000000000
20687  37.456  -61.161  14.815 0.1000000015
21875  36.269  -59.538  14.300 0.1000000015
21890  37.894  -58.772  12.367 0.1000000015
21891  36.930  -59.245  12.919 0.1000000015
21888  40.695  -58.817  12.889 0.1000000015
23047  40.913  -57.913  13.337 0.1000000015
20663  48.105  -60.359  15.351 0.4000000060
23102  45.186  -58.635  10.529 0.5000000000
23101  46.182  -58.699  10.508 0.5000000000
24311  44.709  -57.824  11.099 0.5000000000
24309  46.773  -57.603  11.419 0.5000000000
23035  36.075  -58.354  15.337 0.1000000015
23049  35.969  -58.623  14.793 0.1000000015
24272  36.407  -57.682  14.069 0.1000000015
24287  37.835  -57.629  12.953 0.1000000015
25504  37.453  -57.263  13.182 0.1000000015
24271  39.432  -57.051  13.220 0.1000000015
25484  41.310  -56.432  13.905 0.2000000030
25511  51.332  -55.224  12.144 0.2000000030
24266  50.892  -57.469  14.415 0.2000000030
25457  50.684  -57.284  16.224 0.1000000015
25525  49.367  -55.866  12.201 0.2000000030
24282  50.047  -57.506  13.810 0.3000000119
20649  49.923  -59.649  15.843 0.4000000060
25526  48.371  -56.622  12.084 0.5000000000
26734  48.685  -55.585  11.583 0.2000000030
25500  48.928  -57.237  13.303 0.4000000060
23059  49.431  -58.643  13.556 0.5000000000
21869  50.191  -58.634  14.319 0.5000000000
20661  49.366  -60.549  15.510 0.5000000000
21840  48.853  -59.479  16.151 0.3000000119
25545  46.419  -55.998  10.641 0.5000000000
23077  48.606  -58.515  12.620 0.5000000000
26661  35.895  -55.777  16.962 0.1000000015
25462  35.959  -56.717  16.195 0.1000000015
25478  35.989  -56.805  15.450 0.1000000015
25488  37.100  -56.747  13.517 0.1000000015
26707  37.548  -55.672  13.657 0.1000000015
25502  38.811  -56.844  13.225 0.1000000015
26706  38.693  -55.556  13.650 0.2000000030
27799  39.773  -55.056  14.273 0.2000000030
26679  51.456  -55.980  14.996 0.1000000015
26696  50.389  -55.163  14.845 0.1000000015
27751  36.449  -55.410  17.838 0.1000000015
28882  35.937  -53.552  16.523 0.1000000015
26691  40.206  -55.210  14.271 0.2000000030
28925  49.988  -53.403  13.479 0.1000000015
28908  49.417  -53.522  13.622 0.1000000015
27791  49.885  -54.429  14.264 0.1000000015
26697  49.446  -55.120  14.769 0.1000000015
23018  47.092  -58.228  15.617 0.2000000030
26683  47.919  -55.848  14.964 0.1000000015
24238  48.203  -57.709  16.016 0.1000000015
28831  36.102  -53.774  19.634 0.1000000015
29997  35.938  -52.901  19.046 0.1000000015
31178  35.557  -51.254  18.884 0.1000000015
31177  35.841  -51.738  18.264 0.1000000015
30025  35.983  -52.619  18.092 0.1000000015
31199  35.888  -51.474  17.389 0.1000000015
30074  36.238  -52.189  16.156 0.1000000015
30090  36.606  -52.672  15.511 0.1000000015
24251  47.064  -57.119  15.385 0.1000000015
32376  35.780  -50.502  17.359 0.1000000015
30089  37.330  -52.013  15.444 0.1000000015
28896  40.628  -53.372  14.646 0.1000000015
30100  47.928  -52.553  13.711 0.1000000015
27796  44.981  -54.192  13.873 0.1000000015
25470  46.550  -56.526  14.977 0.1000000015
32406  36.611  -50.069  16.135 0.1000000015
31241  38.463  -51.160  15.297 0.1000000015
28917  40.963  -52.763  14.607 0.1000000015
31257  45.616  -51.345  13.862 0.1000000015
31239  40.500  -51.615  14.743 0.1000000015
32428  41.341  -49.939  14.495 0.1000000015
33674  43.791  -49.240  14.593 0.1000000015
33673  44.847  -49.277  14.414 0.1000000015
32456  43.132  -50.271  14.376 0.1000000015
14142  44.920  -65.466  8.073 0.1000000015
14127  45.851  -64.920  8.541 0.1000000015
15128  45.697  -64.475  8.698 0.1000000015
16141  46.167  -64.218  9.456 0.1000000015
16165  44.368  -63.949  8.426 0.1000000015
17273  44.909  -63.313  8.749 0.1000000015
13126  44.248  -66.760  7.838 0.2000000030
17251  44.668  -62.532  9.370 0.1000000015
14141  45.614  -65.575  8.130 0.2000000030
14126  46.259  -65.043  8.712 0.1000000015
13124  45.564  -65.971  7.807 0.2000000030
15126  46.631  -65.078  9.356 0.1000000015
17228  46.303  -63.537  10.417 0.1000000015
13140  45.446  -66.528  7.466 0.2000000030
14140  46.023  -65.445  8.159 0.2000000030
15110  46.743  -64.897  9.844 0.2000000030
14125  46.715  -65.191  8.981 0.2000000030
15109  47.120  -65.147  9.689 0.2000000030
16124  46.603  -64.259  10.166 0.3000000119
16110  47.063  -64.334  10.910 0.3000000119
16123  47.166  -64.719  10.351 0.3000000119
16109  47.628  -64.206  10.883 0.3000000119
14139  46.713  -65.051  8.385 0.2000000030
15125  47.414  -64.676  8.894 0.2000000030
14176  45.788  -65.867  6.934 0.2000000030
16122  47.661  -64.280  9.947 0.2000000030
15159  46.678  -64.710  7.611 0.2000000030
12235  43.799  -68.531  4.095 0.1000000015
13159  45.483  -66.665  6.915 0.2000000030
14158  46.523  -64.981  7.963 0.2000000030
13158  45.670  -66.100  7.357 0.2000000030
16121  48.240  -63.473  10.491 0.3000000119
16107  48.357  -63.456  10.883 0.4000000060
12221  44.187  -68.119  5.255 0.1000000015
13160  45.051  -67.172  6.313 0.1000000015
16162  47.492  -64.038  8.342 0.2000000030
16161  47.734  -63.101  8.709 0.2000000030
12222  43.740  -68.558  4.650 0.1000000015
17249  48.320  -62.669  9.704 0.4000000060
14178  44.981  -66.613  5.933 0.2000000030
15140  47.087  -64.443  7.830 0.2000000030
14177  45.307  -66.165  6.250 0.2000000030
12249  44.309  -68.206  3.566 0.1000000015
13200  44.851  -67.489  3.345 0.2000000030
12234  44.188  -68.094  4.375 0.1000000015
13188  44.585  -67.648  4.009 0.1000000015
15176  46.208  -65.136  6.924 0.2000000030
16188  47.239  -63.993  7.571 0.2000000030
16186  47.704  -62.816  8.175 0.2000000030
17285  48.886  -61.964  8.229 0.4000000060
13172  44.835  -67.056  5.333 0.1000000015
17286  48.175  -62.167  8.190 0.4000000060
18383  49.617  -61.857  9.081 0.4000000060
15177  45.835  -65.424  6.316 0.3000000119
16205  46.678  -64.343  6.548 0.3000000119
14189  45.174  -66.219  5.568 0.2000000030
15205  45.474  -65.899  5.246 0.4000000060
18394  49.520  -62.093  8.062 0.4000000060
19560  50.261  -61.419  9.123 0.4000000060
17306  47.434  -63.185  6.820 0.3000000119
17316  47.038  -63.712  5.776 0.4000000060
16220  46.652  -64.271  5.740 0.3000000119
27808  51.686  -54.294  12.435 0.1000000015
26722  51.615  -54.810  12.325 0.1000000015
19579  50.395  -61.489  8.406 0.4000000060
18415  48.046  -61.632  7.253 0.4000000060
19592  50.185  -61.623  7.495 0.5000000000
18427  47.315  -62.682  5.656 0.4000000060
19595  47.928  -61.419  6.628 0.4000000060
26730  51.663  -54.375  11.418 0.1000000015
26749  51.864  -53.974  10.976 0.1000000015
20786  50.661  -61.047  7.740 0.4000000060
21947  50.665  -60.054  7.270 0.5000000000
20790  49.484  -60.660  6.646 0.5000000000
21943  51.020  -59.763  7.854 0.5000000000
26731  51.185  -54.757  11.239 0.1000000015
25523  51.007  -55.259  11.783 0.1000000015
27857  50.030  -53.693  10.426 0.1000000015
26774  50.504  -54.010  10.520 0.1000000015
26733  49.692  -55.160  11.565 0.1000000015
14143  43.802  -65.916  7.999 0.1000000015
15141  44.887  -64.537  8.286 0.1000000015
17250  45.378  -63.119  9.198 0.1000000015
16164  45.223  -63.908  8.603 0.1000000015
15142  44.090  -64.897  8.259 0.1000000015
16144  43.784  -63.526  8.501 0.1000000015
18375  43.633  -62.122  9.520 0.1000000015
18373  49.068  -61.628  9.920 0.4000000060
12179  43.871  -67.430  7.741 0.1000000015
16139  47.987  -63.238  9.671 0.3000000119
17270  48.826  -61.931  8.738 0.4000000060
17287  47.666  -62.838  7.695 0.3000000119
19593  49.633  -61.529  6.916 0.4000000060
26750  51.377  -54.031  10.706 0.1000000015
26752  50.077  -54.533  10.932 0.1000000015
16167  42.505  -64.208  8.032 0.1000000015
13175  33.997  -67.115  6.008 0.1000000015
14190  34.627  -65.796  5.948 0.1000000015
14214  36.489  -66.330  4.152 0.1000000015
14191  33.840  -65.696  6.524 0.1000000015
13201  36.510  -67.091  4.099 0.1000000015
13176  33.322  -66.672  6.540 0.1000000015
14192  33.193  -65.715  7.064 0.1000000015
15181  31.791  -64.802  8.139 0.1000000015
7047  38.016  -73.810  18.003 0.1000000015
13104  31.528  -69.094  11.644 0.1000000015
14115  30.485  -68.488  10.779 0.1000000015
12237  35.217  -68.245  4.774 0.1000000015
14132  30.209  -67.590  9.929 0.1000000015
13190  34.907  -67.367  5.240 0.1000000015
14148  30.841  -66.433  8.662 0.1000000015
12252  35.923  -68.031  4.235 0.1000000015
14166  31.447  -65.689  8.280 0.1000000015
14226  37.005  -66.355  3.633 0.1000000015
7850  38.103  -73.264  17.712 0.1000000015
6302  38.240  -74.341  17.324 0.1000000015
5582  38.218  -75.073  16.892 0.1000000015
10335  39.057  -70.322  16.893 0.1000000015
9493  38.666  -71.583  17.426 0.1000000015
7064  38.299  -73.693  17.560 0.1000000015
7063  38.782  -73.727  17.304 0.1000000015
4976  37.501  -75.395  15.594 0.1000000015
8699  35.254  -71.351  14.134 0.1000000015
10357  34.248  -69.692  13.009 0.1000000015
12238  34.375  -68.120  5.400 0.1000000015
12223  33.563  -68.328  5.659 0.1000000015
13161  32.694  -66.910  6.769 0.1000000015
12253  35.565  -68.750  4.405 0.1000000015
13211  37.097  -67.356  3.636 0.1000000015
14225  37.462  -66.399  3.108 0.1000000015
6311  38.882  -74.611  16.739 0.1000000015
5597  38.556  -75.201  16.267 0.1000000015
9498  39.325  -70.881  17.123 0.1000000015
8654  39.017  -72.366  17.420 0.1000000015
7076  39.137  -73.954  16.894 0.1000000015
6323  39.070  -74.680  16.433 0.1000000015
4963  38.364  -75.393  16.048 0.1000000015
5635  37.901  -74.807  14.547 0.1000000015
6362  36.801  -74.613  14.303 0.1000000015
7117  36.902  -73.461  13.993 0.1000000015
7902  36.226  -72.488  14.126 0.1000000015
9527  35.866  -70.256  13.422 0.1000000015
148011  32.698  -69.526  11.001 0.1000000015
13130  31.325  -68.239  8.184 0.1000000015
11341  34.545  -68.986  4.914 0.1000000015
11333  32.988  -68.834  5.482 0.1000000015
12224  32.849  -67.802  6.210 0.1000000015
12201  31.272  -68.123  7.280 0.1000000015
13149  31.393  -66.809  7.811 0.1000000015
11357  36.558  -68.764  3.662 0.1000000015
12251  36.726  -67.919  3.824 0.1000000015
5606  39.321  -74.916  15.437 0.1000000015
148273  39.921  -69.432  15.944 0.1000000015
148261  39.896  -70.890  17.002 0.1000000015
9492  39.634  -71.488  17.118 0.1000000015
7848  39.788  -73.130  16.891 0.1000000015
6310  39.509  -74.110  16.500 0.1000000015
6322  39.878  -74.207  16.024 0.1000000015
5621  38.302  -75.102  15.217 0.1000000015
6360  38.681  -74.506  13.823 0.1000000015
7901  37.780  -72.405  14.013 0.1000000015
9538  37.056  -70.609  12.440 0.1000000015
11179  40.046  -70.235  16.485 0.1000000015
148267  40.394  -71.027  16.794 0.1000000015
8653  40.405  -72.153  16.741 0.1000000015
8666  40.430  -72.922  16.655 0.1000000015
7861  40.337  -73.140  16.747 0.1000000015
8698  36.956  -71.236  13.987 0.1000000015
9526  37.561  -70.584  13.287 0.1000000015
9539  35.436  -70.154  12.146 0.1000000015
10364  33.577  -69.593  11.696 0.1000000015
12170  33.042  -70.649  10.257 0.1000000015
13116  31.469  -68.912  8.787 0.1000000015
12154  32.280  -69.435  10.631 0.1000000015
11302  31.111  -69.368  7.160 0.1000000015
13117  31.486  -69.068  9.867 0.1000000015
12225  32.330  -68.081  6.188 0.1000000015
12200  31.267  -68.681  6.667 0.1000000015
11359  35.093  -69.361  4.328 0.1000000015
11358  35.904  -69.196  4.081 0.1000000015
12262  37.327  -68.188  3.256 0.1000000015
11374  37.976  -68.860  2.855 0.1000000015
11375  37.053  -69.311  3.034 0.1000000015
5619  39.584  -74.801  15.025 0.1000000015
5633  39.034  -74.888  14.385 0.1000000015
148280  40.330  -69.114  15.499 0.1000000015
148272  41.395  -69.335  15.423 0.1000000015
148271  41.712  -70.463  15.853 0.1000000015
148254  41.599  -71.736  16.440 0.1000000015
7860  41.043  -72.886  16.368 0.1000000015
7084  40.211  -73.752  16.223 0.1000000015
6335  39.954  -74.536  15.387 0.1000000015
7116  38.076  -73.601  13.844 0.1000000015
8710  38.781  -71.148  12.532 0.1000000015
148265  40.652  -69.557  15.785 0.1000000015
8711  38.015  -70.839  12.231 0.1000000015
9551  36.263  -71.304  11.816 0.1000000015
9552  34.831  -71.533  11.140 0.1000000015
12169  32.041  -70.488  8.102 0.1000000015
10480  33.228  -69.970  4.435 0.1000000015
9650  32.624  -70.364  4.644 0.1000000015
10468  32.289  -69.677  5.113 0.1000000015
9637  31.715  -70.174  5.482 0.1000000015
12181  31.251  -69.054  7.699 0.1000000015
10489  33.794  -70.612  3.925 0.1000000015
11320  31.509  -68.920  6.125 0.1000000015
11360  34.116  -69.639  4.296 0.1000000015
10488  34.600  -70.255  3.705 0.1000000015
10487  35.484  -70.027  3.647 0.1000000015
10501  38.664  -69.406  2.344 0.1000000015
148295  42.068  -67.903  15.067 0.1000000015
13047  41.335  -67.666  14.846 0.1000000015
148294  40.845  -68.538  14.980 0.1000000015
148268  42.410  -70.290  15.652 0.1000000015
148253  41.790  -71.927  16.491 0.1000000015
6358  39.736  -74.444  13.729 0.1000000015
148279  41.713  -68.771  15.129 0.1000000015
8664  41.724  -72.193  16.423 0.1000000015
7092  40.957  -73.446  15.814 0.1000000015
6348  40.038  -74.559  14.573 0.1000000015
6359  39.108  -74.531  13.551 0.1000000015
6370  39.289  -74.169  12.967 0.1000000015
8709  39.619  -71.827  12.434 0.1000000015
6369  39.543  -74.044  12.703 0.1000000015
7922  38.762  -73.037  11.475 0.1000000015
8720  37.736  -71.811  11.744 0.1000000015
8721  36.206  -72.568  11.365 0.1000000015
6407  34.042  -72.425  10.325 0.1000000015
9636  32.137  -71.132  5.094 0.1000000015
148010  31.727  -71.535  6.734 0.1000000015
9649  33.130  -71.205  4.342 0.1000000015
9635  32.770  -71.814  4.725 0.1000000015
9657  34.305  -71.416  3.538 0.1000000015
10504  35.836  -70.537  2.911 0.1000000015
11376  36.302  -69.757  3.444 0.1000000015
10503  36.783  -70.351  2.926 0.1000000015
10502  37.825  -70.019  2.876 0.1000000015
7101  41.860  -72.746  14.980 0.1000000015
7113  41.674  -72.980  13.849 0.1000000015
148286  42.188  -68.659  15.155 0.1000000015
148270  42.741  -69.885  15.473 0.1000000015
148255  42.848  -70.691  15.865 0.1000000015
7091  41.404  -73.101  15.547 0.1000000015
6367  40.853  -73.421  13.270 0.1000000015
6368  40.172  -73.454  12.714 0.1000000015
148278  41.971  -69.260  15.301 0.1000000015
7871  41.705  -72.531  15.872 0.1000000015
6346  41.148  -73.630  15.120 0.1000000015
7138  38.944  -73.791  11.427 0.1000000015
7923  37.133  -73.700  11.236 0.1000000015
7127  39.396  -73.976  12.391 0.1000000015
7139  38.959  -73.921  11.636 0.1000000015
6417  33.409  -72.924  9.152 0.1000000015
7184  32.428  -72.962  6.973 0.1000000015
148009  32.713  -72.678  8.043 0.1000000015
8793  32.589  -72.275  5.132 0.1000000015
9623  31.678  -71.555  5.935 0.1000000015
8807  33.412  -72.455  4.600 0.1000000015
8821  33.733  -71.823  4.020 0.1000000015
9656  35.000  -70.801  3.107 0.1000000015
9510  43.706  -70.769  15.379 0.1000000015
148275  43.362  -69.158  15.268 0.1000000015
10334  43.501  -70.764  15.693 0.1000000015
9511  43.272  -71.359  15.317 0.1000000015
8680  42.693  -71.912  15.100 0.1000000015
7123  42.134  -72.551  13.113 0.1000000015
148292  42.501  -66.544  15.731 0.1000000015
148293  43.156  -67.050  15.492 0.1000000015
11178  43.419  -70.558  15.636 0.1000000015
8674  42.512  -71.866  15.735 0.1000000015
7870  42.186  -72.300  15.543 0.1000000015
7124  41.391  -72.936  13.026 0.1000000015
7125  40.873  -73.035  12.579 0.1000000015
7137  39.089  -73.477  11.325 0.1000000015
6375  39.563  -73.407  11.871 0.1000000015
7141  37.411  -74.645  10.993 0.1000000015
148008  35.271  -74.088  10.260 0.1000000015
6418  33.239  -74.062  7.797 0.1000000015
8783  31.976  -72.403  6.151 0.1000000015
8820  34.195  -72.565  3.899 0.1000000015
8832  34.877  -72.395  2.937 0.1000000015
12088  44.328  -67.749  15.298 0.1000000015
9515  43.837  -70.821  14.902 0.1000000015
7898  42.457  -72.059  13.729 0.1000000015
148269  43.373  -69.860  15.402 0.1000000015
8686  42.780  -71.607  14.257 0.1000000015
7135  41.343  -72.870  11.778 0.1000000015
7148  40.724  -73.212  11.123 0.1000000015
6383  39.388  -73.370  10.835 0.1000000015
6394  38.997  -73.470  10.099 0.1000000015
6387  37.504  -75.150  10.568 0.1000000015
7153  36.715  -74.741  10.717 0.1000000015
148004  34.962  -75.318  9.532 0.1000000015
5661  34.230  -75.221  8.638 0.1000000015
6419  33.021  -74.168  6.884 0.1000000015
7208  34.165  -74.213  5.789 0.1000000015
7198  32.688  -73.456  6.351 0.1000000015
7221  34.140  -73.916  5.336 0.1000000015
7209  33.712  -73.799  5.550 0.1000000015
7988  33.030  -73.227  5.472 0.1000000015
7997  34.467  -73.397  4.332 0.1000000015
8030  35.660  -73.111  2.830 0.1000000015
7252  38.801  -73.911  2.622 0.1000000015
10340  44.014  -69.873  15.252 0.1000000015
10345  44.270  -70.189  14.996 0.1000000015
8695  42.869  -71.432  13.367 0.1000000015
7134  41.888  -72.665  12.292 0.1000000015
7934  41.800  -72.766  11.034 0.1000000015
6392  40.134  -73.429  10.129 0.1000000015
6397  37.677  -75.317  9.724 0.1000000015
5645  36.543  -75.281  9.958 0.1000000015
5652  35.617  -75.362  9.058 0.1000000015
6428  34.416  -75.068  6.507 0.1000000015
5662  33.620  -75.051  7.766 0.1000000015
6429  33.644  -74.840  6.836 0.1000000015
7219  35.524  -74.598  4.434 0.1000000015
7239  35.806  -74.276  3.745 0.1000000015
8013  36.290  -73.888  3.119 0.1000000015
7235  39.177  -74.412  3.278 0.1000000015
7232  40.784  -72.699  3.752 0.1000000015
10344  44.633  -69.443  14.998 0.1000000015
10339  44.547  -69.304  15.141 0.1000000015
10350  44.173  -70.204  14.413 0.1000000015
8708  43.036  -71.328  12.657 0.1000000015
8733  42.799  -71.756  11.045 0.1000000015
7933  42.421  -72.356  10.996 0.1000000015
9524  43.309  -70.966  13.798 0.1000000015
7909  42.655  -71.830  12.729 0.1000000015
7169  40.705  -73.392  9.550 0.1000000015
7162  39.328  -73.527  9.761 0.1000000015
6404  38.390  -74.133  9.522 0.1000000015
6406  36.756  -74.912  8.956 0.1000000015
6416  36.068  -74.606  7.877 0.1000000015
5660  35.396  -75.184  7.746 0.1000000015
10453  40.064  -70.431  5.936 0.1000000015
9620  39.104  -71.456  5.775 0.1000000015
8780  39.315  -72.437  5.548 0.1000000015
6425  38.044  -74.314  5.650 0.1000000015
5678  37.155  -74.852  5.624 0.1000000015
5670  35.712  -74.887  6.683 0.1000000015
5671  34.765  -75.229  7.024 0.1000000015
7976  39.470  -73.192  5.468 0.1000000015
7193  38.948  -73.891  5.731 0.1000000015
5680  35.556  -75.023  6.216 0.1000000015
10438  41.086  -69.904  6.326 0.1000000015
10452  41.263  -70.666  6.028 0.1000000015
9619  40.351  -71.617  5.628 0.1000000015
7206  39.570  -73.669  5.231 0.1000000015
6450  37.112  -75.360  4.628 0.1000000015
6452  35.239  -74.999  5.149 0.1000000015
11296  41.586  -69.111  6.646 0.1000000015
10437  41.993  -69.959  6.556 0.1000000015
7974  40.564  -72.697  5.211 0.1000000015
6464  36.807  -75.045  3.996 0.1000000015
7205  40.337  -73.253  4.821 0.1000000015
7237  37.234  -74.471  3.329 0.1000000015
10450  42.956  -70.239  5.932 0.1000000015
7216  40.519  -73.145  4.295 0.1000000015
8805  41.744  -71.300  4.481 0.1000000015
11203  45.196  -69.032  14.269 0.1000000015
10349  44.688  -69.568  14.611 0.1000000015
10354  44.604  -69.597  13.765 0.1000000015
10361  44.215  -69.818  12.719 0.1000000015
9535  43.438  -70.838  12.356 0.1000000015
10355  43.895  -70.329  13.586 0.1000000015
9550  43.413  -70.912  11.710 0.1000000015
7941  42.277  -72.217  10.375 0.1000000015
7942  41.667  -72.685  10.148 0.1000000015
7953  40.949  -73.145  9.352 0.1000000015
7171  39.208  -73.657  9.321 0.1000000015
6405  37.879  -74.764  9.093 0.1000000015
7172  38.085  -73.911  9.168 0.1000000015
7174  36.404  -74.315  8.240 0.1000000015
7966  36.624  -73.333  7.175 0.1000000015
7194  37.702  -73.816  5.968 0.1000000015
6426  36.722  -74.312  6.484 0.1000000015
11316  39.311  -69.794  6.264 0.1000000015
11295  42.646  -69.069  6.871 0.1000000015
11202  45.648  -68.366  14.643 0.1000000015
9565  43.424  -70.766  11.149 0.1000000015
9574  43.093  -71.093  10.574 0.1000000015
9549  43.812  -70.254  11.842 0.1000000015
8743  43.030  -71.361  10.922 0.1000000015
8745  42.170  -71.971  9.904 0.1000000015
8754  41.673  -72.357  9.592 0.1000000015
8755  41.208  -72.380  9.113 0.1000000015
7954  39.885  -73.348  8.847 0.1000000015
7173  37.047  -74.091  8.630 0.1000000015
7956  37.501  -73.365  8.786 0.1000000015
7957  36.683  -73.321  8.095 0.1000000015
10454  38.724  -70.539  6.105 0.1000000015
10455  37.623  -70.452  6.452 0.1000000015
8769  36.572  -72.527  7.326 0.1000000015
12196  39.760  -68.204  6.792 0.1000000015
11317  38.343  -69.737  6.381 0.1000000015
7195  36.837  -73.713  6.627 0.1000000015
12195  41.014  -68.181  6.787 0.1000000015
11297  40.281  -69.260  6.534 0.1000000015
10360  44.757  -69.137  12.439 0.1000000015
10378  44.386  -69.424  11.938 0.1000000015
10392  44.034  -69.752  11.343 0.1000000015
9575  42.666  -71.261  10.065 0.1000000015
8746  41.667  -71.918  9.426 0.1000000015
9577  40.985  -71.415  9.174 0.1000000015
8756  40.376  -72.619  8.800 0.1000000015
8757  39.227  -72.641  8.770 0.1000000015
7955  38.676  -73.326  8.972 0.1000000015
8759  36.788  -72.539  8.595 0.1000000015
9595  36.586  -71.782  8.765 0.1000000015
9622  36.739  -71.247  6.858 0.1000000015
13127  43.385  -66.973  7.734 0.1000000015
11234  44.591  -69.008  11.816 0.1000000015
11245  43.637  -69.340  10.830 0.1000000015
11261  43.360  -70.174  10.620 0.1000000015
11262  42.902  -69.962  10.376 0.1000000015
10404  42.441  -70.578  9.938 0.1000000015
9576  42.001  -71.295  9.583 0.1000000015
9592  39.850  -71.676  8.854 0.1000000015
8758  37.928  -72.650  9.013 0.1000000015
9606  36.246  -71.641  8.071 0.1000000015
10439  36.493  -70.489  7.779 0.1000000015
11298  39.053  -69.001  6.472 0.1000000015
11299  37.986  -69.007  6.741 0.1000000015
13128  42.630  -66.746  7.431 0.1000000015
11263  42.029  -69.720  10.093 0.1000000015
10405  41.486  -70.456  9.654 0.1000000015
10406  40.381  -70.328  9.216 0.1000000015
9578  40.269  -71.056  8.996 0.1000000015
10420  39.749  -70.800  8.926 0.1000000015
9593  38.424  -71.779  8.978 0.1000000015
9594  37.163  -71.847  9.253 0.1000000015
14160  41.614  -66.009  6.869 0.1000000015
13144  40.364  -67.227  6.908 0.1000000015
11319  37.128  -69.725  7.031 0.1000000015
14145  42.247  -66.083  7.164 0.1000000015
11264  40.962  -69.233  9.698 0.1000000015
11265  39.725  -69.259  9.314 0.1000000015
12167  37.877  -68.711  9.422 0.1000000015
11266  38.593  -69.397  9.322 0.1000000015
10407  39.281  -70.129  9.101 0.1000000015
12168  37.058  -68.918  9.137 0.1000000015
10422  37.648  -70.827  9.287 0.1000000015
11279  36.965  -70.188  9.193 0.1000000015
14161  40.770  -66.213  6.886 0.1000000015
14162  39.648  -66.412  7.130 0.1000000015
13145  39.187  -67.345  7.086 0.1000000015
12198  37.705  -68.294  7.221 0.1000000015
15144  42.161  -65.144  7.538 0.1000000015
12197  38.619  -68.198  6.875 0.1000000015
14131  37.586  -67.384  9.062 0.1000000015
11267  37.577  -69.701  9.359 0.1000000015
13129  37.070  -68.004  8.832 0.1000000015
11268  36.958  -69.632  9.179 0.1000000015
13146  38.151  -67.429  7.181 0.1000000015
12199  37.162  -68.314  7.737 0.1000000015
11280  36.633  -69.722  8.628 0.1000000015
11300  37.097  -69.333  7.449 0.1000000015
9528  33.892  -70.622  13.686 0.1000000015
14205  35.176  -66.322  5.283 0.1000000015
13131  30.845  -67.913  9.037 0.1000000015
13189  35.521  -67.205  4.699 0.1000000015
12215  31.802  -67.190  7.339 0.1000000015
13162  32.318  -66.697  7.271 0.1000000015
14193  32.831  -65.501  7.396 0.1000000015
14181  31.853  -65.840  7.957 0.1000000015
10358  32.123  -69.997  13.253 0.1000000015
14149  30.432  -67.033  9.216 0.1000000015
7849  39.125  -73.114  17.362 0.1000000015
12214  32.029  -67.837  6.583 0.1000000015
7062  39.575  -73.459  16.836 0.1000000015
5607  38.666  -75.228  15.703 0.1000000015
6361  38.109  -74.428  14.138 0.1000000015
5636  37.475  -74.826  14.566 0.1000000015
5634  38.440  -74.812  14.417 0.1000000015
11342  33.642  -69.022  5.066 0.1000000015
11334  32.199  -68.620  5.847 0.1000000015
7115  39.188  -73.863  13.195 0.1000000015
7900  39.341  -72.572  13.359 0.1000000015
8697  38.476  -71.331  13.498 0.1000000015
8665  40.944  -72.616  16.624 0.1000000015
10440  31.321  -70.401  6.691 0.1000000015
6334  40.629  -73.850  15.653 0.1000000015
7872  41.275  -72.940  16.154 0.1000000015
7083  40.847  -73.347  16.017 0.1000000015
9624  31.505  -70.732  5.893 0.1000000015
148256  42.251  -71.463  16.191 0.1000000015
6357  40.523  -74.050  13.846 0.1000000015
7911  39.811  -73.259  12.132 0.1000000015
9671  36.380  -71.305  2.725 0.1000000015
7890  42.348  -72.271  14.620 0.1000000015
7102  41.579  -73.150  14.675 0.1000000015
148276  42.704  -68.784  15.216 0.1000000015
148259  43.170  -71.064  15.966 0.1000000015
8663  42.482  -71.655  16.074 0.1000000015
7126  39.403  -73.768  11.900 0.1000000015
7150  38.763  -73.827  10.870 0.1000000015
7152  38.344  -74.415  10.915 0.1000000015
8806  33.964  -73.033  4.386 0.1000000015
9672  35.459  -71.473  2.766 0.1000000015
9497  43.396  -70.939  15.966 0.1000000015
6374  39.992  -73.000  11.453 0.1000000015
6386  38.342  -74.985  10.468 0.1000000015
7998  33.880  -73.498  4.915 0.1000000015
8014  35.489  -73.589  3.421 0.1000000015
8029  36.553  -73.029  2.727 0.1000000015
9523  43.725  -70.724  14.314 0.1000000015
7147  41.312  -73.076  10.711 0.1000000015
6396  38.487  -74.840  9.736 0.1000000015
7197  33.230  -73.971  6.244 0.1000000015
6453  34.719  -74.643  5.649 0.1000000015
8012  37.086  -73.678  2.884 0.1000000015
7253  37.891  -73.862  2.775 0.1000000015
7251  39.563  -73.641  2.791 0.1000000015
7920  42.034  -72.648  11.605 0.1000000015
7233  40.485  -73.038  3.730 0.1000000015
7236  38.288  -74.718  3.109 0.1000000015
6460  39.487  -74.062  4.051 0.1000000015
7995  41.170  -72.338  4.371 0.1000000015
7918  42.860  -71.642  11.989 0.1000000015
7977  38.481  -73.198  5.676 0.1000000015
6437  37.819  -74.865  5.406 0.1000000015
5685  36.581  -75.264  5.169 0.1000000015
6439  35.856  -75.062  5.505 0.1000000015
5669  36.378  -74.736  6.290 0.1000000015
6415  36.364  -74.319  7.451 0.1000000015
8779  40.079  -72.577  5.483 0.1000000015
6436  38.710  -74.412  5.262 0.1000000015
9618  41.416  -71.313  5.697 0.1000000015
6463  37.721  -75.222  3.868 0.1000000015
6462  38.678  -74.981  3.890 0.1000000015
6435  39.330  -74.124  4.844 0.1000000015
12194  42.210  -68.199  7.075 0.1000000015
7985  41.165  -72.240  4.796 0.1000000015
9633  42.304  -70.874  5.243 0.1000000015
8791  41.565  -71.615  4.896 0.1000000015
7182  36.490  -73.943  7.585 0.1000000015
9621  37.892  -71.356  6.148 0.1000000015
8782  37.216  -72.125  6.393 0.1000000015
7978  37.265  -73.049  6.314 0.1000000015
13143  41.759  -67.031  6.924 0.1000000015
10408  38.371  -70.201  9.286 0.1000000015
19594  48.705  -61.271  6.813 0.4000000060
17326  46.990  -63.442  5.049 0.3000000119
19600  47.558  -61.427  5.742 0.3000000119
19599  48.163  -61.033  6.349 0.4000000060
20791  48.632  -60.526  6.520 0.4000000060
19606  47.188  -62.119  5.182 0.3000000119
20794  48.074  -60.514  5.974 0.4000000060
16299  44.651  -64.527  -1.604 0.1000000015
15252  45.029  -64.670  -0.988 0.1000000015
15244  43.707  -64.935  -0.210 0.2000000030
24405  45.757  -57.419  5.573 0.4000000060
17317  46.683  -64.177  5.132 0.3000000119
17331  42.098  -64.259  4.301 0.4000000060
15245  42.705  -65.292  0.266 0.2000000030
18439  42.480  -63.412  5.073 0.4000000060
17410  44.379  -64.312  -1.803 0.1000000015
16282  42.723  -64.668  0.503 0.3000000119
19610  42.926  -62.421  5.554 0.4000000060
21962  43.973  -60.180  5.414 0.4000000060
21959  44.758  -59.624  5.579 0.4000000060
17398  44.532  -63.508  -1.464 0.1000000015
25603  45.593  -57.012  6.721 0.5000000000
16280  44.631  -64.434  -0.022 0.2000000030
16273  42.390  -64.416  0.945 0.3000000119
17339  41.719  -64.063  3.153 0.3000000119
20807  43.257  -61.159  5.634 0.4000000060
24365  45.660  -57.675  7.649 0.4000000060
23127  45.650  -58.224  8.715 0.4000000060
19602  42.321  -62.235  5.652 0.4000000060
21960  43.949  -59.454  5.468 0.4000000060
24392  43.927  -58.266  5.704 0.4000000060
24390  45.160  -57.969  5.741 0.5000000000
17397  45.396  -62.951  -1.049 0.2000000030
16298  45.271  -64.082  -1.215 0.2000000030
16290  45.328  -64.285  -0.542 0.2000000030
17378  43.511  -63.853  0.621 0.2000000030
16291  44.820  -64.703  -0.446 0.2000000030
18440  41.463  -62.949  4.313 0.3000000119
20800  42.304  -61.413  5.688 0.4000000060
17350  42.134  -63.636  1.767 0.3000000119
18429  41.503  -62.329  5.123 0.4000000060
21963  43.076  -59.815  5.449 0.4000000060
25615  45.022  -56.693  5.999 0.5000000000
25604  44.459  -57.030  6.565 0.5000000000
23137  45.193  -58.215  8.051 0.4000000060
19603  41.888  -61.970  5.658 0.4000000060
23161  43.536  -58.846  5.380 0.4000000060
25631  44.630  -57.174  5.791 0.5000000000
26804  43.872  -57.139  6.687 0.5000000000
24366  44.372  -57.806  7.766 0.4000000060
16289  45.942  -63.343  -0.220 0.2000000030
17377  44.111  -63.767  0.566 0.2000000030
17363  42.451  -63.838  1.179 0.4000000060
17362  43.134  -63.503  0.971 0.2000000030
18448  42.758  -62.752  1.653 0.4000000060
18443  41.615  -63.024  2.791 0.3000000119
25632  43.653  -57.513  5.768 0.5000000000
25586  43.921  -57.295  7.124 0.5000000000
24351  43.918  -58.046  8.723 0.4000000060
23115  44.975  -58.666  9.564 0.4000000060
18449  42.066  -62.877  2.117 0.4000000060
19612  41.145  -61.921  4.577 0.4000000060
20808  42.197  -60.722  5.551 0.4000000060
26824  43.303  -57.258  6.084 0.5000000000
16279  45.725  -63.673  0.012 0.2000000030
17387  46.297  -62.621  -0.190 0.2000000030
17360  45.037  -62.999  0.918 0.2000000030
23104  43.693  -58.437  10.250 0.4000000060
18465  44.126  -62.657  1.151 0.2000000030
19611  41.204  -62.235  3.986 0.3000000119
20809  41.105  -60.947  5.171 0.4000000060
23173  42.626  -58.877  5.064 0.4000000060
18476  45.783  -62.557  0.729 0.2000000030
18466  43.438  -62.771  1.314 0.3000000119
23103  44.348  -58.633  10.301 0.4000000060
19614  41.235  -62.324  3.289 0.3000000119
25633  42.710  -57.505  5.318 0.5000000000
26805  43.297  -57.273  6.923 0.5000000000
24310  45.809  -57.659  11.187 0.4000000060
17396  45.933  -62.431  -0.618 0.2000000030
17375  46.280  -62.898  0.066 0.2000000030
20816  40.618  -61.175  4.226 0.4000000060
21964  41.879  -59.852  5.196 0.4000000060
25587  43.024  -57.614  7.940 0.5000000000
24337  42.978  -58.070  9.569 0.4000000060
18496  46.132  -61.755  -0.672 0.2000000030
18475  46.227  -62.443  0.471 0.2000000030
18464  45.202  -62.506  0.992 0.2000000030
19634  43.679  -62.171  1.473 0.2000000030
19621  41.210  -61.618  2.953 0.4000000060
25634  41.797  -57.494  5.188 0.5000000000
26814  42.865  -57.286  6.470 0.5000000000
19674  45.068  -61.196  -1.094 0.2000000030
19620  41.938  -62.029  2.294 0.4000000060
19615  41.005  -61.704  3.712 0.3000000119
24409  42.209  -58.044  4.976 0.5000000000
25617  43.091  -57.357  5.791 0.5000000000
24352  43.198  -57.902  8.793 0.5000000000
19673  45.886  -61.164  -1.026 0.2000000030
26756  45.700  -55.311  10.296 0.4000000060
26755  46.842  -55.154  10.387 0.2000000030
25529  45.139  -56.904  11.108 0.4000000060
24312  43.481  -57.470  11.189 0.4000000060
17386  46.718  -62.533  0.041 0.2000000030
19619  43.077  -61.669  1.772 0.4000000060
25571  42.088  -57.465  8.977 0.4000000060
24313  42.468  -57.248  11.114 0.4000000060
18486  46.487  -61.903  -0.311 0.2000000030
18463  46.026  -61.979  1.027 0.2000000030
19633  44.598  -61.797  1.309 0.2000000030
18462  46.769  -61.729  0.544 0.2000000030
26736  44.147  -55.852  10.899 0.4000000060
25531  42.890  -56.499  11.340 0.4000000060
21965  40.759  -59.900  5.027 0.3000000119
26826  41.666  -57.345  6.066 0.5000000000
25588  41.800  -57.344  8.121 0.5000000000
24314  41.963  -57.029  10.865 0.4000000060
20810  40.365  -60.563  4.615 0.3000000119
23174  41.514  -58.925  5.157 0.4000000060
20831  41.574  -60.944  2.473 0.4000000060
26827  41.191  -57.352  6.156 0.5000000000
19631  46.621  -61.247  1.068 0.2000000030
26737  43.402  -55.532  11.022 0.4000000060
25572  41.354  -56.939  8.797 0.5000000000
25589  41.273  -56.959  8.279 0.5000000000
23175  40.398  -59.048  5.050 0.4000000060
24410  41.108  -58.050  5.095 0.5000000000
26807  41.141  -56.992  7.647 0.5000000000
24394  40.553  -57.826  5.528 0.5000000000
24411  40.048  -58.354  5.174 0.5000000000
20795  47.512  -60.418  5.592 0.4000000060
20798  45.464  -60.167  5.547 0.4000000060
25546  45.448  -56.139  10.746 0.4000000060
25530  44.067  -56.626  11.205 0.4000000060
26816  40.911  -57.137  6.630 0.5000000000
16249  45.354  -64.726  3.527 0.3000000119
17336  45.720  -64.159  3.836 0.3000000119
18436  45.978  -62.723  4.550 0.2000000030
19607  46.649  -61.642  4.969 0.2000000030
13217  44.174  -67.309  2.037 0.2000000030
15216  44.859  -65.316  3.198 0.3000000119
16250  44.401  -64.733  3.836 0.3000000119
17329  44.363  -64.059  4.331 0.3000000119
14224  43.141  -66.437  2.342 0.2000000030
15228  42.367  -65.962  2.550 0.2000000030
15218  43.015  -65.580  3.184 0.2000000030
15254  43.181  -65.593  -0.355 0.2000000030
20908  45.370  -60.500  -1.554 0.1000000015
20931  44.771  -60.204  -2.478 0.1000000015
24490  44.832  -57.552  0.518 0.1000000015
13187  45.038  -66.977  4.148 0.1000000015
16236  46.341  -64.785  4.559 0.2000000030
17327  46.321  -63.789  4.432 0.2000000030
14221  45.418  -66.215  3.043 0.2000000030
16248  46.164  -64.693  3.747 0.2000000030
11354  43.989  -68.613  2.960 0.1000000015
12259  43.870  -68.268  2.171 0.1000000015
13209  44.813  -67.048  2.657 0.2000000030
11370  43.969  -68.413  2.513 0.1000000015
11381  43.095  -68.843  1.534 0.1000000015
18497  45.577  -61.957  -0.854 0.1000000015
20850  46.935  -60.439  0.955 0.1000000015
22017  45.615  -59.587  1.322 0.1000000015
22018  44.656  -59.520  1.603 0.1000000015
23235  43.769  -58.972  1.577 0.1000000015
22015  47.041  -59.705  0.623 0.1000000015
23234  45.054  -58.757  1.327 0.1000000015
23236  42.655  -58.686  1.727 0.1000000015
24462  45.475  -57.994  0.963 0.1000000015
24464  43.212  -58.182  1.229 0.1000000015
24466  40.953  -57.969  1.275 0.1000000015
24493  41.540  -57.701  0.546 0.1000000015
24494  40.670  -57.452  0.597 0.1000000015
13199  45.234  -66.766  3.278 0.2000000030
12258  44.428  -67.986  2.567 0.1000000015
20830  42.523  -60.927  1.901 0.1000000015
20817  40.010  -60.651  3.941 0.3000000119
19646  47.214  -61.402  0.142 0.1000000015
19630  47.205  -60.988  0.641 0.1000000015
19632  45.647  -61.466  1.248 0.1000000015
20829  43.569  -60.759  1.763 0.1000000015
21994  42.158  -60.058  2.074 0.2000000030
21996  40.061  -60.008  2.851 0.3000000119
21967  39.242  -59.300  4.301 0.3000000119
24412  39.127  -58.278  4.886 0.3000000119
20930  45.648  -60.014  -2.005 0.1000000015
20890  47.214  -60.627  -0.224 0.1000000015
21992  43.889  -59.895  1.728 0.1000000015
23211  42.814  -59.379  1.804 0.1000000015
21995  41.160  -60.021  2.543 0.2000000030
23215  39.183  -58.859  3.350 0.3000000119
24442  41.903  -58.428  2.101 0.1000000015
24444  40.209  -58.390  1.869 0.2000000030
24426  38.780  -58.273  3.918 0.3000000119
24445  38.924  -57.667  2.433 0.2000000030
24427  38.241  -57.323  3.616 0.4000000060
24467  39.882  -57.468  1.203 0.1000000015
25659  38.610  -56.682  1.634 0.3000000119
12178  44.287  -67.626  7.692 0.1000000015
12191  44.625  -68.394  6.978 0.1000000015
26795  40.171  -56.241  8.347 0.4000000060
25606  40.459  -57.131  6.261 0.4000000060
23176  39.571  -58.960  4.697 0.3000000119
24395  39.659  -57.818  5.483 0.4000000060
25607  39.644  -56.846  6.241 0.4000000060
25622  38.370  -56.926  5.502 0.4000000060
26819  38.192  -55.971  6.260 0.4000000060
24413  38.488  -57.576  4.653 0.4000000060
25636  38.025  -56.661  4.437 0.5000000000
24446  38.117  -56.958  2.873 0.3000000119
25647  37.748  -56.392  3.387 0.5000000000
25700  40.035  -56.755  0.248 0.2000000030
25660  37.999  -56.184  2.201 0.4000000060
25721  41.371  -56.546  -0.774 0.1000000015
25722  40.521  -56.231  -0.472 0.1000000015
25701  39.240  -56.004  0.346 0.2000000030
25676  38.843  -56.412  0.986 0.2000000030
25742  43.164  -56.097  -1.567 0.1000000015
25720  42.413  -56.566  -1.073 0.1000000015
26907  39.453  -55.250  -0.125 0.2000000030
25741  44.117  -56.225  -1.638 0.1000000015
26922  42.227  -55.394  -1.659 0.1000000015
25560  40.676  -56.465  9.782 0.4000000060
25548  41.610  -56.923  10.459 0.3000000119
26779  40.217  -56.158  9.435 0.4000000060
26809  39.379  -55.933  7.285 0.4000000060
26808  40.210  -56.453  7.425 0.4000000060
26818  39.129  -56.269  6.609 0.4000000060
27878  39.609  -55.801  8.338 0.4000000060
26828  37.724  -56.030  5.227 0.4000000060
26820  37.533  -55.404  5.756 0.4000000060
27891  37.679  -55.241  6.274 0.4000000060
26829  37.300  -55.137  4.952 0.5000000000
26834  37.159  -54.886  4.013 0.4000000060
26891  38.531  -55.353  1.043 0.3000000119
25677  38.379  -55.996  1.292 0.4000000060
26846  37.231  -55.207  3.039 0.4000000060
27977  41.383  -54.054  -1.388 0.2000000030
27978  40.751  -54.680  -1.088 0.2000000030
26890  39.014  -55.035  0.542 0.2000000030
27976  42.608  -54.329  -1.982 0.1000000015
26760  40.027  -55.698  10.623 0.4000000060
26759  40.545  -56.060  11.097 0.4000000060
27862  38.850  -54.651  9.306 0.4000000060
27880  38.041  -54.130  8.163 0.4000000060
27887  38.110  -55.027  7.007 0.4000000060
27892  37.160  -54.432  5.841 0.4000000060
27888  37.375  -53.909  7.020 0.4000000060
27895  36.912  -54.251  4.549 0.3000000119
27916  37.622  -54.013  2.554 0.4000000060
27903  36.962  -54.270  3.739 0.4000000060
27956  39.366  -54.124  0.826 0.3000000119
26875  38.644  -54.668  1.289 0.3000000119
26860  37.917  -54.767  1.944 0.4000000060
29101  42.274  -53.295  -1.607 0.2000000030
30326  41.835  -52.659  -0.433 0.2000000030
27964  40.524  -53.912  -0.641 0.2000000030
27965  39.633  -54.365  -0.058 0.2000000030
28012  45.923  -54.866  -4.333 0.1000000015
28000  46.129  -55.061  -3.931 0.1000000015
28001  45.866  -54.721  -3.701 0.1000000015
27820  42.831  -54.664  11.049 0.3000000119
27822  40.621  -54.507  11.374 0.4000000060
27821  41.692  -54.556  11.413 0.3000000119
28965  39.457  -54.206  10.702 0.4000000060
30172  38.192  -52.333  10.221 0.4000000060
28966  38.845  -53.597  10.197 0.4000000060
29003  37.854  -53.530  8.789 0.4000000060
27863  38.249  -53.905  9.063 0.4000000060
29009  37.155  -52.981  7.165 0.4000000060
27881  37.431  -53.579  7.683 0.4000000060
29025  36.835  -53.023  4.687 0.4000000060
29015  36.962  -53.077  6.035 0.3000000119
26844  40.859  -54.825  2.983 0.3000000119
27914  40.015  -53.994  2.845 0.3000000119
27900  39.267  -53.278  3.255 0.3000000119
27901  38.094  -53.175  2.980 0.3000000119
29037  37.411  -52.923  3.634 0.3000000119
30312  43.629  -52.461  0.211 0.2000000030
30313  42.671  -52.437  -0.009 0.2000000030
27940  42.020  -54.246  1.498 0.3000000119
27941  41.006  -53.958  1.394 0.2000000030
27929  39.118  -53.872  2.123 0.3000000119
27930  38.314  -53.949  2.076 0.3000000119
30325  42.336  -52.483  -0.619 0.2000000030
27955  40.265  -53.481  0.477 0.2000000030
30337  43.020  -52.637  -1.728 0.2000000030
27819  43.338  -54.948  10.914 0.3000000119
28964  42.980  -53.257  10.994 0.3000000119
28946  42.267  -53.565  11.183 0.3000000119
26738  42.258  -55.542  11.400 0.3000000119
31313  38.798  -51.375  11.310 0.3000000119
31312  39.718  -51.565  11.745 0.4000000060
31328  37.602  -51.189  10.058 0.4000000060
30153  38.531  -51.882  10.890 0.4000000060
30171  38.820  -52.893  10.591 0.4000000060
30173  37.538  -51.763  9.687 0.4000000060
30187  37.981  -52.733  9.642 0.4000000060
31368  36.603  -51.015  8.120 0.3000000119
30208  36.806  -52.195  7.669 0.4000000060
30188  37.333  -52.363  9.107 0.4000000060
29034  40.676  -52.922  4.141 0.3000000119
29022  39.779  -52.573  4.806 0.2000000030
29023  38.816  -52.358  4.395 0.2000000030
30221  37.191  -51.515  5.503 0.2000000030
30222  36.796  -52.006  6.286 0.3000000119
27912  41.781  -54.480  3.449 0.3000000119
29035  39.645  -52.805  3.953 0.3000000119
29036  38.518  -52.687  3.642 0.2000000030
29024  37.744  -52.330  4.121 0.2000000030
30261  37.348  -52.254  4.594 0.2000000030
27938  43.623  -53.805  1.474 0.3000000119
27939  43.080  -54.445  1.743 0.3000000119
26856  41.808  -54.944  2.772 0.3000000119
28962  44.386  -53.656  10.672 0.3000000119
26757  44.653  -55.444  10.597 0.3000000119
27839  43.798  -54.612  10.761 0.3000000119
32540  37.021  -50.398  9.918 0.3000000119
31381  38.387  -50.538  5.761 0.2000000030
32598  37.741  -49.993  6.347 0.2000000030
32559  36.781  -50.020  9.028 0.2000000030
31394  39.727  -51.428  5.606 0.2000000030
31396  38.127  -50.861  5.419 0.2000000030
31382  37.299  -50.894  5.881 0.2000000030
32599  36.920  -50.486  6.915 0.2000000030
27837  46.008  -54.468  10.516 0.2000000030
26937  44.280  -55.043  -2.305 0.1000000015
26921  43.528  -55.221  -2.105 0.1000000015
29074  44.047  -53.343  1.178 0.3000000119
30324  43.109  -52.103  -0.824 0.2000000030
19601  47.149  -60.863  5.219 0.3000000119
17328  45.419  -63.620  4.212 0.3000000119
13125  45.054  -66.751  7.792 0.1000000015
14202  45.902  -66.029  4.347 0.2000000030
18435  46.817  -62.730  4.871 0.2000000030
19618  43.966  -61.399  1.602 0.1000000015
20832  40.569  -60.932  3.186 0.3000000119
27838  44.939  -54.499  10.274 0.3000000119
20852  44.792  -60.604  1.514 0.1000000015
25532  41.684  -56.493  11.221 0.3000000119
21966  39.727  -59.888  4.504 0.2000000030
20851  46.128  -60.509  1.284 0.1000000015
14222  44.810  -66.369  2.668 0.2000000030
17337  44.998  -64.214  3.849 0.3000000119
14223  44.010  -66.358  2.435 0.1000000015
15227  43.475  -66.025  2.814 0.2000000030
24463  44.370  -58.075  1.175 0.1000000015
15214  46.285  -65.505  3.966 0.2000000030
20873  47.307  -60.333  0.246 0.1000000015
23232  46.716  -59.143  0.748 0.1000000015
23210  43.385  -59.563  1.705 0.1000000015
24465  42.074  -58.121  1.520 0.1000000015
24443  41.311  -58.454  1.992 0.1000000015
21993  43.047  -60.089  1.735 0.2000000030
21976  39.581  -60.154  3.607 0.3000000119
23212  41.914  -59.030  2.261 0.2000000030
21997  39.543  -59.536  3.272 0.3000000119
25621  39.243  -57.250  5.828 0.4000000060
23213  40.719  -59.153  2.353 0.3000000119
23214  39.712  -58.991  2.623 0.3000000119
27861  39.617  -55.580  8.895 0.4000000060
26810  38.724  -55.722  6.916 0.4000000060
26923  41.231  -55.185  -1.306 0.2000000030
26906  40.203  -55.148  -0.679 0.2000000030
26761  39.641  -55.369  10.273 0.4000000060
27879  39.053  -55.284  8.037 0.4000000060
29092  40.684  -53.341  -0.183 0.2000000030
27841  39.916  -54.676  10.947 0.4000000060
26858  40.417  -54.316  2.039 0.3000000119
29077  41.895  -52.751  0.334 0.2000000030
30151  40.355  -52.575  11.506 0.4000000060
28947  41.063  -53.563  11.425 0.4000000060
28948  39.805  -53.604  11.060 0.4000000060
27913  40.892  -54.486  3.546 0.3000000119
29075  43.852  -53.268  0.784 0.2000000030
27953  42.512  -53.638  1.066 0.2000000030
30150  41.550  -52.570  11.550 0.4000000060
31347  37.019  -51.158  9.378 0.4000000060
31383  36.743  -51.313  6.948 0.2000000030
30257  40.450  -52.364  4.777 0.2000000030
30258  39.938  -52.111  5.432 0.2000000030
30238  39.326  -51.682  5.403 0.2000000030
30260  38.013  -51.909  4.639 0.2000000030
31311  40.877  -51.584  11.842 0.3000000119
30149  42.669  -52.505  11.370 0.2000000030
32511  41.378  -50.625  12.260 0.3000000119
28963  43.596  -53.524  10.878 0.2000000030
30148  43.519  -52.235  11.335 0.2000000030
14233  42.504  -66.726  1.763 0.1000000015
13235  42.609  -67.225  0.843 0.1000000015
14243  42.509  -66.500  0.613 0.1000000015
14203  45.439  -66.259  4.728 0.1000000015
14250  42.739  -65.956  -0.121 0.1000000015
15235  42.187  -65.673  1.365 0.1000000015
26777  47.568  -54.707  10.789 0.1000000015
30166  46.653  -52.842  11.158 0.1000000015
28960  46.202  -53.756  11.103 0.1000000015
28961  45.317  -53.668  10.688 0.1000000015
30167  45.591  -52.850  11.164 0.1000000015
30168  44.754  -52.907  11.054 0.1000000015
30146  45.004  -52.136  11.386 0.1000000015
31307  44.549  -51.533  11.411 0.1000000015
31309  43.025  -51.496  11.757 0.1000000015
31310  42.012  -51.602  11.934 0.2000000030
31308  43.844  -51.454  11.519 0.1000000015
33726  43.421  -49.863  11.803 0.2000000030
32513  39.190  -50.516  11.766 0.2000000030
33727  42.973  -49.658  12.115 0.2000000030
33728  41.904  -49.671  12.555 0.2000000030
33729  40.756  -49.591  12.440 0.2000000030
32512  40.229  -50.594  12.158 0.2000000030
34941  42.538  -48.096  11.760 0.2000000030
34917  42.275  -48.802  12.250 0.2000000030
32514  38.345  -50.411  11.199 0.2000000030
32539  37.545  -50.324  10.589 0.2000000030
34962  37.121  -48.127  9.444 0.1000000015
34940  43.405  -48.246  11.415 0.2000000030
33730  39.624  -49.508  12.115 0.2000000030
34921  38.270  -48.889  11.444 0.2000000030
34945  37.788  -48.205  11.120 0.1000000015
36153  37.546  -47.374  10.545 0.1000000015
33760  36.863  -49.155  10.201 0.1000000015
27860  47.564  -54.457  10.836 0.1000000015
27818  47.163  -54.160  11.262 0.1000000015
28959  47.723  -53.442  10.867 0.1000000015
31326  45.684  -51.625  11.014 0.1000000015
32510  42.501  -50.608  12.213 0.2000000030
34943  40.982  -48.149  12.114 0.2000000030
30291  43.683  -53.078  2.002 0.2000000030
27911  42.452  -54.092  3.219 0.2000000030
29055  43.467  -53.614  2.264 0.2000000030
30299  44.317  -52.644  1.378 0.2000000030
31454  43.276  -52.011  1.696 0.2000000030
29048  41.851  -53.469  3.640 0.2000000030
30292  43.249  -52.752  2.057 0.2000000030
29056  42.654  -53.494  2.937 0.2000000030
32696  44.221  -51.034  1.031 0.2000000030
29049  41.158  -53.881  3.787 0.2000000030
31456  41.656  -51.561  2.359 0.1000000015
31455  42.457  -51.763  1.909 0.2000000030
30286  41.345  -52.042  3.324 0.2000000030
30274  40.930  -52.396  3.993 0.2000000030
32698  42.275  -50.743  1.546 0.1000000015
32685  41.208  -50.662  2.134 0.1000000015
31443  41.110  -51.288  2.908 0.1000000015
35079  43.045  -48.816  1.261 0.1000000015
35078  44.040  -47.808  1.528 0.1000000015
33757  43.694  -49.508  11.358 0.1000000015
31413  40.365  -51.494  4.959 0.1000000015
33876  40.779  -49.198  3.126 0.1000000015
31428  40.776  -51.276  3.798 0.1000000015
35080  42.416  -48.991  1.539 0.1000000015
33893  41.390  -49.413  2.216 0.1000000015
35065  43.524  -47.599  2.800 0.1000000015
35066  42.941  -48.128  2.283 0.1000000015
37501  44.363  -46.769  2.858 0.1000000015
36148  43.048  -47.255  11.773 0.1000000015
36146  44.966  -47.343  10.833 0.1000000015
34939  44.342  -48.376  10.981 0.1000000015
32614  39.247  -50.760  5.794 0.1000000015
31414  40.103  -51.621  5.552 0.1000000015
32667  40.537  -49.788  3.783 0.1000000015
32649  40.536  -50.112  4.328 0.1000000015
35055  42.252  -48.280  2.964 0.1000000015
36255  43.973  -47.273  3.345 0.1000000015
35053  43.655  -48.009  3.925 0.1000000015
36147  44.010  -47.322  11.374 0.1000000015
34942  41.643  -48.073  12.013 0.1000000015
32612  40.917  -49.844  6.243 0.1000000015
32597  39.086  -50.030  6.242 0.1000000015
33818  41.529  -49.530  5.824 0.1000000015
33819  40.979  -49.790  5.735 0.1000000015
32633  40.451  -50.312  5.489 0.1000000015
32613  40.004  -50.539  6.003 0.1000000015
33838  41.800  -49.147  5.085 0.1000000015
33839  41.029  -49.596  5.138 0.1000000015
33836  43.676  -49.605  4.941 0.1000000015
33857  42.175  -48.705  4.330 0.1000000015
35041  41.845  -48.532  3.596 0.1000000015
33858  40.998  -49.003  4.079 0.1000000015
33854  44.338  -48.698  4.911 0.1000000015
33856  43.109  -48.834  4.130 0.1000000015
35040  42.562  -48.480  3.697 0.1000000015
33874  43.717  -48.449  4.098 0.1000000015
37354  43.643  -46.324  11.776 0.1000000015
32630  44.250  -50.520  5.309 0.1000000015
33837  42.784  -49.326  5.028 0.1000000015
32582  38.342  -49.154  6.636 0.1000000015
32697  43.255  -50.500  1.145 0.1000000015
33904  42.996  -49.582  1.021 0.1000000015
35054  43.024  -48.184  3.469 0.1000000015
32596  40.263  -49.847  6.588 0.1000000015
31541  45.808  -51.671  -5.199 0.1000000015
32776  46.531  -50.587  -4.725 0.1000000015
32777  45.422  -50.986  -4.826 0.1000000015
31542  44.761  -51.737  -5.093 0.1000000015
31543  43.965  -52.216  -4.840 0.1000000015
30382  43.192  -53.132  -4.757 0.1000000015
148861  41.634  -55.168  -4.211 0.1000000015
31540  46.605  -51.520  -4.758 0.1000000015
32775  47.284  -50.765  -4.714 0.1000000015
30381  44.269  -52.830  -5.304 0.1000000015
33996  47.732  -50.372  -4.615 0.1000000015
32759  48.046  -50.608  -4.191 0.1000000015
31525  47.269  -51.396  -4.180 0.1000000015
31526  46.913  -51.584  -4.544 0.1000000015
30380  45.154  -52.669  -5.348 0.1000000015
32760  46.367  -50.192  -4.450 0.1000000015
31511  47.229  -51.338  -3.266 0.1000000015
31512  46.419  -51.687  -3.229 0.1000000015
33998  47.012  -49.954  -4.665 0.1000000015
33979  48.238  -49.765  -4.249 0.1000000015
33978  48.881  -48.783  -3.532 0.1000000015
35161  47.986  -48.845  -3.924 0.1000000015
35160  48.610  -48.478  -3.751 0.1000000015
31539  47.296  -51.163  -4.548 0.1000000015
148862  40.758  -54.055  -3.510 0.1000000015
4964  38.050  -75.489  15.984 0.1000000015
4975  37.886  -75.392  15.722 0.1000000015
5571  38.082  -75.022  17.207 0.1000000015
5596  39.282  -74.851  15.906 0.1000000015
5608  38.215  -75.310  15.671 0.1000000015
5620  39.073  -75.010  15.054 0.1000000015
5622  37.670  -75.043  15.066 0.1000000015
5632  39.489  -74.778  14.562 0.1000000015
5672  33.985  -75.369  7.574 0.1000000015
5677  37.551  -74.986  5.371 0.1000000015
5679  36.364  -74.921  5.766 0.1000000015
5683  37.577  -75.149  5.193 0.1000000015
5684  37.182  -75.280  5.238 0.1000000015
6286  37.928  -74.099  17.602 0.1000000015
6321  40.430  -73.873  15.940 0.1000000015
6333  41.041  -73.524  15.585 0.1000000015
6347  40.669  -74.152  14.817 0.1000000015
6356  41.190  -73.556  14.103 0.1000000015
6376  38.086  -74.920  10.890 0.1000000015
6377  37.763  -74.882  10.985 0.1000000015
6382  40.126  -73.301  10.617 0.1000000015
6384  38.776  -73.698  10.472 0.1000000015
6385  38.506  -74.250  10.375 0.1000000015
6393  39.662  -73.419  10.174 0.1000000015
6395  38.561  -74.000  9.945 0.1000000015
6403  38.843  -73.713  9.674 0.1000000015
6424  38.755  -74.210  5.582 0.1000000015
6427  36.001  -74.737  7.016 0.1000000015
6430  33.331  -74.327  6.671 0.1000000015
6438  37.453  -74.590  5.716 0.1000000015
6440  34.963  -75.135  6.011 0.1000000015
6441  34.320  -74.746  6.179 0.1000000015
6447  39.441  -74.093  4.327 0.1000000015
6448  38.917  -74.570  4.540 0.1000000015
6449  38.015  -75.133  4.803 0.1000000015
6451  36.193  -75.132  4.695 0.1000000015
6461  39.277  -74.374  3.980 0.1000000015
7074  40.489  -73.336  16.380 0.1000000015
7075  39.879  -73.583  16.544 0.1000000015
7082  41.280  -72.961  15.935 0.1000000015
7090  41.752  -72.726  15.374 0.1000000015
7112  42.009  -72.636  14.193 0.1000000015
7114  39.224  -74.282  13.188 0.1000000015
7128  39.462  -73.789  12.227 0.1000000015
7136  40.572  -72.814  11.956 0.1000000015
7140  38.076  -74.265  11.166 0.1000000015
7149  38.963  -73.565  10.854 0.1000000015
7151  38.513  -74.135  10.911 0.1000000015
7159  41.258  -73.090  10.187 0.1000000015
7160  40.707  -73.344  10.046 0.1000000015
7161  39.922  -73.513  9.764 0.1000000015
7170  40.285  -73.485  9.411 0.1000000015
7183  36.312  -74.322  7.798 0.1000000015
7192  39.541  -73.458  5.432 0.1000000015
7196  33.850  -74.480  6.248 0.1000000015
7207  39.029  -74.118  5.523 0.1000000015
7215  40.841  -72.732  3.998 0.1000000015
7217  39.830  -73.646  4.588 0.1000000015
7218  36.082  -74.884  3.996 0.1000000015
7220  34.650  -74.186  4.957 0.1000000015
7234  39.765  -73.727  3.814 0.1000000015
7238  36.472  -74.510  3.671 0.1000000015
7240  34.993  -74.009  3.964 0.1000000015
7859  41.515  -72.513  16.198 0.1000000015
7879  42.126  -72.459  15.239 0.1000000015
7880  41.808  -72.600  15.575 0.1000000015
7899  39.784  -72.042  12.875 0.1000000015
7908  42.899  -71.534  12.370 0.1000000015
7910  40.064  -72.362  12.422 0.1000000015
7919  42.408  -72.247  12.004 0.1000000015
7921  39.737  -72.439  11.800 0.1000000015
7932  42.711  -71.879  11.467 0.1000000015
7943  41.183  -73.105  9.905 0.1000000015
7952  41.429  -72.686  9.511 0.1000000015
7975  40.186  -73.033  5.317 0.1000000015
7979  32.807  -73.524  6.005 0.1000000015
7980  32.431  -73.139  6.067 0.1000000015
7986  40.732  -72.713  4.969 0.1000000015
7987  40.257  -73.204  5.108 0.1000000015
7989  32.370  -72.666  5.639 0.1000000015
7996  40.698  -72.872  4.613 0.1000000015
8015  34.812  -73.217  3.588 0.1000000015
8031  35.129  -73.161  3.073 0.1000000015
8652  41.395  -72.064  16.667 0.1000000015
8675  41.989  -72.150  16.111 0.1000000015
8696  39.365  -71.667  13.027 0.1000000015
8707  43.102  -71.336  12.227 0.1000000015
8717  43.215  -71.254  11.911 0.1000000015
8718  39.892  -71.986  11.996 0.1000000015
8719  39.205  -71.970  11.853 0.1000000015
8732  43.070  -71.376  11.429 0.1000000015
8744  42.663  -71.732  10.533 0.1000000015
8778  40.778  -72.253  5.314 0.1000000015
8781  38.181  -72.298  5.848 0.1000000015
8790  41.941  -71.164  4.857 0.1000000015
8792  41.178  -72.137  5.045 0.1000000015
8794  32.087  -72.051  5.559 0.1000000015
8804  41.947  -71.058  4.661 0.1000000015
8831  35.970  -72.244  2.704 0.1000000015
9504  43.577  -70.916  15.797 0.1000000015
9505  43.148  -71.262  15.766 0.1000000015
9516  43.320  -71.267  14.660 0.1000000015
9525  38.349  -70.759  13.069 0.1000000015
9534  43.793  -70.318  12.410 0.1000000015
9536  43.250  -70.967  13.023 0.1000000015
9537  38.050  -70.622  12.723 0.1000000015
9564  43.739  -70.237  11.297 0.1000000015
9591  40.667  -72.061  8.885 0.1000000015
9607  31.487  -71.087  6.326 0.1000000015
9616  42.477  -70.684  5.601 0.1000000015
9658  33.730  -71.279  3.937 0.1000000015
9673  34.820  -71.528  2.958 0.1000000015
10356  43.522  -70.662  13.204 0.1000000015
10362  43.704  -70.415  12.831 0.1000000015
10363  43.477  -70.709  12.833 0.1000000015
10377  44.669  -69.063  12.047 0.1000000015
10393  43.656  -70.170  10.944 0.1000000015
10402  43.344  -70.586  10.700 0.1000000015
10403  43.030  -70.638  10.341 0.1000000015
10421  38.866  -70.891  8.969 0.1000000015
10423  36.635  -70.948  8.833 0.1000000015
10456  36.962  -70.147  6.976 0.1000000015
10457  31.381  -69.852  6.015 0.1000000015
10469  31.749  -69.427  5.661 0.1000000015
10481  32.722  -69.836  4.710 0.1000000015
11187  45.008  -68.560  15.236 0.1000000015
11301  31.181  -69.432  6.493 0.1000000015
11318  37.463  -69.714  6.768 0.1000000015
11332  33.407  -68.763  5.430 0.1000000015
11343  32.925  -69.405  4.869 0.1000000015
11371  43.496  -68.836  2.356 0.1000000015
12180  36.845  -68.651  8.339 0.1000000015
12213  32.502  -67.519  6.506 0.1000000015
12236  35.553  -67.845  4.569 0.1000000015
12250  43.718  -68.706  3.614 0.1000000015
13115  37.457  -68.138  9.279 0.1000000015
13123  45.751  -65.739  7.877 0.2000000030
13139  45.734  -65.858  7.683 0.2000000030
13141  45.155  -67.473  7.131 0.1000000015
13142  42.678  -67.457  7.441 0.1000000015
13148  37.036  -67.798  8.169 0.1000000015
13163  32.018  -66.448  7.704 0.1000000015
13173  44.515  -67.534  4.630 0.1000000015
13174  34.645  -66.811  5.630 0.1000000015
13191  34.491  -67.379  5.591 0.1000000015
13202  35.992  -67.175  4.380 0.1000000015
13208  45.123  -66.597  2.875 0.2000000030
13210  37.603  -67.092  3.079 0.1000000015
13219  42.529  -67.059  1.198 0.1000000015
14109  47.237  -65.186  9.229 0.2000000030
14110  47.043  -65.252  9.332 0.2000000030
14124  47.148  -65.181  9.007 0.2000000030
14159  46.112  -65.393  7.663 0.2000000030
14179  32.742  -66.102  7.305 0.1000000015
14180  32.377  -65.506  7.658 0.1000000015
14188  45.258  -65.919  5.811 0.2000000030
14204  35.612  -66.280  4.875 0.1000000015
14212  46.116  -65.883  4.184 0.2000000030
14213  45.784  -66.206  3.818 0.2000000030
14231  44.359  -66.763  2.305 0.2000000030
14242  42.710  -67.048  0.336 0.1000000015
15108  47.312  -64.996  9.363 0.2000000030
15127  46.308  -64.737  9.302 0.1000000015
15139  47.103  -64.637  8.147 0.2000000030
15158  46.775  -64.849  8.019 0.2000000030
15188  45.578  -65.644  5.656 0.2000000030
15189  45.336  -65.886  5.574 0.2000000030
15204  45.908  -65.588  4.749 0.2000000030
15215  45.664  -65.483  3.351 0.2000000030
15217  43.939  -65.548  3.353 0.2000000030
15225  45.130  -65.804  2.865 0.2000000030
15226  44.412  -65.888  2.841 0.3000000119
15243  44.254  -64.894  -0.354 0.2000000030
15255  42.818  -65.625  -0.113 0.2000000030
15266  44.751  -64.778  -1.265 0.1000000015
16108  48.162  -63.769  10.852 0.4000000060
16125  46.174  -63.749  9.844 0.1000000015
16140  47.696  -63.901  9.129 0.2000000030
16142  45.810  -63.683  9.188 0.1000000015
16163  47.264  -64.315  7.970 0.2000000030
16187  47.589  -63.361  7.998 0.2000000030
16206  46.171  -64.919  6.363 0.3000000119
16221  46.183  -64.861  5.615 0.3000000119
16237  44.173  -64.481  4.149 0.3000000119
16251  43.332  -65.124  3.759 0.2000000030
16272  42.858  -64.054  0.716 0.2000000030
16278  46.021  -63.256  -0.033 0.2000000030
16281  43.273  -64.308  0.423 0.2000000030
16297  45.762  -63.319  -0.651 0.2000000030
17181  48.301  -63.109  11.968 0.5000000000
17204  47.362  -63.940  11.499 0.5000000000
17206  46.035  -63.013  10.996 0.3000000119
17227  48.420  -62.806  10.245 0.4000000060
17248  48.681  -62.159  9.647 0.4000000060
17271  48.263  -62.519  9.134 0.3000000119
17272  45.388  -63.487  8.873 0.1000000015
17274  43.390  -63.481  8.472 0.1000000015
17288  47.481  -63.342  7.517 0.2000000030
17304  48.155  -61.872  7.694 0.4000000060
17305  47.782  -62.267  7.410 0.3000000119
17338  44.609  -64.330  3.988 0.3000000119
17349  42.617  -63.291  1.428 0.4000000060
17361  44.542  -63.153  0.895 0.2000000030
17374  46.888  -62.714  0.112 0.2000000030
17376  45.372  -63.231  0.562 0.2000000030
18293  48.578  -61.645  13.888 0.5000000000
18312  46.094  -62.340  12.397 0.4000000060
18332  45.256  -62.131  11.619 0.3000000119
18350  48.614  -62.460  11.608 0.5000000000
18351  45.553  -62.481  11.208 0.3000000119
18364  43.768  -61.716  10.265 0.3000000119
18374  44.194  -62.003  9.817 0.3000000119
18395  48.900  -61.968  7.983 0.4000000060
18413  49.628  -61.921  7.402 0.4000000060
18414  48.874  -61.833  7.531 0.4000000060
18416  47.707  -62.107  6.582 0.4000000060
18428  42.008  -62.645  5.396 0.4000000060
18430  41.274  -62.115  4.987 0.4000000060
18441  41.335  -62.336  4.778 0.4000000060
18474  46.690  -62.215  0.067 0.2000000030
18485  46.790  -61.946  -0.047 0.2000000030
19437  49.498  -60.944  14.970 0.5000000000
19453  49.389  -61.188  14.222 0.5000000000
19473  47.867  -61.751  13.804 0.5000000000
19497  37.398  -62.024  12.186 0.1000000015
19511  43.575  -61.409  10.899 0.2000000030
19516  37.205  -61.329  11.373 0.1000000015
19526  49.387  -61.116  10.337 0.5000000000
19539  49.817  -60.934  9.790 0.5000000000
19540  49.774  -61.340  9.580 0.5000000000
19578  50.760  -61.095  8.992 0.4000000060
19604  41.409  -61.787  5.216 0.4000000060
19659  46.947  -61.336  -0.230 0.3000000119
20650  49.560  -59.961  15.922 0.4000000060
20659  50.408  -59.442  15.189 0.5000000000
20660  50.024  -59.982  15.294 0.5000000000
20716  49.284  -60.363  12.525 0.5000000000
20717  40.980  -60.349  12.026 0.1000000015
20737  40.144  -60.128  10.643 0.1000000015
20754  49.706  -60.640  9.880 0.5000000000
20758  38.603  -60.177  10.186 0.1000000015
20771  50.093  -60.472  9.611 0.5000000000
20772  49.737  -60.343  9.874 0.5000000000
20785  51.013  -60.606  8.400 0.4000000060
20788  50.805  -60.455  7.616 0.4000000060
20789  50.350  -60.786  7.051 0.5000000000
20796  46.939  -60.171  5.438 0.5000000000
20797  46.229  -60.125  5.594 0.5000000000
20799  42.528  -61.846  5.724 0.4000000060
20801  41.752  -61.375  5.501 0.4000000060
20833  39.986  -60.500  3.382 0.3000000119
20849  47.172  -60.403  0.614 0.1000000015
21837  50.641  -58.824  15.562 0.2000000030
21838  50.318  -59.187  15.810 0.4000000060
21851  48.527  -60.162  15.796 0.4000000060
21884  50.109  -59.217  14.330 0.5000000000
21885  49.883  -59.157  13.961 0.5000000000
21925  46.778  -58.871  10.164 0.5000000000
21926  46.589  -58.831  10.283 0.5000000000
21937  46.345  -58.820  10.149 0.5000000000
21941  50.131  -59.221  9.128 0.5000000000
21944  50.585  -59.561  7.434 0.5000000000
21948  50.085  -59.780  6.892 0.5000000000
21952  47.180  -59.033  5.894 0.5000000000
21955  47.880  -59.888  5.791 0.4000000060
21977  39.214  -59.568  3.841 0.3000000119
22016  46.522  -59.659  1.013 0.1000000015
22037  47.162  -59.354  0.150 0.1000000015
22065  47.027  -59.191  -0.972 0.2000000030
23014  50.291  -58.589  16.233 0.2000000030
23017  47.741  -58.284  15.966 0.2000000030
23025  51.138  -57.700  15.217 0.3000000119
23042  51.121  -57.655  14.979 0.2000000030
23043  50.834  -58.016  14.927 0.3000000119
23044  50.457  -58.145  14.486 0.3000000119
23048  40.240  -57.733  13.112 0.1000000015
23050  35.936  -58.125  15.148 0.1000000015
23060  48.952  -58.445  13.220 0.5000000000
23110  49.736  -58.902  9.285 0.6000000238
23113  46.922  -58.828  9.751 0.5000000000
23116  44.052  -58.444  9.519 0.4000000060
23117  43.396  -58.323  9.848 0.4000000060
23121  50.750  -59.157  8.097 0.5000000000
23125  47.505  -58.348  9.100 0.5000000000
23128  44.695  -58.269  8.699 0.4000000060
23134  50.695  -59.337  7.720 0.5000000000
23136  45.571  -58.015  8.120 0.4000000060
23146  49.400  -59.087  7.247 0.5000000000
23147  48.622  -59.043  6.991 0.5000000000
23150  46.697  -58.487  6.045 0.5000000000
23159  45.157  -58.558  5.755 0.4000000060
23160  44.307  -58.826  5.731 0.4000000060
23171  45.590  -57.725  5.568 0.4000000060
23172  45.442  -57.931  5.665 0.5000000000
23177  39.078  -58.815  4.373 0.3000000119
23193  38.950  -59.047  3.978 0.3000000119
23233  46.208  -58.682  0.923 0.1000000015
23237  42.204  -58.479  2.044 0.1000000015
24236  50.127  -57.874  16.424 0.1000000015
24248  51.190  -57.738  15.737 0.2000000030
24259  36.110  -57.842  15.538 0.1000000015
24265  51.228  -57.230  14.757 0.2000000030
24268  41.981  -57.243  13.866 0.2000000030
24285  39.725  -57.469  13.086 0.1000000015
24326  44.520  -58.422  10.802 0.4000000060
24327  43.906  -58.251  10.841 0.4000000060
24328  42.967  -58.029  10.507 0.4000000060
24329  42.194  -57.390  10.467 0.4000000060
24336  43.499  -58.179  9.289 0.4000000060
24338  42.411  -57.728  9.770 0.4000000060
24345  49.448  -58.272  8.219 0.6000000238
24349  46.260  -57.858  8.314 0.4000000060
24350  45.787  -57.931  8.178 0.5000000000
24353  42.652  -57.809  9.146 0.4000000060
24360  49.708  -58.461  7.844 0.6000000238
24363  47.529  -57.727  7.830 0.5000000000
24367  43.625  -57.854  8.279 0.5000000000
24377  49.491  -58.533  7.490 0.5000000000
24379  48.348  -58.372  6.980 0.5000000000
24380  47.644  -58.319  6.862 0.5000000000
24381  46.900  -58.080  6.575 0.5000000000
24382  44.917  -57.357  7.081 0.5000000000
24383  44.428  -57.315  7.089 0.5000000000
24391  44.676  -58.086  5.836 0.5000000000
24393  41.050  -57.683  5.400 0.5000000000
24396  38.927  -57.618  5.324 0.3000000119
24406  45.154  -57.555  5.622 0.5000000000
24407  44.221  -57.710  5.779 0.5000000000
24408  43.279  -58.031  5.298 0.5000000000
24468  39.078  -57.050  1.364 0.1000000015
24531  47.161  -57.790  -1.633 0.1000000015
24563  46.722  -57.882  -3.039 0.1000000015
25456  51.088  -57.454  16.057 0.2000000030
25464  51.436  -56.626  14.909 0.2000000030
25476  41.060  -55.924  14.013 0.2000000030
25498  50.517  -56.517  13.301 0.2000000030
25501  48.551  -57.480  13.092 0.4000000060
25515  48.545  -57.050  12.894 0.4000000060
25522  51.322  -54.936  11.648 0.1000000015
25533  40.954  -56.195  11.184 0.4000000060
25544  47.104  -55.800  10.662 0.2000000030
25547  44.680  -56.222  10.895 0.4000000060
25549  40.846  -56.411  10.533 0.4000000060
25550  40.306  -56.298  10.127 0.4000000060
25558  41.866  -57.308  9.872 0.4000000060
25559  41.294  -56.866  9.653 0.5000000000
25570  42.708  -57.749  8.680 0.5000000000
25581  48.879  -57.893  7.208 0.5000000000
25583  47.835  -57.840  7.395 0.5000000000
25599  48.614  -57.996  7.132 0.5000000000
25600  48.082  -58.032  7.174 0.5000000000
25602  46.540  -57.387  6.654 0.5000000000
25605  40.935  -57.323  6.201 0.5000000000
25608  38.883  -56.676  6.146 0.4000000060
25614  45.883  -56.940  5.977 0.5000000000
25616  44.035  -57.149  6.028 0.5000000000
25618  42.176  -57.225  5.554 0.5000000000
25619  41.155  -57.407  5.747 0.5000000000
25620  40.125  -57.424  5.924 0.5000000000
25630  45.329  -57.016  5.654 0.5000000000
25635  41.310  -57.615  5.325 0.5000000000
25675  39.372  -56.780  0.780 0.1000000015
25699  40.988  -57.089  -0.103 0.1000000015
25702  38.735  -55.760  0.788 0.3000000119
25723  39.840  -55.887  -0.194 0.2000000030
25768  47.044  -57.249  -2.520 0.1000000015
26671  36.137  -56.392  16.750 0.1000000015
26702  44.534  -54.904  14.203 0.1000000015
26732  50.576  -54.980  11.363 0.1000000015
26739  40.974  -55.541  11.417 0.4000000060
26740  40.291  -55.146  11.266 0.4000000060
26751  50.822  -54.435  10.766 0.1000000015
26758  43.984  -55.366  10.789 0.3000000119
26778  40.884  -56.557  9.238 0.4000000060
26780  39.574  -55.454  9.829 0.4000000060
26794  40.853  -56.595  8.614 0.5000000000
26796  39.642  -55.993  7.929 0.4000000060
26806  42.323  -57.414  7.232 0.5000000000
26813  43.677  -57.143  6.373 0.5000000000
26815  41.898  -57.398  6.620 0.5000000000
26817  39.966  -56.590  6.730 0.4000000060
26825  42.533  -57.322  6.012 0.5000000000
26833  37.458  -55.754  4.198 0.5000000000
26843  41.359  -54.922  3.344 0.3000000119
26845  40.460  -54.423  2.499 0.3000000119
26847  37.066  -54.703  3.499 0.4000000060
26855  42.749  -54.939  2.490 0.3000000119
26857  40.973  -54.680  2.376 0.3000000119
26859  38.575  -54.173  1.740 0.3000000119
26871  42.313  -54.788  2.099 0.3000000119
26872  41.512  -54.573  2.011 0.3000000119
26873  40.739  -54.292  1.874 0.2000000030
26874  40.414  -54.152  1.824 0.3000000119
26876  38.207  -55.391  1.507 0.4000000060
26904  41.579  -55.962  -1.293 0.2000000030
26905  40.890  -55.752  -1.015 0.2000000030
26920  44.591  -55.544  -1.958 0.1000000015
26924  40.738  -55.196  -1.061 0.2000000030
27759  36.069  -55.550  17.362 0.1000000015
27817  47.365  -54.042  11.219 0.1000000015
27832  51.798  -53.588  10.645 0.1000000015
27833  50.095  -54.139  10.628 0.1000000015
27835  47.560  -54.060  11.067 0.1000000015
27836  47.078  -54.429  11.003 0.1000000015
27840  43.089  -53.915  10.910 0.3000000119
27842  39.425  -54.848  10.319 0.4000000060
27886  38.800  -55.500  7.341 0.4000000060
27899  40.325  -53.623  3.659 0.3000000119
27902  37.229  -53.690  3.268 0.3000000119
27915  38.755  -53.567  2.548 0.3000000119
27917  37.068  -54.387  3.166 0.4000000060
27925  43.557  -54.047  1.999 0.3000000119
27926  43.088  -54.318  2.597 0.2000000030
27927  42.490  -54.695  2.989 0.2000000030
27928  39.876  -54.098  2.113 0.3000000119
27942  40.109  -53.878  1.530 0.3000000119
27943  39.216  -53.997  1.554 0.3000000119
27951  43.788  -53.728  1.019 0.3000000119
27952  43.331  -53.773  1.086 0.3000000119
27954  41.418  -53.427  0.893 0.3000000119
27963  40.962  -53.650  -0.955 0.2000000030
27975  43.334  -54.388  -2.301 0.2000000030
28944  47.321  -53.750  11.232 0.1000000015
28945  46.899  -53.777  11.332 0.1000000015
28949  39.144  -53.151  10.758 0.4000000060
28967  38.301  -52.973  9.852 0.4000000060
28985  38.499  -53.871  9.514 0.4000000060
28986  38.065  -53.277  9.406 0.4000000060
28987  37.606  -53.119  8.929 0.4000000060
29004  37.389  -53.168  8.254 0.4000000060
29021  40.268  -52.511  4.890 0.2000000030
29033  41.248  -52.941  3.843 0.2000000030
29038  36.928  -53.610  3.947 0.4000000060
29047  42.369  -53.748  3.299 0.2000000030
29057  42.149  -53.051  3.290 0.2000000030
29063  43.741  -53.475  1.709 0.2000000030
29071  46.999  -52.904  0.445 0.3000000119
29072  46.601  -52.987  0.350 0.3000000119
29073  46.242  -53.017  0.152 0.3000000119
29076  43.019  -53.035  0.666 0.2000000030
29078  40.970  -53.001  0.188 0.2000000030
29087  47.123  -53.014  0.091 0.3000000119
29088  46.546  -53.192  -0.019 0.3000000119
29090  41.895  -52.818  -1.023 0.2000000030
29091  41.204  -53.152  -0.652 0.2000000030
29102  41.626  -53.277  -1.230 0.2000000030
29112  43.940  -53.309  -2.663 0.3000000119
30086  40.616  -52.468  14.666 0.1000000015
30098  49.283  -52.781  13.411 0.1000000015
30144  47.298  -53.187  11.146 0.1000000015
30145  47.060  -53.396  11.323 0.1000000015
30147  44.274  -52.194  11.304 0.1000000015
30152  39.123  -52.462  11.098 0.4000000060
30169  43.976  -52.886  11.013 0.1000000015
30170  43.343  -52.870  11.074 0.3000000119
30237  39.721  -51.806  5.551 0.2000000030
30239  38.090  -51.361  5.084 0.2000000030
30240  37.181  -52.102  5.201 0.2000000030
30259  39.034  -52.064  5.065 0.2000000030
30273  41.471  -52.906  3.737 0.2000000030
30285  41.677  -52.756  3.512 0.2000000030
30293  42.102  -52.453  2.782 0.1000000015
30294  41.529  -51.863  2.831 0.1000000015
30300  43.694  -52.322  1.635 0.2000000030
30308  47.173  -52.421  0.235 0.3000000119
30314  42.151  -52.512  -0.172 0.2000000030
30320  47.343  -52.132  -0.365 0.3000000119
30333  47.207  -52.193  -0.744 0.3000000119
30334  47.026  -52.375  -0.759 0.3000000119
30338  42.494  -52.624  -1.192 0.2000000030
30348  43.612  -52.730  -2.284 0.2000000030
30369  46.836  -51.763  -4.355 0.1000000015
31306  45.049  -51.575  11.346 0.1000000015
31327  38.190  -51.245  10.690 0.4000000060
31395  38.872  -51.113  5.501 0.1000000015
31459  45.301  -51.920  0.860 0.3000000119
31460  44.704  -51.837  1.188 0.3000000119
31461  43.836  -51.690  1.426 0.2000000030
31462  43.029  -51.349  1.543 0.2000000030
31478  48.364  -50.890  -1.118 0.2000000030
31480  46.583  -52.440  -0.667 0.3000000119
31485  48.352  -50.954  -1.395 0.2000000030
31500  45.845  -51.681  -2.474 0.1000000015
31538  47.705  -51.053  -4.288 0.1000000015
32509  43.501  -50.455  11.803 0.2000000030
32632  42.359  -49.506  5.756 0.1000000015
32634  40.134  -51.162  5.590 0.1000000015
32650  40.605  -49.493  3.982 0.1000000015
32666  40.674  -50.151  3.184 0.1000000015
32684  41.789  -51.128  1.842 0.1000000015
32699  41.687  -50.685  1.743 0.1000000015
32709  44.481  -50.387  0.670 0.3000000119
32726  48.676  -50.310  -2.039 0.2000000030
32761  45.826  -50.179  -4.064 0.1000000015
32774  47.758  -50.657  -4.471 0.1000000015
33731  38.669  -49.531  11.612 0.2000000030
33758  43.002  -48.853  11.803 0.2000000030
33759  37.824  -49.429  11.107 0.1000000015
33791  38.999  -48.613  6.940 0.1000000015
33835  44.578  -49.379  5.273 0.1000000015
33855  43.897  -48.769  4.429 0.1000000015
33859  40.701  -49.257  3.909 0.1000000015
33875  43.511  -48.467  3.995 0.1000000015
33877  40.623  -49.440  3.660 0.1000000015
33892  41.845  -49.169  1.838 0.1000000015
33905  42.254  -49.533  1.471 0.1000000015
33906  41.663  -50.188  1.696 0.1000000015
33914  46.690  -49.593  -0.069 0.1000000015
33917  43.684  -49.586  0.724 0.2000000030
33932  48.792  -49.312  -1.969 0.2000000030
33933  48.285  -48.922  -1.612 0.1000000015
33942  49.800  -48.850  -3.223 0.2000000030
33958  49.191  -48.880  -3.316 0.2000000030
33960  47.109  -49.345  -3.963 0.1000000015
33980  47.441  -49.524  -4.259 0.1000000015
33981  46.677  -49.809  -4.301 0.1000000015
33997  47.401  -50.094  -4.698 0.1000000015
34918  41.302  -48.726  12.445 0.2000000030
34920  38.952  -48.402  11.803 0.2000000030
34946  37.221  -48.019  10.261 0.1000000015
35039  42.919  -48.497  3.762 0.1000000015
35056  41.429  -48.684  2.858 0.1000000015
35067  42.059  -48.754  2.010 0.1000000015
35068  41.589  -48.904  2.339 0.1000000015
35096  43.955  -48.719  0.748 0.2000000030
35121  49.147  -48.326  -2.517 0.1000000015
35122  48.603  -48.471  -1.935 0.1000000015
35123  48.209  -48.515  -1.654 0.1000000015
35131  50.000  -48.397  -3.296 0.2000000030
35132  49.599  -48.149  -2.943 0.1000000015
36149  42.001  -47.244  11.769 0.1000000015
36152  38.267  -46.953  11.025 0.1000000015
36286  45.049  -47.501  1.437 0.1000000015
36328  48.689  -47.768  -2.297 0.1000000015
36342  49.337  -47.806  -2.919 0.1000000015
37499  45.556  -46.122  2.170 0.1000000015
37513  46.547  -46.106  1.258 0.1000000015
38787  47.015  -45.474  0.382 0.1000000015
148264  42.668  -70.321  15.651 0.1000000015
148266  40.222  -69.741  16.108 0.1000000015
148283  43.151  -66.470  15.892 0.1000000015
148296  42.348  -68.465  15.146 0.1000000015
