#!ascii label  , from subject 3853 vox2ras=TkReg
1120
124393  48.364  21.574  47.077 0.0000000000
128331  53.086  26.694  43.226 0.0000000000
121771  55.301  19.424  54.212 0.0000000000
122693  42.884  18.835  48.297 0.0000000000
120183  46.081  16.417  48.092 0.0000000000
125334  50.915  21.861  40.886 0.0000000000
133041  48.507  32.741  47.768 0.0000000000
131482  49.333  30.744  42.314 0.0000000000
120065  51.704  16.575  56.028 0.0000000000
117663  48.390  13.779  50.266 0.0000000000
124411  54.972  21.363  45.455 0.0000000000
123516  51.751  20.750  51.440 0.0000000000
126019  52.737  23.668  47.967 0.0000000000
125967  49.204  23.172  51.379 0.0000000000
128361  46.655  26.409  41.586 0.0000000000
126804  53.923  23.998  39.883 0.0000000000
119357  51.217  16.079  46.779 0.0000000000
123581  45.097  20.433  47.567 0.0000000000
121846  43.971  18.064  49.007 0.0000000000
123539  46.781  19.484  49.542 0.0000000000
126041  49.617  22.926  44.061 0.0000000000
125232  46.259  22.080  45.442 0.0000000000
132227  45.119  31.367  46.228 0.0000000000
119245  50.594  15.584  56.953 0.0000000000
117609  50.382  13.835  55.517 0.0000000000
117598  49.205  12.929  57.648 0.0000000000
123696  48.386  20.634  36.854 0.0000000000
126045  55.181  23.461  43.153 0.0000000000
126023  54.883  22.843  46.519 0.0000000000
126758  52.062  23.753  44.886 0.0000000000
129092  44.995  27.782  46.106 0.0000000000
127478  47.247  25.065  47.374 0.0000000000
126704  45.693  24.294  49.228 0.0000000000
124299  47.653  21.283  52.334 0.0000000000
130681  52.184  30.102  43.555 0.0000000000
129127  50.720  27.839  42.208 0.0000000000
129146  54.793  27.007  41.765 0.0000000000
126051  56.068  22.660  41.831 0.0000000000
122644  53.500  19.324  53.195 0.0000000000
120122  50.978  17.023  51.928 0.0000000000
120141  54.238  16.101  50.460 0.0000000000
118538  43.872  15.059  47.215 0.0000000000
119371  45.960  15.843  45.135 0.0000000000
122802  52.744  19.033  38.632 0.0000000000
123643  48.214  20.757  40.036 0.0000000000
132222  51.618  31.125  45.797 0.0000000000
129102  50.233  28.065  44.334 0.0000000000
134531  44.567  34.686  42.780 0.0000000000
133892  47.262  34.027  40.410 0.0000000000
133108  49.519  32.356  44.892 0.0000000000
120934  53.322  18.372  55.247 0.0000000000
118466  52.877  14.883  51.965 0.0000000000
118458  51.767  14.486  53.392 0.0000000000
117660  46.589  13.188  51.887 0.0000000000
125215  51.842  22.048  45.977 0.0000000000
124350  49.561  20.926  49.471 0.0000000000
124361  53.253  21.588  48.339 0.0000000000
124313  54.479  22.069  50.596 0.0000000000
125149  53.841  22.651  52.103 0.0000000000
126753  49.669  24.366  45.830 0.0000000000
126699  50.236  24.482  49.716 0.0000000000
124283  52.373  22.376  53.837 0.0000000000
123462  50.799  20.615  54.659 0.0000000000
121751  49.523  18.714  55.599 0.0000000000
126811  45.689  23.696  39.739 0.0000000000
125368  49.487  21.912  38.785 0.0000000000
126789  50.384  25.027  40.277 0.0000000000
125365  52.619  21.749  38.362 0.0000000000
124481  54.547  21.155  39.919 0.0000000000
125267  53.368  22.235  43.399 0.0000000000
121815  48.230  18.284  50.986 0.0000000000
120196  49.517  16.549  47.552 0.0000000000
120230  48.258  16.434  43.724 0.0000000000
118516  50.273  14.692  48.123 0.0000000000
124379  46.353  20.834  47.955 0.0000000000
123563  46.156  20.343  48.614 0.0000000000
124366  47.256  20.815  48.625 0.0000000000
125230  48.856  22.466  45.633 0.0000000000
125252  48.211  22.741  44.718 0.0000000000
124413  47.360  21.570  46.520 0.0000000000
124396  45.591  20.929  47.000 0.0000000000
119237  50.044  15.025  57.701 0.0000000000
117585  50.837  13.778  57.909 0.0000000000
117570  50.559  13.977  58.778 0.0000000000
119387  42.590  15.471  44.260 0.0000000000
126770  54.095  24.854  42.813 0.0000000000
126047  53.810  23.492  44.206 0.0000000000
127517  52.717  25.317  43.067 0.0000000000
129094  43.723  27.810  46.796 0.0000000000
128294  45.020  26.216  46.990 0.0000000000
130684  52.975  29.296  43.623 0.0000000000
129932  53.259  28.254  42.391 0.0000000000
128342  54.042  26.899  42.916 0.0000000000
126769  54.820  24.448  42.477 0.0000000000
121794  54.877  19.124  53.691 0.0000000000
120968  53.540  17.943  53.370 0.0000000000
120976  54.761  16.899  53.070 0.0000000000
121031  41.358  17.276  48.507 0.0000000000
121030  42.423  17.269  48.687 0.0000000000
121027  45.336  17.080  48.650 0.0000000000
119338  44.114  15.704  48.067 0.0000000000
120200  45.273  15.609  47.552 0.0000000000
119363  44.936  15.111  46.452 0.0000000000
119350  46.189  15.659  46.694 0.0000000000
124504  52.192  20.803  39.718 0.0000000000
122784  50.206  19.638  39.131 0.0000000000
123641  49.873  20.804  40.104 0.0000000000
122708  42.752  19.449  47.891 0.0000000000
121857  41.589  18.695  48.139 0.0000000000
133062  50.487  32.283  46.591 0.0000000000
131434  50.749  31.212  47.274 0.0000000000
133013  49.976  32.728  48.254 0.0000000000
132205  46.971  31.647  47.109 0.0000000000
132246  47.512  31.626  45.204 0.0000000000
133088  49.193  32.432  45.905 0.0000000000
133106  51.027  32.475  44.862 0.0000000000
120935  52.442  18.067  55.505 0.0000000000
119268  53.006  15.366  54.626 0.0000000000
119269  52.252  15.013  54.996 0.0000000000
117623  48.619  13.436  54.906 0.0000000000
117640  48.515  13.632  53.691 0.0000000000
117652  46.842  13.012  53.003 0.0000000000
125214  52.927  21.672  45.742 0.0000000000
124374  52.346  21.632  47.561 0.0000000000
124389  53.769  21.540  46.465 0.0000000000
126018  53.681  23.402  47.656 0.0000000000
125201  54.617  22.364  48.079 0.0000000000
125191  54.095  22.940  49.714 0.0000000000
125161  54.386  22.772  51.068 0.0000000000
125993  53.050  23.979  50.025 0.0000000000
129907  48.632  28.399  44.817 0.0000000000
127513  49.414  25.583  44.302 0.0000000000
127514  48.260  25.771  44.763 0.0000000000
126701  48.430  24.551  49.434 0.0000000000
126716  49.075  24.587  48.677 0.0000000000
126689  49.773  24.350  50.329 0.0000000000
125965  51.186  24.139  51.662 0.0000000000
125955  50.599  23.161  52.530 0.0000000000
124285  51.069  21.823  53.853 0.0000000000
124297  49.543  21.947  52.842 0.0000000000
124300  46.734  20.992  52.309 0.0000000000
123464  48.595  20.211  54.685 0.0000000000
127553  45.729  25.003  40.697 0.0000000000
126091  47.458  23.178  39.700 0.0000000000
126072  47.900  23.828  40.201 0.0000000000
132315  48.196  32.570  41.245 0.0000000000
132300  46.973  31.326  41.774 0.0000000000
130689  48.564  29.784  42.554 0.0000000000
127547  52.162  25.844  40.664 0.0000000000
127530  50.200  26.249  41.212 0.0000000000
126788  51.533  25.053  40.291 0.0000000000
126087  51.528  23.443  39.401 0.0000000000
126086  52.684  23.329  39.439 0.0000000000
125363  54.299  21.503  38.481 0.0000000000
126084  54.973  22.604  39.290 0.0000000000
124445  55.992  21.748  43.338 0.0000000000
125284  55.068  21.302  42.496 0.0000000000
125246  54.270  21.666  44.117 0.0000000000
125248  52.709  22.261  44.220 0.0000000000
123525  50.570  20.730  50.698 0.0000000000
123527  48.510  19.854  50.666 0.0000000000
123518  49.956  19.822  51.578 0.0000000000
120160  51.323  16.843  49.237 0.0000000000
120161  50.043  16.745  49.489 0.0000000000
120206  50.225  16.498  46.533 0.0000000000
120214  48.841  16.535  45.087 0.0000000000
119381  49.733  15.974  44.409 0.0000000000
118481  50.949  14.506  51.410 0.0000000000
118487  52.108  14.974  49.914 0.0000000000
118500  50.134  14.446  49.347 0.0000000000
122707  43.574  19.429  48.094 0.0000000000
121847  43.070  18.074  48.626 0.0000000000
123553  44.895  19.596  48.416 0.0000000000
122690  45.446  18.517  49.051 0.0000000000
121830  46.026  18.022  49.166 0.0000000000
125288  50.607  22.550  42.517 0.0000000000
123582  44.428  20.474  47.248 0.0000000000
120066  51.271  16.388  56.251 0.0000000000
118425  51.887  14.615  55.699 0.0000000000
118412  51.515  14.803  56.679 0.0000000000
117610  49.632  13.605  55.869 0.0000000000
125244  56.115  22.001  44.489 0.0000000000
124370  55.638  21.738  46.215 0.0000000000
126030  55.137  22.712  45.497 0.0000000000
126031  54.201  23.247  45.735 0.0000000000
126033  52.044  23.532  46.081 0.0000000000
129889  46.087  28.940  46.038 0.0000000000
128307  46.862  26.261  45.254 0.0000000000
128300  45.881  26.231  46.068 0.0000000000
127470  46.706  25.134  48.076 0.0000000000
125981  47.123  23.875  50.246 0.0000000000
124317  48.326  22.204  51.899 0.0000000000
125179  46.899  23.043  50.705 0.0000000000
125167  45.986  21.941  51.173 0.0000000000
124321  44.865  21.469  51.387 0.0000000000
129923  45.616  28.732  42.506 0.0000000000
132296  50.690  31.036  42.636 0.0000000000
130688  49.650  29.752  42.507 0.0000000000
129918  51.169  28.937  42.518 0.0000000000
128356  52.416  27.129  41.345 0.0000000000
127528  54.186  26.422  40.930 0.0000000000
126070  55.080  23.537  40.059 0.0000000000
126775  55.098  24.619  41.612 0.0000000000
126044  55.848  22.658  42.825 0.0000000000
123500  52.889  20.690  52.181 0.0000000000
122654  51.045  19.430  52.322 0.0000000000
120970  51.964  18.164  52.942 0.0000000000
120131  52.750  16.386  51.235 0.0000000000
119323  52.397  16.027  48.776 0.0000000000
117674  46.787  13.547  49.720 0.0000000000
117684  46.839  13.527  48.574 0.0000000000
118541  41.440  14.524  47.569 0.0000000000
120186  42.850  16.366  48.702 0.0000000000
118519  42.593  14.960  48.145 0.0000000000
118559  41.923  14.383  46.899 0.0000000000
118574  43.139  14.737  45.938 0.0000000000
119373  43.708  15.042  45.326 0.0000000000
119399  44.411  16.077  43.492 0.0000000000
121939  51.491  18.240  38.146 0.0000000000
122806  48.811  19.314  38.567 0.0000000000
129903  52.508  29.046  44.734 0.0000000000
129112  51.492  27.576  43.852 0.0000000000
130676  51.266  29.219  45.248 0.0000000000
130669  49.902  29.944  45.745 0.0000000000
131455  48.730  30.404  46.671 0.0000000000
130646  47.282  29.987  47.122 0.0000000000
131439  45.903  30.329  47.902 0.0000000000
135110  46.825  35.251  41.256 0.0000000000
133869  47.308  33.821  41.451 0.0000000000
133118  48.267  32.610  42.003 0.0000000000
132281  50.065  31.888  42.992 0.0000000000
132262  51.144  32.273  44.011 0.0000000000
131473  52.393  30.825  44.434 0.0000000000
120949  54.270  18.107  54.717 0.0000000000
119287  55.316  15.730  52.807 0.0000000000
119288  54.539  15.322  53.314 0.0000000000
118457  52.774  14.557  53.035 0.0000000000
118482  49.934  14.342  51.720 0.0000000000
118460  50.055  14.177  54.072 0.0000000000
117649  49.181  13.979  52.831 0.0000000000
117658  48.432  13.672  51.284 0.0000000000
125209  49.515  22.060  47.055 0.0000000000
124377  48.659  21.654  47.680 0.0000000000
124375  51.183  21.583  47.669 0.0000000000
124363  50.933  21.327  48.605 0.0000000000
124348  51.980  21.326  49.520 0.0000000000
124359  54.940  21.835  47.758 0.0000000000
124346  53.994  21.740  49.041 0.0000000000
124332  53.070  21.369  50.329 0.0000000000
124296  53.550  21.082  52.140 0.0000000000
124295  54.121  21.513  52.187 0.0000000000
123458  55.189  20.428  54.070 0.0000000000
126767  50.979  25.080  43.871 0.0000000000
126759  50.691  24.417  44.741 0.0000000000
126027  51.158  23.711  46.808 0.0000000000
126748  48.771  24.546  46.725 0.0000000000
126734  49.853  24.501  47.955 0.0000000000
126713  51.747  24.459  49.339 0.0000000000
126678  52.028  24.200  51.346 0.0000000000
125131  53.332  22.401  53.658 0.0000000000
123459  54.089  21.020  54.048 0.0000000000
121773  53.645  19.085  54.967 0.0000000000
121775  52.223  19.307  55.018 0.0000000000
121749  51.473  18.965  55.251 0.0000000000
124287  49.169  21.322  53.413 0.0000000000
122624  49.633  19.856  54.900 0.0000000000
120937  50.451  17.885  55.617 0.0000000000
120938  49.570  17.732  55.562 0.0000000000
125370  47.594  21.984  38.590 0.0000000000
124522  49.022  21.303  38.234 0.0000000000
124535  50.423  20.770  37.636 0.0000000000
129128  49.591  27.892  42.362 0.0000000000
127532  48.156  26.031  41.127 0.0000000000
126808  49.893  24.217  39.828 0.0000000000
125366  51.523  21.762  38.669 0.0000000000
123678  52.651  20.562  37.511 0.0000000000
123690  53.552  19.993  37.765 0.0000000000
123658  53.686  20.171  39.270 0.0000000000
124483  52.656  21.208  40.196 0.0000000000
125330  55.080  21.726  40.446 0.0000000000
125309  53.866  22.122  41.548 0.0000000000
125310  52.582  22.321  41.583 0.0000000000
125269  51.081  22.714  43.451 0.0000000000
125228  51.093  22.374  45.231 0.0000000000
123550  47.851  20.549  49.355 0.0000000000
122665  47.700  18.916  50.357 0.0000000000
121012  47.139  17.519  49.772 0.0000000000
120987  49.396  17.588  51.525 0.0000000000
120162  48.751  16.772  49.708 0.0000000000
120182  47.058  16.578  48.122 0.0000000000
119360  47.302  16.205  45.558 0.0000000000
119383  46.928  16.355  44.408 0.0000000000
118477  54.520  15.371  50.928 0.0000000000
118498  52.029  15.509  48.696 0.0000000000
118514  51.507  15.618  47.427 0.0000000000
118537  48.443  14.324  47.738 0.0000000000
118570  49.655  15.356  45.436 0.0000000000
116749  48.565  12.346  58.390 0.0000000000
116773  46.596  11.879  55.884 0.0000000000
124394  47.964  21.314  46.934 0.0000000000
124378  47.561  21.267  47.851 0.0000000000
125218  48.570  21.989  46.745 0.0000000000
125219  47.869  21.682  46.480 0.0000000000
124395  46.891  21.226  47.055 0.0000000000
118390  50.479  14.350  58.644 0.0000000000
127524  53.435  26.135  42.787 0.0000000000
126771  53.444  25.203  42.818 0.0000000000
129110  53.534  27.723  43.211 0.0000000000
129915  53.692  28.204  43.012 0.0000000000
127523  53.974  25.835  42.498 0.0000000000
120966  55.117  18.812  53.822 0.0000000000
120967  54.874  17.986  53.639 0.0000000000
121848  42.074  18.187  48.409 0.0000000000
120184  44.954  16.156  48.102 0.0000000000
120199  45.867  15.808  47.471 0.0000000000
124484  51.484  21.076  40.230 0.0000000000
123640  50.812  20.759  40.080 0.0000000000
124485  50.244  21.460  40.719 0.0000000000
122694  42.199  18.933  48.136 0.0000000000
121849  41.026  18.152  48.403 0.0000000000
133063  49.779  32.608  46.797 0.0000000000
133039  50.177  32.508  47.580 0.0000000000
133040  49.527  33.072  47.939 0.0000000000
133042  47.545  32.424  47.818 0.0000000000
133065  47.907  32.221  46.953 0.0000000000
133064  48.899  32.558  46.906 0.0000000000
120075  52.253  16.869  55.685 0.0000000000
119255  52.468  15.574  55.592 0.0000000000
117642  46.963  12.826  53.542 0.0000000000
124412  54.092  21.487  45.451 0.0000000000
124388  54.777  21.331  46.268 0.0000000000
126007  53.492  23.475  48.544 0.0000000000
125991  53.921  23.139  48.870 0.0000000000
125974  53.822  23.345  50.455 0.0000000000
126008  52.684  24.110  48.999 0.0000000000
129897  48.116  29.086  45.269 0.0000000000
128319  48.159  26.713  44.514 0.0000000000
129104  47.945  27.577  44.608 0.0000000000
126690  48.852  24.347  50.229 0.0000000000
125979  49.453  23.827  50.873 0.0000000000
125966  50.190  23.451  51.836 0.0000000000
125163  49.587  22.950  51.988 0.0000000000
125153  50.064  22.544  52.730 0.0000000000
123505  46.686  20.657  53.153 0.0000000000
128362  45.731  26.356  41.627 0.0000000000
127535  45.196  25.555  41.335 0.0000000000
127534  46.205  25.680  41.238 0.0000000000
126792  47.319  24.515  40.369 0.0000000000
127533  47.174  25.844  41.202 0.0000000000
132298  48.793  31.976  41.940 0.0000000000
131483  48.093  30.832  42.470 0.0000000000
126787  52.772  24.964  40.279 0.0000000000
126806  52.107  24.249  39.739 0.0000000000
126805  53.265  24.095  39.838 0.0000000000
126085  53.969  23.276  39.526 0.0000000000
126071  54.287  23.869  39.964 0.0000000000
124438  55.497  21.659  43.966 0.0000000000
124439  54.834  21.615  43.707 0.0000000000
124430  54.774  21.534  44.612 0.0000000000
125226  53.247  21.834  44.886 0.0000000000
123524  51.339  20.873  50.814 0.0000000000
123517  50.744  20.146  51.755 0.0000000000
120194  51.561  16.486  47.409 0.0000000000
120195  50.843  16.691  47.382 0.0000000000
120205  51.017  16.302  46.779 0.0000000000
120213  49.802  16.186  45.609 0.0000000000
119366  50.378  15.977  45.773 0.0000000000
118489  50.012  14.374  50.561 0.0000000000
118501  48.934  14.269  49.743 0.0000000000
123565  44.422  19.994  47.955 0.0000000000
122706  44.236  19.353  48.325 0.0000000000
123552  45.773  19.531  49.041 0.0000000000
122677  46.110  18.732  49.424 0.0000000000
125270  49.929  22.698  43.510 0.0000000000
125289  49.513  22.510  42.607 0.0000000000
126048  49.475  22.926  43.757 0.0000000000
125253  47.064  22.458  44.645 0.0000000000
123566  43.537  19.997  47.591 0.0000000000
119244  51.342  15.525  56.778 0.0000000000
118401  51.093  14.901  57.298 0.0000000000
117597  49.881  13.481  57.222 0.0000000000
117596  50.534  13.922  56.695 0.0000000000
117611  48.678  13.138  56.190 0.0000000000
116771  48.124  12.722  56.078 0.0000000000
124538  47.741  21.071  37.232 0.0000000000
124551  47.239  21.097  36.693 0.0000000000
125245  56.048  22.341  44.164 0.0000000000
126029  55.586  22.313  45.066 0.0000000000
126037  55.341  22.789  44.333 0.0000000000
126757  52.814  23.656  44.380 0.0000000000
126039  53.282  23.477  44.838 0.0000000000
126032  53.177  23.386  45.961 0.0000000000
126040  52.619  23.484  45.420 0.0000000000
129900  45.692  28.242  45.739 0.0000000000
128309  45.522  27.306  45.667 0.0000000000
127471  45.831  25.289  48.101 0.0000000000
127480  45.495  25.696  47.314 0.0000000000
126719  46.172  24.710  48.621 0.0000000000
126702  47.400  24.458  49.443 0.0000000000
125994  46.801  24.243  49.725 0.0000000000
125995  46.241  24.030  49.793 0.0000000000
125180  45.976  22.664  50.747 0.0000000000
125983  45.195  22.921  50.189 0.0000000000
124320  45.911  21.357  51.645 0.0000000000
125181  44.968  22.140  50.783 0.0000000000
131478  51.729  30.657  43.238 0.0000000000
131480  51.042  30.562  42.798 0.0000000000
130686  51.616  29.756  43.094 0.0000000000
129147  54.386  27.442  41.772 0.0000000000
129148  53.364  27.928  41.839 0.0000000000
128355  53.603  26.897  41.230 0.0000000000
127527  54.492  26.386  40.966 0.0000000000
126785  55.008  24.765  40.777 0.0000000000
127544  55.047  25.697  41.294 0.0000000000
126763  54.861  24.005  42.911 0.0000000000
125265  55.796  22.620  43.621 0.0000000000
122652  52.894  19.750  52.745 0.0000000000
121799  52.325  19.233  52.845 0.0000000000
121796  52.795  18.771  53.271 0.0000000000
120130  53.985  16.334  51.225 0.0000000000
120120  53.503  16.731  52.062 0.0000000000
120142  53.301  16.349  50.262 0.0000000000
120159  52.499  16.260  49.194 0.0000000000
120158  53.746  16.159  49.718 0.0000000000
118521  40.909  14.816  48.231 0.0000000000
118520  41.814  14.850  48.231 0.0000000000
121029  43.412  17.229  48.792 0.0000000000
119339  43.277  15.508  48.300 0.0000000000
118539  43.203  14.818  47.575 0.0000000000
118540  42.295  14.523  47.610 0.0000000000
118558  42.712  14.471  46.769 0.0000000000
118557  43.557  14.725  46.704 0.0000000000
119362  45.718  15.435  46.085 0.0000000000
119372  44.763  15.241  45.408 0.0000000000
119386  43.819  15.574  44.446 0.0000000000
119385  45.116  16.155  44.295 0.0000000000
121961  53.261  18.370  37.776 0.0000000000
122803  51.892  18.858  38.722 0.0000000000
123662  49.577  20.218  39.656 0.0000000000
123663  48.689  20.309  39.596 0.0000000000
130666  52.549  29.840  45.747 0.0000000000
130675  52.022  29.386  45.449 0.0000000000
130658  51.994  30.126  46.104 0.0000000000
131467  50.390  30.365  46.348 0.0000000000
131468  49.428  30.322  46.291 0.0000000000
132181  48.263  31.340  49.083 0.0000000000
131438  46.954  30.325  47.752 0.0000000000
135112  45.641  35.927  42.244 0.0000000000
134537  45.326  34.970  42.194 0.0000000000
133870  46.241  33.667  42.179 0.0000000000
133132  46.552  32.881  42.298 0.0000000000
133130  47.952  33.221  41.579 0.0000000000
132245  48.541  31.962  45.056 0.0000000000
132264  48.791  31.954  43.978 0.0000000000
132263  49.882  32.121  43.896 0.0000000000
132244  51.316  31.975  45.218 0.0000000000
132243  51.847  31.426  44.778 0.0000000000
131466  52.211  30.543  45.394 0.0000000000
131472  52.605  30.169  44.898 0.0000000000
119266  54.881  16.233  53.695 0.0000000000
120089  54.274  16.829  54.569 0.0000000000
118435  52.565  14.600  54.088 0.0000000000
119289  53.514  14.952  53.707 0.0000000000
118468  50.804  14.590  52.591 0.0000000000
118437  50.881  14.010  54.887 0.0000000000
118438  50.251  13.878  54.624 0.0000000000
117651  47.589  13.416  52.767 0.0000000000
117639  49.282  13.921  53.428 0.0000000000
117650  48.589  13.784  52.509 0.0000000000
118483  49.104  14.117  51.970 0.0000000000
117659  47.582  13.507  51.623 0.0000000000
117665  46.715  13.447  50.817 0.0000000000
117661  46.001  13.020  51.592 0.0000000000
125216  50.739  22.259  46.175 0.0000000000
124392  50.401  21.914  46.959 0.0000000000
124391  51.484  21.734  46.803 0.0000000000
124362  52.132  21.497  48.495 0.0000000000
124347  53.128  21.457  49.293 0.0000000000
125207  55.671  21.960  46.510 0.0000000000
124371  55.329  21.652  46.791 0.0000000000
125208  55.366  22.282  47.191 0.0000000000
124330  54.407  22.052  49.639 0.0000000000
124345  54.491  21.997  48.676 0.0000000000
124331  53.999  21.608  50.003 0.0000000000
124315  53.075  21.212  51.456 0.0000000000
124314  53.979  21.653  51.025 0.0000000000
125162  54.126  22.855  51.519 0.0000000000
123481  54.574  20.671  53.417 0.0000000000
124282  54.055  21.766  53.140 0.0000000000
129101  51.185  28.184  44.316 0.0000000000
128332  51.695  26.760  43.455 0.0000000000
128333  50.642  26.910  43.660 0.0000000000
126760  49.456  24.713  44.852 0.0000000000
127512  50.178  25.067  44.191 0.0000000000
126752  50.891  23.613  46.035 0.0000000000
126746  50.738  24.046  47.331 0.0000000000
127493  47.074  25.181  46.529 0.0000000000
126755  47.677  24.954  45.918 0.0000000000
126749  47.858  24.819  46.626 0.0000000000
126714  50.829  24.458  49.112 0.0000000000
126733  50.667  24.396  48.287 0.0000000000
126697  51.876  24.475  50.245 0.0000000000
126687  51.335  24.370  50.837 0.0000000000
125151  51.950  23.080  52.934 0.0000000000
125953  52.034  23.662  52.328 0.0000000000
125141  52.769  22.556  53.511 0.0000000000
124273  53.618  22.096  53.794 0.0000000000
124274  52.933  22.044  54.228 0.0000000000
122620  53.966  20.101  54.739 0.0000000000
123460  52.950  20.932  54.559 0.0000000000
124276  50.985  21.252  54.339 0.0000000000
123461  51.806  20.761  54.799 0.0000000000
122622  51.481  19.909  55.034 0.0000000000
122599  50.945  19.620  55.188 0.0000000000
124318  47.722  21.927  51.797 0.0000000000
124298  48.762  21.657  52.648 0.0000000000
123503  48.188  21.091  52.850 0.0000000000
122601  49.606  19.418  55.429 0.0000000000
121750  50.462  18.772  55.538 0.0000000000
127554  44.736  24.864  40.803 0.0000000000
127536  44.039  25.452  41.388 0.0000000000
126795  44.288  24.267  40.233 0.0000000000
126092  46.406  23.258  39.559 0.0000000000
125352  48.982  22.605  39.244 0.0000000000
125369  48.513  21.881  38.792 0.0000000000
124521  49.964  21.288  38.238 0.0000000000
129919  50.114  28.828  42.409 0.0000000000
128345  50.119  27.198  42.116 0.0000000000
128358  49.698  26.645  41.696 0.0000000000
127531  49.173  26.190  41.064 0.0000000000
126790  49.315  24.865  40.298 0.0000000000
125349  52.097  22.504  39.102 0.0000000000
125350  50.993  22.626  39.127 0.0000000000
124519  52.008  20.913  37.979 0.0000000000
124518  53.077  20.926  37.663 0.0000000000
124533  53.160  20.600  37.508 0.0000000000
124532  53.371  20.538  37.626 0.0000000000
124502  54.753  21.149  39.326 0.0000000000
123675  54.475  20.468  39.029 0.0000000000
123657  54.400  20.724  39.468 0.0000000000
124503  53.033  20.610  39.762 0.0000000000
124482  53.747  20.942  40.108 0.0000000000
126059  55.745  22.564  40.766 0.0000000000
125285  54.245  21.803  42.577 0.0000000000
125308  54.993  21.175  41.609 0.0000000000
125286  53.043  22.383  42.500 0.0000000000
125287  51.820  22.621  42.505 0.0000000000
125268  52.286  22.663  43.414 0.0000000000
125227  52.221  22.153  45.079 0.0000000000
125217  49.655  22.306  46.371 0.0000000000
124364  49.705  21.281  48.663 0.0000000000
124365  48.472  21.057  48.840 0.0000000000
124351  48.905  20.766  49.580 0.0000000000
122664  48.558  19.111  51.056 0.0000000000
123528  48.107  19.438  50.493 0.0000000000
121817  47.143  18.053  50.075 0.0000000000
120998  47.542  17.686  50.231 0.0000000000
121802  49.999  18.103  52.147 0.0000000000
120133  50.178  16.922  51.362 0.0000000000
120180  49.405  16.549  48.762 0.0000000000
120181  48.168  16.586  48.675 0.0000000000
120197  48.104  16.410  47.201 0.0000000000
120221  48.617  16.765  44.186 0.0000000000
120215  47.894  16.606  44.732 0.0000000000
120222  47.758  16.727  43.982 0.0000000000
120232  46.505  16.175  43.291 0.0000000000
119397  46.922  15.838  43.039 0.0000000000
118455  54.651  15.184  52.279 0.0000000000
119295  55.163  15.579  51.912 0.0000000000
118465  53.876  14.964  51.613 0.0000000000
118499  51.183  14.776  48.971 0.0000000000
118515  51.174  15.020  47.724 0.0000000000
117683  47.647  13.853  48.160 0.0000000000
117693  46.839  13.586  47.396 0.0000000000
124380  45.607  20.612  47.646 0.0000000000
123564  45.433  20.236  48.189 0.0000000000
124367  46.631  20.583  48.573 0.0000000000
123551  46.847  20.189  49.110 0.0000000000
125251  49.303  22.885  44.617 0.0000000000
125231  47.565  22.105  45.827 0.0000000000
124414  46.507  21.551  46.288 0.0000000000
119236  50.609  15.100  57.420 0.0000000000
118402  50.613  14.424  57.959 0.0000000000
126764  54.452  24.046  43.122 0.0000000000
126046  54.398  23.470  43.807 0.0000000000
126765  53.221  24.047  43.632 0.0000000000
126766  51.820  24.574  43.762 0.0000000000
129891  44.515  28.494  46.563 0.0000000000
128301  45.204  26.764  46.291 0.0000000000
128295  44.338  26.670  47.113 0.0000000000
126720  45.247  24.707  48.611 0.0000000000
130680  52.750  29.969  43.808 0.0000000000
130685  52.600  29.479  43.308 0.0000000000
129916  53.272  28.624  42.916 0.0000000000
129124  54.093  27.961  42.598 0.0000000000
129123  54.648  27.111  42.211 0.0000000000
128353  54.882  26.433  41.741 0.0000000000
128341  54.573  26.291  42.257 0.0000000000
127522  54.465  25.420  42.316 0.0000000000
122643  54.124  19.854  53.237 0.0000000000
121795  54.068  18.846  53.399 0.0000000000
120977  54.127  17.156  52.901 0.0000000000
120129  54.878  16.071  51.320 0.0000000000
121845  44.872  17.932  48.832 0.0000000000
121028  44.392  17.134  48.718 0.0000000000
119352  44.617  15.335  47.407 0.0000000000
118556  44.258  14.979  46.660 0.0000000000
119351  45.513  15.345  47.010 0.0000000000
122782  52.219  19.555  39.128 0.0000000000
122783  51.203  19.636  39.071 0.0000000000
123660  51.546  20.494  39.558 0.0000000000
123661  50.511  20.278  39.561 0.0000000000
123642  48.985  20.724  40.140 0.0000000000
122709  41.785  19.354  47.759 0.0000000000
121032  40.164  17.339  48.650 0.0000000000
132223  51.064  31.725  46.275 0.0000000000
131453  51.118  30.763  46.771 0.0000000000
132203  50.622  31.735  47.361 0.0000000000
132178  50.215  32.274  48.282 0.0000000000
132206  45.901  31.561  47.116 0.0000000000
132226  46.170  31.518  46.205 0.0000000000
132225  47.248  31.645  46.158 0.0000000000
132224  48.273  31.966  46.057 0.0000000000
133107  50.471  32.512  44.802 0.0000000000
133087  50.087  32.562  45.765 0.0000000000
133086  50.810  32.349  45.598 0.0000000000
120074  53.396  17.408  55.264 0.0000000000
120090  53.279  16.281  55.039 0.0000000000
118436  51.694  14.489  54.478 0.0000000000
117622  49.649  13.738  54.614 0.0000000000
117641  47.548  13.115  53.906 0.0000000000
116806  46.115  12.714  52.387 0.0000000000
124390  52.620  21.677  46.655 0.0000000000
124373  53.488  21.627  47.406 0.0000000000
126017  54.544  22.940  47.447 0.0000000000
126006  54.091  22.979  48.288 0.0000000000
125190  54.200  22.637  49.139 0.0000000000
125176  54.257  22.713  50.194 0.0000000000
125973  54.278  23.033  50.691 0.0000000000
125961  54.205  23.172  50.920 0.0000000000
125962  53.813  23.288  51.323 0.0000000000
129906  49.733  28.574  44.733 0.0000000000
128334  49.908  27.082  44.106 0.0000000000
129103  49.198  27.576  44.370 0.0000000000
128318  49.126  26.509  44.291 0.0000000000
126761  48.687  25.088  44.930 0.0000000000
126717  48.040  24.715  48.512 0.0000000000
126736  48.030  24.788  47.518 0.0000000000
126700  49.360  24.562  49.562 0.0000000000
126688  50.572  24.363  50.490 0.0000000000
125977  50.828  24.319  51.042 0.0000000000
125978  50.317  24.129  51.053 0.0000000000
125954  51.135  23.537  52.475 0.0000000000
125152  51.096  22.891  52.925 0.0000000000
124275  51.940  21.586  54.449 0.0000000000
125143  51.066  22.369  53.404 0.0000000000
125144  50.565  22.025  53.343 0.0000000000
124286  49.976  21.505  53.529 0.0000000000
123504  47.594  20.852  53.000 0.0000000000
123484  47.589  20.560  53.906 0.0000000000
128363  44.691  26.378  41.696 0.0000000000
126793  46.294  24.316  40.105 0.0000000000
126074  46.470  23.839  39.831 0.0000000000
126073  46.976  23.870  39.909 0.0000000000
126090  48.452  23.266  39.673 0.0000000000
132332  47.959  32.921  40.540 0.0000000000
132333  47.482  32.851  40.652 0.0000000000
132299  47.657  31.592  41.785 0.0000000000
128374  51.715  26.487  41.072 0.0000000000
128357  51.001  26.846  41.657 0.0000000000
128375  51.206  26.452  41.182 0.0000000000
127548  50.929  26.092  40.785 0.0000000000
126807  50.963  24.313  39.708 0.0000000000
125348  53.223  22.494  38.866 0.0000000000
125364  53.619  21.696  38.227 0.0000000000
125347  54.237  22.255  38.811 0.0000000000
125346  54.907  21.756  38.955 0.0000000000
125345  55.055  21.765  39.605 0.0000000000
125283  56.185  21.982  42.638 0.0000000000
125307  55.793  21.738  41.719 0.0000000000
124446  55.417  21.574  43.040 0.0000000000
124447  54.770  21.600  43.049 0.0000000000
125266  54.167  21.754  43.487 0.0000000000
125247  53.600  21.849  44.123 0.0000000000
123535  50.072  20.884  50.017 0.0000000000
123536  49.513  20.664  50.140 0.0000000000
123526  49.460  20.231  51.048 0.0000000000
122658  49.056  18.831  51.539 0.0000000000
120144  50.754  16.740  50.334 0.0000000000
120179  50.507  16.680  48.390 0.0000000000
120207  49.103  16.460  46.238 0.0000000000
120220  49.429  16.248  44.512 0.0000000000
120229  49.015  16.386  43.937 0.0000000000
118480  51.978  14.793  51.116 0.0000000000
118479  52.924  15.367  50.933 0.0000000000
118488  51.097  14.517  50.201 0.0000000000
118517  49.233  14.468  48.532 0.0000000000
122692  43.733  18.758  48.434 0.0000000000
122691  44.688  18.837  48.694 0.0000000000
121844  45.557  17.786  48.873 0.0000000000
121026  46.205  17.211  48.755 0.0000000000
125311  51.331  22.351  41.576 0.0000000000
125312  50.153  22.019  41.491 0.0000000000
124397  44.440  20.977  46.527 0.0000000000
133044  45.593  31.969  47.905 0.0000000000
133043  46.573  32.109  47.880 0.0000000000
119243  51.933  16.020  56.236 0.0000000000
118411  52.134  15.187  56.356 0.0000000000
118426  51.003  14.333  56.128 0.0000000000
118413  50.946  14.396  57.194 0.0000000000
117624  47.897  12.945  55.131 0.0000000000
124429  55.478  21.651  44.822 0.0000000000
124410  55.561  21.625  45.481 0.0000000000
124409  55.761  21.823  45.520 0.0000000000
125225  55.697  22.199  45.629 0.0000000000
125213  55.552  22.284  46.265 0.0000000000
126038  54.459  23.388  44.764 0.0000000000
126024  54.004  23.421  46.731 0.0000000000
126025  52.918  23.510  46.956 0.0000000000
129096  46.830  28.094  45.100 0.0000000000
129105  47.102  27.619  44.841 0.0000000000
128321  46.587  27.291  45.005 0.0000000000
127506  46.444  26.064  45.728 0.0000000000
127494  46.267  25.691  46.433 0.0000000000
127495  45.547  26.086  46.614 0.0000000000
127479  46.423  25.348  47.309 0.0000000000
127469  47.419  24.950  48.053 0.0000000000
126718  47.042  24.693  48.644 0.0000000000
126691  47.995  24.258  50.063 0.0000000000
125980  48.340  23.513  50.663 0.0000000000
125968  48.596  22.967  51.276 0.0000000000
125178  47.551  23.268  50.664 0.0000000000
125165  47.898  22.707  51.238 0.0000000000
125166  46.869  22.308  51.203 0.0000000000
124319  46.820  21.581  51.682 0.0000000000
124301  45.661  20.748  52.371 0.0000000000
129152  46.319  27.040  41.909 0.0000000000
132297  50.092  31.298  42.595 0.0000000000
131481  50.255  30.549  42.541 0.0000000000
130687  50.619  29.730  42.669 0.0000000000
129917  52.263  29.031  42.601 0.0000000000
129126  51.744  28.355  42.107 0.0000000000
129149  52.118  27.819  41.729 0.0000000000
128373  52.663  26.498  40.936 0.0000000000
127546  53.469  25.949  40.658 0.0000000000
126786  54.158  24.733  40.136 0.0000000000
126060  55.541  23.632  41.154 0.0000000000
126052  55.474  23.561  42.146 0.0000000000
124437  55.993  21.781  44.227 0.0000000000
123501  51.869  20.254  52.273 0.0000000000
123502  51.341  19.933  52.312 0.0000000000
122653  51.878  19.580  52.538 0.0000000000
121800  51.775  18.728  52.739 0.0000000000
120979  51.616  17.696  52.542 0.0000000000
120978  52.919  17.352  52.698 0.0000000000
120121  52.165  16.729  52.116 0.0000000000
120132  51.456  16.593  51.248 0.0000000000
120143  52.052  16.563  50.205 0.0000000000
120177  52.150  16.368  47.990 0.0000000000
120193  51.771  16.242  47.427 0.0000000000
117673  47.776  13.791  49.415 0.0000000000
118542  40.549  14.624  47.434 0.0000000000
120185  43.838  16.352  48.487 0.0000000000
119340  42.280  15.568  48.476 0.0000000000
118560  41.170  14.561  46.646 0.0000000000
118575  42.050  14.600  45.922 0.0000000000
118573  44.004  14.868  45.998 0.0000000000
122804  50.852  18.882  38.720 0.0000000000
122805  49.831  19.094  38.596 0.0000000000
124462  49.537  21.716  41.149 0.0000000000
124486  49.252  21.274  40.632 0.0000000000
129111  52.545  27.637  43.605 0.0000000000
129100  52.162  28.291  44.235 0.0000000000
129904  51.723  28.815  44.806 0.0000000000
129905  50.764  28.720  44.731 0.0000000000
130668  51.227  29.818  45.998 0.0000000000
129895  50.377  29.240  45.297 0.0000000000
129896  49.239  29.195  45.297 0.0000000000
130670  48.669  29.915  46.005 0.0000000000
130671  47.568  29.399  45.919 0.0000000000
130662  46.770  29.558  46.454 0.0000000000
130647  46.215  29.955  47.197 0.0000000000
130663  45.630  29.454  46.617 0.0000000000
135133  47.244  35.031  40.833 0.0000000000
133871  45.404  34.310  42.324 0.0000000000
134535  46.861  34.792  41.416 0.0000000000
133891  47.679  33.958  40.747 0.0000000000
133145  48.277  33.163  41.055 0.0000000000
133129  48.285  32.563  41.735 0.0000000000
132247  46.439  31.442  45.296 0.0000000000
132283  47.875  32.100  43.140 0.0000000000
132282  48.791  32.125  42.659 0.0000000000
132280  51.202  31.477  42.965 0.0000000000
132279  51.858  31.145  43.359 0.0000000000
132261  51.917  31.453  43.773 0.0000000000
131477  52.366  30.717  43.710 0.0000000000
131476  52.750  30.309  44.220 0.0000000000
129912  52.930  28.607  43.696 0.0000000000
120948  55.100  18.509  54.226 0.0000000000
120088  54.937  17.358  53.991 0.0000000000
118456  53.779  14.822  52.667 0.0000000000
119267  54.037  15.757  54.251 0.0000000000
118467  51.848  14.728  52.277 0.0000000000
118490  49.161  13.956  50.914 0.0000000000
119256  52.343  14.969  55.616 0.0000000000
118459  50.795  14.421  53.746 0.0000000000
118469  49.751  14.264  52.876 0.0000000000
117664  47.622  13.571  50.513 0.0000000000
125210  49.124  22.029  47.371 0.0000000000
124376  49.920  21.733  47.729 0.0000000000
124349  50.709  21.144  49.773 0.0000000000
124334  51.118  20.996  50.493 0.0000000000
124333  51.917  21.097  50.643 0.0000000000
124372  54.547  21.532  47.190 0.0000000000
124360  54.243  21.668  48.127 0.0000000000
124316  52.308  21.019  51.304 0.0000000000
123515  52.498  20.957  51.625 0.0000000000
122651  53.509  20.277  52.705 0.0000000000
124294  54.307  22.207  51.436 0.0000000000
122642  55.163  19.848  53.644 0.0000000000
122618  55.443  19.956  54.175 0.0000000000
127518  51.798  25.692  43.423 0.0000000000
127519  50.594  25.887  43.649 0.0000000000
126751  51.651  23.632  45.647 0.0000000000
126034  51.430  23.591  46.547 0.0000000000
126026  51.742  23.669  47.274 0.0000000000
127515  47.492  26.189  44.915 0.0000000000
127504  48.056  25.180  45.368 0.0000000000
126754  48.539  24.689  45.709 0.0000000000
126735  48.912  24.586  47.722 0.0000000000
126747  49.761  24.205  46.931 0.0000000000
126745  51.281  24.136  47.949 0.0000000000
126020  51.938  24.005  48.279 0.0000000000
126712  52.396  24.371  49.813 0.0000000000
126685  52.573  24.199  50.807 0.0000000000
125963  52.996  23.715  51.511 0.0000000000
126679  51.764  24.246  51.328 0.0000000000
125150  52.852  22.994  52.706 0.0000000000
125140  53.476  22.442  53.183 0.0000000000
122619  54.986  20.140  54.507 0.0000000000
121772  54.664  19.242  54.613 0.0000000000
122621  52.718  19.864  54.801 0.0000000000
120936  51.386  17.953  55.616 0.0000000000
125154  49.322  22.184  52.552 0.0000000000
124277  50.374  20.996  54.227 0.0000000000
123483  48.613  20.953  53.608 0.0000000000
123463  49.719  20.662  54.310 0.0000000000
122623  50.480  20.019  54.917 0.0000000000
122600  50.417  19.481  55.286 0.0000000000
120076  51.260  17.095  55.825 0.0000000000
120077  50.490  16.971  55.858 0.0000000000
120067  50.578  16.178  56.408 0.0000000000
120068  49.858  15.931  56.457 0.0000000000
125354  47.064  22.572  39.088 0.0000000000
124523  48.092  21.357  38.104 0.0000000000
124537  48.637  20.952  37.484 0.0000000000
123694  50.048  20.556  36.871 0.0000000000
123693  50.943  20.333  37.013 0.0000000000
123706  51.344  19.703  36.534 0.0000000000
129131  46.032  27.792  42.343 0.0000000000
129151  46.941  26.942  41.803 0.0000000000
129920  49.038  28.794  42.458 0.0000000000
128360  47.565  26.658  41.650 0.0000000000
126791  48.308  24.656  40.427 0.0000000000
126809  48.885  24.042  40.000 0.0000000000
126089  49.432  23.416  39.511 0.0000000000
126088  50.446  23.495  39.395 0.0000000000
125367  50.470  21.918  38.699 0.0000000000
124520  50.919  21.070  38.318 0.0000000000
124534  51.244  20.576  37.696 0.0000000000
123692  52.008  20.072  37.189 0.0000000000
122822  53.208  19.089  37.368 0.0000000000
121936  53.292  18.912  38.248 0.0000000000
124517  53.864  20.827  38.029 0.0000000000
123676  53.979  20.075  38.428 0.0000000000
122780  53.400  19.645  38.972 0.0000000000
123659  52.663  20.134  39.465 0.0000000000
125333  52.046  21.798  40.854 0.0000000000
126069  55.401  22.367  39.832 0.0000000000
124480  54.801  21.463  40.089 0.0000000000
125331  54.345  21.626  40.657 0.0000000000
125332  53.280  21.908  40.693 0.0000000000
125249  51.608  22.556  44.315 0.0000000000
125250  50.357  22.711  44.388 0.0000000000
125229  49.987  22.631  45.446 0.0000000000
123537  48.586  20.434  50.059 0.0000000000
123538  47.636  19.854  50.012 0.0000000000
122676  46.908  18.776  49.786 0.0000000000
121013  46.523  17.556  49.317 0.0000000000
121025  47.041  16.986  49.050 0.0000000000
122656  50.262  19.399  51.908 0.0000000000
121806  49.569  18.447  51.868 0.0000000000
120988  48.629  17.868  51.308 0.0000000000
120145  49.397  16.882  50.571 0.0000000000
120996  49.117  17.192  51.081 0.0000000000
120997  48.423  17.445  50.772 0.0000000000
121011  47.959  17.168  49.969 0.0000000000
120198  46.888  16.198  46.905 0.0000000000
120209  47.284  15.993  46.019 0.0000000000
119361  46.702  15.803  45.881 0.0000000000
120208  47.894  16.370  45.826 0.0000000000
119370  47.009  16.313  44.951 0.0000000000
119384  46.320  16.204  44.391 0.0000000000
120224  45.930  16.286  43.700 0.0000000000
120109  55.159  16.545  53.004 0.0000000000
120128  55.278  16.006  51.577 0.0000000000
119311  54.442  15.848  50.692 0.0000000000
118486  53.124  15.540  49.817 0.0000000000
119322  53.411  15.941  49.491 0.0000000000
119337  52.083  15.973  47.751 0.0000000000
118533  51.228  15.712  46.928 0.0000000000
118518  48.355  14.164  48.856 0.0000000000
117692  47.643  14.069  46.970 0.0000000000
118536  49.430  14.602  47.324 0.0000000000
118535  50.361  14.951  46.943 0.0000000000
118553  50.321  15.344  45.972 0.0000000000
119359  50.498  15.567  45.963 0.0000000000
119368  49.559  15.670  44.948 0.0000000000
119382  49.494  15.792  44.352 0.0000000000
117587  49.448  12.787  58.439 0.0000000000
116760  47.385  11.909  56.902 0.0000000000
116759  48.247  12.588  56.804 0.0000000000
116797  47.029  12.722  53.820 0.0000000000
117586  50.043  13.269  58.656 0.0000000000
117612  48.049  12.796  55.743 0.0000000000
117621  50.349  13.733  54.895 0.0000000000
117666  45.923  13.217  51.082 0.0000000000
117672  48.341  13.943  49.733 0.0000000000
118424  52.403  14.961  55.925 0.0000000000
118464  54.618  15.203  51.355 0.0000000000
118470  49.139  14.034  52.540 0.0000000000
118478  53.937  15.452  50.720 0.0000000000
118485  53.753  15.635  50.109 0.0000000000
118497  52.738  15.812  49.225 0.0000000000
118502  48.333  14.026  49.448 0.0000000000
118534  50.960  15.449  46.693 0.0000000000
118552  50.702  15.498  46.168 0.0000000000
118569  50.017  15.481  45.615 0.0000000000
118572  44.513  14.973  46.113 0.0000000000
118593  48.777  15.431  44.122 0.0000000000
119235  50.980  15.284  57.205 0.0000000000
119286  55.559  16.021  52.273 0.0000000000
119294  55.331  15.838  51.744 0.0000000000
119303  55.131  15.879  51.440 0.0000000000
119304  54.778  15.672  51.113 0.0000000000
119305  54.362  15.576  50.756 0.0000000000
119312  54.159  15.816  50.203 0.0000000000
119313  53.685  15.715  49.848 0.0000000000
119321  54.007  16.032  49.723 0.0000000000
119348  51.432  15.963  47.011 0.0000000000
119349  51.120  15.748  46.689 0.0000000000
119353  43.798  15.321  47.710 0.0000000000
119358  50.837  15.823  46.272 0.0000000000
119367  49.928  15.759  45.379 0.0000000000
119369  47.550  16.397  45.222 0.0000000000
119394  49.508  16.087  44.020 0.0000000000
120108  55.362  16.254  52.356 0.0000000000
120118  55.374  16.135  51.884 0.0000000000
120119  54.770  16.490  52.226 0.0000000000
120123  50.364  17.207  51.770 0.0000000000
120134  49.483  17.097  51.187 0.0000000000
120140  54.593  15.925  50.922 0.0000000000
120146  48.723  17.030  50.332 0.0000000000
120157  54.171  16.073  49.908 0.0000000000
120163  48.080  16.787  49.479 0.0000000000
120178  51.597  16.689  48.167 0.0000000000
120204  51.437  16.252  47.074 0.0000000000
120212  50.514  16.152  46.144 0.0000000000
120216  47.342  16.521  44.374 0.0000000000
120223  46.919  16.331  43.945 0.0000000000
120231  47.363  16.208  43.603 0.0000000000
120947  55.280  18.891  54.011 0.0000000000
120969  52.447  17.969  53.171 0.0000000000
120980  50.303  17.629  52.051 0.0000000000
120981  49.751  17.900  51.993 0.0000000000
120986  50.037  17.313  51.701 0.0000000000
120999  47.241  17.758  50.046 0.0000000000
121010  48.437  17.095  50.207 0.0000000000
121024  47.614  16.935  49.432 0.0000000000
121747  53.154  18.804  55.101 0.0000000000
121748  52.598  18.754  55.190 0.0000000000
121774  52.883  19.129  54.970 0.0000000000
121793  55.315  19.318  53.908 0.0000000000
121797  52.210  18.392  53.087 0.0000000000
121801  50.530  18.538  52.278 0.0000000000
121805  49.927  18.951  51.940 0.0000000000
121807  48.833  18.334  51.482 0.0000000000
121816  47.643  18.124  50.526 0.0000000000
121829  46.572  18.114  49.646 0.0000000000
121937  53.168  18.694  38.258 0.0000000000
121938  52.575  18.310  38.238 0.0000000000
121960  53.406  18.791  38.086 0.0000000000
122625  49.090  19.745  55.103 0.0000000000
122641  55.520  19.791  53.975 0.0000000000
122657  49.423  19.361  51.567 0.0000000000
122663  48.946  19.694  51.130 0.0000000000
122666  47.336  18.457  50.177 0.0000000000
122675  47.253  19.270  49.903 0.0000000000
122781  53.079  19.534  39.085 0.0000000000
122785  49.271  19.768  39.117 0.0000000000
122801  53.327  19.367  38.493 0.0000000000
122821  53.554  19.212  37.994 0.0000000000
122823  52.743  19.387  36.914 0.0000000000
123457  55.471  20.149  54.149 0.0000000000
123479  55.592  20.009  54.025 0.0000000000
123480  55.406  20.175  53.892 0.0000000000
123482  49.358  21.129  53.753 0.0000000000
123499  53.920  20.727  52.637 0.0000000000
123540  46.344  19.169  49.486 0.0000000000
123549  48.440  20.721  49.449 0.0000000000
123637  54.412  20.862  39.672 0.0000000000
123638  54.201  20.724  39.697 0.0000000000
123639  51.260  20.776  39.972 0.0000000000
123677  52.955  20.616  37.449 0.0000000000
123691  53.031  20.242  37.320 0.0000000000
123710  47.811  20.656  36.360 0.0000000000
124284  51.875  22.181  53.952 0.0000000000
124386  55.692  21.714  45.848 0.0000000000
124387  55.414  21.469  46.028 0.0000000000
124428  55.760  21.868  44.967 0.0000000000
124431  53.983  21.603  44.633 0.0000000000
124459  55.882  21.621  42.586 0.0000000000
124460  55.537  21.341  42.271 0.0000000000
124461  49.968  21.749  41.107 0.0000000000
124501  54.836  21.468  39.847 0.0000000000
124505  51.728  20.819  39.796 0.0000000000
124516  54.535  20.929  38.626 0.0000000000
124536  49.528  20.907  37.556 0.0000000000
125132  53.237  22.367  53.915 0.0000000000
125142  51.852  22.556  53.409 0.0000000000
125148  54.221  22.623  51.525 0.0000000000
125164  48.972  22.532  51.941 0.0000000000
125168  45.419  21.712  51.221 0.0000000000
125177  53.990  23.067  49.976 0.0000000000
125212  55.870  21.966  45.940 0.0000000000
125224  55.849  22.013  45.178 0.0000000000
125264  56.230  22.094  43.627 0.0000000000
125271  48.987  23.040  43.690 0.0000000000
125335  50.390  21.811  41.007 0.0000000000
125351  49.965  22.687  39.121 0.0000000000
125353  48.007  22.576  39.206 0.0000000000
125951  53.439  23.314  51.783 0.0000000000
125952  52.929  23.463  52.062 0.0000000000
125964  52.199  24.024  51.610 0.0000000000
125975  53.018  24.031  50.904 0.0000000000
125976  52.591  24.031  51.275 0.0000000000
125992  53.691  23.357  49.473 0.0000000000
126009  51.955  24.331  48.776 0.0000000000
126036  55.847  22.234  44.646 0.0000000000
126042  49.280  23.078  44.148 0.0000000000
126049  49.329  23.063  43.902 0.0000000000
126083  55.136  22.125  39.388 0.0000000000
126686  52.193  24.226  50.997 0.0000000000
126696  52.522  24.269  50.476 0.0000000000
126698  51.078  24.404  49.947 0.0000000000
126703  46.548  24.391  49.245 0.0000000000
126715  49.977  24.515  48.876 0.0000000000
126732  51.394  24.340  48.606 0.0000000000
126794  45.241  24.305  40.210 0.0000000000
126810  46.213  23.806  39.794 0.0000000000
127472  44.879  25.332  48.080 0.0000000000
127505  47.211  25.573  45.565 0.0000000000
127520  49.917  26.395  43.975 0.0000000000
127526  54.835  25.540  41.917 0.0000000000
127529  50.698  26.366  41.232 0.0000000000
127545  54.635  26.008  40.788 0.0000000000
127549  49.760  25.728  40.604 0.0000000000
127550  48.726  25.496  40.656 0.0000000000
127551  47.725  25.314  40.694 0.0000000000
127552  46.731  25.163  40.649 0.0000000000
128302  44.509  27.264  46.605 0.0000000000
128308  46.141  26.755  45.419 0.0000000000
128320  47.107  26.862  44.763 0.0000000000
128330  53.667  27.151  43.178 0.0000000000
128343  53.594  26.611  43.022 0.0000000000
128344  50.604  27.255  42.034 0.0000000000
128354  54.552  26.590  41.306 0.0000000000
128371  54.930  26.275  41.231 0.0000000000
128372  54.752  26.341  41.071 0.0000000000
129086  43.873  27.354  46.909 0.0000000000
129093  44.230  27.838  46.626 0.0000000000
129097  46.098  27.688  45.271 0.0000000000
129098  45.548  27.733  45.667 0.0000000000
129106  46.639  27.666  45.011 0.0000000000
129113  50.571  27.574  44.044 0.0000000000
129114  49.980  27.566  44.221 0.0000000000
129125  53.545  28.178  42.468 0.0000000000
129150  51.421  27.695  41.973 0.0000000000
129153  45.354  27.070  42.054 0.0000000000
129890  45.269  28.702  46.256 0.0000000000
129892  43.778  28.313  46.802 0.0000000000
129899  46.437  28.476  45.528 0.0000000000
129911  53.417  28.293  43.215 0.0000000000
129933  52.700  28.349  42.259 0.0000000000
130659  51.705  30.183  46.149 0.0000000000
130660  48.416  30.114  46.435 0.0000000000
130667  52.272  29.941  46.004 0.0000000000
130672  46.782  29.093  45.789 0.0000000000
130674  52.567  29.722  45.325 0.0000000000
130679  52.826  29.620  44.345 0.0000000000
131452  51.841  30.382  46.056 0.0000000000
131465  52.603  30.044  45.593 0.0000000000
131469  48.923  30.269  46.285 0.0000000000
132316  48.047  32.610  40.984 0.0000000000
133119  47.895  32.547  42.215 0.0000000000
133131  47.125  33.002  41.885 0.0000000000
133144  48.257  32.485  41.445 0.0000000000
133157  47.860  33.292  40.526 0.0000000000
133158  47.025  33.382  40.498 0.0000000000
133868  47.757  33.676  41.343 0.0000000000
133880  47.748  33.896  41.138 0.0000000000
133881  47.377  34.474  41.215 0.0000000000
134536  45.849  34.836  41.721 0.0000000000
134546  47.425  34.721  40.955 0.0000000000
134547  47.268  34.900  41.181 0.0000000000
134555  47.267  34.646  40.661 0.0000000000
135111  46.361  35.442  41.337 0.0000000000
135123  47.298  35.057  41.066 0.0000000000
135124  47.087  35.272  41.082 0.0000000000
135134  46.918  35.213  40.732 0.0000000000
