#!ascii label  , from subject 4100 vox2ras=TkReg
978
50387  24.465  -45.141  73.441 0.0000000000
81241  40.380  -21.951  60.055 0.0000000000
83809  49.381  -20.305  57.328 0.0000000000
71058  38.049  -29.538  70.452 0.0000000000
55633  31.235  -42.224  68.851 0.0000000000
49172  29.390  -46.457  70.906 0.0000000000
82570  46.038  -20.749  59.529 0.0000000000
78520  45.367  -23.631  64.449 0.0000000000
64707  35.300  -34.017  71.020 0.0000000000
53076  36.596  -44.230  66.678 0.0000000000
91713  57.500  -12.595  50.201 0.0000000000
90356  50.457  -14.646  55.388 0.0000000000
74654  35.115  -27.615  65.803 0.0000000000
77160  40.639  -24.661  66.736 0.0000000000
55573  28.633  -42.322  72.096 0.0000000000
50400  26.786  -45.417  72.235 0.0000000000
81257  43.155  -21.168  59.961 0.0000000000
82495  45.834  -21.282  62.735 0.0000000000
82498  43.136  -21.409  63.080 0.0000000000
59572  42.489  -38.680  65.892 0.0000000000
50440  33.395  -45.277  69.071 0.0000000000
54345  34.288  -42.989  68.014 0.0000000000
49221  36.092  -46.589  66.894 0.0000000000
94220  55.515  -11.873  51.544 0.0000000000
90412  55.632  -14.220  51.177 0.0000000000
91667  54.157  -13.588  53.131 0.0000000000
85142  47.889  -18.624  56.405 0.0000000000
87853  48.283  -16.330  54.562 0.0000000000
86449  49.581  -17.874  56.252 0.0000000000
86483  50.781  -16.327  54.781 0.0000000000
83848  50.257  -19.380  55.012 0.0000000000
67394  37.263  -31.797  71.394 0.0000000000
71068  34.518  -29.750  68.955 0.0000000000
73390  36.265  -27.343  70.298 0.0000000000
77164  37.335  -25.957  67.254 0.0000000000
75878  38.576  -26.383  69.431 0.0000000000
77105  42.276  -25.590  68.684 0.0000000000
72269  40.655  -27.979  68.641 0.0000000000
53039  30.765  -43.815  71.129 0.0000000000
82612  46.112  -21.125  56.590 0.0000000000
82585  48.130  -20.434  58.516 0.0000000000
81219  48.047  -21.764  60.719 0.0000000000
78534  47.392  -23.643  63.037 0.0000000000
56964  38.070  -40.128  68.164 0.0000000000
59534  38.769  -37.825  68.729 0.0000000000
63315  39.418  -35.578  69.421 0.0000000000
67435  39.735  -32.840  68.901 0.0000000000
68683  38.234  -31.533  67.642 0.0000000000
55678  37.061  -40.980  65.927 0.0000000000
53085  39.152  -43.141  65.672 0.0000000000
90459  57.921  -14.316  47.011 0.0000000000
91677  51.294  -13.451  53.156 0.0000000000
89153  52.922  -15.223  54.060 0.0000000000
87860  50.827  -15.971  52.751 0.0000000000
78536  41.104  -23.768  63.407 0.0000000000
79829  43.066  -23.750  65.601 0.0000000000
75943  44.176  -25.734  66.120 0.0000000000
47893  24.795  -46.200  71.837 0.0000000000
50401  25.927  -45.568  72.548 0.0000000000
49160  25.746  -46.152  71.351 0.0000000000
81258  41.944  -21.491  59.646 0.0000000000
82528  42.857  -20.769  61.846 0.0000000000
81220  41.649  -21.469  61.990 0.0000000000
49204  34.602  -46.407  67.969 0.0000000000
94235  54.210  -12.203  50.888 0.0000000000
94202  55.469  -12.302  52.725 0.0000000000
94213  53.883  -12.666  51.990 0.0000000000
83820  48.993  -19.286  57.248 0.0000000000
86451  48.799  -17.846  56.566 0.0000000000
85114  49.527  -18.761  56.385 0.0000000000
85138  49.869  -18.609  55.568 0.0000000000
69854  37.778  -30.726  71.026 0.0000000000
71049  36.534  -29.608  71.068 0.0000000000
72245  37.014  -28.786  70.820 0.0000000000
74590  37.020  -26.860  69.945 0.0000000000
73389  38.557  -27.713  69.882 0.0000000000
73387  39.679  -27.429  69.510 0.0000000000
72271  38.571  -28.682  69.491 0.0000000000
54275  29.915  -43.195  71.789 0.0000000000
50412  30.492  -45.315  71.040 0.0000000000
49170  31.370  -46.369  70.075 0.0000000000
81280  45.013  -21.430  57.949 0.0000000000
81302  45.565  -21.586  56.398 0.0000000000
82602  45.915  -20.971  57.679 0.0000000000
82601  47.085  -20.576  57.752 0.0000000000
82569  46.988  -20.659  59.438 0.0000000000
82545  48.196  -21.241  59.817 0.0000000000
82523  47.162  -21.209  60.860 0.0000000000
81166  45.807  -22.345  63.856 0.0000000000
81181  47.374  -21.860  62.807 0.0000000000
79857  46.814  -23.237  63.663 0.0000000000
75977  47.044  -24.911  63.253 0.0000000000
77190  45.651  -24.946  64.021 0.0000000000
56987  39.185  -40.543  67.399 0.0000000000
58220  38.821  -39.389  68.183 0.0000000000
58235  39.735  -39.526  67.579 0.0000000000
60784  41.044  -37.143  67.673 0.0000000000
64718  39.789  -34.113  69.411 0.0000000000
53078  35.363  -43.707  67.259 0.0000000000
54383  35.791  -42.421  66.032 0.0000000000
54382  37.022  -42.083  66.487 0.0000000000
54361  37.944  -41.740  66.599 0.0000000000
53086  38.153  -43.579  65.641 0.0000000000
94231  57.557  -11.390  49.911 0.0000000000
91741  57.691  -13.529  48.085 0.0000000000
89193  54.377  -14.792  51.562 0.0000000000
89139  49.057  -15.737  55.116 0.0000000000
90373  47.984  -15.465  53.710 0.0000000000
90371  49.730  -14.536  54.504 0.0000000000
91670  50.005  -14.004  53.341 0.0000000000
91652  50.829  -13.822  54.545 0.0000000000
91650  52.649  -13.639  54.556 0.0000000000
90339  52.090  -14.836  56.193 0.0000000000
86499  50.365  -17.604  54.008 0.0000000000
87851  50.951  -16.129  53.926 0.0000000000
63296  35.318  -34.992  70.023 0.0000000000
66109  34.738  -33.586  69.675 0.0000000000
72290  34.662  -28.729  67.503 0.0000000000
71102  34.105  -29.940  66.673 0.0000000000
77146  38.876  -25.091  67.401 0.0000000000
75962  38.486  -25.924  65.469 0.0000000000
77176  39.312  -25.522  65.888 0.0000000000
75980  40.747  -25.490  63.413 0.0000000000
78495  41.263  -23.990  66.120 0.0000000000
79845  41.820  -23.033  65.105 0.0000000000
78478  41.878  -24.185  66.968 0.0000000000
73424  42.721  -27.320  68.072 0.0000000000
75931  43.223  -25.648  67.583 0.0000000000
73441  43.452  -27.374  67.032 0.0000000000
72312  44.135  -27.625  65.001 0.0000000000
51705  27.675  -44.179  72.559 0.0000000000
49158  27.803  -46.182  71.293 0.0000000000
47937  27.982  -46.735  69.386 0.0000000000
47921  27.026  -46.532  70.161 0.0000000000
81256  44.247  -21.184  59.503 0.0000000000
82525  45.469  -20.775  61.325 0.0000000000
82526  44.561  -20.747  61.511 0.0000000000
82497  43.954  -21.149  63.094 0.0000000000
81168  44.021  -22.134  64.204 0.0000000000
54312  33.035  -43.135  69.903 0.0000000000
54346  33.554  -42.794  68.382 0.0000000000
51755  34.033  -44.598  68.979 0.0000000000
50459  35.175  -45.626  67.829 0.0000000000
50481  36.242  -45.679  67.013 0.0000000000
50506  37.200  -45.583  65.858 0.0000000000
47956  37.076  -47.252  65.648 0.0000000000
92964  57.454  -12.146  51.005 0.0000000000
91715  56.128  -13.895  50.526 0.0000000000
91676  56.702  -12.996  52.195 0.0000000000
90384  55.665  -13.492  52.482 0.0000000000
89179  54.555  -14.278  52.495 0.0000000000
85164  47.316  -19.226  55.165 0.0000000000
86487  47.929  -17.803  55.322 0.0000000000
87818  48.925  -17.282  56.148 0.0000000000
87816  49.916  -16.177  55.584 0.0000000000
87796  51.635  -15.734  55.825 0.0000000000
87815  50.444  -16.529  55.231 0.0000000000
85162  50.303  -18.441  54.735 0.0000000000
66077  36.438  -33.200  71.307 0.0000000000
68656  34.818  -31.676  70.008 0.0000000000
69857  35.130  -30.742  70.559 0.0000000000
72259  34.893  -28.809  69.419 0.0000000000
74610  35.592  -27.383  68.554 0.0000000000
75948  36.227  -27.108  66.546 0.0000000000
75915  36.548  -26.453  68.276 0.0000000000
75913  37.843  -25.408  68.599 0.0000000000
77109  39.197  -25.252  68.668 0.0000000000
77125  40.954  -24.655  68.264 0.0000000000
75895  40.235  -25.767  69.141 0.0000000000
74606  41.383  -26.719  69.145 0.0000000000
72288  41.162  -28.415  68.011 0.0000000000
55600  28.287  -41.780  70.304 0.0000000000
55598  30.451  -41.985  70.793 0.0000000000
55615  31.437  -42.273  70.010 0.0000000000
51743  32.303  -44.475  70.033 0.0000000000
47915  32.344  -46.703  68.838 0.0000000000
83836  47.474  -19.731  56.188 0.0000000000
82600  47.886  -20.054  57.713 0.0000000000
82584  48.634  -20.546  58.406 0.0000000000
82543  49.358  -21.033  59.836 0.0000000000
81217  49.570  -22.029  60.500 0.0000000000
79887  48.020  -22.527  60.743 0.0000000000
82509  46.946  -21.233  61.679 0.0000000000
81180  47.508  -22.316  62.424 0.0000000000
56967  36.176  -39.404  68.160 0.0000000000
58211  36.169  -38.986  69.273 0.0000000000
60773  36.895  -37.477  69.420 0.0000000000
61959  37.018  -35.904  69.830 0.0000000000
59561  41.259  -38.613  66.924 0.0000000000
60770  39.194  -37.027  69.023 0.0000000000
63293  37.454  -35.212  70.515 0.0000000000
64703  38.160  -33.933  70.600 0.0000000000
67423  38.782  -32.543  70.528 0.0000000000
68654  38.541  -31.554  70.198 0.0000000000
69876  38.351  -30.738  69.528 0.0000000000
67446  39.257  -32.403  68.556 0.0000000000
56989  37.613  -40.582  67.506 0.0000000000
55652  38.576  -41.297  67.009 0.0000000000
54378  40.022  -42.349  65.714 0.0000000000
51809  38.635  -44.539  64.842 0.0000000000
51807  40.194  -44.258  64.699 0.0000000000
90458  58.603  -13.713  46.645 0.0000000000
92967  52.004  -12.947  52.061 0.0000000000
92943  53.005  -12.940  53.287 0.0000000000
90368  53.414  -14.166  53.901 0.0000000000
89170  53.220  -14.785  53.263 0.0000000000
89136  52.382  -15.528  54.959 0.0000000000
89155  51.962  -15.467  53.725 0.0000000000
89182  52.720  -15.307  52.196 0.0000000000
69886  33.915  -30.800  67.865 0.0000000000
77218  40.631  -24.350  62.227 0.0000000000
79905  40.787  -22.515  62.087 0.0000000000
81187  42.048  -22.488  63.430 0.0000000000
81153  42.907  -22.916  64.589 0.0000000000
79842  43.997  -23.421  64.968 0.0000000000
78477  42.466  -24.474  67.050 0.0000000000
78491  43.969  -24.610  65.930 0.0000000000
77174  44.701  -25.102  65.218 0.0000000000
74684  45.469  -26.601  64.122 0.0000000000
71079  38.573  -29.243  67.826 0.0000000000
71078  40.033  -28.569  67.737 0.0000000000
49145  24.695  -46.028  72.628 0.0000000000
47894  24.058  -46.574  71.665 0.0000000000
47879  24.164  -46.190  72.328 0.0000000000
49133  25.079  -45.730  72.916 0.0000000000
49144  25.210  -46.084  72.244 0.0000000000
81240  41.071  -21.654  60.386 0.0000000000
81239  42.088  -21.159  60.908 0.0000000000
81221  40.954  -21.870  61.486 0.0000000000
94222  54.025  -12.425  51.565 0.0000000000
92965  53.446  -12.663  51.646 0.0000000000
83819  49.331  -19.561  57.083 0.0000000000
85140  49.041  -18.964  57.116 0.0000000000
83818  49.907  -19.854  56.254 0.0000000000
83808  49.554  -20.416  57.046 0.0000000000
71047  37.726  -29.822  70.781 0.0000000000
71048  37.226  -29.648  71.000 0.0000000000
72244  37.779  -28.832  70.696 0.0000000000
73373  37.539  -28.088  70.480 0.0000000000
72243  38.213  -28.487  70.202 0.0000000000
73388  38.763  -27.865  69.823 0.0000000000
72256  38.392  -28.761  70.025 0.0000000000
50414  29.172  -45.581  71.546 0.0000000000
50413  29.746  -45.228  71.386 0.0000000000
49156  29.598  -45.959  71.251 0.0000000000
47902  29.842  -46.965  70.364 0.0000000000
82588  45.502  -21.032  58.655 0.0000000000
82603  45.464  -21.145  58.095 0.0000000000
82587  46.487  -20.724  58.622 0.0000000000
82547  46.655  -20.817  60.277 0.0000000000
81165  46.733  -22.481  63.536 0.0000000000
79858  46.067  -23.062  64.155 0.0000000000
77189  46.581  -24.562  63.623 0.0000000000
78519  46.023  -24.014  64.103 0.0000000000
55676  40.348  -41.256  66.250 0.0000000000
56986  40.144  -40.610  66.958 0.0000000000
57010  40.589  -40.659  66.619 0.0000000000
53077  36.294  -43.960  66.938 0.0000000000
53089  35.635  -43.158  66.540 0.0000000000
53088  36.171  -43.244  66.459 0.0000000000
53087  37.040  -43.625  66.344 0.0000000000
94217  57.439  -11.889  50.346 0.0000000000
95533  58.505  -11.055  49.964 0.0000000000
92980  57.703  -11.937  49.565 0.0000000000
91726  57.941  -12.488  48.556 0.0000000000
91727  57.547  -12.681  49.003 0.0000000000
89138  49.752  -15.494  55.330 0.0000000000
90357  49.388  -15.073  54.893 0.0000000000
90370  50.245  -14.193  54.695 0.0000000000
91635  51.342  -13.881  55.219 0.0000000000
90340  51.211  -14.969  56.314 0.0000000000
85206  49.715  -18.535  53.239 0.0000000000
86508  50.033  -17.711  53.334 0.0000000000
63295  35.978  -35.223  70.180 0.0000000000
64723  34.850  -34.424  69.819 0.0000000000
66094  34.799  -33.922  70.121 0.0000000000
73443  35.224  -28.117  66.675 0.0000000000
74655  34.507  -27.995  65.522 0.0000000000
77145  39.830  -24.889  67.482 0.0000000000
77161  39.684  -25.161  66.624 0.0000000000
77175  40.784  -24.974  65.464 0.0000000000
78479  41.343  -24.260  66.896 0.0000000000
72286  42.673  -27.996  67.917 0.0000000000
73442  43.068  -27.613  67.603 0.0000000000
72303  43.139  -28.215  67.179 0.0000000000
71095  43.324  -28.213  65.907 0.0000000000
50385  26.529  -45.015  72.794 0.0000000000
51706  27.244  -44.394  72.712 0.0000000000
51722  27.539  -44.777  72.441 0.0000000000
50399  27.618  -45.227  72.109 0.0000000000
49142  27.241  -45.811  71.721 0.0000000000
47892  27.659  -46.400  70.894 0.0000000000
49159  26.947  -46.261  71.208 0.0000000000
81271  42.827  -21.762  58.729 0.0000000000
81270  43.956  -21.541  58.801 0.0000000000
82572  44.098  -20.942  60.189 0.0000000000
82573  43.555  -20.906  60.489 0.0000000000
82514  42.511  -21.227  62.607 0.0000000000
82513  43.385  -20.881  62.486 0.0000000000
81184  44.467  -21.631  63.604 0.0000000000
81185  43.582  -21.726  63.653 0.0000000000
51756  33.104  -44.426  69.613 0.0000000000
53062  33.785  -43.752  69.150 0.0000000000
49222  35.244  -46.480  67.432 0.0000000000
50482  35.706  -45.927  67.329 0.0000000000
50458  35.769  -45.241  67.365 0.0000000000
49220  36.434  -46.041  66.552 0.0000000000
94234  54.915  -11.940  50.828 0.0000000000
94233  55.714  -11.786  50.617 0.0000000000
94232  56.599  -11.692  50.276 0.0000000000
94219  56.380  -11.821  51.329 0.0000000000
92948  57.249  -12.254  51.776 0.0000000000
94209  56.935  -11.722  51.942 0.0000000000
92941  55.026  -12.835  52.993 0.0000000000
91665  56.011  -13.067  52.688 0.0000000000
91666  55.364  -13.257  52.967 0.0000000000
90385  54.670  -13.885  52.821 0.0000000000
85163  47.580  -18.778  55.648 0.0000000000
86468  47.839  -18.173  55.907 0.0000000000
86450  49.236  -17.927  56.672 0.0000000000
87799  49.406  -17.377  56.213 0.0000000000
87817  49.381  -16.750  55.779 0.0000000000
87798  49.925  -16.820  55.609 0.0000000000
86448  49.876  -17.628  55.609 0.0000000000
83833  49.989  -19.486  55.605 0.0000000000
85161  50.163  -18.449  55.119 0.0000000000
85177  50.286  -18.529  54.366 0.0000000000
83865  50.121  -19.414  54.393 0.0000000000
67409  36.945  -32.412  71.361 0.0000000000
68642  35.748  -31.574  71.226 0.0000000000
68629  36.233  -31.412  71.401 0.0000000000
72246  36.194  -28.743  70.900 0.0000000000
72247  35.417  -28.761  70.289 0.0000000000
72258  35.088  -28.200  69.885 0.0000000000
73392  35.157  -27.980  69.437 0.0000000000
73409  35.464  -27.535  69.146 0.0000000000
74624  36.019  -27.088  68.084 0.0000000000
74609  35.952  -26.818  69.066 0.0000000000
75898  37.313  -26.027  69.188 0.0000000000
75897  38.336  -25.695  69.052 0.0000000000
77110  38.500  -25.185  68.559 0.0000000000
75896  39.317  -25.772  69.083 0.0000000000
77108  40.114  -25.195  68.778 0.0000000000
73408  40.252  -27.552  69.187 0.0000000000
74586  40.539  -26.835  69.357 0.0000000000
74607  40.863  -27.094  69.168 0.0000000000
73426  41.466  -27.928  68.420 0.0000000000
55587  27.377  -41.808  71.302 0.0000000000
55601  26.999  -41.698  70.006 0.0000000000
55586  28.517  -41.889  71.454 0.0000000000
54295  30.434  -43.091  71.468 0.0000000000
55584  30.383  -42.518  71.283 0.0000000000
55583  30.778  -42.702  71.259 0.0000000000
55597  31.123  -42.368  71.002 0.0000000000
54314  31.699  -42.873  70.519 0.0000000000
53053  31.948  -43.629  70.226 0.0000000000
51744  31.339  -44.320  70.466 0.0000000000
82621  46.660  -20.790  55.988 0.0000000000
82611  46.995  -20.742  56.737 0.0000000000
82586  47.406  -20.509  58.587 0.0000000000
82599  48.497  -20.022  57.723 0.0000000000
82566  48.903  -21.043  59.044 0.0000000000
82567  48.444  -20.900  59.155 0.0000000000
82522  47.851  -21.452  60.508 0.0000000000
82521  48.538  -21.565  60.136 0.0000000000
81218  48.731  -21.904  60.230 0.0000000000
79904  48.817  -22.251  60.269 0.0000000000
81199  48.061  -22.068  60.829 0.0000000000
82510  46.147  -20.996  61.961 0.0000000000
82524  46.398  -20.854  61.133 0.0000000000
82494  46.764  -21.381  62.471 0.0000000000
79873  47.349  -22.784  63.146 0.0000000000
79872  47.436  -22.872  62.579 0.0000000000
78552  47.638  -23.192  61.160 0.0000000000
78553  47.404  -23.423  62.144 0.0000000000
56965  37.198  -40.004  68.198 0.0000000000
58223  36.091  -39.334  68.615 0.0000000000
58222  36.746  -39.403  68.757 0.0000000000
59551  38.475  -38.594  68.575 0.0000000000
58209  37.451  -38.599  69.076 0.0000000000
60772  37.628  -37.396  69.339 0.0000000000
60756  37.314  -36.665  69.531 0.0000000000
60771  38.412  -37.260  69.204 0.0000000000
58250  41.376  -39.472  66.545 0.0000000000
59573  41.843  -38.923  66.412 0.0000000000
61991  40.236  -36.192  68.341 0.0000000000
60785  40.339  -37.175  68.099 0.0000000000
61977  39.475  -36.118  69.163 0.0000000000
61957  38.537  -35.900  69.792 0.0000000000
63292  38.248  -35.222  70.175 0.0000000000
64721  38.013  -34.611  70.552 0.0000000000
64720  38.531  -34.379  70.170 0.0000000000
66090  39.719  -33.537  69.344 0.0000000000
66091  39.397  -33.312  69.712 0.0000000000
67422  39.034  -32.414  70.114 0.0000000000
67406  38.707  -32.123  70.524 0.0000000000
67436  39.310  -32.466  69.319 0.0000000000
68664  38.872  -31.725  69.640 0.0000000000
55655  33.019  -42.448  67.515 0.0000000000
54365  33.672  -42.658  67.453 0.0000000000
55708  36.605  -40.705  65.658 0.0000000000
57012  36.213  -39.905  65.716 0.0000000000
57011  36.571  -40.214  66.110 0.0000000000
56990  36.802  -40.144  67.122 0.0000000000
55654  37.412  -41.059  66.725 0.0000000000
54381  37.920  -42.583  66.236 0.0000000000
54360  38.609  -41.859  66.345 0.0000000000
54359  39.173  -41.986  66.129 0.0000000000
54379  39.422  -42.478  65.906 0.0000000000
50505  37.729  -45.403  65.509 0.0000000000
51806  40.841  -44.061  64.617 0.0000000000
91757  58.624  -13.170  47.276 0.0000000000
87854  47.988  -16.855  54.197 0.0000000000
86501  47.642  -17.399  53.772 0.0000000000
91678  50.663  -13.738  52.806 0.0000000000
91679  49.832  -13.796  52.498 0.0000000000
91698  51.337  -13.377  52.371 0.0000000000
91716  51.529  -13.344  51.450 0.0000000000
92953  51.807  -13.002  52.854 0.0000000000
92952  52.559  -12.850  52.664 0.0000000000
92944  52.237  -12.931  53.379 0.0000000000
90353  53.031  -14.387  55.085 0.0000000000
91649  53.253  -13.930  54.463 0.0000000000
89152  53.267  -14.862  54.168 0.0000000000
89169  53.686  -14.280  53.171 0.0000000000
87814  51.414  -15.871  55.348 0.0000000000
87832  51.451  -15.880  54.674 0.0000000000
89172  51.811  -15.494  52.987 0.0000000000
89183  51.726  -15.611  51.983 0.0000000000
69868  34.469  -30.921  69.375 0.0000000000
68666  34.326  -31.740  69.222 0.0000000000
69878  34.129  -30.721  68.806 0.0000000000
75947  37.152  -26.426  66.693 0.0000000000
75982  38.881  -26.320  64.275 0.0000000000
77191  41.007  -24.729  64.035 0.0000000000
77205  40.916  -24.539  63.018 0.0000000000
78554  40.831  -23.645  62.568 0.0000000000
78555  40.254  -23.551  61.957 0.0000000000
79889  40.918  -22.845  62.838 0.0000000000
81188  41.384  -22.360  63.067 0.0000000000
79875  41.541  -23.168  63.471 0.0000000000
79830  42.504  -23.211  65.810 0.0000000000
81154  42.536  -22.990  64.624 0.0000000000
79843  43.072  -23.190  65.115 0.0000000000
81152  43.599  -22.788  64.586 0.0000000000
77124  41.731  -24.825  68.380 0.0000000000
78463  41.787  -24.496  67.729 0.0000000000
77123  42.508  -25.142  68.190 0.0000000000
75930  43.679  -25.878  67.054 0.0000000000
77141  43.742  -25.371  66.767 0.0000000000
77159  44.074  -25.218  66.219 0.0000000000
78490  44.433  -24.939  65.632 0.0000000000
77158  44.451  -25.314  65.772 0.0000000000
75958  45.032  -25.477  64.731 0.0000000000
74666  44.815  -26.292  65.011 0.0000000000
72320  44.862  -27.757  64.177 0.0000000000
69884  38.248  -30.387  68.623 0.0000000000
71067  38.401  -29.240  68.990 0.0000000000
69885  38.182  -30.437  67.844 0.0000000000
51707  26.253  -44.312  73.152 0.0000000000
49143  26.337  -45.988  71.945 0.0000000000
47906  24.826  -46.139  71.221 0.0000000000
81238  42.740  -20.994  60.588 0.0000000000
82529  42.216  -21.024  61.862 0.0000000000
82515  42.010  -21.309  62.326 0.0000000000
49206  33.140  -46.530  68.598 0.0000000000
49205  33.701  -46.269  68.393 0.0000000000
47930  34.088  -47.180  67.955 0.0000000000
47929  34.794  -47.012  67.636 0.0000000000
94210  56.113  -11.906  52.300 0.0000000000
94221  54.662  -12.040  51.615 0.0000000000
94212  54.339  -12.487  52.290 0.0000000000
94204  54.346  -12.705  52.710 0.0000000000
83821  48.412  -19.333  57.231 0.0000000000
85141  48.408  -18.271  56.621 0.0000000000
85116  48.789  -18.556  56.907 0.0000000000
85115  49.259  -18.654  56.766 0.0000000000
85113  49.688  -18.711  55.928 0.0000000000
68641  37.600  -31.330  71.271 0.0000000000
69847  36.449  -30.837  71.361 0.0000000000
71040  36.775  -30.301  71.227 0.0000000000
73374  36.765  -27.826  70.603 0.0000000000
74571  37.427  -27.463  70.191 0.0000000000
74570  37.994  -27.567  70.051 0.0000000000
74588  38.667  -27.160  69.789 0.0000000000
75877  39.471  -26.407  69.410 0.0000000000
72255  39.199  -28.064  69.531 0.0000000000
72270  39.512  -28.302  68.967 0.0000000000
55572  29.123  -42.588  72.028 0.0000000000
53041  29.580  -44.010  71.913 0.0000000000
51731  30.226  -44.531  71.349 0.0000000000
51730  30.796  -44.610  70.958 0.0000000000
50411  31.064  -45.057  70.694 0.0000000000
50427  31.018  -45.692  70.639 0.0000000000
81292  44.908  -21.950  56.911 0.0000000000
81291  45.493  -21.399  57.186 0.0000000000
82568  47.798  -20.778  59.299 0.0000000000
82546  47.463  -21.067  60.055 0.0000000000
82508  47.499  -21.581  61.260 0.0000000000
81182  46.396  -21.796  63.205 0.0000000000
78535  47.186  -23.352  63.351 0.0000000000
77204  47.361  -24.454  63.098 0.0000000000
77188  47.098  -24.364  63.363 0.0000000000
75978  46.344  -25.328  63.580 0.0000000000
56963  38.739  -40.202  67.922 0.0000000000
58236  39.151  -39.944  67.829 0.0000000000
58219  39.435  -38.933  68.037 0.0000000000
59560  42.067  -38.153  66.639 0.0000000000
63330  40.198  -35.690  68.655 0.0000000000
63290  39.470  -34.645  69.511 0.0000000000
63313  40.461  -34.925  68.758 0.0000000000
64744  40.569  -34.358  68.295 0.0000000000
53079  34.752  -43.363  67.697 0.0000000000
54364  34.648  -42.972  67.117 0.0000000000
54363  35.231  -43.092  66.575 0.0000000000
54401  34.969  -42.396  65.428 0.0000000000
55679  36.470  -41.648  66.043 0.0000000000
54362  37.639  -41.489  66.610 0.0000000000
92995  58.280  -12.194  48.618 0.0000000000
91740  58.190  -12.770  48.224 0.0000000000
89191  55.302  -14.472  51.197 0.0000000000
89156  48.561  -15.823  54.643 0.0000000000
89157  47.997  -15.869  54.140 0.0000000000
90372  48.634  -14.926  54.016 0.0000000000
91671  49.090  -13.982  53.209 0.0000000000
91654  49.511  -14.300  53.848 0.0000000000
91669  50.739  -13.798  53.635 0.0000000000
91668  51.387  -13.461  53.869 0.0000000000
92928  51.903  -13.109  53.887 0.0000000000
91651  51.827  -13.497  54.515 0.0000000000
90354  52.460  -14.347  55.620 0.0000000000
90338  52.631  -14.865  55.658 0.0000000000
86498  50.500  -16.928  54.126 0.0000000000
87833  50.826  -16.297  54.542 0.0000000000
87852  50.510  -16.867  53.875 0.0000000000
87861  50.410  -16.834  53.412 0.0000000000
61962  35.629  -35.695  69.184 0.0000000000
72272  34.579  -28.977  68.168 0.0000000000
71069  34.288  -29.959  68.202 0.0000000000
72291  34.473  -29.186  67.204 0.0000000000
72314  33.955  -29.033  65.796 0.0000000000
77147  38.064  -25.312  67.468 0.0000000000
75946  37.905  -25.814  66.215 0.0000000000
77162  38.544  -25.451  66.583 0.0000000000
75961  39.741  -25.861  64.956 0.0000000000
75981  40.055  -26.236  63.860 0.0000000000
75960  40.585  -25.558  64.390 0.0000000000
78521  41.403  -23.905  64.368 0.0000000000
79846  41.664  -23.406  64.666 0.0000000000
78508  41.463  -23.735  65.289 0.0000000000
78494  41.847  -23.521  66.316 0.0000000000
78493  42.454  -23.865  66.340 0.0000000000
74604  42.589  -26.316  68.542 0.0000000000
75912  42.675  -25.619  68.320 0.0000000000
74621  43.221  -26.510  67.719 0.0000000000
74639  43.559  -26.620  67.206 0.0000000000
73440  43.753  -26.811  66.484 0.0000000000
73451  44.490  -26.893  65.180 0.0000000000
72313  43.685  -27.540  65.646 0.0000000000
55574  27.618  -42.058  72.458 0.0000000000
54256  27.523  -42.895  72.899 0.0000000000
54255  28.105  -43.150  72.577 0.0000000000
51721  28.085  -44.405  72.316 0.0000000000
50398  28.538  -45.297  71.849 0.0000000000
47890  28.605  -46.431  70.939 0.0000000000
47903  28.829  -46.631  70.623 0.0000000000
47904  28.003  -46.525  70.459 0.0000000000
47920  27.562  -46.599  69.922 0.0000000000
49174  26.543  -46.365  70.552 0.0000000000
81269  44.725  -21.281  59.013 0.0000000000
82571  44.955  -20.964  59.674 0.0000000000
82548  45.710  -20.722  60.443 0.0000000000
82549  44.781  -20.777  60.669 0.0000000000
82511  45.208  -20.909  62.157 0.0000000000
82527  43.676  -20.695  61.674 0.0000000000
82512  44.287  -20.820  62.340 0.0000000000
82496  44.895  -21.084  62.993 0.0000000000
81183  45.404  -21.697  63.441 0.0000000000
81167  44.879  -22.204  64.063 0.0000000000
79859  45.078  -22.961  64.488 0.0000000000
55675  41.352  -41.275  65.855 0.0000000000
54331  32.575  -42.763  69.588 0.0000000000
54347  32.836  -42.638  68.719 0.0000000000
54330  33.369  -43.046  69.221 0.0000000000
54329  33.980  -43.211  68.680 0.0000000000
53070  34.496  -43.841  68.262 0.0000000000
50460  34.419  -45.707  68.191 0.0000000000
51769  34.697  -44.865  68.270 0.0000000000
53069  35.137  -44.221  68.031 0.0000000000
51768  35.462  -44.675  67.701 0.0000000000
51767  35.841  -44.757  67.341 0.0000000000
51780  36.293  -44.775  66.976 0.0000000000
51779  36.796  -44.551  66.465 0.0000000000
50480  36.706  -45.403  66.373 0.0000000000
49239  36.886  -46.473  65.982 0.0000000000
49257  37.413  -46.859  65.517 0.0000000000
91695  57.507  -12.504  50.630 0.0000000000
91714  57.000  -13.415  50.173 0.0000000000
91696  57.332  -12.742  51.130 0.0000000000
91697  56.431  -13.513  51.197 0.0000000000
90395  55.804  -13.722  51.813 0.0000000000
92940  55.997  -12.591  52.691 0.0000000000
90413  55.440  -14.190  51.703 0.0000000000
89192  55.066  -14.516  51.618 0.0000000000
89180  54.096  -14.584  52.392 0.0000000000
85178  47.532  -18.579  54.871 0.0000000000
86500  47.704  -17.873  54.280 0.0000000000
87837  48.052  -17.332  54.770 0.0000000000
86467  48.252  -17.697  56.069 0.0000000000
86486  48.267  -17.436  55.569 0.0000000000
87836  48.542  -16.808  55.272 0.0000000000
87835  49.419  -16.110  55.486 0.0000000000
87834  49.851  -15.836  55.503 0.0000000000
89137  50.216  -15.551  55.615 0.0000000000
90329  50.927  -15.509  56.191 0.0000000000
89110  50.904  -15.859  55.865 0.0000000000
87797  50.707  -16.073  55.506 0.0000000000
86466  50.178  -17.441  55.171 0.0000000000
86484  50.397  -17.162  54.625 0.0000000000
86485  50.337  -17.966  54.469 0.0000000000
85190  50.108  -18.572  53.784 0.0000000000
64706  35.960  -34.007  71.167 0.0000000000
66079  35.109  -33.323  70.870 0.0000000000
67411  35.460  -32.433  71.040 0.0000000000
68643  35.294  -31.650  70.743 0.0000000000
69867  34.744  -30.623  69.869 0.0000000000
71050  35.748  -29.909  70.876 0.0000000000
71051  35.143  -29.832  70.220 0.0000000000
71059  34.811  -29.759  69.644 0.0000000000
73410  35.179  -28.065  68.584 0.0000000000
74641  35.376  -27.695  66.775 0.0000000000
74653  35.504  -27.250  66.303 0.0000000000
74640  35.878  -27.358  67.169 0.0000000000
75933  36.545  -26.834  67.444 0.0000000000
75932  37.033  -26.155  67.634 0.0000000000
74608  36.617  -26.542  69.424 0.0000000000
75914  37.213  -25.846  68.354 0.0000000000
77129  37.750  -25.385  68.056 0.0000000000
77128  38.278  -25.067  68.069 0.0000000000
77127  39.073  -24.966  68.118 0.0000000000
77126  39.966  -24.836  68.222 0.0000000000
77144  40.698  -24.590  67.580 0.0000000000
77107  40.986  -25.148  68.914 0.0000000000
75894  41.030  -25.798  69.180 0.0000000000
75876  40.348  -26.351  69.337 0.0000000000
75875  41.007  -26.279  69.285 0.0000000000
75893  41.734  -26.052  69.104 0.0000000000
73406  41.958  -27.099  68.906 0.0000000000
73425  42.092  -27.572  68.419 0.0000000000
55585  29.532  -42.291  71.540 0.0000000000
55616  30.361  -41.960  69.728 0.0000000000
55614  32.032  -42.556  69.700 0.0000000000
54313  32.427  -43.065  70.185 0.0000000000
53052  32.761  -43.764  70.052 0.0000000000
50441  32.698  -45.356  69.419 0.0000000000
50426  31.607  -45.312  70.273 0.0000000000
50425  32.185  -45.349  69.831 0.0000000000
49187  32.987  -46.118  68.950 0.0000000000
83850  47.328  -19.462  55.552 0.0000000000
82610  47.579  -20.168  57.068 0.0000000000
83822  47.877  -19.377  56.993 0.0000000000
82598  48.885  -20.101  57.684 0.0000000000
82597  49.119  -20.319  57.684 0.0000000000
82581  49.359  -20.945  57.734 0.0000000000
82582  49.155  -20.821  58.130 0.0000000000
82565  49.094  -20.978  59.013 0.0000000000
81235  50.073  -21.426  59.748 0.0000000000
82544  48.867  -21.304  59.655 0.0000000000
81237  49.169  -21.360  60.104 0.0000000000
81201  47.297  -21.596  62.008 0.0000000000
81200  47.681  -21.923  61.510 0.0000000000
58213  35.611  -38.536  68.220 0.0000000000
59526  36.017  -37.449  69.122 0.0000000000
58221  37.700  -39.157  68.663 0.0000000000
59537  36.516  -38.235  69.377 0.0000000000
59525  36.319  -37.519  69.332 0.0000000000
60757  36.682  -36.707  69.420 0.0000000000
61960  36.413  -35.870  69.634 0.0000000000
63294  36.626  -35.336  70.390 0.0000000000
58234  40.750  -39.714  67.035 0.0000000000
59562  40.457  -38.778  67.313 0.0000000000
59549  39.914  -38.315  67.874 0.0000000000
59548  40.882  -37.978  67.677 0.0000000000
60786  39.512  -37.554  68.413 0.0000000000
60755  38.071  -36.603  69.528 0.0000000000
61958  37.764  -35.912  69.891 0.0000000000
63272  36.908  -34.798  70.961 0.0000000000
64705  36.710  -34.044  71.139 0.0000000000
66076  37.243  -33.228  71.195 0.0000000000
66075  38.029  -33.223  70.961 0.0000000000
64719  39.089  -34.131  69.731 0.0000000000
66092  38.750  -33.300  70.409 0.0000000000
67408  37.723  -32.253  71.255 0.0000000000
68640  38.103  -31.437  70.970 0.0000000000
68655  38.215  -31.232  70.537 0.0000000000
69865  38.207  -30.762  70.184 0.0000000000
71057  38.215  -29.734  69.940 0.0000000000
68673  38.726  -31.555  68.909 0.0000000000
68682  38.660  -31.920  68.252 0.0000000000
67450  39.968  -33.218  67.758 0.0000000000
67451  39.078  -32.727  67.635 0.0000000000
55656  32.276  -42.355  67.906 0.0000000000
54385  34.060  -42.655  66.398 0.0000000000
56991  36.325  -39.485  67.714 0.0000000000
55653  37.899  -41.224  67.089 0.0000000000
56988  38.341  -40.706  67.567 0.0000000000
55651  39.439  -41.247  66.530 0.0000000000
54377  40.805  -42.051  65.678 0.0000000000
51793  37.430  -44.696  66.003 0.0000000000
51792  38.023  -44.583  65.301 0.0000000000
53102  38.301  -44.013  65.015 0.0000000000
51808  39.406  -44.311  64.722 0.0000000000
53101  38.889  -43.712  65.045 0.0000000000
53100  39.839  -43.370  65.278 0.0000000000
50388  23.785  -45.708  73.442 0.0000000000
90475  59.151  -13.826  45.953 0.0000000000
92966  52.783  -12.818  51.863 0.0000000000
92951  53.531  -12.816  52.445 0.0000000000
92942  53.981  -13.065  53.020 0.0000000000
92927  52.475  -13.178  53.965 0.0000000000
92925  53.556  -13.649  53.605 0.0000000000
90386  54.091  -14.041  52.981 0.0000000000
89181  53.518  -14.923  52.367 0.0000000000
89123  51.758  -15.344  56.361 0.0000000000
89122  52.200  -15.440  55.822 0.0000000000
87850  51.733  -15.628  54.169 0.0000000000
89154  52.429  -15.319  54.105 0.0000000000
89171  52.678  -15.163  53.168 0.0000000000
89195  52.532  -15.365  51.050 0.0000000000
79918  39.758  -22.640  60.315 0.0000000000
67437  34.779  -32.657  69.861 0.0000000000
68675  33.908  -31.738  68.263 0.0000000000
78570  39.705  -23.499  61.227 0.0000000000
79906  40.104  -22.608  61.565 0.0000000000
81222  40.392  -22.105  60.781 0.0000000000
81204  41.070  -21.979  62.477 0.0000000000
81203  41.791  -21.714  62.776 0.0000000000
81202  42.317  -21.752  63.123 0.0000000000
79862  42.074  -23.197  64.328 0.0000000000
81170  42.570  -22.855  64.071 0.0000000000
81186  42.746  -21.956  63.578 0.0000000000
79860  44.334  -22.685  64.493 0.0000000000
79841  44.755  -23.683  64.823 0.0000000000
78464  41.359  -24.433  67.535 0.0000000000
77142  43.226  -25.280  67.317 0.0000000000
78476  43.190  -24.817  66.756 0.0000000000
78492  43.090  -24.346  66.167 0.0000000000
79828  43.685  -24.082  65.555 0.0000000000
78506  44.279  -24.068  65.222 0.0000000000
78505  44.942  -24.359  64.982 0.0000000000
78504  45.384  -24.507  64.383 0.0000000000
75979  45.563  -25.822  64.128 0.0000000000
73463  45.004  -27.058  64.560 0.0000000000
73471  45.381  -27.245  64.011 0.0000000000
71066  39.291  -28.599  68.392 0.0000000000
72289  40.167  -28.357  68.389 0.0000000000
71077  40.964  -28.619  67.526 0.0000000000
47865  23.847  -46.226  72.798 0.0000000000
47878  24.730  -46.146  72.151 0.0000000000
47891  28.270  -46.416  70.922 0.0000000000
47905  27.287  -46.477  70.538 0.0000000000
47914  32.861  -46.609  68.669 0.0000000000
47919  28.391  -46.775  69.870 0.0000000000
47946  34.613  -47.458  67.423 0.0000000000
47974  37.708  -47.385  65.293 0.0000000000
49134  24.276  -45.980  73.000 0.0000000000
49141  27.983  -45.763  71.649 0.0000000000
49155  30.069  -45.717  71.166 0.0000000000
49157  28.721  -46.196  71.260 0.0000000000
49169  31.805  -45.818  69.929 0.0000000000
49173  28.980  -46.461  70.949 0.0000000000
49186  33.494  -45.755  68.730 0.0000000000
50384  27.161  -45.000  72.502 0.0000000000
50439  33.941  -45.390  68.580 0.0000000000
50530  39.705  -44.801  64.622 0.0000000000
50532  38.314  -45.266  65.130 0.0000000000
51732  29.551  -44.434  71.763 0.0000000000
51742  32.772  -44.208  69.975 0.0000000000
51757  32.594  -44.902  69.749 0.0000000000
51781  35.892  -44.359  67.313 0.0000000000
53015  27.700  -43.740  72.645 0.0000000000
53016  26.945  -43.637  73.104 0.0000000000
53027  29.650  -43.425  71.943 0.0000000000
53029  28.361  -43.603  72.391 0.0000000000
53040  29.949  -43.787  71.744 0.0000000000
53054  31.377  -43.496  70.692 0.0000000000
53063  33.238  -43.604  69.615 0.0000000000
53084  39.643  -42.863  65.704 0.0000000000
54276  29.497  -42.963  72.015 0.0000000000
54278  28.138  -42.640  72.502 0.0000000000
54294  31.155  -43.006  71.169 0.0000000000
54296  29.962  -42.790  71.634 0.0000000000
54332  32.060  -42.674  70.025 0.0000000000
54366  33.084  -42.543  68.007 0.0000000000
54380  38.764  -42.631  66.055 0.0000000000
55632  32.070  -42.463  69.140 0.0000000000
55650  39.977  -41.016  66.564 0.0000000000
55674  41.704  -41.071  65.655 0.0000000000
55677  39.666  -41.823  66.032 0.0000000000
56966  36.532  -39.657  68.130 0.0000000000
56985  40.697  -40.382  66.824 0.0000000000
57009  41.153  -40.430  66.442 0.0000000000
57032  36.341  -40.414  65.498 0.0000000000
58210  36.953  -38.840  69.205 0.0000000000
58212  35.551  -38.825  68.869 0.0000000000
58224  35.837  -39.144  68.055 0.0000000000
58237  36.498  -39.793  66.619 0.0000000000
58251  36.323  -39.644  66.254 0.0000000000
59527  35.895  -37.410  68.992 0.0000000000
59535  37.965  -38.166  69.038 0.0000000000
59536  37.215  -38.146  69.288 0.0000000000
59538  35.881  -38.193  69.301 0.0000000000
59550  39.145  -38.429  68.285 0.0000000000
60758  36.287  -36.690  69.200 0.0000000000
60769  39.773  -36.657  68.621 0.0000000000
60797  41.638  -37.531  67.242 0.0000000000
61956  39.112  -35.865  69.582 0.0000000000
61961  35.956  -35.765  69.421 0.0000000000
61976  39.925  -35.961  68.774 0.0000000000
61978  38.809  -36.468  69.400 0.0000000000
63273  36.256  -34.715  70.831 0.0000000000
63274  35.635  -34.574  70.652 0.0000000000
63275  35.268  -34.431  70.566 0.0000000000
63291  38.992  -35.107  69.616 0.0000000000
63314  39.894  -35.198  69.082 0.0000000000
63329  40.611  -35.444  68.332 0.0000000000
64704  37.527  -34.178  70.931 0.0000000000
64722  34.945  -34.132  70.484 0.0000000000
64735  40.663  -34.715  68.439 0.0000000000
64736  40.308  -34.362  68.769 0.0000000000
66078  35.699  -33.208  71.211 0.0000000000
66093  34.878  -33.460  70.321 0.0000000000
66106  40.046  -33.503  68.929 0.0000000000
66107  39.683  -33.135  69.283 0.0000000000
66108  34.835  -33.089  70.110 0.0000000000
67395  36.772  -31.771  71.418 0.0000000000
67396  36.454  -31.671  71.414 0.0000000000
67407  38.436  -32.368  70.831 0.0000000000
67410  36.192  -32.216  71.375 0.0000000000
67424  35.031  -32.618  70.447 0.0000000000
67438  34.579  -32.758  69.248 0.0000000000
68627  37.108  -31.261  71.351 0.0000000000
68628  36.650  -31.292  71.398 0.0000000000
68639  38.425  -31.758  70.647 0.0000000000
68657  34.603  -31.228  69.619 0.0000000000
68665  34.637  -32.198  69.583 0.0000000000
68674  38.313  -31.178  68.302 0.0000000000
69846  36.871  -30.843  71.317 0.0000000000
69848  35.972  -30.907  71.366 0.0000000000
69855  37.332  -30.563  71.170 0.0000000000
69856  35.551  -30.867  71.102 0.0000000000
69866  38.027  -30.463  70.614 0.0000000000
69877  34.558  -30.349  69.324 0.0000000000
71041  36.221  -30.338  71.239 0.0000000000
71042  35.862  -30.498  71.190 0.0000000000
71080  38.378  -29.949  67.415 0.0000000000
71081  34.192  -30.024  67.474 0.0000000000
71096  43.239  -28.458  66.277 0.0000000000
71128  44.684  -28.166  64.069 0.0000000000
71143  44.841  -28.312  63.752 0.0000000000
72248  34.959  -29.255  69.986 0.0000000000
72257  38.069  -29.074  70.538 0.0000000000
72273  34.383  -29.518  67.790 0.0000000000
72287  42.002  -28.231  68.063 0.0000000000
72302  43.394  -27.890  66.239 0.0000000000
72306  34.246  -29.263  66.381 0.0000000000
72311  44.606  -27.398  64.688 0.0000000000
72321  44.489  -27.789  64.550 0.0000000000
73371  38.376  -28.155  70.027 0.0000000000
73372  38.179  -28.061  70.150 0.0000000000
73375  35.922  -27.923  70.650 0.0000000000
73391  35.559  -27.571  69.936 0.0000000000
73407  41.259  -27.400  68.850 0.0000000000
73423  43.174  -27.020  67.664 0.0000000000
73427  35.065  -28.305  67.388 0.0000000000
73428  34.745  -28.673  67.137 0.0000000000
73452  43.935  -27.004  65.697 0.0000000000
73453  43.592  -27.247  66.240 0.0000000000
74569  38.339  -27.619  69.953 0.0000000000
74585  41.041  -26.524  69.252 0.0000000000
74587  39.605  -26.996  69.596 0.0000000000
74589  37.902  -26.960  69.796 0.0000000000
74591  36.188  -26.866  69.870 0.0000000000
74605  42.248  -26.544  68.811 0.0000000000
74622  42.784  -26.604  68.238 0.0000000000
74623  42.373  -27.025  68.530 0.0000000000
74625  35.529  -27.633  67.782 0.0000000000
74638  43.863  -26.375  66.640 0.0000000000
74642  35.001  -28.257  66.202 0.0000000000
74651  44.517  -26.544  65.366 0.0000000000
74652  44.191  -26.400  65.824 0.0000000000
74667  44.498  -26.004  65.631 0.0000000000
74683  46.103  -26.081  63.555 0.0000000000
75874  41.271  -26.374  69.216 0.0000000000
75879  37.812  -26.372  69.474 0.0000000000
75891  42.751  -26.209  68.387 0.0000000000
75892  42.517  -26.017  68.605 0.0000000000
75899  36.669  -26.248  68.901 0.0000000000
75910  43.374  -26.264  67.484 0.0000000000
75911  43.099  -25.997  68.001 0.0000000000
75929  43.991  -26.102  66.443 0.0000000000
75944  43.928  -25.516  66.568 0.0000000000
75945  38.374  -25.649  66.076 0.0000000000
75959  44.635  -25.642  65.467 0.0000000000
77106  41.747  -25.349  68.852 0.0000000000
77122  42.985  -25.489  67.940 0.0000000000
77143  42.723  -24.878  67.461 0.0000000000
77148  37.517  -25.691  67.651 0.0000000000
77163  37.724  -25.713  66.983 0.0000000000
77173  45.062  -24.883  64.620 0.0000000000
77177  38.637  -25.589  66.009 0.0000000000
77216  47.502  -23.959  61.656 0.0000000000
78462  42.259  -24.701  67.826 0.0000000000
78475  43.656  -25.081  66.604 0.0000000000
78507  41.619  -23.319  65.769 0.0000000000
78517  47.247  -24.092  63.268 0.0000000000
78518  46.992  -23.882  63.520 0.0000000000
79831  42.007  -22.940  65.744 0.0000000000
79844  42.432  -22.957  65.131 0.0000000000
79861  42.273  -23.037  64.677 0.0000000000
79863  41.800  -23.473  64.098 0.0000000000
79874  41.995  -23.200  63.698 0.0000000000
79888  47.535  -22.519  61.637 0.0000000000
79890  40.550  -23.007  62.213 0.0000000000
81169  43.208  -22.336  64.174 0.0000000000
81171  42.270  -23.069  63.766 0.0000000000
81253  49.833  -21.661  59.471 0.0000000000
81255  44.635  -21.164  59.401 0.0000000000
81279  45.470  -21.287  57.607 0.0000000000
82499  42.668  -21.590  63.081 0.0000000000
82542  49.690  -21.365  59.550 0.0000000000
82550  43.947  -20.765  60.901 0.0000000000
82551  43.047  -20.836  60.952 0.0000000000
82552  42.526  -20.887  61.388 0.0000000000
82583  48.939  -20.701  58.308 0.0000000000
83834  49.419  -19.271  56.915 0.0000000000
83835  49.261  -19.313  57.091 0.0000000000
83849  50.294  -18.963  54.659 0.0000000000
85117  48.264  -18.771  56.909 0.0000000000
85139  49.351  -19.058  56.813 0.0000000000
85191  47.339  -18.559  54.290 0.0000000000
86465  50.737  -16.313  55.020 0.0000000000
87800  49.129  -17.574  56.483 0.0000000000
89108  51.892  -15.694  55.983 0.0000000000
89109  51.564  -15.688  56.040 0.0000000000
89121  52.633  -15.093  55.592 0.0000000000
89124  50.531  -15.876  55.735 0.0000000000
89134  53.225  -15.121  54.691 0.0000000000
89135  52.944  -14.984  55.093 0.0000000000
89168  54.310  -14.123  52.802 0.0000000000
89209  55.346  -14.515  50.923 0.0000000000
89210  55.019  -14.681  50.858 0.0000000000
90328  51.321  -15.505  56.288 0.0000000000
90341  50.638  -15.284  55.979 0.0000000000
90352  53.182  -14.605  54.662 0.0000000000
90355  51.622  -14.300  55.832 0.0000000000
90358  48.897  -15.369  54.683 0.0000000000
90369  53.347  -14.009  54.763 0.0000000000
90396  55.267  -14.098  52.203 0.0000000000
91632  53.052  -13.871  55.008 0.0000000000
91633  52.856  -13.978  55.086 0.0000000000
91634  52.164  -13.841  55.245 0.0000000000
91648  53.506  -13.873  53.741 0.0000000000
91653  50.169  -14.098  54.108 0.0000000000
91675  57.237  -12.658  51.817 0.0000000000
91758  58.089  -13.852  47.328 0.0000000000
92926  52.931  -13.364  53.949 0.0000000000
92945  51.712  -13.145  53.438 0.0000000000
92949  56.848  -12.138  52.505 0.0000000000
92950  54.101  -12.774  52.631 0.0000000000
92963  57.536  -12.178  50.411 0.0000000000
92996  57.788  -12.068  48.959 0.0000000000
94203  54.760  -12.521  52.733 0.0000000000
94211  55.142  -12.016  52.329 0.0000000000
94218  57.107  -11.863  50.988 0.0000000000
94230  58.165  -11.476  49.974 0.0000000000
94248  58.485  -11.394  49.558 0.0000000000
95534  58.224  -10.941  49.917 0.0000000000
