#!ascii label  , from subject 3585 vox2ras=TkReg
1432
47364  0.805  -50.058  71.012 0.0000000000
68528  -29.543  -34.365  71.486 0.0000000000
73330  -29.733  -33.411  65.131 0.0000000000
57975  -21.852  -41.632  71.951 0.0000000000
86075  -33.132  -20.176  56.526 0.0000000000
78556  -28.236  -26.509  59.933 0.0000000000
67127  -30.585  -35.570  76.812 0.0000000000
63242  -24.505  -39.418  74.496 0.0000000000
86048  -39.059  -18.343  58.932 0.0000000000
91898  -42.072  -16.238  58.443 0.0000000000
96655  -43.395  -12.088  58.323 0.0000000000
77108  -31.114  -28.350  68.277 0.0000000000
74596  -26.371  -30.164  62.210 0.0000000000
75884  -32.969  -26.374  64.274 0.0000000000
79813  -35.081  -25.128  62.673 0.0000000000
60647  -11.278  -39.091  71.165 0.0000000000
44987  4.065  -52.881  72.462 0.0000000000
67354  -33.320  -34.803  67.383 0.0000000000
74457  -33.197  -29.980  70.599 0.0000000000
63376  -15.641  -37.608  67.112 0.0000000000
59414  -21.617  -41.647  66.636 0.0000000000
95520  -42.533  -12.896  52.075 0.0000000000
99138  -45.483  -9.963  55.643 0.0000000000
81096  -31.851  -23.935  58.519 0.0000000000
84805  -35.513  -20.967  61.551 0.0000000000
50922  -2.276  -48.768  68.839 0.0000000000
41497  3.974  -56.825  66.232 0.0000000000
89463  -40.949  -18.301  57.456 0.0000000000
75854  -32.092  -26.938  65.796 0.0000000000
59338  -9.335  -40.628  68.877 0.0000000000
47350  2.423  -51.765  70.978 0.0000000000
68578  -30.158  -34.508  67.760 0.0000000000
67303  -31.609  -34.382  69.946 0.0000000000
63329  -18.725  -38.631  69.841 0.0000000000
64688  -19.506  -38.618  65.929 0.0000000000
59368  -21.301  -40.428  68.938 0.0000000000
68494  -26.085  -35.121  73.964 0.0000000000
64621  -24.060  -38.237  71.162 0.0000000000
68525  -25.613  -34.202  72.286 0.0000000000
60621  -19.599  -39.776  73.842 0.0000000000
62002  -16.514  -38.454  71.399 0.0000000000
91951  -38.336  -16.490  52.862 0.0000000000
94342  -41.647  -13.842  52.354 0.0000000000
97887  -44.214  -10.592  56.711 0.0000000000
77258  -27.257  -28.162  60.807 0.0000000000
79856  -29.835  -24.795  59.413 0.0000000000
83472  -35.333  -22.579  62.573 0.0000000000
55592  -5.881  -43.726  70.317 0.0000000000
53313  -4.086  -45.528  71.362 0.0000000000
52071  -3.225  -47.072  71.571 0.0000000000
52114  -3.341  -47.435  67.990 0.0000000000
41499  2.962  -56.965  65.940 0.0000000000
67176  -30.030  -34.573  74.843 0.0000000000
67230  -32.145  -34.605  72.739 0.0000000000
67180  -33.059  -33.939  75.206 0.0000000000
56725  -24.485  -43.486  75.294 0.0000000000
56783  -23.535  -42.019  72.021 0.0000000000
61894  -26.182  -39.941  76.131 0.0000000000
65865  -26.515  -36.422  76.675 0.0000000000
86062  -36.126  -19.301  58.332 0.0000000000
87224  -37.783  -18.050  56.945 0.0000000000
89482  -38.964  -16.921  56.089 0.0000000000
93109  -40.051  -15.370  55.937 0.0000000000
95499  -41.009  -13.091  55.581 0.0000000000
94294  -41.926  -14.336  57.894 0.0000000000
74541  -29.188  -30.458  67.105 0.0000000000
73328  -27.729  -31.882  64.452 0.0000000000
77184  -28.573  -28.397  65.513 0.0000000000
75895  -28.961  -27.559  63.613 0.0000000000
77228  -31.018  -26.945  62.152 0.0000000000
78516  -32.618  -25.391  61.127 0.0000000000
78490  -33.363  -25.199  62.863 0.0000000000
60631  -9.561  -40.310  72.758 0.0000000000
58017  -7.851  -42.361  69.094 0.0000000000
99207  -46.419  -9.812  50.458 0.0000000000
46183  5.029  -51.960  71.111 0.0000000000
67400  -31.234  -35.453  65.976 0.0000000000
72102  -31.697  -33.225  66.025 0.0000000000
68562  -34.233  -33.766  70.117 0.0000000000
73265  -33.630  -31.669  67.994 0.0000000000
74543  -31.311  -31.232  67.137 0.0000000000
75759  -31.053  -29.034  70.613 0.0000000000
59369  -23.495  -41.186  68.688 0.0000000000
60618  -14.239  -38.743  73.769 0.0000000000
63325  -13.387  -38.399  69.274 0.0000000000
96695  -42.051  -11.945  55.106 0.0000000000
97946  -43.110  -11.170  53.766 0.0000000000
99190  -44.828  -10.295  52.215 0.0000000000
99155  -46.805  -9.369  54.756 0.0000000000
46232  -0.675  -52.229  67.078 0.0000000000
45052  1.718  -53.440  67.397 0.0000000000
84891  -31.880  -22.124  57.145 0.0000000000
81046  -34.131  -25.144  59.682 0.0000000000
83518  -33.483  -22.870  59.762 0.0000000000
84863  -34.386  -20.519  58.914 0.0000000000
86016  -36.707  -19.058  60.875 0.0000000000
48539  -0.538  -49.620  69.796 0.0000000000
43826  2.841  -53.947  68.059 0.0000000000
43824  4.089  -54.225  68.856 0.0000000000
43843  4.864  -54.392  68.001 0.0000000000
46176  1.873  -51.177  70.987 0.0000000000
68544  -28.797  -34.379  70.764 0.0000000000
68558  -30.035  -33.719  70.201 0.0000000000
67277  -30.765  -34.182  71.238 0.0000000000
60665  -19.742  -40.099  70.651 0.0000000000
62026  -19.816  -39.781  69.342 0.0000000000
59344  -20.466  -40.849  70.206 0.0000000000
68510  -27.979  -34.521  72.722 0.0000000000
68508  -25.546  -35.049  73.204 0.0000000000
68526  -27.165  -33.859  72.055 0.0000000000
68542  -26.383  -33.932  71.024 0.0000000000
56759  -23.000  -41.879  73.459 0.0000000000
59252  -21.883  -40.506  74.645 0.0000000000
59293  -20.856  -40.443  72.541 0.0000000000
60650  -19.207  -39.766  71.894 0.0000000000
93137  -40.470  -14.692  52.832 0.0000000000
72132  -30.465  -33.661  64.033 0.0000000000
72115  -29.297  -33.479  64.062 0.0000000000
77259  -27.943  -27.353  60.503 0.0000000000
77270  -27.679  -27.812  59.237 0.0000000000
79855  -29.106  -25.548  59.246 0.0000000000
55622  -5.240  -45.224  68.447 0.0000000000
54450  -5.188  -44.597  70.331 0.0000000000
53353  -4.196  -45.648  69.224 0.0000000000
52098  -3.660  -46.810  68.930 0.0000000000
52115  -4.126  -47.009  67.842 0.0000000000
67152  -30.364  -34.769  76.196 0.0000000000
67178  -31.831  -34.466  74.998 0.0000000000
67154  -32.085  -34.784  75.929 0.0000000000
57895  -25.890  -42.759  76.343 0.0000000000
57911  -25.780  -42.088  75.039 0.0000000000
60530  -25.940  -40.147  77.135 0.0000000000
65844  -29.296  -36.122  77.615 0.0000000000
64547  -27.523  -37.158  77.762 0.0000000000
67151  -29.067  -35.376  76.513 0.0000000000
67175  -28.588  -34.701  75.419 0.0000000000
86064  -37.783  -19.297  58.354 0.0000000000
87205  -36.539  -18.545  57.007 0.0000000000
86081  -38.401  -19.217  57.836 0.0000000000
90697  -41.183  -17.378  57.821 0.0000000000
89473  -40.063  -17.890  56.869 0.0000000000
91920  -39.974  -16.804  57.375 0.0000000000
91919  -39.496  -16.276  56.489 0.0000000000
91909  -40.363  -16.003  57.099 0.0000000000
94293  -41.550  -14.796  57.489 0.0000000000
93076  -41.880  -15.348  58.080 0.0000000000
75801  -29.509  -28.947  68.247 0.0000000000
77155  -28.481  -28.977  66.404 0.0000000000
77157  -29.544  -28.262  66.562 0.0000000000
75869  -32.076  -26.612  65.024 0.0000000000
75867  -30.493  -27.558  65.023 0.0000000000
75897  -30.720  -26.962  63.563 0.0000000000
77210  -29.964  -26.834  62.949 0.0000000000
77212  -31.715  -26.860  62.779 0.0000000000
77230  -32.258  -25.956  62.377 0.0000000000
77197  -33.405  -25.965  63.870 0.0000000000
60633  -11.803  -39.148  72.614 0.0000000000
60616  -11.621  -40.208  73.930 0.0000000000
60646  -10.591  -39.706  71.477 0.0000000000
58018  -8.473  -41.613  69.278 0.0000000000
99201  -47.125  -9.041  52.027 0.0000000000
99209  -47.517  -9.175  51.337 0.0000000000
44996  4.293  -52.506  71.727 0.0000000000
67352  -31.498  -34.478  67.667 0.0000000000
67351  -30.852  -34.806  67.609 0.0000000000
67401  -31.794  -34.641  66.434 0.0000000000
68652  -32.165  -34.483  65.979 0.0000000000
70909  -32.833  -33.702  66.233 0.0000000000
67259  -33.977  -34.359  71.891 0.0000000000
67281  -33.579  -34.565  70.765 0.0000000000
68550  -34.911  -33.244  71.036 0.0000000000
74485  -34.552  -30.719  70.194 0.0000000000
73250  -35.038  -31.926  69.203 0.0000000000
74510  -33.810  -30.638  68.872 0.0000000000
74530  -32.782  -30.881  67.454 0.0000000000
74508  -31.894  -30.650  68.760 0.0000000000
74507  -30.694  -30.307  68.961 0.0000000000
74456  -32.199  -29.874  70.365 0.0000000000
62079  -20.765  -39.800  66.377 0.0000000000
60638  -24.865  -40.945  73.341 0.0000000000
58028  -23.336  -41.084  70.234 0.0000000000
61983  -24.562  -39.984  72.100 0.0000000000
62048  -23.768  -39.785  68.449 0.0000000000
61911  -16.242  -38.517  74.313 0.0000000000
63327  -16.457  -38.138  69.973 0.0000000000
63300  -14.859  -37.615  70.639 0.0000000000
63351  -15.202  -37.797  68.618 0.0000000000
63374  -13.346  -38.426  67.681 0.0000000000
95487  -41.875  -12.237  57.273 0.0000000000
96694  -41.433  -12.505  54.827 0.0000000000
97885  -42.592  -11.238  56.807 0.0000000000
99122  -45.392  -10.207  56.375 0.0000000000
97908  -43.880  -10.773  55.678 0.0000000000
99153  -44.888  -10.327  54.718 0.0000000000
99173  -43.972  -10.606  52.901 0.0000000000
99174  -45.022  -10.029  53.502 0.0000000000
99191  -45.722  -9.719  52.490 0.0000000000
99154  -45.781  -9.818  54.675 0.0000000000
74588  -26.617  -30.314  63.786 0.0000000000
72128  -27.283  -32.764  62.422 0.0000000000
83555  -30.871  -22.494  56.902 0.0000000000
82310  -32.241  -23.414  58.438 0.0000000000
79811  -33.853  -24.946  61.548 0.0000000000
79819  -33.133  -25.430  60.435 0.0000000000
79821  -33.938  -24.707  61.204 0.0000000000
84804  -35.425  -21.778  61.819 0.0000000000
83499  -34.149  -22.601  61.085 0.0000000000
84821  -34.855  -21.588  60.965 0.0000000000
84840  -34.213  -21.930  59.833 0.0000000000
84822  -35.350  -20.172  60.842 0.0000000000
84842  -35.739  -19.699  59.814 0.0000000000
87141  -36.595  -19.259  61.341 0.0000000000
50895  -2.567  -47.718  70.671 0.0000000000
50876  -1.430  -48.531  71.142 0.0000000000
49705  -0.975  -48.829  71.543 0.0000000000
49785  -1.298  -49.516  68.894 0.0000000000
48581  -0.819  -50.240  68.146 0.0000000000
48583  -1.573  -49.958  67.202 0.0000000000
45065  1.818  -54.226  66.641 0.0000000000
45033  2.426  -53.612  67.875 0.0000000000
43857  2.271  -54.681  66.711 0.0000000000
41498  3.307  -56.854  66.183 0.0000000000
42669  3.254  -55.337  67.094 0.0000000000
41475  3.972  -55.761  66.833 0.0000000000
42651  4.292  -54.651  67.991 0.0000000000
42666  4.684  -55.333  67.387 0.0000000000
61833  -26.493  -38.660  78.989 0.0000000000
87161  -40.376  -18.018  59.568 0.0000000000
88284  -40.149  -18.874  58.198 0.0000000000
89425  -41.392  -18.108  59.099 0.0000000000
77136  -31.789  -28.049  67.391 0.0000000000
62019  -11.241  -39.116  69.201 0.0000000000
60660  -10.650  -39.615  70.251 0.0000000000
47311  3.203  -51.322  73.656 0.0000000000
44989  3.597  -52.462  72.443 0.0000000000
69710  -29.415  -34.140  68.357 0.0000000000
68560  -31.109  -33.933  69.343 0.0000000000
67328  -32.366  -34.341  68.700 0.0000000000
75745  -32.967  -29.544  71.803 0.0000000000
63353  -17.589  -37.984  68.473 0.0000000000
63406  -17.613  -37.722  67.081 0.0000000000
63379  -18.955  -38.452  67.678 0.0000000000
62065  -20.470  -39.706  67.312 0.0000000000
59392  -21.583  -41.231  67.425 0.0000000000
65882  -24.682  -36.779  74.787 0.0000000000
63257  -24.259  -38.608  72.566 0.0000000000
65894  -23.785  -37.132  73.323 0.0000000000
67251  -24.059  -36.206  72.564 0.0000000000
69676  -24.617  -34.408  69.605 0.0000000000
61914  -18.819  -39.786  74.542 0.0000000000
61936  -16.909  -38.608  73.786 0.0000000000
60649  -18.100  -39.488  72.463 0.0000000000
62023  -17.822  -38.467  71.090 0.0000000000
89493  -37.227  -17.802  53.356 0.0000000000
94343  -42.202  -13.356  52.286 0.0000000000
96638  -44.922  -11.982  59.202 0.0000000000
97873  -43.782  -11.325  57.885 0.0000000000
75918  -26.818  -29.032  61.156 0.0000000000
81080  -29.925  -24.883  57.630 0.0000000000
79875  -31.333  -24.560  58.900 0.0000000000
82222  -36.896  -23.615  64.060 0.0000000000
82231  -35.013  -23.235  62.742 0.0000000000
83465  -36.707  -22.919  63.785 0.0000000000
56754  -6.874  -42.678  72.210 0.0000000000
55561  -6.095  -43.196  72.473 0.0000000000
54408  -3.981  -44.643  73.704 0.0000000000
53312  -3.651  -46.136  71.947 0.0000000000
52082  -2.804  -47.128  69.920 0.0000000000
50951  -2.730  -48.065  68.316 0.0000000000
49831  -2.151  -49.672  66.688 0.0000000000
50977  -2.776  -49.007  66.478 0.0000000000
68512  -30.005  -34.418  72.991 0.0000000000
67255  -31.176  -34.423  71.833 0.0000000000
67201  -31.032  -34.382  73.736 0.0000000000
67203  -32.354  -34.511  73.863 0.0000000000
56761  -22.754  -43.271  72.939 0.0000000000
56797  -22.474  -42.062  71.514 0.0000000000
56763  -23.757  -42.915  73.012 0.0000000000
59277  -26.228  -41.829  73.896 0.0000000000
61939  -24.924  -40.556  74.701 0.0000000000
63203  -26.422  -38.668  77.311 0.0000000000
63212  -26.031  -38.822  76.888 0.0000000000
64572  -24.874  -37.280  76.028 0.0000000000
67173  -26.267  -35.628  75.216 0.0000000000
68477  -28.172  -34.598  74.413 0.0000000000
56706  -23.419  -43.917  75.472 0.0000000000
86077  -35.057  -19.320  57.301 0.0000000000
86091  -34.170  -19.628  55.986 0.0000000000
86093  -35.649  -19.065  56.665 0.0000000000
87222  -36.419  -18.599  56.146 0.0000000000
88330  -36.790  -17.721  55.427 0.0000000000
88308  -39.401  -18.262  57.116 0.0000000000
89471  -38.667  -17.393  56.244 0.0000000000
89494  -37.843  -17.330  54.562 0.0000000000
90730  -38.356  -16.905  54.163 0.0000000000
93135  -39.227  -15.432  54.551 0.0000000000
93124  -39.665  -14.963  54.612 0.0000000000
94340  -40.311  -14.215  53.566 0.0000000000
94312  -40.551  -14.115  55.825 0.0000000000
94300  -41.786  -13.379  57.696 0.0000000000
94296  -43.273  -13.137  58.737 0.0000000000
93079  -44.065  -14.965  59.799 0.0000000000
95484  -44.916  -12.785  59.686 0.0000000000
73294  -29.734  -31.491  66.243 0.0000000000
73329  -28.559  -33.039  64.773 0.0000000000
73292  -28.004  -30.950  65.880 0.0000000000
74580  -27.189  -30.026  64.643 0.0000000000
75893  -27.083  -29.300  63.685 0.0000000000
75852  -30.418  -28.187  65.496 0.0000000000
75879  -28.736  -27.823  64.361 0.0000000000
75894  -28.145  -28.405  63.241 0.0000000000
77225  -28.305  -27.945  62.356 0.0000000000
77242  -29.225  -26.804  61.862 0.0000000000
78513  -30.124  -26.108  61.463 0.0000000000
78536  -30.097  -25.749  60.876 0.0000000000
77245  -31.431  -25.907  61.901 0.0000000000
78501  -32.523  -25.527  62.053 0.0000000000
79802  -34.943  -25.326  62.647 0.0000000000
79793  -36.143  -26.132  62.813 0.0000000000
81011  -36.396  -25.024  63.358 0.0000000000
59290  -8.164  -41.303  72.553 0.0000000000
60659  -9.555  -39.810  70.407 0.0000000000
59319  -7.883  -41.817  70.755 0.0000000000
57973  -7.662  -42.243  71.258 0.0000000000
56791  -6.832  -43.069  70.248 0.0000000000
70942  -31.479  -33.892  65.056 0.0000000000
72101  -30.973  -33.187  65.701 0.0000000000
67279  -32.116  -34.628  70.811 0.0000000000
67305  -32.975  -34.554  69.698 0.0000000000
68580  -33.636  -34.449  68.538 0.0000000000
70884  -33.989  -32.809  69.094 0.0000000000
70893  -33.408  -33.674  67.267 0.0000000000
73298  -32.554  -32.779  66.901 0.0000000000
73296  -31.627  -32.011  66.372 0.0000000000
73295  -30.747  -31.780  65.987 0.0000000000
74542  -30.110  -31.033  66.894 0.0000000000
74506  -29.705  -30.040  68.789 0.0000000000
77063  -30.566  -28.271  69.624 0.0000000000
77047  -31.957  -28.723  71.999 0.0000000000
78370  -31.917  -28.050  70.691 0.0000000000
58024  -21.780  -41.299  69.885 0.0000000000
58057  -22.088  -41.231  68.969 0.0000000000
58101  -22.068  -41.802  67.291 0.0000000000
62028  -23.291  -39.984  70.008 0.0000000000
59395  -23.691  -40.741  68.221 0.0000000000
60596  -13.888  -39.102  74.987 0.0000000000
61956  -12.856  -38.757  72.329 0.0000000000
61959  -15.726  -38.721  72.969 0.0000000000
61979  -14.362  -38.279  72.020 0.0000000000
61999  -12.791  -38.463  70.807 0.0000000000
62045  -12.054  -38.671  68.529 0.0000000000
95517  -40.555  -13.680  53.460 0.0000000000
95518  -41.065  -13.140  53.446 0.0000000000
95519  -41.861  -12.817  52.706 0.0000000000
97907  -43.436  -11.235  56.012 0.0000000000
96708  -42.481  -12.034  52.665 0.0000000000
96726  -43.306  -11.756  51.377 0.0000000000
99204  -43.890  -11.016  50.681 0.0000000000
99211  -44.492  -11.129  49.738 0.0000000000
99199  -45.563  -9.999  51.375 0.0000000000
99192  -46.529  -9.434  52.621 0.0000000000
48558  0.650  -51.071  68.886 0.0000000000
47386  1.617  -51.845  68.721 0.0000000000
46230  0.962  -52.650  66.970 0.0000000000
73341  -28.487  -33.312  63.689 0.0000000000
86074  -32.277  -20.835  56.366 0.0000000000
78559  -30.855  -24.995  60.258 0.0000000000
79858  -32.100  -24.981  59.560 0.0000000000
79877  -32.940  -24.800  58.597 0.0000000000
81048  -34.180  -23.634  61.044 0.0000000000
81065  -33.247  -24.337  59.909 0.0000000000
82295  -33.006  -23.635  58.612 0.0000000000
83540  -32.856  -22.781  58.594 0.0000000000
84862  -33.419  -21.970  58.843 0.0000000000
84880  -33.624  -20.558  57.879 0.0000000000
84864  -35.383  -19.757  59.094 0.0000000000
86045  -36.912  -19.468  59.286 0.0000000000
86030  -38.222  -18.992  59.652 0.0000000000
48500  0.564  -49.834  71.873 0.0000000000
48501  0.184  -49.262  71.863 0.0000000000
47376  0.021  -50.045  70.307 0.0000000000
47404  -0.525  -50.666  67.986 0.0000000000
47432  -1.154  -52.165  66.378 0.0000000000
45022  2.296  -52.532  68.760 0.0000000000
45020  2.531  -53.148  70.008 0.0000000000
43799  3.014  -53.315  70.047 0.0000000000
42670  2.983  -54.752  67.408 0.0000000000
42653  3.627  -54.429  68.203 0.0000000000
43797  4.065  -53.053  70.496 0.0000000000
45019  4.442  -53.050  69.589 0.0000000000
45018  4.614  -52.780  69.268 0.0000000000
40345  4.474  -57.023  66.163 0.0000000000
42687  4.924  -55.721  67.008 0.0000000000
47353  1.126  -50.169  72.080 0.0000000000
47363  1.305  -50.943  70.548 0.0000000000
68545  -29.643  -33.899  70.693 0.0000000000
59322  -20.140  -40.592  70.800 0.0000000000
57993  -20.860  -41.317  71.079 0.0000000000
68527  -28.446  -34.508  71.698 0.0000000000
57958  -22.186  -41.403  72.896 0.0000000000
57957  -21.615  -40.839  73.129 0.0000000000
57974  -21.230  -41.201  72.230 0.0000000000
59308  -20.530  -40.655  71.635 0.0000000000
72116  -30.152  -33.498  64.404 0.0000000000
79854  -28.581  -26.140  59.283 0.0000000000
78557  -29.167  -25.871  60.045 0.0000000000
54508  -5.197  -46.021  67.916 0.0000000000
54490  -4.894  -45.449  68.551 0.0000000000
53364  -4.489  -46.294  68.305 0.0000000000
67153  -31.286  -34.691  76.108 0.0000000000
67128  -31.526  -35.600  76.630 0.0000000000
57880  -25.366  -40.753  77.841 0.0000000000
59211  -25.686  -40.964  76.608 0.0000000000
59192  -25.621  -40.534  77.530 0.0000000000
65867  -28.564  -35.769  77.456 0.0000000000
67126  -29.877  -35.271  76.949 0.0000000000
56684  -24.936  -41.758  77.596 0.0000000000
86047  -38.514  -18.489  58.902 0.0000000000
86065  -38.652  -19.098  58.272 0.0000000000
91911  -41.534  -16.882  58.281 0.0000000000
91921  -40.584  -17.208  57.591 0.0000000000
91910  -41.078  -16.594  57.768 0.0000000000
91896  -41.251  -15.847  57.585 0.0000000000
93086  -41.566  -15.334  57.727 0.0000000000
91887  -41.955  -15.742  58.278 0.0000000000
77107  -30.160  -28.518  68.097 0.0000000000
77106  -29.543  -28.617  67.691 0.0000000000
77135  -30.850  -28.482  67.384 0.0000000000
75870  -32.884  -26.570  64.863 0.0000000000
75882  -31.368  -26.741  64.312 0.0000000000
75883  -32.255  -26.576  64.140 0.0000000000
75898  -31.576  -26.903  63.446 0.0000000000
75899  -32.186  -26.657  63.409 0.0000000000
77213  -32.426  -26.158  63.069 0.0000000000
99208  -47.277  -9.614  51.096 0.0000000000
152900  -47.618  -8.799  52.130 0.0000000000
46155  4.049  -52.310  72.939 0.0000000000
46154  4.279  -52.259  72.933 0.0000000000
46172  4.267  -52.385  72.375 0.0000000000
44986  4.249  -52.731  72.340 0.0000000000
67353  -32.462  -34.322  67.644 0.0000000000
67381  -32.652  -34.610  66.855 0.0000000000
68642  -32.707  -34.477  66.358 0.0000000000
69755  -33.284  -34.398  66.602 0.0000000000
68530  -34.589  -34.277  72.035 0.0000000000
68531  -35.177  -33.922  72.043 0.0000000000
74458  -34.072  -30.560  70.734 0.0000000000
73228  -34.411  -30.828  69.279 0.0000000000
74484  -33.945  -30.598  69.545 0.0000000000
74509  -33.188  -30.669  68.522 0.0000000000
74483  -32.661  -30.525  69.639 0.0000000000
64666  -16.697  -37.712  66.741 0.0000000000
61962  -24.696  -40.395  73.793 0.0000000000
60652  -24.702  -40.657  72.515 0.0000000000
61984  -25.158  -40.144  72.822 0.0000000000
63352  -16.570  -37.653  68.661 0.0000000000
63375  -14.194  -37.942  67.480 0.0000000000
95534  -42.976  -13.103  51.150 0.0000000000
95488  -42.314  -12.300  57.745 0.0000000000
96653  -42.290  -11.676  57.231 0.0000000000
97872  -42.848  -11.224  57.384 0.0000000000
99123  -45.950  -9.895  56.332 0.0000000000
99137  -44.656  -10.361  55.774 0.0000000000
99139  -46.352  -9.660  55.845 0.0000000000
74587  -26.411  -30.379  62.985 0.0000000000
73339  -26.758  -31.502  63.106 0.0000000000
73351  -26.041  -31.114  61.935 0.0000000000
81095  -31.098  -24.099  58.072 0.0000000000
82308  -30.822  -24.024  57.693 0.0000000000
82309  -31.392  -23.595  57.954 0.0000000000
83539  -31.170  -23.260  57.620 0.0000000000
79812  -34.530  -24.906  62.174 0.0000000000
81022  -34.639  -24.685  62.318 0.0000000000
86015  -35.923  -19.761  61.657 0.0000000000
50894  -2.055  -48.746  70.213 0.0000000000
50877  -1.987  -47.662  71.484 0.0000000000
50893  -1.525  -48.951  70.599 0.0000000000
49786  -1.766  -49.193  69.321 0.0000000000
49809  -1.197  -49.682  68.286 0.0000000000
49810  -1.506  -49.250  68.001 0.0000000000
43876  1.890  -55.142  66.185 0.0000000000
41523  3.533  -57.496  65.837 0.0000000000
41476  3.486  -55.937  66.560 0.0000000000
41474  4.353  -55.631  67.085 0.0000000000
41496  4.398  -56.074  66.485 0.0000000000
77137  -32.338  -26.952  67.597 0.0000000000
60675  -10.764  -39.642  68.382 0.0000000000
46158  2.616  -51.358  72.112 0.0000000000
47312  2.835  -50.831  73.344 0.0000000000
46142  3.155  -51.239  72.659 0.0000000000
46157  3.256  -52.028  72.410 0.0000000000
69693  -28.802  -34.239  69.094 0.0000000000
68547  -31.062  -34.123  70.139 0.0000000000
68559  -30.549  -33.816  69.858 0.0000000000
67327  -31.575  -34.073  68.630 0.0000000000
67304  -32.302  -34.513  69.801 0.0000000000
64636  -18.384  -38.453  69.351 0.0000000000
63354  -18.720  -38.549  68.787 0.0000000000
60690  -20.308  -39.917  68.977 0.0000000000
62064  -20.120  -39.551  68.201 0.0000000000
60706  -20.612  -40.179  68.052 0.0000000000
60707  -21.183  -40.179  67.110 0.0000000000
59391  -21.273  -40.687  68.004 0.0000000000
67199  -25.569  -35.732  74.689 0.0000000000
65895  -24.177  -36.973  73.947 0.0000000000
67198  -25.051  -35.948  74.086 0.0000000000
67252  -24.822  -35.209  72.774 0.0000000000
68524  -24.649  -35.212  71.997 0.0000000000
67276  -23.659  -35.766  71.274 0.0000000000
68541  -25.004  -34.681  70.915 0.0000000000
69678  -27.124  -34.173  69.878 0.0000000000
59251  -21.096  -40.360  74.349 0.0000000000
59228  -21.134  -40.239  74.973 0.0000000000
60600  -20.354  -40.189  74.642 0.0000000000
60599  -19.368  -40.192  74.939 0.0000000000
60636  -18.542  -39.424  73.293 0.0000000000
60637  -19.390  -39.501  72.689 0.0000000000
60677  -18.680  -39.110  71.144 0.0000000000
60663  -18.489  -39.307  71.749 0.0000000000
62024  -18.829  -39.018  70.517 0.0000000000
63328  -18.083  -38.626  70.539 0.0000000000
90729  -37.905  -16.895  53.221 0.0000000000
77240  -27.583  -28.412  61.679 0.0000000000
79873  -28.805  -25.136  58.032 0.0000000000
79874  -30.181  -24.514  58.622 0.0000000000
82221  -36.343  -23.580  63.595 0.0000000000
84778  -36.231  -21.148  62.773 0.0000000000
55580  -6.401  -43.155  70.860 0.0000000000
55579  -5.896  -43.395  71.382 0.0000000000
53314  -4.566  -45.067  70.632 0.0000000000
54436  -4.820  -44.559  71.475 0.0000000000
54435  -4.395  -44.868  72.251 0.0000000000
53293  -3.877  -45.364  72.678 0.0000000000
52097  -3.246  -47.699  68.989 0.0000000000
50923  -2.761  -48.159  69.531 0.0000000000
50950  -2.376  -48.763  67.565 0.0000000000
50978  -3.243  -48.293  67.130 0.0000000000
68497  -29.920  -34.495  73.782 0.0000000000
67200  -30.413  -34.419  73.421 0.0000000000
67179  -32.486  -34.262  75.054 0.0000000000
67204  -33.049  -34.290  74.004 0.0000000000
56743  -22.944  -43.929  73.548 0.0000000000
56762  -23.139  -43.386  72.857 0.0000000000
55553  -24.133  -42.831  74.400 0.0000000000
59254  -25.816  -41.589  74.808 0.0000000000
59253  -25.956  -41.965  74.368 0.0000000000
60602  -26.159  -40.936  74.686 0.0000000000
60601  -25.705  -40.757  74.590 0.0000000000
61915  -25.552  -40.486  75.198 0.0000000000
63194  -27.165  -37.879  78.673 0.0000000000
61851  -26.451  -38.720  78.033 0.0000000000
65866  -27.725  -36.218  77.159 0.0000000000
64562  -26.526  -37.376  77.264 0.0000000000
64561  -25.324  -37.793  76.566 0.0000000000
65875  -25.652  -36.520  75.965 0.0000000000
67149  -26.583  -35.588  76.045 0.0000000000
68478  -29.278  -34.541  74.362 0.0000000000
69643  -29.144  -34.520  73.794 0.0000000000
56708  -25.093  -43.503  75.827 0.0000000000
55537  -23.495  -44.305  74.949 0.0000000000
56742  -22.608  -43.627  73.770 0.0000000000
86078  -35.930  -18.990  57.423 0.0000000000
87206  -37.361  -18.481  57.251 0.0000000000
87223  -36.919  -17.784  56.593 0.0000000000
87238  -36.515  -18.105  55.903 0.0000000000
88317  -37.339  -17.573  56.046 0.0000000000
88298  -40.364  -18.797  57.873 0.0000000000
87209  -39.837  -18.967  57.510 0.0000000000
88309  -40.053  -18.605  57.222 0.0000000000
90705  -39.451  -17.084  56.608 0.0000000000
89472  -39.075  -17.388  56.469 0.0000000000
89481  -38.486  -17.265  55.799 0.0000000000
90717  -38.644  -16.765  55.234 0.0000000000
91918  -39.532  -15.654  56.025 0.0000000000
91932  -38.952  -15.943  55.413 0.0000000000
93123  -39.612  -15.288  55.290 0.0000000000
94326  -39.909  -14.876  54.983 0.0000000000
94327  -40.249  -14.472  54.604 0.0000000000
94311  -40.216  -14.899  55.407 0.0000000000
94299  -41.226  -14.089  56.959 0.0000000000
94301  -42.160  -12.956  58.125 0.0000000000
94295  -42.542  -13.581  58.376 0.0000000000
94290  -44.516  -13.657  59.781 0.0000000000
74560  -29.286  -30.917  66.422 0.0000000000
73293  -28.640  -31.139  65.920 0.0000000000
74559  -28.130  -30.405  66.315 0.0000000000
77171  -28.401  -28.625  65.927 0.0000000000
75849  -28.000  -29.379  66.010 0.0000000000
75864  -28.010  -28.786  65.293 0.0000000000
75877  -27.611  -29.303  64.629 0.0000000000
75878  -28.039  -28.630  64.382 0.0000000000
75836  -31.883  -27.877  66.710 0.0000000000
77174  -30.973  -28.428  66.000 0.0000000000
75853  -31.581  -27.991  65.749 0.0000000000
75880  -29.710  -27.526  64.303 0.0000000000
75908  -27.819  -28.508  62.493 0.0000000000
78487  -28.712  -27.524  62.626 0.0000000000
77227  -30.095  -26.796  62.357 0.0000000000
77243  -30.149  -26.557  61.884 0.0000000000
78512  -29.304  -26.456  61.381 0.0000000000
77244  -30.914  -26.238  61.914 0.0000000000
78489  -32.604  -25.556  62.775 0.0000000000
78502  -33.464  -25.166  61.942 0.0000000000
78491  -34.485  -25.389  62.713 0.0000000000
79783  -36.379  -26.182  63.398 0.0000000000
79794  -36.854  -26.020  63.156 0.0000000000
79804  -36.458  -25.793  62.815 0.0000000000
81001  -37.279  -24.705  64.132 0.0000000000
60615  -10.356  -40.522  73.426 0.0000000000
60614  -9.562  -40.519  73.289 0.0000000000
59271  -9.542  -40.723  73.829 0.0000000000
59291  -8.805  -40.555  73.115 0.0000000000
60673  -9.979  -39.948  69.641 0.0000000000
57990  -7.898  -41.767  69.979 0.0000000000
59305  -8.126  -41.613  71.582 0.0000000000
57989  -7.469  -42.177  70.305 0.0000000000
57988  -7.281  -42.548  70.811 0.0000000000
58016  -7.277  -42.583  69.899 0.0000000000
47359  5.327  -51.685  70.851 0.0000000000
67379  -30.625  -35.457  66.560 0.0000000000
68640  -31.280  -35.141  65.792 0.0000000000
70927  -32.218  -33.801  65.719 0.0000000000
69773  -31.736  -34.021  65.305 0.0000000000
70926  -31.828  -33.646  65.671 0.0000000000
72118  -31.319  -33.556  65.374 0.0000000000
67229  -31.529  -34.502  72.736 0.0000000000
67256  -31.847  -34.622  71.771 0.0000000000
67257  -32.495  -34.548  71.721 0.0000000000
68561  -33.785  -34.078  70.278 0.0000000000
67306  -33.441  -34.302  69.526 0.0000000000
67330  -33.526  -34.309  68.874 0.0000000000
68581  -33.730  -34.155  68.992 0.0000000000
73249  -34.474  -31.670  69.093 0.0000000000
72032  -33.975  -32.266  69.165 0.0000000000
72049  -33.507  -32.612  68.378 0.0000000000
70883  -33.726  -33.453  68.535 0.0000000000
72067  -32.893  -32.922  67.494 0.0000000000
72087  -32.749  -33.349  66.822 0.0000000000
73281  -33.070  -32.170  67.099 0.0000000000
74544  -32.275  -30.886  66.993 0.0000000000
73280  -32.744  -31.308  66.918 0.0000000000
73279  -31.599  -31.396  66.598 0.0000000000
73278  -30.627  -31.454  66.557 0.0000000000
73277  -30.181  -31.327  66.514 0.0000000000
74528  -31.019  -30.732  67.897 0.0000000000
74481  -30.928  -29.643  69.797 0.0000000000
74480  -30.266  -29.617  69.336 0.0000000000
75776  -30.190  -28.888  69.319 0.0000000000
75758  -30.548  -28.681  70.060 0.0000000000
75702  -32.694  -29.062  73.274 0.0000000000
75722  -32.515  -29.151  72.464 0.0000000000
77028  -32.627  -28.462  72.631 0.0000000000
77065  -32.015  -27.933  70.228 0.0000000000
64686  -18.683  -37.751  66.022 0.0000000000
64708  -19.039  -38.167  65.352 0.0000000000
56798  -22.700  -42.136  71.081 0.0000000000
57995  -22.064  -41.796  70.543 0.0000000000
57996  -22.272  -41.606  70.383 0.0000000000
58061  -23.552  -40.946  69.748 0.0000000000
58058  -22.538  -41.406  69.261 0.0000000000
58083  -22.843  -41.443  68.340 0.0000000000
58082  -22.303  -41.477  68.179 0.0000000000
63278  -24.517  -39.129  71.819 0.0000000000
63305  -23.766  -39.226  70.436 0.0000000000
60634  -13.185  -38.678  73.120 0.0000000000
60635  -13.950  -38.570  73.115 0.0000000000
61981  -16.648  -38.881  72.436 0.0000000000
61960  -16.592  -39.021  73.135 0.0000000000
62022  -14.396  -37.963  70.632 0.0000000000
62001  -14.990  -37.657  71.384 0.0000000000
62021  -13.613  -38.313  70.212 0.0000000000
62020  -12.400  -38.441  69.637 0.0000000000
63324  -12.710  -38.583  68.969 0.0000000000
95498  -40.669  -13.692  54.903 0.0000000000
95509  -40.458  -13.613  54.054 0.0000000000
95510  -40.961  -13.097  54.487 0.0000000000
96706  -41.282  -12.668  54.146 0.0000000000
96707  -41.917  -12.164  53.891 0.0000000000
97874  -44.869  -10.604  57.898 0.0000000000
97886  -43.022  -10.653  56.919 0.0000000000
97930  -43.947  -10.652  54.823 0.0000000000
97929  -43.035  -10.808  55.126 0.0000000000
97953  -43.193  -11.400  52.193 0.0000000000
96717  -42.805  -12.117  51.541 0.0000000000
99189  -43.924  -10.718  51.808 0.0000000000
99197  -43.884  -10.794  51.012 0.0000000000
99205  -44.317  -10.817  50.316 0.0000000000
99198  -44.674  -10.527  51.174 0.0000000000
99206  -45.247  -10.114  50.249 0.0000000000
99175  -46.120  -9.474  53.568 0.0000000000
99176  -47.154  -9.219  53.330 0.0000000000
48601  0.021  -51.445  67.617 0.0000000000
47418  0.392  -51.839  67.486 0.0000000000
46231  -0.074  -52.283  66.876 0.0000000000
73340  -27.737  -32.718  63.590 0.0000000000
83572  -31.740  -22.454  57.314 0.0000000000
84878  -31.989  -21.301  56.788 0.0000000000
84879  -32.525  -21.582  57.526 0.0000000000
78537  -30.927  -25.385  60.964 0.0000000000
78538  -31.797  -25.497  60.614 0.0000000000
79839  -33.817  -25.564  59.837 0.0000000000
79838  -32.868  -25.667  59.874 0.0000000000
79859  -33.176  -25.105  59.189 0.0000000000
79876  -32.323  -24.667  58.893 0.0000000000
79860  -34.012  -25.231  59.138 0.0000000000
81034  -34.424  -23.926  61.826 0.0000000000
82242  -34.502  -23.149  61.599 0.0000000000
83498  -33.779  -22.553  60.417 0.0000000000
82257  -33.509  -23.441  60.496 0.0000000000
82274  -33.248  -23.839  59.400 0.0000000000
82273  -33.878  -24.001  58.986 0.0000000000
82297  -33.745  -23.665  58.972 0.0000000000
83541  -33.536  -23.102  58.902 0.0000000000
83517  -33.577  -22.751  59.244 0.0000000000
84841  -35.050  -20.658  59.908 0.0000000000
84881  -34.362  -19.728  57.990 0.0000000000
86028  -36.086  -19.202  60.490 0.0000000000
86029  -37.236  -19.097  59.965 0.0000000000
86017  -37.650  -19.205  60.383 0.0000000000
49754  -0.712  -49.389  70.478 0.0000000000
49704  -0.203  -48.550  72.060 0.0000000000
48523  -0.161  -49.457  70.834 0.0000000000
47388  -0.137  -50.189  69.134 0.0000000000
47421  -1.121  -51.051  67.032 0.0000000000
47405  -0.866  -50.495  67.709 0.0000000000
46218  1.440  -52.753  68.198 0.0000000000
46196  2.121  -52.054  69.224 0.0000000000
46204  1.986  -52.433  68.653 0.0000000000
43812  2.817  -53.584  68.374 0.0000000000
45021  2.637  -52.793  68.875 0.0000000000
43811  3.092  -53.397  69.000 0.0000000000
41500  2.321  -57.106  65.555 0.0000000000
42689  2.631  -55.661  66.475 0.0000000000
42688  2.973  -55.900  66.444 0.0000000000
42668  3.763  -55.209  67.387 0.0000000000
42639  3.886  -54.435  68.808 0.0000000000
42640  3.915  -54.121  69.148 0.0000000000
43809  3.926  -53.608  69.358 0.0000000000
43808  4.168  -53.166  69.993 0.0000000000
45032  4.589  -53.528  68.690 0.0000000000
45031  4.674  -53.250  68.525 0.0000000000
40365  4.383  -57.385  65.704 0.0000000000
41522  4.514  -56.375  66.170 0.0000000000
46175  2.285  -51.405  71.264 0.0000000000
69680  -29.038  -33.816  70.059 0.0000000000
68546  -30.551  -33.924  70.613 0.0000000000
67278  -31.364  -34.275  70.906 0.0000000000
60678  -19.338  -39.625  70.487 0.0000000000
62025  -19.360  -39.335  69.588 0.0000000000
60679  -19.972  -40.138  69.927 0.0000000000
59367  -20.773  -40.438  69.468 0.0000000000
68495  -27.421  -34.720  73.686 0.0000000000
68509  -26.643  -34.382  73.067 0.0000000000
68543  -27.737  -34.214  70.886 0.0000000000
56722  -23.165  -42.287  74.720 0.0000000000
57944  -22.394  -41.010  73.890 0.0000000000
57943  -21.763  -40.624  73.690 0.0000000000
59274  -20.325  -39.798  72.889 0.0000000000
59292  -20.046  -40.089  72.118 0.0000000000
60664  -19.346  -39.767  71.170 0.0000000000
91952  -39.012  -16.433  52.463 0.0000000000
93138  -40.919  -14.365  52.296 0.0000000000
69786  -30.755  -34.333  63.965 0.0000000000
77269  -27.443  -28.280  59.958 0.0000000000
75942  -27.313  -28.846  59.309 0.0000000000
54471  -5.466  -44.443  69.373 0.0000000000
55591  -5.500  -44.070  71.117 0.0000000000
54470  -5.003  -44.759  69.152 0.0000000000
53333  -4.576  -45.087  69.777 0.0000000000
53332  -4.103  -45.455  70.242 0.0000000000
52139  -4.026  -47.546  67.048 0.0000000000
67177  -31.092  -34.717  74.916 0.0000000000
56709  -25.865  -43.363  75.560 0.0000000000
57896  -25.343  -41.926  75.910 0.0000000000
59230  -26.015  -41.354  75.693 0.0000000000
60553  -26.170  -40.288  76.401 0.0000000000
65843  -28.245  -36.348  77.687 0.0000000000
67150  -27.585  -35.291  76.384 0.0000000000
57878  -25.405  -42.474  77.035 0.0000000000
86063  -37.017  -19.489  58.331 0.0000000000
86079  -36.850  -19.167  57.592 0.0000000000
86080  -37.716  -19.202  57.701 0.0000000000
87207  -38.514  -18.472  57.362 0.0000000000
89464  -41.401  -17.875  57.678 0.0000000000
90696  -40.892  -17.811  57.289 0.0000000000
90706  -40.196  -17.487  57.306 0.0000000000
91933  -39.022  -16.669  55.992 0.0000000000
91908  -39.854  -15.704  56.493 0.0000000000
93097  -40.361  -15.380  56.497 0.0000000000
94298  -40.671  -14.728  56.508 0.0000000000
93098  -40.994  -15.180  57.133 0.0000000000
93087  -41.867  -14.966  57.826 0.0000000000
94288  -42.606  -14.581  58.464 0.0000000000
74525  -28.895  -29.725  67.437 0.0000000000
74540  -28.682  -29.921  67.180 0.0000000000
77132  -28.706  -28.915  66.991 0.0000000000
77156  -28.803  -28.454  66.494 0.0000000000
77172  -29.047  -28.222  65.757 0.0000000000
75868  -31.216  -26.889  65.177 0.0000000000
75881  -30.529  -27.052  64.355 0.0000000000
75896  -29.842  -27.158  63.610 0.0000000000
77211  -30.938  -27.192  62.765 0.0000000000
77229  -31.682  -26.310  62.282 0.0000000000
77214  -32.972  -25.491  63.311 0.0000000000
78477  -33.595  -25.326  63.542 0.0000000000
60632  -10.661  -40.159  72.671 0.0000000000
60645  -9.515  -40.117  71.704 0.0000000000
56813  -7.223  -43.087  69.065 0.0000000000
99200  -46.454  -9.607  51.679 0.0000000000
100386  -47.336  -9.506  50.076 0.0000000000
44995  4.764  -52.096  71.295 0.0000000000
67326  -30.939  -34.381  68.065 0.0000000000
67380  -31.612  -34.641  66.839 0.0000000000
68641  -31.968  -34.587  66.199 0.0000000000
69764  -32.214  -34.230  65.712 0.0000000000
72103  -32.329  -33.379  66.031 0.0000000000
67231  -32.767  -34.238  72.770 0.0000000000
67258  -33.215  -34.370  71.745 0.0000000000
67282  -34.069  -34.265  71.376 0.0000000000
73230  -35.238  -31.845  69.633 0.0000000000
73229  -35.021  -30.906  69.727 0.0000000000
73248  -34.062  -30.840  68.727 0.0000000000
73247  -33.587  -30.798  68.369 0.0000000000
74529  -32.099  -31.103  67.833 0.0000000000
74482  -31.649  -30.146  69.640 0.0000000000
74455  -31.477  -29.634  70.304 0.0000000000
77029  -33.016  -28.332  73.070 0.0000000000
63410  -20.221  -39.514  65.873 0.0000000000
57976  -24.384  -41.522  72.171 0.0000000000
56800  -23.398  -41.503  70.960 0.0000000000
59309  -24.644  -41.071  72.077 0.0000000000
59325  -23.748  -40.767  71.140 0.0000000000
59347  -23.463  -40.816  70.005 0.0000000000
64620  -23.557  -38.368  70.288 0.0000000000
63304  -23.608  -38.898  69.867 0.0000000000
60619  -15.103  -38.555  73.874 0.0000000000
63301  -15.500  -37.785  70.661 0.0000000000
63326  -14.640  -37.860  69.813 0.0000000000
63350  -13.899  -38.042  68.547 0.0000000000
95492  -41.415  -12.749  56.775 0.0000000000
96665  -41.946  -12.245  56.353 0.0000000000
96680  -42.393  -12.083  55.909 0.0000000000
97947  -44.198  -10.598  53.941 0.0000000000
46244  -0.735  -52.627  66.849 0.0000000000
46243  -0.050  -52.952  66.370 0.0000000000
73327  -27.059  -30.958  64.475 0.0000000000
84877  -30.601  -22.869  56.980 0.0000000000
83556  -31.444  -22.844  57.549 0.0000000000
83557  -32.181  -22.574  57.724 0.0000000000
78539  -32.541  -25.542  60.434 0.0000000000
78517  -33.244  -24.973  61.110 0.0000000000
79820  -33.628  -25.007  60.659 0.0000000000
79840  -33.952  -25.047  60.288 0.0000000000
84791  -35.524  -22.179  62.384 0.0000000000
83482  -34.987  -22.429  61.881 0.0000000000
84820  -34.283  -22.210  60.576 0.0000000000
84839  -33.666  -22.410  59.452 0.0000000000
50878  -2.662  -47.496  71.358 0.0000000000
52070  -2.723  -47.504  71.733 0.0000000000
49729  -1.178  -48.978  70.901 0.0000000000
48540  -0.962  -49.654  69.193 0.0000000000
48559  -0.721  -50.089  68.813 0.0000000000
48560  -1.025  -49.916  68.527 0.0000000000
48582  -1.161  -50.125  67.746 0.0000000000
48602  -1.453  -50.484  67.010 0.0000000000
45051  2.205  -54.025  67.117 0.0000000000
43844  2.589  -54.477  67.248 0.0000000000
41477  3.140  -56.207  66.401 0.0000000000
42652  4.052  -54.568  68.182 0.0000000000
43823  4.340  -53.958  68.843 0.0000000000
42667  4.218  -55.210  67.474 0.0000000000
60531  -26.017  -39.593  78.121 0.0000000000
65822  -29.146  -36.165  78.464 0.0000000000
87160  -39.346  -18.441  59.458 0.0000000000
87180  -39.742  -18.506  58.623 0.0000000000
87181  -40.173  -18.272  59.025 0.0000000000
88286  -41.047  -18.433  58.990 0.0000000000
89443  -41.326  -18.241  58.808 0.0000000000
90688  -42.078  -16.908  58.680 0.0000000000
91899  -42.674  -16.374  58.979 0.0000000000
93089  -42.758  -15.894  58.850 0.0000000000
77109  -31.968  -27.787  68.444 0.0000000000
75824  -31.950  -27.454  67.124 0.0000000000
75837  -32.176  -27.139  66.670 0.0000000000
75838  -32.636  -26.656  66.435 0.0000000000
75855  -32.858  -26.667  65.681 0.0000000000
61998  -11.562  -38.626  70.441 0.0000000000
60661  -11.128  -39.153  70.481 0.0000000000
62018  -10.931  -39.597  69.654 0.0000000000
60674  -10.475  -39.952  69.073 0.0000000000
46156  3.840  -52.182  72.801 0.0000000000
44988  3.808  -52.723  72.454 0.0000000000
69711  -30.272  -33.924  68.660 0.0000000000
69694  -29.781  -33.785  69.467 0.0000000000
69695  -30.581  -33.804  69.207 0.0000000000
68579  -30.885  -33.931  68.499 0.0000000000
63377  -17.061  -37.614  67.571 0.0000000000
63378  -18.062  -37.976  67.780 0.0000000000
63408  -19.209  -38.291  66.721 0.0000000000
63355  -19.586  -38.933  68.392 0.0000000000
63380  -19.858  -38.960  67.359 0.0000000000
59413  -21.498  -40.965  66.785 0.0000000000
64582  -24.271  -38.143  74.184 0.0000000000
63258  -24.696  -39.229  73.099 0.0000000000
64593  -24.051  -38.117  73.313 0.0000000000
65906  -23.740  -37.187  72.726 0.0000000000
68493  -25.298  -35.457  73.674 0.0000000000
67224  -23.959  -36.595  73.167 0.0000000000
65917  -23.820  -37.159  71.773 0.0000000000
65916  -23.513  -37.244  70.673 0.0000000000
61913  -18.192  -39.200  74.682 0.0000000000
61937  -17.923  -39.144  73.938 0.0000000000
61961  -17.482  -39.339  73.215 0.0000000000
60648  -17.343  -39.270  72.409 0.0000000000
60676  -17.836  -38.790  71.538 0.0000000000
64649  -16.795  -37.986  69.381 0.0000000000
94359  -42.467  -13.719  51.724 0.0000000000
96637  -44.038  -11.940  58.653 0.0000000000
97860  -44.540  -11.342  58.516 0.0000000000
97910  -46.958  -9.854  56.464 0.0000000000
75907  -26.997  -28.959  62.346 0.0000000000
74607  -26.401  -30.543  61.447 0.0000000000
74597  -26.657  -29.802  61.536 0.0000000000
81082  -31.626  -24.297  58.596 0.0000000000
81010  -35.789  -24.949  63.208 0.0000000000
81023  -35.101  -24.595  62.760 0.0000000000
81024  -35.677  -23.951  63.268 0.0000000000
82232  -35.726  -23.329  63.240 0.0000000000
83473  -35.820  -22.658  63.184 0.0000000000
83474  -36.118  -22.096  63.307 0.0000000000
84793  -36.034  -21.733  63.215 0.0000000000
84792  -35.924  -21.485  62.555 0.0000000000
86006  -36.550  -20.557  62.184 0.0000000000
55578  -5.398  -43.788  71.991 0.0000000000
55560  -5.434  -43.596  72.832 0.0000000000
52083  -3.513  -46.214  70.339 0.0000000000
52072  -3.480  -46.194  71.319 0.0000000000
40367  3.447  -58.468  65.639 0.0000000000
68511  -29.386  -34.538  72.509 0.0000000000
67254  -30.398  -34.312  71.823 0.0000000000
67227  -30.155  -34.370  72.537 0.0000000000
67202  -31.708  -34.634  73.801 0.0000000000
67232  -33.618  -34.007  72.934 0.0000000000
67155  -32.863  -34.754  75.871 0.0000000000
56779  -22.706  -41.891  72.623 0.0000000000
56796  -22.404  -41.854  71.884 0.0000000000
56780  -22.802  -42.385  72.407 0.0000000000
56781  -22.926  -42.540  72.217 0.0000000000
56764  -24.456  -42.234  72.687 0.0000000000
56727  -25.802  -42.980  74.321 0.0000000000
56746  -25.262  -42.391  73.391 0.0000000000
57959  -24.763  -41.958  72.726 0.0000000000
59294  -25.539  -41.612  73.395 0.0000000000
60554  -26.219  -39.484  77.280 0.0000000000
61872  -26.185  -39.369  76.898 0.0000000000
63213  -26.620  -38.031  77.470 0.0000000000
63211  -25.199  -39.100  76.470 0.0000000000
64560  -24.671  -38.718  76.227 0.0000000000
64571  -24.344  -38.084  75.562 0.0000000000
65874  -24.915  -36.932  75.544 0.0000000000
65883  -25.348  -36.213  75.290 0.0000000000
68475  -26.200  -35.283  74.632 0.0000000000
67174  -27.211  -34.706  75.515 0.0000000000
68476  -26.826  -34.781  74.643 0.0000000000
68496  -28.613  -34.663  73.364 0.0000000000
56705  -23.429  -42.756  75.308 0.0000000000
56741  -22.876  -42.812  73.990 0.0000000000
86076  -34.190  -19.674  57.045 0.0000000000
86090  -33.648  -19.924  55.705 0.0000000000
86092  -34.930  -19.090  56.341 0.0000000000
87204  -36.165  -18.926  56.554 0.0000000000
87221  -35.848  -18.979  55.714 0.0000000000
87194  -39.701  -19.168  57.980 0.0000000000
87208  -39.470  -18.778  57.514 0.0000000000
88307  -38.921  -17.966  56.993 0.0000000000
88320  -39.774  -18.164  56.883 0.0000000000
88319  -39.326  -17.885  56.730 0.0000000000
88318  -38.298  -17.669  56.485 0.0000000000
88331  -37.639  -17.422  55.557 0.0000000000
88344  -37.222  -17.464  54.981 0.0000000000
88343  -36.979  -17.788  54.328 0.0000000000
91942  -38.267  -16.498  53.245 0.0000000000
91943  -38.699  -16.174  53.750 0.0000000000
93136  -39.646  -15.037  53.623 0.0000000000
94313  -40.943  -13.453  56.323 0.0000000000
95493  -41.894  -12.673  57.662 0.0000000000
95494  -42.251  -12.634  58.007 0.0000000000
95490  -43.510  -12.548  58.659 0.0000000000
93088  -42.527  -15.711  58.625 0.0000000000
93078  -43.111  -15.227  58.852 0.0000000000
95483  -44.032  -12.821  59.265 0.0000000000
73314  -29.640  -32.528  65.704 0.0000000000
73313  -28.642  -31.864  65.471 0.0000000000
73312  -27.859  -31.058  65.256 0.0000000000
74558  -27.752  -30.300  65.906 0.0000000000
74571  -27.594  -30.350  65.485 0.0000000000
77158  -30.464  -28.371  66.616 0.0000000000
77173  -30.029  -28.332  65.948 0.0000000000
75851  -29.561  -28.267  65.420 0.0000000000
75866  -29.649  -27.990  64.960 0.0000000000
75865  -28.807  -28.242  65.172 0.0000000000
77224  -27.708  -28.513  62.179 0.0000000000
77226  -29.131  -27.183  62.308 0.0000000000
77241  -28.299  -27.556  61.525 0.0000000000
78511  -28.606  -26.883  61.258 0.0000000000
78534  -28.601  -26.609  60.781 0.0000000000
78535  -29.260  -26.203  60.742 0.0000000000
78514  -30.899  -25.735  61.560 0.0000000000
78515  -31.777  -25.834  61.376 0.0000000000
78500  -31.886  -25.849  62.008 0.0000000000
78503  -34.275  -25.136  62.223 0.0000000000
77198  -33.952  -25.050  64.083 0.0000000000
78478  -34.253  -25.280  63.466 0.0000000000
78479  -35.333  -25.974  63.257 0.0000000000
78492  -35.407  -25.761  62.809 0.0000000000
79803  -35.733  -25.467  62.860 0.0000000000
82209  -37.509  -23.833  63.949 0.0000000000
59320  -8.647  -41.025  70.590 0.0000000000
59306  -8.725  -40.746  72.077 0.0000000000
57956  -7.868  -42.139  72.097 0.0000000000
57972  -7.463  -42.543  71.712 0.0000000000
56774  -6.930  -42.769  71.242 0.0000000000
56790  -6.392  -43.450  70.122 0.0000000000
56812  -6.317  -43.640  69.453 0.0000000000
56811  -5.922  -44.119  69.198 0.0000000000
100381  -47.731  -8.863  51.612 0.0000000000
100387  -47.971  -9.009  50.635 0.0000000000
69772  -31.267  -34.340  64.819 0.0000000000
69787  -31.220  -34.047  64.432 0.0000000000
70960  -30.935  -33.868  64.219 0.0000000000
72117  -30.832  -33.545  64.764 0.0000000000
73331  -30.448  -33.396  65.228 0.0000000000
67280  -32.836  -34.930  70.752 0.0000000000
67329  -33.229  -34.380  68.512 0.0000000000
68603  -33.791  -34.878  68.002 0.0000000000
68563  -34.844  -33.564  70.046 0.0000000000
70876  -34.507  -32.934  69.369 0.0000000000
69713  -33.897  -33.703  68.962 0.0000000000
68605  -34.224  -34.213  68.364 0.0000000000
69729  -34.417  -34.380  67.890 0.0000000000
69744  -33.932  -34.760  66.707 0.0000000000
69756  -33.406  -33.991  66.749 0.0000000000
72086  -32.456  -33.163  66.503 0.0000000000
73317  -32.122  -33.058  66.458 0.0000000000
73297  -32.340  -32.428  66.646 0.0000000000
73316  -31.581  -32.730  66.218 0.0000000000
73315  -30.687  -32.654  65.759 0.0000000000
74561  -29.713  -31.127  66.482 0.0000000000
74527  -29.833  -30.595  68.035 0.0000000000
74526  -29.226  -29.740  67.826 0.0000000000
74505  -29.573  -29.491  68.569 0.0000000000
75802  -29.985  -28.702  68.682 0.0000000000
77084  -30.367  -28.240  68.911 0.0000000000
75761  -32.453  -29.546  71.074 0.0000000000
75760  -31.739  -29.408  70.974 0.0000000000
75743  -31.622  -29.000  71.388 0.0000000000
77027  -31.849  -28.017  72.080 0.0000000000
77046  -31.617  -28.427  71.242 0.0000000000
77064  -31.204  -28.161  70.274 0.0000000000
77085  -31.099  -27.892  69.236 0.0000000000
57994  -21.677  -41.778  70.939 0.0000000000
58023  -20.970  -41.178  69.931 0.0000000000
58055  -21.252  -40.635  69.377 0.0000000000
56819  -22.668  -41.418  70.185 0.0000000000
58056  -21.663  -40.863  68.896 0.0000000000
58080  -21.559  -41.128  68.019 0.0000000000
63279  -24.874  -39.617  72.428 0.0000000000
62003  -23.998  -39.903  71.181 0.0000000000
60691  -23.494  -40.553  69.348 0.0000000000
63331  -23.421  -39.662  69.693 0.0000000000
60709  -23.661  -40.548  68.444 0.0000000000
59370  -23.625  -40.850  68.940 0.0000000000
59393  -22.784  -41.442  67.593 0.0000000000
59416  -22.501  -41.629  66.683 0.0000000000
60617  -12.833  -39.162  73.993 0.0000000000
61977  -12.104  -38.425  71.617 0.0000000000
61935  -15.856  -38.471  73.701 0.0000000000
61934  -15.112  -38.686  73.430 0.0000000000
61980  -15.504  -38.380  72.224 0.0000000000
61958  -14.666  -38.619  72.877 0.0000000000
61978  -13.340  -38.599  71.735 0.0000000000
63349  -12.951  -38.527  68.387 0.0000000000
94341  -40.705  -13.907  52.907 0.0000000000
97906  -42.799  -11.532  56.223 0.0000000000
97928  -42.729  -11.564  55.521 0.0000000000
97945  -42.496  -11.448  54.678 0.0000000000
96718  -43.153  -12.533  51.189 0.0000000000
96727  -43.557  -12.213  51.064 0.0000000000
97959  -43.484  -11.296  51.458 0.0000000000
97960  -43.704  -11.630  51.030 0.0000000000
97964  -43.913  -11.539  50.637 0.0000000000
100364  -48.097  -9.027  53.364 0.0000000000
47375  0.556  -50.740  69.738 0.0000000000
47374  1.361  -51.421  69.627 0.0000000000
49783  1.144  -51.248  69.071 0.0000000000
47402  1.030  -52.108  68.188 0.0000000000
46242  0.681  -53.407  66.115 0.0000000000
45066  1.292  -53.720  66.511 0.0000000000
73362  -26.450  -31.203  61.094 0.0000000000
86059  -32.707  -20.451  56.428 0.0000000000
78558  -30.045  -25.441  60.123 0.0000000000
79857  -30.971  -24.656  59.572 0.0000000000
79837  -32.200  -25.412  60.133 0.0000000000
78560  -31.586  -25.055  60.099 0.0000000000
81083  -32.441  -24.366  58.646 0.0000000000
81033  -34.390  -24.554  61.840 0.0000000000
81047  -33.939  -24.472  60.587 0.0000000000
81063  -33.670  -24.868  58.642 0.0000000000
81084  -33.101  -24.287  58.580 0.0000000000
81097  -32.461  -24.013  58.582 0.0000000000
84861  -32.912  -22.120  58.400 0.0000000000
86061  -35.162  -19.490  58.242 0.0000000000
84865  -36.290  -19.675  58.972 0.0000000000
86046  -37.773  -18.766  59.003 0.0000000000
87159  -38.733  -18.823  59.697 0.0000000000
87128  -36.644  -19.415  61.746 0.0000000000
48522  0.333  -49.600  71.325 0.0000000000
47387  0.050  -50.791  68.572 0.0000000000
47403  -0.271  -51.212  67.737 0.0000000000
47420  -0.766  -51.817  67.293 0.0000000000
48603  -1.771  -50.324  66.558 0.0000000000
46187  1.701  -51.673  70.223 0.0000000000
47362  2.077  -51.837  70.549 0.0000000000
46193  2.749  -52.268  70.780 0.0000000000
45009  3.033  -52.503  70.778 0.0000000000
43789  3.361  -52.638  70.735 0.0000000000
44998  3.887  -52.950  71.593 0.0000000000
42654  3.300  -54.441  67.823 0.0000000000
43825  3.248  -54.070  68.555 0.0000000000
43810  3.508  -53.675  69.201 0.0000000000
43798  3.697  -53.083  70.399 0.0000000000
45008  3.959  -52.735  71.106 0.0000000000
43796  4.069  -52.765  71.104 0.0000000000
45006  4.491  -52.577  70.615 0.0000000000
45005  4.944  -52.421  70.251 0.0000000000
46192  5.221  -52.336  70.033 0.0000000000
40366  4.024  -57.858  65.616 0.0000000000
40346  4.230  -56.951  66.190 0.0000000000
43856  5.030  -55.126  67.414 0.0000000000
42655  3.074  -54.325  67.817 0.0000000000
43786  4.133  -52.889  71.462 0.0000000000
43787  4.031  -52.919  70.854 0.0000000000
43788  3.629  -52.798  70.718 0.0000000000
43827  2.844  -54.123  67.828 0.0000000000
44997  4.144  -53.004  71.683 0.0000000000
44999  3.466  -52.534  71.896 0.0000000000
45007  4.024  -53.059  71.006 0.0000000000
45034  2.069  -52.974  68.330 0.0000000000
45050  4.857  -53.751  68.266 0.0000000000
46129  3.485  -51.544  73.741 0.0000000000
46141  3.557  -51.529  73.138 0.0000000000
46173  2.822  -52.155  71.208 0.0000000000
46174  2.804  -52.134  71.456 0.0000000000
46184  2.972  -52.219  71.024 0.0000000000
46185  2.829  -52.454  70.637 0.0000000000
46186  1.966  -51.584  70.627 0.0000000000
46194  2.435  -52.465  70.437 0.0000000000
46195  1.908  -52.421  70.036 0.0000000000
47331  2.769  -50.854  72.603 0.0000000000
47349  2.645  -52.018  71.106 0.0000000000
47351  2.110  -51.511  70.846 0.0000000000
47360  2.718  -52.193  70.818 0.0000000000
47361  2.380  -51.971  70.775 0.0000000000
47365  0.290  -49.668  70.866 0.0000000000
47371  2.933  -52.048  70.933 0.0000000000
47372  2.494  -52.176  70.682 0.0000000000
47373  2.051  -52.141  70.387 0.0000000000
47385  1.385  -51.871  68.556 0.0000000000
47401  1.206  -51.919  68.412 0.0000000000
47419  -0.288  -51.752  67.226 0.0000000000
48537  1.317  -51.359  69.180 0.0000000000
48538  0.901  -51.099  69.460 0.0000000000
48556  1.222  -51.714  68.554 0.0000000000
48557  1.138  -51.465  68.727 0.0000000000
48578  1.029  -51.749  68.403 0.0000000000
48579  0.629  -51.564  68.245 0.0000000000
48580  0.167  -51.225  68.133 0.0000000000
48600  0.256  -51.496  67.840 0.0000000000
49728  -0.692  -49.181  71.156 0.0000000000
49752  1.017  -51.176  69.277 0.0000000000
49753  0.803  -51.045  69.230 0.0000000000
49755  -1.296  -49.296  70.056 0.0000000000
49756  -1.801  -49.187  69.889 0.0000000000
49784  0.937  -51.139  69.044 0.0000000000
53354  -4.587  -45.163  69.239 0.0000000000
54451  -5.473  -44.352  69.742 0.0000000000
54469  -4.618  -45.204  68.972 0.0000000000
54491  -5.121  -45.054  68.616 0.0000000000
55522  -23.463  -44.210  75.192 0.0000000000
55523  -23.675  -44.113  75.215 0.0000000000
55538  -23.974  -43.966  74.896 0.0000000000
55539  -24.085  -43.180  74.849 0.0000000000
55551  -23.354  -44.098  74.216 0.0000000000
55552  -23.570  -43.234  74.089 0.0000000000
55562  -6.451  -42.975  71.622 0.0000000000
55567  -23.276  -43.805  73.501 0.0000000000
55568  -23.381  -43.438  73.308 0.0000000000
55593  -6.402  -43.345  70.393 0.0000000000
55605  -5.602  -44.439  69.078 0.0000000000
55606  -5.770  -44.121  69.529 0.0000000000
55623  -5.488  -44.848  68.517 0.0000000000
55642  -5.415  -45.419  68.183 0.0000000000
56697  -25.563  -43.219  76.582 0.0000000000
56707  -24.246  -43.625  75.669 0.0000000000
56721  -22.948  -41.829  74.559 0.0000000000
56723  -22.696  -43.521  74.715 0.0000000000
56724  -22.955  -44.166  74.458 0.0000000000
56726  -24.931  -43.203  74.887 0.0000000000
56740  -23.048  -41.806  74.224 0.0000000000
56744  -23.903  -42.748  73.895 0.0000000000
56745  -24.616  -42.689  73.822 0.0000000000
56760  -22.698  -42.778  73.185 0.0000000000
56765  -24.948  -42.158  72.962 0.0000000000
56782  -23.136  -42.462  72.113 0.0000000000
56784  -23.914  -41.659  71.689 0.0000000000
56799  -23.159  -42.058  70.986 0.0000000000
56801  -23.637  -41.340  71.192 0.0000000000
56820  -23.029  -41.287  70.248 0.0000000000
56821  -23.244  -41.240  70.504 0.0000000000
56831  -6.021  -44.268  68.726 0.0000000000
56840  -23.110  -41.569  69.181 0.0000000000
56841  -23.002  -41.354  69.697 0.0000000000
57867  -25.303  -40.788  78.309 0.0000000000
57879  -25.215  -41.432  77.261 0.0000000000
57910  -25.694  -42.759  75.192 0.0000000000
57927  -26.220  -42.532  74.318 0.0000000000
57928  -25.771  -42.066  74.570 0.0000000000
57945  -25.997  -42.421  73.522 0.0000000000
57960  -25.141  -41.938  72.923 0.0000000000
57977  -24.637  -41.499  72.609 0.0000000000
57997  -23.474  -41.086  70.844 0.0000000000
57998  -23.779  -41.152  71.262 0.0000000000
58025  -21.905  -41.338  69.813 0.0000000000
58026  -22.224  -41.313  69.990 0.0000000000
58027  -23.191  -41.221  69.769 0.0000000000
58029  -23.477  -40.798  70.537 0.0000000000
58059  -23.064  -41.468  69.343 0.0000000000
58060  -23.439  -41.195  69.342 0.0000000000
58081  -21.825  -41.462  67.781 0.0000000000
58084  -23.299  -41.377  68.697 0.0000000000
58100  -21.756  -41.852  67.040 0.0000000000
58102  -22.474  -41.575  67.602 0.0000000000
59275  -20.980  -40.306  73.574 0.0000000000
59276  -21.715  -40.488  74.066 0.0000000000
59278  -26.138  -41.598  74.376 0.0000000000
59307  -19.861  -40.217  71.384 0.0000000000
59310  -24.738  -41.335  72.948 0.0000000000
59321  -19.778  -40.224  70.969 0.0000000000
59323  -21.880  -41.488  70.194 0.0000000000
59324  -22.056  -41.611  70.335 0.0000000000
59345  -22.068  -41.542  69.976 0.0000000000
59346  -22.109  -41.434  70.173 0.0000000000
59390  -20.949  -40.182  68.719 0.0000000000
59394  -23.344  -41.117  67.789 0.0000000000
60577  -26.204  -40.758  75.477 0.0000000000
60598  -16.130  -38.882  74.723 0.0000000000
60620  -18.638  -39.545  73.777 0.0000000000
60622  -20.525  -40.171  74.100 0.0000000000
60623  -25.782  -40.898  73.928 0.0000000000
60624  -26.181  -41.330  74.163 0.0000000000
60651  -24.318  -40.489  71.620 0.0000000000
60662  -17.457  -39.137  71.976 0.0000000000
60666  -23.642  -40.399  70.874 0.0000000000
60680  -23.423  -40.603  70.251 0.0000000000
61873  -26.423  -38.869  77.428 0.0000000000
61916  -26.074  -40.446  75.474 0.0000000000
61938  -18.594  -39.560  74.135 0.0000000000
61957  -13.728  -38.529  72.559 0.0000000000
61982  -17.190  -39.348  72.721 0.0000000000
61997  -11.117  -39.283  70.017 0.0000000000
62000  -13.976  -38.422  71.101 0.0000000000
62027  -23.472  -39.841  69.077 0.0000000000
62046  -19.382  -39.112  68.949 0.0000000000
62047  -19.726  -39.521  68.911 0.0000000000
63226  -24.833  -39.605  75.601 0.0000000000
63227  -25.769  -39.800  75.951 0.0000000000
63276  -17.904  -38.306  69.849 0.0000000000
63277  -18.050  -38.399  70.074 0.0000000000
63302  -18.213  -38.421  69.892 0.0000000000
63303  -18.346  -38.458  70.094 0.0000000000
63330  -23.536  -39.266  69.203 0.0000000000
63381  -20.185  -39.420  66.641 0.0000000000
63407  -18.345  -37.876  66.923 0.0000000000
63409  -19.686  -38.910  66.187 0.0000000000
64548  -28.277  -36.565  77.942 0.0000000000
64592  -23.836  -37.959  72.801 0.0000000000
64603  -18.079  -38.234  70.011 0.0000000000
64604  -18.220  -38.296  70.229 0.0000000000
64605  -23.819  -38.225  72.097 0.0000000000
64618  -18.105  -38.338  70.015 0.0000000000
64619  -18.316  -38.406  69.840 0.0000000000
64634  -16.995  -38.288  69.707 0.0000000000
64635  -17.883  -38.327  69.700 0.0000000000
64650  -17.195  -37.897  69.056 0.0000000000
64651  -17.932  -38.321  68.927 0.0000000000
64667  -17.184  -37.803  66.897 0.0000000000
64687  -19.365  -38.283  65.973 0.0000000000
65893  -23.741  -36.920  73.225 0.0000000000
65905  -23.678  -36.939  72.980 0.0000000000
67223  -23.797  -36.741  73.073 0.0000000000
67225  -24.523  -36.005  73.403 0.0000000000
67226  -29.836  -34.389  72.359 0.0000000000
67228  -30.858  -34.362  72.666 0.0000000000
67250  -23.818  -36.714  72.839 0.0000000000
67253  -29.879  -34.330  72.113 0.0000000000
67382  -33.290  -35.040  66.992 0.0000000000
68498  -30.036  -34.477  73.406 0.0000000000
68513  -30.134  -34.460  73.172 0.0000000000
68529  -30.190  -34.135  71.138 0.0000000000
68548  -33.878  -34.204  70.945 0.0000000000
68549  -34.325  -33.842  71.176 0.0000000000
68582  -33.936  -34.211  69.210 0.0000000000
68583  -34.402  -33.557  69.641 0.0000000000
68604  -34.253  -34.651  67.883 0.0000000000
68627  -32.791  -34.591  66.581 0.0000000000
68628  -33.696  -35.003  66.915 0.0000000000
68629  -34.282  -34.881  67.201 0.0000000000
69644  -29.545  -34.508  73.881 0.0000000000
69652  -29.417  -34.595  73.203 0.0000000000
69653  -29.681  -34.528  73.584 0.0000000000
69654  -29.822  -34.521  73.392 0.0000000000
69661  -29.687  -34.517  72.937 0.0000000000
69662  -29.824  -34.500  73.143 0.0000000000
69663  -29.971  -34.486  73.343 0.0000000000
69681  -29.612  -33.749  70.137 0.0000000000
69696  -30.907  -33.828  68.973 0.0000000000
69697  -35.309  -33.360  69.850 0.0000000000
69712  -30.695  -33.851  68.826 0.0000000000
69714  -34.405  -33.384  69.429 0.0000000000
69730  -34.237  -33.909  68.336 0.0000000000
69731  -34.052  -33.395  69.110 0.0000000000
69745  -34.132  -34.433  67.199 0.0000000000
69746  -34.019  -33.783  67.738 0.0000000000
69763  -31.633  -34.288  65.344 0.0000000000
70875  -34.022  -32.803  69.099 0.0000000000
70894  -33.600  -33.620  67.865 0.0000000000
70910  -33.092  -33.680  66.717 0.0000000000
70941  -31.216  -33.722  64.747 0.0000000000
70943  -31.821  -33.867  65.516 0.0000000000
70961  -31.244  -33.892  64.563 0.0000000000
72033  -34.887  -32.357  69.378 0.0000000000
72048  -33.277  -32.305  67.695 0.0000000000
72068  -33.264  -33.348  67.961 0.0000000000
72131  -29.766  -33.654  63.625 0.0000000000
73264  -33.403  -30.954  67.930 0.0000000000
73266  -33.739  -32.001  68.815 0.0000000000
73311  -27.401  -30.577  64.949 0.0000000000
73338  -26.152  -30.809  62.561 0.0000000000
74459  -34.918  -30.973  70.953 0.0000000000
74479  -29.847  -29.472  69.014 0.0000000000
74545  -32.665  -30.885  67.024 0.0000000000
74572  -27.765  -30.709  65.745 0.0000000000
75744  -32.104  -29.270  71.703 0.0000000000
75775  -29.817  -29.102  68.772 0.0000000000
75777  -30.490  -29.175  69.912 0.0000000000
75821  -28.805  -29.467  67.307 0.0000000000
75822  -29.072  -28.966  67.598 0.0000000000
75823  -31.831  -27.765  67.074 0.0000000000
75835  -28.422  -29.510  66.710 0.0000000000
75848  -27.702  -30.006  65.854 0.0000000000
75850  -29.180  -28.227  65.387 0.0000000000
75863  -27.628  -29.623  65.308 0.0000000000
75892  -26.592  -29.876  63.340 0.0000000000
75906  -26.573  -29.674  62.907 0.0000000000
77133  -29.158  -28.413  67.180 0.0000000000
77134  -29.915  -28.317  67.290 0.0000000000
77159  -31.367  -28.355  66.507 0.0000000000
77160  -32.500  -26.646  66.990 0.0000000000
77175  -31.391  -28.384  66.038 0.0000000000
77185  -28.798  -28.282  65.467 0.0000000000
77196  -32.648  -26.338  63.754 0.0000000000
77208  -28.561  -27.730  63.047 0.0000000000
77209  -29.201  -27.399  62.917 0.0000000000
78488  -28.954  -27.313  62.428 0.0000000000
78498  -28.760  -27.385  62.309 0.0000000000
78499  -28.990  -27.104  62.122 0.0000000000
81000  -37.172  -25.569  63.774 0.0000000000
81012  -36.897  -24.177  64.048 0.0000000000
81064  -33.970  -24.578  59.114 0.0000000000
81085  -33.715  -24.500  58.650 0.0000000000
82258  -33.954  -23.185  61.140 0.0000000000
82294  -31.051  -23.566  57.654 0.0000000000
82296  -33.620  -23.896  58.795 0.0000000000
83464  -36.339  -23.036  63.512 0.0000000000
83537  -30.581  -23.287  57.074 0.0000000000
83538  -30.773  -23.039  57.352 0.0000000000
83542  -33.574  -23.269  59.219 0.0000000000
83554  -30.565  -23.196  56.577 0.0000000000
83571  -31.321  -22.275  56.884 0.0000000000
84859  -30.418  -23.109  56.944 0.0000000000
84860  -30.600  -23.060  57.131 0.0000000000
84876  -30.538  -23.098  56.921 0.0000000000
86031  -38.755  -18.540  59.312 0.0000000000
86060  -32.959  -20.271  56.383 0.0000000000
86066  -39.130  -18.699  58.507 0.0000000000
87193  -38.996  -19.072  57.788 0.0000000000
87195  -40.068  -19.040  57.571 0.0000000000
88267  -40.741  -18.342  59.107 0.0000000000
88268  -41.223  -18.062  59.273 0.0000000000
88285  -40.654  -18.520  58.591 0.0000000000
88297  -40.118  -19.073  58.026 0.0000000000
89426  -41.510  -17.893  59.202 0.0000000000
89442  -41.057  -18.456  58.526 0.0000000000
89452  -41.047  -18.427  58.215 0.0000000000
90698  -41.563  -17.186  58.311 0.0000000000
90707  -40.761  -17.550  57.449 0.0000000000
90718  -39.152  -16.928  55.980 0.0000000000
91886  -41.621  -15.678  57.999 0.0000000000
91888  -42.245  -15.774  58.458 0.0000000000
91897  -41.572  -16.028  58.065 0.0000000000
91907  -39.820  -15.576  56.198 0.0000000000
93075  -41.688  -15.454  57.959 0.0000000000
93077  -42.365  -15.341  58.424 0.0000000000
93096  -40.038  -15.518  56.298 0.0000000000
93110  -40.454  -14.954  55.998 0.0000000000
94287  -42.151  -14.925  58.129 0.0000000000
95489  -42.743  -12.628  58.325 0.0000000000
96652  -41.861  -12.068  56.837 0.0000000000
96654  -42.948  -12.000  57.907 0.0000000000
96666  -42.321  -11.839  56.521 0.0000000000
96679  -41.697  -12.422  55.769 0.0000000000
96716  -43.051  -11.684  51.722 0.0000000000
96725  -43.275  -11.596  51.593 0.0000000000
97859  -44.118  -11.518  58.393 0.0000000000
97871  -42.518  -11.269  57.122 0.0000000000
97952  -43.059  -11.564  52.028 0.0000000000
97958  -43.207  -11.527  51.823 0.0000000000
97963  -43.682  -11.177  50.913 0.0000000000
99105  -42.662  -11.084  57.197 0.0000000000
99106  -42.794  -10.877  57.202 0.0000000000
99119  -42.615  -11.008  56.945 0.0000000000
99120  -42.736  -10.812  56.983 0.0000000000
