#!ascii label  , from subject 3585 vox2ras=TkReg
1832
59312  -37.502  -42.344  70.911 0.0000000000
47276  -24.884  -51.592  76.353 0.0000000000
74617  -38.872  -30.700  60.545 0.0000000000
64817  -33.266  -38.239  59.480 0.0000000000
66026  -43.121  -36.836  65.854 0.0000000000
49725  -33.557  -50.329  72.842 0.0000000000
51054  -23.114  -48.630  64.919 0.0000000000
55786  -29.067  -45.443  60.751 0.0000000000
49631  -15.180  -50.176  76.778 0.0000000000
82250  -48.854  -23.654  61.647 0.0000000000
48643  -17.034  -51.994  65.440 0.0000000000
59451  -35.735  -41.865  65.814 0.0000000000
63495  -38.811  -39.320  62.828 0.0000000000
60714  -41.233  -40.914  67.819 0.0000000000
54418  -34.629  -46.429  73.567 0.0000000000
52149  -32.195  -48.625  67.170 0.0000000000
58086  -32.580  -43.592  67.327 0.0000000000
62180  -29.621  -41.020  61.287 0.0000000000
86087  -50.492  -21.166  56.556 0.0000000000
50766  -20.334  -49.651  78.212 0.0000000000
50883  -16.757  -49.601  71.219 0.0000000000
49765  -20.819  -50.307  70.916 0.0000000000
72142  -43.615  -32.995  62.867 0.0000000000
47324  -28.944  -51.889  75.241 0.0000000000
48549  -24.517  -50.999  70.154 0.0000000000
50937  -28.154  -48.809  69.536 0.0000000000
55726  -26.287  -45.908  63.271 0.0000000000
47273  -11.369  -51.874  76.874 0.0000000000
73255  -47.142  -31.061  68.879 0.0000000000
77145  -42.697  -28.884  68.215 0.0000000000
83421  -46.229  -22.933  66.661 0.0000000000
78508  -43.464  -26.970  61.728 0.0000000000
82316  -44.854  -24.464  57.225 0.0000000000
48528  -12.418  -51.106  71.165 0.0000000000
48657  -20.114  -50.873  64.857 0.0000000000
59376  -37.096  -42.285  68.484 0.0000000000
60711  -38.926  -41.498  67.380 0.0000000000
58040  -39.979  -42.136  69.882 0.0000000000
57948  -35.723  -43.156  73.031 0.0000000000
55616  -33.734  -44.917  70.203 0.0000000000
58035  -35.355  -42.914  69.968 0.0000000000
58126  -34.237  -42.492  66.107 0.0000000000
73400  -37.230  -31.673  58.273 0.0000000000
77293  -38.830  -28.959  58.261 0.0000000000
49611  -22.531  -50.671  77.183 0.0000000000
49695  -20.318  -49.997  74.184 0.0000000000
49683  -22.504  -51.106  74.172 0.0000000000
66123  -34.832  -37.243  58.638 0.0000000000
63498  -41.280  -39.338  63.330 0.0000000000
64794  -40.124  -38.661  60.406 0.0000000000
67452  -42.381  -36.646  62.424 0.0000000000
68697  -43.367  -35.617  61.286 0.0000000000
68668  -44.045  -35.235  63.688 0.0000000000
48496  -30.947  -51.165  74.112 0.0000000000
49720  -28.952  -50.298  72.278 0.0000000000
49746  -30.916  -50.124  71.430 0.0000000000
54578  -30.636  -46.874  63.666 0.0000000000
52221  -29.983  -47.885  65.151 0.0000000000
55756  -28.349  -46.157  61.517 0.0000000000
63535  -31.640  -39.574  61.055 0.0000000000
75830  -45.414  -29.641  68.713 0.0000000000
82189  -44.509  -24.853  64.497 0.0000000000
81029  -46.403  -24.816  61.551 0.0000000000
81051  -43.859  -25.504  59.490 0.0000000000
82281  -46.795  -23.999  59.237 0.0000000000
84907  -48.255  -22.731  54.597 0.0000000000
49629  -13.215  -50.764  77.023 0.0000000000
48484  -11.517  -51.701  74.002 0.0000000000
49692  -13.342  -50.313  73.877 0.0000000000
50955  -16.486  -50.008  68.081 0.0000000000
49815  -14.927  -50.457  68.110 0.0000000000
47426  -16.064  -52.696  66.772 0.0000000000
50959  -24.248  -49.623  68.104 0.0000000000
48612  -22.315  -51.062  67.573 0.0000000000
51038  -21.661  -49.732  65.434 0.0000000000
62167  -34.164  -40.061  62.446 0.0000000000
64774  -35.797  -38.695  61.728 0.0000000000
62153  -37.091  -39.896  64.024 0.0000000000
62131  -39.725  -40.266  64.863 0.0000000000
63417  -42.579  -39.235  66.782 0.0000000000
52051  -34.509  -48.685  73.281 0.0000000000
50913  -33.187  -49.385  70.934 0.0000000000
53348  -33.514  -47.475  70.594 0.0000000000
55660  -32.283  -45.993  67.902 0.0000000000
56915  -30.408  -44.881  64.267 0.0000000000
59529  -28.734  -42.657  60.794 0.0000000000
59470  -31.698  -42.394  64.609 0.0000000000
62149  -33.121  -41.024  63.431 0.0000000000
84829  -49.557  -22.329  59.759 0.0000000000
87168  -52.487  -19.867  60.010 0.0000000000
49608  -18.007  -49.781  77.567 0.0000000000
50843  -16.403  -49.607  74.516 0.0000000000
50845  -18.509  -49.455  74.742 0.0000000000
50905  -18.592  -49.391  71.067 0.0000000000
49817  -18.949  -50.168  68.353 0.0000000000
64821  -37.706  -37.949  59.639 0.0000000000
71003  -41.692  -34.050  61.073 0.0000000000
72138  -40.855  -32.228  62.337 0.0000000000
47301  -26.799  -51.644  75.056 0.0000000000
47341  -24.905  -51.964  73.946 0.0000000000
48492  -26.698  -51.558  73.614 0.0000000000
49799  -26.402  -49.576  70.098 0.0000000000
50988  -25.808  -48.599  67.683 0.0000000000
50990  -30.692  -49.006  67.571 0.0000000000
53406  -28.238  -47.425  66.388 0.0000000000
53443  -24.503  -47.502  64.555 0.0000000000
59300  -39.908  -41.655  72.776 0.0000000000
48412  -26.142  -51.550  77.283 0.0000000000
47282  -30.582  -52.265  76.238 0.0000000000
48454  -32.416  -51.543  75.256 0.0000000000
57985  -42.421  -41.280  71.661 0.0000000000
62036  -43.673  -39.592  69.577 0.0000000000
65968  -44.703  -36.955  68.804 0.0000000000
68568  -46.372  -34.309  70.030 0.0000000000
69735  -45.037  -34.485  67.606 0.0000000000
72093  -45.565  -32.738  66.032 0.0000000000
73284  -43.269  -31.293  66.156 0.0000000000
75873  -40.935  -29.808  64.731 0.0000000000
82163  -43.427  -25.304  67.334 0.0000000000
79776  -42.587  -26.559  64.835 0.0000000000
77234  -41.311  -28.152  61.961 0.0000000000
78565  -41.368  -27.323  58.704 0.0000000000
83566  -47.968  -23.025  56.591 0.0000000000
46163  -10.172  -52.808  73.400 0.0000000000
46209  -13.109  -53.435  68.844 0.0000000000
49734  -14.790  -50.011  71.169 0.0000000000
48587  -13.439  -51.359  68.726 0.0000000000
48547  -22.561  -51.418  70.633 0.0000000000
48610  -20.514  -50.918  67.864 0.0000000000
48644  -18.207  -51.756  65.160 0.0000000000
46319  -18.399  -53.826  61.856 0.0000000000
58004  -37.617  -42.485  70.192 0.0000000000
58038  -38.231  -41.992  69.598 0.0000000000
58005  -38.321  -42.006  70.178 0.0000000000
59296  -36.058  -42.676  72.534 0.0000000000
57979  -35.378  -43.255  71.589 0.0000000000
58003  -36.699  -42.683  70.314 0.0000000000
59352  -36.625  -42.449  69.177 0.0000000000
73372  -38.807  -31.922  60.962 0.0000000000
74632  -38.105  -30.577  59.556 0.0000000000
74664  -37.770  -30.125  57.714 0.0000000000
75932  -39.048  -29.637  59.785 0.0000000000
48409  -23.504  -51.221  76.926 0.0000000000
49638  -22.302  -50.865  76.020 0.0000000000
48447  -23.726  -51.484  75.254 0.0000000000
66121  -32.605  -37.311  58.476 0.0000000000
66100  -33.868  -37.809  59.311 0.0000000000
66037  -42.437  -37.937  64.968 0.0000000000
66049  -41.613  -37.935  63.385 0.0000000000
67421  -42.457  -36.595  64.216 0.0000000000
68680  -43.233  -35.843  63.029 0.0000000000
68646  -43.527  -35.547  65.381 0.0000000000
48519  -32.447  -50.882  73.140 0.0000000000
49722  -31.136  -50.607  72.576 0.0000000000
49748  -32.832  -50.514  71.699 0.0000000000
55758  -30.017  -46.355  62.273 0.0000000000
53508  -30.131  -47.160  62.323 0.0000000000
54649  -29.118  -46.211  61.243 0.0000000000
55809  -26.773  -45.052  59.561 0.0000000000
64786  -32.102  -38.892  60.749 0.0000000000
64815  -30.882  -38.630  59.674 0.0000000000
64839  -31.334  -37.885  58.699 0.0000000000
82215  -47.589  -23.825  63.411 0.0000000000
82237  -47.216  -24.055  61.452 0.0000000000
82247  -46.637  -24.450  60.269 0.0000000000
83506  -47.549  -23.654  60.259 0.0000000000
49630  -13.994  -50.240  76.960 0.0000000000
49655  -13.285  -50.592  76.151 0.0000000000
49656  -14.166  -49.983  75.851 0.0000000000
49858  -16.890  -51.014  66.355 0.0000000000
49836  -16.212  -50.558  67.022 0.0000000000
47438  -16.446  -52.683  66.083 0.0000000000
45085  -16.861  -54.665  66.018 0.0000000000
45100  -17.361  -54.591  65.150 0.0000000000
51012  -23.340  -49.320  66.500 0.0000000000
51011  -22.519  -49.845  66.377 0.0000000000
51052  -21.845  -49.156  64.777 0.0000000000
60812  -35.257  -40.958  64.362 0.0000000000
62152  -36.235  -40.244  64.074 0.0000000000
62128  -36.443  -40.731  64.749 0.0000000000
60712  -39.766  -41.394  67.647 0.0000000000
60756  -39.711  -40.747  66.137 0.0000000000
60730  -41.137  -40.594  66.815 0.0000000000
62109  -41.208  -40.191  65.648 0.0000000000
62088  -42.070  -40.279  67.353 0.0000000000
53290  -34.647  -47.155  73.054 0.0000000000
53350  -33.756  -47.726  71.754 0.0000000000
54447  -34.621  -46.874  71.882 0.0000000000
56845  -33.240  -44.422  69.015 0.0000000000
55638  -32.896  -45.097  69.215 0.0000000000
56859  -31.879  -44.618  67.388 0.0000000000
56898  -30.853  -44.925  65.829 0.0000000000
58104  -31.332  -43.783  66.086 0.0000000000
58154  -30.546  -43.292  63.824 0.0000000000
59420  -31.749  -42.985  65.894 0.0000000000
58128  -35.675  -42.149  66.433 0.0000000000
60751  -33.861  -41.637  65.163 0.0000000000
59473  -34.821  -41.352  64.867 0.0000000000
62150  -34.059  -40.662  63.497 0.0000000000
50782  -18.853  -49.564  77.742 0.0000000000
50824  -17.929  -49.465  75.797 0.0000000000
50825  -19.167  -49.640  75.619 0.0000000000
49715  -21.075  -50.452  72.659 0.0000000000
50886  -19.469  -49.646  72.488 0.0000000000
49764  -19.997  -50.254  70.833 0.0000000000
50931  -18.674  -49.629  69.946 0.0000000000
49793  -19.773  -50.360  69.826 0.0000000000
63514  -37.517  -38.757  61.683 0.0000000000
63539  -36.787  -38.429  60.868 0.0000000000
63541  -38.315  -38.822  60.977 0.0000000000
64795  -40.853  -38.248  59.995 0.0000000000
64823  -39.399  -38.620  59.296 0.0000000000
64845  -40.122  -37.899  58.639 0.0000000000
69791  -43.629  -34.185  62.221 0.0000000000
69832  -42.414  -34.600  60.887 0.0000000000
70985  -42.407  -33.731  61.814 0.0000000000
72154  -41.652  -32.607  61.987 0.0000000000
73347  -42.271  -32.232  62.671 0.0000000000
48451  -28.047  -51.660  75.296 0.0000000000
47323  -26.704  -52.268  74.182 0.0000000000
48493  -27.830  -51.288  73.686 0.0000000000
49771  -28.604  -49.841  70.940 0.0000000000
49743  -28.049  -50.120  71.393 0.0000000000
50907  -27.768  -49.378  70.060 0.0000000000
50961  -26.081  -48.960  68.491 0.0000000000
52120  -27.019  -48.687  68.258 0.0000000000
52106  -32.716  -48.601  69.147 0.0000000000
50941  -32.319  -49.336  69.385 0.0000000000
49866  -31.747  -49.224  67.300 0.0000000000
53468  -28.177  -47.229  63.613 0.0000000000
53428  -28.955  -47.471  65.561 0.0000000000
53426  -27.199  -47.307  65.150 0.0000000000
52201  -26.677  -47.499  65.725 0.0000000000
60822  -29.408  -41.640  61.298 0.0000000000
46136  -32.426  -52.972  75.121 0.0000000000
53251  -35.363  -47.650  75.450 0.0000000000
57983  -41.105  -41.801  71.905 0.0000000000
61992  -44.441  -39.360  71.819 0.0000000000
62038  -44.660  -38.746  70.838 0.0000000000
63365  -44.535  -38.289  69.416 0.0000000000
65948  -45.600  -37.119  70.405 0.0000000000
70871  -46.576  -32.938  69.475 0.0000000000
69718  -45.586  -34.266  68.870 0.0000000000
72054  -46.012  -32.642  68.225 0.0000000000
70899  -45.636  -32.793  67.053 0.0000000000
72075  -47.050  -31.913  67.086 0.0000000000
75829  -43.929  -29.958  68.621 0.0000000000
74551  -44.281  -30.551  67.403 0.0000000000
75844  -43.337  -30.235  67.548 0.0000000000
74565  -41.841  -30.624  65.749 0.0000000000
77166  -41.512  -29.368  66.174 0.0000000000
82165  -45.099  -23.496  66.837 0.0000000000
81005  -44.198  -25.307  63.109 0.0000000000
80995  -43.206  -25.866  64.186 0.0000000000
79797  -42.837  -26.773  63.225 0.0000000000
77193  -42.013  -27.412  63.489 0.0000000000
77236  -42.941  -27.601  61.659 0.0000000000
78522  -41.726  -27.470  60.539 0.0000000000
78524  -43.048  -26.937  60.661 0.0000000000
81090  -44.317  -24.784  57.691 0.0000000000
81068  -43.003  -25.610  57.800 0.0000000000
81102  -43.586  -25.109  56.268 0.0000000000
84873  -50.214  -21.560  57.872 0.0000000000
84871  -48.857  -22.553  58.302 0.0000000000
84886  -48.725  -22.508  57.154 0.0000000000
48506  -11.923  -51.138  72.531 0.0000000000
47357  -11.148  -52.192  72.762 0.0000000000
48527  -11.539  -51.773  71.535 0.0000000000
46207  -11.468  -53.682  69.781 0.0000000000
48563  -12.109  -51.841  69.624 0.0000000000
50869  -15.836  -49.627  72.649 0.0000000000
49694  -15.210  -49.653  72.936 0.0000000000
49735  -15.647  -49.791  71.092 0.0000000000
49814  -13.894  -50.787  68.746 0.0000000000
43848  -15.908  -55.135  68.457 0.0000000000
48511  -24.211  -51.548  72.461 0.0000000000
48510  -23.359  -51.506  72.635 0.0000000000
48548  -23.456  -51.568  70.326 0.0000000000
48647  -21.176  -50.986  66.223 0.0000000000
48611  -21.546  -51.227  67.717 0.0000000000
48646  -20.397  -51.075  65.896 0.0000000000
48630  -19.708  -50.695  66.711 0.0000000000
48656  -19.062  -51.236  64.467 0.0000000000
45154  -17.619  -54.473  62.810 0.0000000000
59423  -36.436  -42.039  66.729 0.0000000000
60726  -37.590  -41.665  66.588 0.0000000000
59401  -38.251  -42.125  67.540 0.0000000000
59378  -39.460  -41.607  68.371 0.0000000000
59354  -40.655  -41.778  69.263 0.0000000000
55557  -34.932  -44.987  73.322 0.0000000000
55573  -34.425  -45.308  72.093 0.0000000000
56770  -34.860  -44.027  72.070 0.0000000000
58034  -34.436  -43.521  70.016 0.0000000000
58064  -33.890  -43.559  68.905 0.0000000000
58106  -33.203  -42.731  66.586 0.0000000000
59397  -35.085  -42.446  68.241 0.0000000000
59422  -35.966  -42.157  67.158 0.0000000000
77331  -39.014  -28.304  56.533 0.0000000000
49610  -21.385  -50.168  77.552 0.0000000000
49636  -20.684  -49.989  76.089 0.0000000000
49637  -21.413  -50.300  76.394 0.0000000000
49682  -21.821  -50.501  74.371 0.0000000000
49716  -21.895  -50.734  72.318 0.0000000000
62170  -40.814  -40.049  63.246 0.0000000000
63542  -39.289  -39.124  61.062 0.0000000000
64761  -40.916  -38.898  62.204 0.0000000000
66076  -41.211  -37.575  61.305 0.0000000000
66077  -41.922  -37.235  60.735 0.0000000000
66089  -42.900  -36.952  59.886 0.0000000000
67467  -42.989  -36.139  61.800 0.0000000000
68681  -43.572  -35.429  62.733 0.0000000000
70945  -44.434  -33.594  63.675 0.0000000000
48473  -30.185  -51.688  74.889 0.0000000000
48494  -29.111  -51.073  73.588 0.0000000000
49700  -30.375  -50.779  73.180 0.0000000000
49745  -29.674  -49.803  71.525 0.0000000000
50909  -29.572  -49.454  70.513 0.0000000000
53430  -31.223  -47.638  65.381 0.0000000000
52178  -31.264  -48.370  66.154 0.0000000000
53471  -30.365  -47.283  63.808 0.0000000000
53489  -29.684  -47.260  62.790 0.0000000000
54595  -27.289  -45.849  62.834 0.0000000000
55736  -25.517  -45.528  62.424 0.0000000000
55783  -26.190  -44.869  60.554 0.0000000000
63534  -30.492  -39.772  60.924 0.0000000000
63565  -30.164  -39.341  59.932 0.0000000000
77075  -47.791  -28.565  70.152 0.0000000000
74513  -46.731  -29.940  68.735 0.0000000000
78402  -46.106  -28.373  69.829 0.0000000000
78400  -44.387  -28.333  69.729 0.0000000000
78419  -43.023  -27.376  68.899 0.0000000000
82179  -47.661  -23.419  65.977 0.0000000000
82177  -45.236  -24.014  65.865 0.0000000000
82204  -46.371  -24.152  64.092 0.0000000000
82213  -45.711  -25.165  63.132 0.0000000000
81027  -44.439  -25.649  61.654 0.0000000000
79827  -43.639  -26.062  60.819 0.0000000000
81040  -45.312  -24.889  60.373 0.0000000000
81071  -45.217  -24.551  59.206 0.0000000000
82279  -45.536  -24.367  58.471 0.0000000000
87229  -50.437  -20.467  55.542 0.0000000000
84897  -49.454  -21.928  55.837 0.0000000000
86110  -49.414  -21.244  54.930 0.0000000000
47274  -12.016  -51.507  76.826 0.0000000000
47318  -11.127  -51.879  75.099 0.0000000000
48444  -12.345  -51.497  75.794 0.0000000000
49691  -12.712  -50.749  74.144 0.0000000000
49710  -13.210  -50.296  72.654 0.0000000000
50929  -16.531  -49.486  69.060 0.0000000000
50902  -15.731  -49.466  69.473 0.0000000000
50954  -15.764  -50.233  68.235 0.0000000000
49835  -15.371  -51.281  67.573 0.0000000000
46237  -15.854  -53.540  67.297 0.0000000000
43861  -16.243  -55.265  67.726 0.0000000000
43884  -16.638  -55.487  66.876 0.0000000000
49796  -23.969  -50.359  69.042 0.0000000000
48570  -23.345  -50.833  69.212 0.0000000000
49841  -23.096  -50.348  67.529 0.0000000000
49863  -22.055  -50.377  66.564 0.0000000000
49888  -20.242  -50.513  64.271 0.0000000000
63538  -33.855  -39.263  61.264 0.0000000000
64789  -34.681  -38.467  60.676 0.0000000000
63512  -34.833  -39.214  62.021 0.0000000000
63477  -36.861  -39.446  63.385 0.0000000000
63478  -37.894  -39.316  63.877 0.0000000000
62106  -38.116  -40.487  65.873 0.0000000000
62130  -38.693  -40.396  64.979 0.0000000000
63480  -39.766  -40.131  63.756 0.0000000000
62133  -41.176  -39.896  64.455 0.0000000000
63459  -41.687  -39.460  64.889 0.0000000000
64722  -42.667  -38.182  66.012 0.0000000000
50874  -34.329  -49.383  72.897 0.0000000000
49749  -33.577  -50.127  71.754 0.0000000000
50915  -33.615  -48.499  71.798 0.0000000000
52089  -33.420  -48.529  70.063 0.0000000000
53368  -32.733  -47.970  68.885 0.0000000000
54466  -33.551  -45.991  71.041 0.0000000000
54485  -32.731  -46.781  69.299 0.0000000000
54517  -32.453  -47.035  67.559 0.0000000000
55703  -31.789  -46.574  66.220 0.0000000000
55727  -30.480  -45.900  63.556 0.0000000000
56930  -29.521  -44.803  62.031 0.0000000000
56961  -28.850  -44.489  60.352 0.0000000000
58161  -29.664  -43.890  62.492 0.0000000000
59511  -29.784  -42.431  62.300 0.0000000000
60808  -30.473  -41.875  62.715 0.0000000000
59448  -33.189  -42.134  65.418 0.0000000000
60798  -32.522  -41.370  63.779 0.0000000000
62164  -31.052  -40.994  62.396 0.0000000000
62183  -32.563  -40.090  61.835 0.0000000000
63509  -33.090  -39.665  61.626 0.0000000000
83508  -49.410  -22.565  60.225 0.0000000000
84814  -50.144  -21.770  60.540 0.0000000000
86035  -50.999  -20.981  59.715 0.0000000000
87185  -50.862  -20.461  57.721 0.0000000000
87215  -51.226  -20.209  56.497 0.0000000000
88325  -51.419  -19.656  55.801 0.0000000000
49607  -16.843  -49.721  77.747 0.0000000000
49657  -15.593  -49.878  75.462 0.0000000000
49658  -16.643  -49.763  75.915 0.0000000000
50844  -17.483  -49.425  74.609 0.0000000000
50871  -17.751  -49.533  72.754 0.0000000000
50846  -19.404  -49.849  74.732 0.0000000000
50872  -18.676  -49.551  73.047 0.0000000000
50884  -17.635  -49.411  71.689 0.0000000000
50930  -17.518  -49.445  69.556 0.0000000000
50984  -18.197  -49.699  68.156 0.0000000000
49859  -17.440  -50.608  66.399 0.0000000000
64819  -35.036  -37.839  60.062 0.0000000000
66103  -36.327  -37.520  59.309 0.0000000000
64793  -38.950  -38.785  60.208 0.0000000000
72152  -39.607  -32.629  61.331 0.0000000000
73344  -39.750  -31.494  62.250 0.0000000000
47277  -25.687  -51.641  76.057 0.0000000000
48468  -24.392  -51.694  75.004 0.0000000000
46148  -25.584  -52.027  74.050 0.0000000000
48491  -25.742  -51.550  73.459 0.0000000000
48534  -25.420  -50.753  71.370 0.0000000000
48514  -27.404  -50.904  72.876 0.0000000000
48535  -26.206  -50.435  71.795 0.0000000000
49768  -25.679  -49.935  70.723 0.0000000000
50934  -25.346  -49.411  69.045 0.0000000000
50987  -24.727  -49.018  67.583 0.0000000000
52172  -24.569  -48.556  66.371 0.0000000000
49775  -32.674  -50.280  70.971 0.0000000000
50939  -30.567  -49.393  69.291 0.0000000000
50963  -29.874  -48.804  68.351 0.0000000000
52177  -30.776  -48.527  66.548 0.0000000000
52147  -29.830  -48.269  67.386 0.0000000000
52121  -28.132  -48.575  68.117 0.0000000000
51016  -26.675  -47.995  66.860 0.0000000000
52173  -25.411  -48.201  66.293 0.0000000000
56994  -28.685  -43.695  58.962 0.0000000000
59281  -37.036  -41.696  73.192 0.0000000000
59314  -38.937  -41.933  71.890 0.0000000000
47241  -12.423  -51.402  77.905 0.0000000000
49582  -15.651  -50.021  78.685 0.0000000000
49584  -17.704  -49.805  78.746 0.0000000000
50744  -18.513  -49.630  79.380 0.0000000000
49556  -22.522  -50.393  79.373 0.0000000000
49588  -23.323  -50.591  78.266 0.0000000000
48390  -24.516  -50.790  77.909 0.0000000000
47255  -25.491  -51.622  76.784 0.0000000000
48432  -26.395  -51.555  76.644 0.0000000000
47302  -27.626  -51.689  75.585 0.0000000000
47303  -28.600  -52.202  75.658 0.0000000000
47281  -29.868  -52.542  76.463 0.0000000000
47326  -29.975  -52.269  75.459 0.0000000000
48474  -31.111  -51.694  74.887 0.0000000000
48475  -32.213  -51.551  74.663 0.0000000000
49684  -33.560  -50.703  74.112 0.0000000000
49685  -34.197  -50.390  74.333 0.0000000000
52036  -34.561  -48.814  74.064 0.0000000000
53269  -34.640  -47.351  74.353 0.0000000000
59257  -36.598  -42.577  74.004 0.0000000000
58007  -40.145  -42.049  71.164 0.0000000000
58041  -40.864  -41.786  70.145 0.0000000000
59355  -41.524  -41.422  69.234 0.0000000000
59303  -43.798  -40.151  72.398 0.0000000000
59333  -42.994  -40.493  70.773 0.0000000000
62034  -42.281  -40.646  68.766 0.0000000000
63363  -42.857  -39.792  68.281 0.0000000000
64680  -43.527  -38.375  67.675 0.0000000000
65987  -43.943  -37.049  67.412 0.0000000000
68566  -46.082  -35.635  69.706 0.0000000000
67362  -44.653  -35.810  68.106 0.0000000000
68634  -43.891  -35.426  66.643 0.0000000000
69759  -44.515  -34.475  66.105 0.0000000000
70931  -44.860  -33.482  65.323 0.0000000000
72110  -44.429  -32.872  64.461 0.0000000000
74552  -45.644  -30.720  67.366 0.0000000000
73304  -44.425  -31.756  65.763 0.0000000000
73323  -43.125  -32.052  64.624 0.0000000000
73322  -42.103  -32.108  64.698 0.0000000000
73333  -40.495  -31.121  63.823 0.0000000000
74593  -40.203  -30.501  62.751 0.0000000000
80951  -42.925  -25.763  68.731 0.0000000000
79754  -42.652  -26.546  67.668 0.0000000000
82176  -44.247  -24.634  65.560 0.0000000000
79765  -42.725  -26.285  66.480 0.0000000000
78452  -41.931  -27.479  66.509 0.0000000000
78462  -41.546  -27.957  64.902 0.0000000000
77217  -40.984  -28.968  63.609 0.0000000000
75923  -40.317  -29.045  61.172 0.0000000000
77264  -40.394  -28.200  59.813 0.0000000000
77295  -40.150  -28.195  58.017 0.0000000000
78609  -40.571  -27.339  56.719 0.0000000000
79844  -43.143  -26.247  59.255 0.0000000000
79880  -41.747  -26.559  57.357 0.0000000000
79909  -40.723  -26.608  56.143 0.0000000000
83507  -48.480  -22.996  59.985 0.0000000000
83525  -46.727  -23.751  57.946 0.0000000000
82318  -46.215  -23.980  56.553 0.0000000000
83581  -48.068  -23.244  55.504 0.0000000000
82329  -47.050  -23.715  55.608 0.0000000000
82327  -45.599  -24.210  55.963 0.0000000000
47338  -11.089  -52.233  73.871 0.0000000000
49677  -14.277  -49.987  74.605 0.0000000000
49693  -14.215  -49.740  73.400 0.0000000000
49732  -12.911  -50.554  70.922 0.0000000000
49790  -14.113  -50.198  69.236 0.0000000000
50900  -13.555  -50.251  69.727 0.0000000000
48564  -12.695  -51.487  69.219 0.0000000000
47393  -13.196  -52.770  68.703 0.0000000000
48488  -23.768  -51.694  73.683 0.0000000000
48509  -22.481  -51.214  72.500 0.0000000000
49739  -21.892  -50.807  71.516 0.0000000000
48569  -22.444  -51.320  69.537 0.0000000000
48568  -21.578  -51.045  69.944 0.0000000000
48567  -20.779  -50.801  69.729 0.0000000000
49839  -19.625  -50.537  67.712 0.0000000000
48629  -18.421  -50.779  65.905 0.0000000000
47450  -17.341  -52.707  64.902 0.0000000000
49895  -20.222  -50.215  63.615 0.0000000000
48675  -19.578  -50.888  63.141 0.0000000000
48665  -18.889  -51.571  63.426 0.0000000000
48664  -18.428  -52.169  63.664 0.0000000000
46274  -17.726  -53.149  64.057 0.0000000000
46273  -17.445  -53.631  64.446 0.0000000000
59328  -37.913  -42.230  70.410 0.0000000000
59329  -38.313  -41.988  70.708 0.0000000000
59297  -36.845  -42.154  72.061 0.0000000000
57965  -36.628  -42.511  71.312 0.0000000000
57981  -36.960  -42.632  70.705 0.0000000000
73371  -38.205  -31.362  60.213 0.0000000000
74633  -38.631  -30.190  59.873 0.0000000000
48431  -24.157  -51.385  76.438 0.0000000000
48430  -23.613  -51.305  76.055 0.0000000000
48448  -24.319  -51.527  75.732 0.0000000000
64841  -33.033  -37.702  58.866 0.0000000000
66025  -42.630  -37.308  65.454 0.0000000000
66036  -42.004  -37.533  64.295 0.0000000000
67406  -42.599  -36.568  64.868 0.0000000000
67422  -43.069  -36.234  64.345 0.0000000000
67407  -43.068  -36.262  65.367 0.0000000000
48520  -32.970  -50.686  73.032 0.0000000000
49723  -32.188  -50.651  72.463 0.0000000000
49724  -32.994  -50.652  72.448 0.0000000000
55757  -29.487  -45.744  61.639 0.0000000000
64787  -32.832  -38.690  60.647 0.0000000000
64816  -32.053  -38.388  59.842 0.0000000000
64840  -32.413  -37.823  59.003 0.0000000000
66120  -31.992  -37.438  58.590 0.0000000000
82228  -49.079  -23.627  62.673 0.0000000000
82227  -48.369  -23.868  62.517 0.0000000000
82238  -48.179  -23.775  61.749 0.0000000000
83477  -47.384  -23.855  61.377 0.0000000000
82249  -48.697  -23.619  61.448 0.0000000000
49605  -14.841  -50.543  77.928 0.0000000000
48627  -16.536  -51.745  66.265 0.0000000000
47449  -16.741  -52.725  65.512 0.0000000000
46264  -16.971  -53.652  65.576 0.0000000000
51040  -23.194  -48.843  65.441 0.0000000000
51039  -22.422  -49.343  65.673 0.0000000000
51053  -22.645  -48.884  64.958 0.0000000000
59475  -35.795  -41.387  65.069 0.0000000000
60802  -36.037  -40.977  64.702 0.0000000000
60782  -36.395  -41.270  65.231 0.0000000000
60713  -40.646  -41.163  67.634 0.0000000000
60729  -40.319  -40.965  66.779 0.0000000000
60715  -41.710  -40.670  67.962 0.0000000000
54419  -34.661  -46.826  73.114 0.0000000000
54433  -34.720  -46.891  72.885 0.0000000000
54432  -34.619  -46.325  72.536 0.0000000000
56861  -32.938  -44.310  68.435 0.0000000000
56877  -32.011  -44.094  67.293 0.0000000000
56876  -31.432  -44.496  66.842 0.0000000000
58105  -32.116  -43.431  66.587 0.0000000000
59419  -31.415  -43.367  65.663 0.0000000000
60753  -34.813  -41.689  65.353 0.0000000000
59474  -35.171  -41.516  65.179 0.0000000000
59488  -34.972  -41.196  64.573 0.0000000000
50783  -19.628  -49.582  77.478 0.0000000000
50802  -19.845  -49.637  76.403 0.0000000000
49737  -20.350  -50.045  71.864 0.0000000000
49794  -20.484  -50.527  70.223 0.0000000000
63515  -38.594  -38.814  61.896 0.0000000000
64825  -41.020  -37.853  59.664 0.0000000000
64824  -40.356  -38.145  59.261 0.0000000000
70966  -43.373  -33.696  62.323 0.0000000000
70986  -43.101  -33.942  61.896 0.0000000000
72141  -43.100  -32.893  62.615 0.0000000000
72140  -42.534  -32.817  62.351 0.0000000000
72123  -43.191  -32.465  63.301 0.0000000000
48471  -28.316  -51.512  74.751 0.0000000000
50908  -28.549  -49.371  70.193 0.0000000000
52102  -27.115  -48.894  68.860 0.0000000000
52103  -27.647  -48.662  68.877 0.0000000000
52124  -32.507  -48.746  68.078 0.0000000000
50992  -32.155  -49.226  67.511 0.0000000000
51019  -31.752  -48.861  66.981 0.0000000000
54559  -27.368  -47.079  64.100 0.0000000000
53447  -27.830  -47.446  64.210 0.0000000000
54558  -26.930  -46.677  64.158 0.0000000000
53445  -26.049  -47.024  64.700 0.0000000000
54557  -26.205  -46.560  64.070 0.0000000000
62203  -28.862  -41.077  60.351 0.0000000000
64646  -45.063  -37.784  70.689 0.0000000000
73235  -47.368  -30.622  69.813 0.0000000000
73220  -47.386  -31.202  70.608 0.0000000000
72025  -46.866  -31.785  69.773 0.0000000000
70881  -46.657  -32.870  69.018 0.0000000000
72040  -46.689  -32.037  68.688 0.0000000000
72056  -47.066  -31.736  67.794 0.0000000000
73269  -47.331  -31.271  67.878 0.0000000000
75828  -42.798  -29.637  67.721 0.0000000000
75843  -42.052  -30.039  67.162 0.0000000000
77144  -42.227  -29.199  67.533 0.0000000000
84693  -46.233  -22.152  67.293 0.0000000000
84666  -45.680  -22.374  68.013 0.0000000000
83397  -45.239  -23.269  67.589 0.0000000000
79807  -43.571  -26.493  62.352 0.0000000000
81015  -43.644  -25.793  62.756 0.0000000000
78495  -43.270  -27.088  62.461 0.0000000000
77205  -43.062  -27.551  62.485 0.0000000000
77237  -43.433  -27.537  61.842 0.0000000000
77254  -42.797  -27.299  61.057 0.0000000000
78507  -43.229  -27.245  61.386 0.0000000000
81089  -43.630  -25.164  57.268 0.0000000000
81103  -44.252  -24.749  56.769 0.0000000000
81114  -44.332  -24.785  55.811 0.0000000000
86071  -50.047  -21.595  57.026 0.0000000000
84872  -49.600  -22.103  57.782 0.0000000000
84887  -49.410  -22.019  56.616 0.0000000000
47295  -10.658  -52.307  76.012 0.0000000000
48543  -11.724  -51.768  70.480 0.0000000000
50870  -16.575  -49.497  72.332 0.0000000000
49712  -15.500  -49.671  71.978 0.0000000000
49713  -16.126  -49.640  71.500 0.0000000000
48533  -24.357  -51.441  71.334 0.0000000000
48645  -19.337  -50.932  65.449 0.0000000000
59400  -37.293  -42.279  67.546 0.0000000000
59377  -37.753  -42.336  68.172 0.0000000000
58039  -39.048  -41.723  69.814 0.0000000000
58069  -39.044  -41.567  69.063 0.0000000000
59379  -40.143  -41.648  68.702 0.0000000000
59353  -40.149  -41.867  69.297 0.0000000000
56750  -35.011  -43.619  73.149 0.0000000000
55558  -34.619  -44.156  73.013 0.0000000000
56771  -34.937  -43.602  72.535 0.0000000000
58002  -35.531  -43.003  70.687 0.0000000000
56806  -34.907  -43.568  70.837 0.0000000000
58001  -34.912  -43.420  70.496 0.0000000000
58033  -34.100  -43.557  69.476 0.0000000000
58065  -34.591  -43.072  69.057 0.0000000000
58088  -34.466  -42.649  68.099 0.0000000000
59374  -35.358  -42.614  68.845 0.0000000000
59375  -36.232  -42.412  68.578 0.0000000000
59399  -36.483  -42.234  67.703 0.0000000000
75974  -38.166  -29.611  57.601 0.0000000000
77314  -38.747  -28.660  57.132 0.0000000000
49587  -22.073  -50.344  78.363 0.0000000000
49664  -22.522  -50.738  75.044 0.0000000000
49697  -21.908  -50.880  73.319 0.0000000000
67497  -34.544  -36.783  58.107 0.0000000000
62171  -41.172  -39.782  63.193 0.0000000000
63497  -40.976  -39.556  62.721 0.0000000000
64762  -41.369  -38.646  62.791 0.0000000000
66050  -42.153  -37.291  63.035 0.0000000000
66065  -41.595  -37.521  62.400 0.0000000000
67465  -41.634  -37.063  61.836 0.0000000000
67466  -42.145  -36.816  61.444 0.0000000000
67475  -42.378  -36.989  60.725 0.0000000000
69792  -44.022  -34.414  62.736 0.0000000000
69776  -44.432  -34.446  64.081 0.0000000000
48495  -30.108  -51.389  73.766 0.0000000000
48517  -30.842  -50.911  73.410 0.0000000000
50887  -30.101  -49.438  71.011 0.0000000000
50888  -30.374  -49.642  71.171 0.0000000000
54561  -30.849  -46.867  64.653 0.0000000000
53450  -30.938  -47.173  65.009 0.0000000000
53472  -30.566  -47.055  64.071 0.0000000000
54617  -28.804  -46.617  61.766 0.0000000000
53488  -29.122  -47.043  62.407 0.0000000000
54597  -28.571  -46.663  62.924 0.0000000000
54596  -27.941  -46.105  62.628 0.0000000000
55754  -26.518  -45.214  61.609 0.0000000000
55755  -27.701  -45.713  61.785 0.0000000000
63508  -31.619  -39.961  61.453 0.0000000000
63566  -30.945  -39.232  60.408 0.0000000000
78382  -47.159  -28.335  70.379 0.0000000000
78403  -47.012  -28.042  69.905 0.0000000000
80922  -44.143  -26.303  70.658 0.0000000000
79730  -44.601  -27.950  70.319 0.0000000000
79729  -44.022  -27.287  69.716 0.0000000000
78420  -43.623  -27.842  69.176 0.0000000000
79728  -43.321  -26.542  69.482 0.0000000000
83459  -48.454  -23.384  63.779 0.0000000000
84757  -48.545  -22.878  64.240 0.0000000000
83448  -48.197  -23.105  64.570 0.0000000000
83436  -47.857  -23.528  65.610 0.0000000000
82191  -46.416  -23.918  65.239 0.0000000000
82205  -47.240  -23.577  64.676 0.0000000000
82225  -46.610  -24.785  62.217 0.0000000000
82214  -46.290  -24.590  62.890 0.0000000000
81018  -46.147  -25.128  62.146 0.0000000000
81017  -45.246  -25.414  62.253 0.0000000000
81028  -45.428  -25.151  61.348 0.0000000000
82263  -46.497  -24.336  59.530 0.0000000000
82246  -46.015  -24.640  59.976 0.0000000000
82262  -45.870  -24.454  59.273 0.0000000000
82280  -46.418  -24.067  58.696 0.0000000000
87244  -50.057  -20.518  54.934 0.0000000000
87228  -49.838  -20.854  55.098 0.0000000000
47275  -12.475  -51.348  76.778 0.0000000000
47297  -12.325  -51.489  76.397 0.0000000000
48445  -12.739  -51.226  76.428 0.0000000000
49676  -13.165  -50.603  74.970 0.0000000000
49709  -12.548  -50.628  73.442 0.0000000000
48608  -15.765  -51.833  67.078 0.0000000000
47425  -15.366  -52.821  67.347 0.0000000000
45071  -16.137  -54.393  67.307 0.0000000000
45084  -16.503  -54.541  66.672 0.0000000000
43906  -17.195  -55.534  65.753 0.0000000000
49821  -24.240  -50.019  68.718 0.0000000000
49820  -23.578  -50.224  68.346 0.0000000000
50958  -23.573  -49.883  67.707 0.0000000000
49880  -21.902  -49.811  66.104 0.0000000000
49879  -21.404  -50.368  65.874 0.0000000000
49889  -20.960  -50.166  64.643 0.0000000000
62185  -33.848  -39.802  61.953 0.0000000000
63511  -34.258  -39.455  61.759 0.0000000000
63491  -34.605  -39.579  62.284 0.0000000000
63476  -35.976  -39.712  63.086 0.0000000000
62082  -37.440  -41.264  66.326 0.0000000000
62083  -37.839  -40.984  66.464 0.0000000000
62108  -40.204  -40.487  65.766 0.0000000000
62107  -39.192  -40.544  65.850 0.0000000000
63457  -39.277  -40.017  64.345 0.0000000000
63458  -39.748  -40.217  64.242 0.0000000000
62169  -40.309  -40.161  63.541 0.0000000000
62132  -40.575  -40.218  64.774 0.0000000000
63437  -42.058  -39.526  66.115 0.0000000000
63436  -41.725  -39.712  65.639 0.0000000000
63460  -41.997  -39.256  65.470 0.0000000000
64721  -42.381  -38.832  65.851 0.0000000000
64700  -42.647  -38.662  66.360 0.0000000000
50890  -33.789  -49.170  72.111 0.0000000000
52066  -34.151  -48.581  72.596 0.0000000000
53349  -33.677  -47.683  71.332 0.0000000000
52091  -33.607  -48.157  71.573 0.0000000000
53360  -33.132  -47.679  69.502 0.0000000000
55588  -34.249  -45.332  71.471 0.0000000000
54431  -34.295  -45.874  71.948 0.0000000000
55603  -33.882  -45.370  70.740 0.0000000000
55637  -32.649  -45.732  68.938 0.0000000000
55614  -32.785  -46.183  69.639 0.0000000000
54503  -32.572  -46.803  68.478 0.0000000000
55685  -32.014  -46.317  67.008 0.0000000000
56897  -30.555  -45.234  64.975 0.0000000000
55701  -30.940  -45.773  65.115 0.0000000000
56923  -30.292  -44.966  63.390 0.0000000000
58153  -30.105  -43.802  63.245 0.0000000000
59487  -30.976  -42.513  63.988 0.0000000000
59486  -30.467  -42.680  63.355 0.0000000000
60796  -30.947  -41.929  63.437 0.0000000000
58107  -34.229  -42.576  66.980 0.0000000000
58125  -33.709  -42.353  65.941 0.0000000000
60779  -33.442  -41.520  64.526 0.0000000000
60778  -32.848  -41.649  64.353 0.0000000000
60799  -33.104  -41.416  63.960 0.0000000000
60810  -32.062  -41.183  63.332 0.0000000000
62165  -32.207  -40.747  62.725 0.0000000000
62166  -33.287  -40.486  62.580 0.0000000000
62184  -33.430  -39.989  61.990 0.0000000000
63510  -33.624  -39.603  61.640 0.0000000000
87167  -51.699  -20.297  59.502 0.0000000000
86051  -50.580  -20.923  58.574 0.0000000000
87186  -51.400  -20.147  58.505 0.0000000000
88292  -51.662  -19.637  57.951 0.0000000000
88314  -51.783  -19.780  56.678 0.0000000000
88326  -52.091  -19.492  56.286 0.0000000000
49632  -16.267  -49.875  76.702 0.0000000000
49633  -17.381  -49.854  76.622 0.0000000000
50858  -17.046  -49.507  73.541 0.0000000000
50859  -18.050  -49.580  73.753 0.0000000000
49662  -20.784  -50.159  75.514 0.0000000000
49661  -20.083  -49.883  75.673 0.0000000000
50847  -19.883  -49.900  74.510 0.0000000000
50873  -19.429  -49.561  73.305 0.0000000000
50885  -18.596  -49.469  72.103 0.0000000000
50904  -17.596  -49.388  70.624 0.0000000000
49792  -19.161  -50.088  69.141 0.0000000000
50957  -18.401  -49.600  68.918 0.0000000000
49837  -17.449  -50.087  67.006 0.0000000000
49838  -18.506  -50.012  67.473 0.0000000000
64773  -34.963  -38.782  61.491 0.0000000000
64790  -35.920  -38.255  60.759 0.0000000000
64791  -37.116  -37.974  60.447 0.0000000000
66084  -36.458  -37.819  60.056 0.0000000000
66085  -37.017  -37.614  59.759 0.0000000000
63543  -40.084  -39.301  61.275 0.0000000000
68714  -43.000  -35.911  60.358 0.0000000000
71002  -40.586  -33.954  60.920 0.0000000000
72139  -41.540  -32.097  62.226 0.0000000000
72153  -40.541  -32.770  61.837 0.0000000000
72137  -39.930  -32.206  62.189 0.0000000000
73345  -40.373  -31.643  62.890 0.0000000000
47300  -25.990  -51.845  75.235 0.0000000000
47343  -26.093  -51.993  74.030 0.0000000000
48513  -26.303  -50.790  72.547 0.0000000000
48516  -29.091  -50.560  72.888 0.0000000000
48515  -28.400  -50.743  72.909 0.0000000000
49719  -27.968  -50.316  72.175 0.0000000000
49769  -26.663  -49.590  70.966 0.0000000000
49742  -27.042  -50.120  71.735 0.0000000000
49741  -26.127  -50.008  71.439 0.0000000000
49798  -25.517  -49.717  69.831 0.0000000000
50960  -25.160  -49.222  68.260 0.0000000000
51013  -24.249  -48.920  66.916 0.0000000000
51014  -25.133  -48.591  66.975 0.0000000000
49776  -33.157  -50.172  71.276 0.0000000000
50912  -32.499  -49.690  70.344 0.0000000000
50965  -31.411  -49.478  68.288 0.0000000000
50940  -31.555  -49.561  69.275 0.0000000000
50964  -30.508  -49.148  68.248 0.0000000000
52204  -30.569  -48.211  65.595 0.0000000000
52203  -30.185  -48.357  65.942 0.0000000000
53407  -29.209  -47.597  66.375 0.0000000000
53383  -28.667  -47.645  67.027 0.0000000000
52146  -28.837  -48.014  67.630 0.0000000000
52145  -27.521  -48.012  67.331 0.0000000000
52220  -25.434  -47.401  64.943 0.0000000000
52200  -25.708  -47.573  65.527 0.0000000000
52219  -24.869  -47.684  65.020 0.0000000000
52199  -24.719  -48.185  65.635 0.0000000000
52237  -23.516  -47.797  64.440 0.0000000000
58175  -28.872  -43.663  61.003 0.0000000000
58190  -28.829  -43.550  60.114 0.0000000000
49552  -17.317  -49.719  79.671 0.0000000000
49555  -21.556  -49.925  79.198 0.0000000000
47256  -26.054  -51.641  76.586 0.0000000000
47280  -28.975  -52.540  76.547 0.0000000000
47260  -30.209  -52.170  76.794 0.0000000000
47304  -29.522  -52.564  75.889 0.0000000000
47305  -30.302  -52.368  75.794 0.0000000000
48452  -30.450  -51.997  75.357 0.0000000000
48453  -30.698  -51.986  75.483 0.0000000000
47328  -31.984  -52.473  74.927 0.0000000000
48476  -33.301  -50.968  74.732 0.0000000000
50834  -34.640  -49.490  75.276 0.0000000000
50848  -34.600  -49.457  74.691 0.0000000000
50849  -34.776  -49.177  75.098 0.0000000000
54396  -35.254  -46.758  75.305 0.0000000000
53268  -34.293  -47.185  74.104 0.0000000000
59299  -39.041  -41.680  72.645 0.0000000000
59331  -39.492  -42.030  71.580 0.0000000000
59315  -39.709  -41.921  72.039 0.0000000000
57984  -41.812  -41.549  71.786 0.0000000000
58008  -41.241  -41.716  71.077 0.0000000000
58042  -41.636  -41.453  70.311 0.0000000000
58043  -42.167  -41.243  70.529 0.0000000000
60670  -44.174  -39.853  70.858 0.0000000000
60655  -43.590  -40.349  71.107 0.0000000000
60669  -43.769  -40.128  70.565 0.0000000000
60684  -42.517  -40.686  69.428 0.0000000000
62035  -42.850  -40.234  69.041 0.0000000000
63338  -42.814  -40.054  68.606 0.0000000000
63339  -43.131  -39.797  68.830 0.0000000000
64682  -44.609  -38.047  68.835 0.0000000000
63394  -44.316  -38.395  68.848 0.0000000000
64681  -44.005  -37.829  68.239 0.0000000000
64702  -43.604  -37.782  67.309 0.0000000000
65967  -44.073  -36.998  68.322 0.0000000000
70855  -46.522  -33.077  70.556 0.0000000000
67312  -46.178  -35.797  69.943 0.0000000000
68567  -46.261  -35.194  69.842 0.0000000000
69736  -45.631  -33.943  68.007 0.0000000000
68611  -45.267  -34.967  68.474 0.0000000000
68610  -44.710  -35.174  68.072 0.0000000000
68609  -44.396  -35.426  67.528 0.0000000000
69734  -44.575  -34.940  67.637 0.0000000000
69749  -44.495  -34.755  67.077 0.0000000000
72073  -45.566  -32.892  66.559 0.0000000000
70914  -45.244  -33.446  65.713 0.0000000000
72111  -45.041  -33.112  65.201 0.0000000000
72092  -44.824  -32.473  65.425 0.0000000000
75831  -46.053  -29.342  68.806 0.0000000000
74534  -46.330  -30.163  68.327 0.0000000000
73285  -43.877  -31.285  66.364 0.0000000000
73286  -45.038  -31.242  66.542 0.0000000000
72091  -43.906  -32.237  65.008 0.0000000000
73303  -43.173  -31.519  65.494 0.0000000000
74577  -41.242  -30.276  65.129 0.0000000000
73321  -41.101  -31.213  64.779 0.0000000000
74576  -40.744  -30.296  64.579 0.0000000000
74584  -40.406  -30.256  63.860 0.0000000000
82151  -43.256  -25.061  67.768 0.0000000000
80964  -43.020  -25.807  67.754 0.0000000000
79743  -42.858  -26.651  68.652 0.0000000000
82190  -45.373  -24.406  64.817 0.0000000000
80984  -42.686  -26.212  64.701 0.0000000000
79778  -42.921  -25.724  65.843 0.0000000000
79764  -42.402  -26.737  65.748 0.0000000000
78463  -42.081  -27.400  65.349 0.0000000000
78451  -41.537  -28.266  65.871 0.0000000000
77219  -41.789  -27.551  62.513 0.0000000000
77203  -41.732  -27.794  63.261 0.0000000000
77218  -41.252  -28.494  62.932 0.0000000000
75903  -40.781  -28.844  62.290 0.0000000000
75915  -40.775  -28.740  61.502 0.0000000000
77250  -40.003  -29.017  60.829 0.0000000000
75924  -40.715  -28.661  61.017 0.0000000000
78543  -41.412  -27.566  59.834 0.0000000000
78564  -40.740  -27.731  59.124 0.0000000000
78585  -40.558  -27.746  57.948 0.0000000000
78586  -41.378  -27.023  57.556 0.0000000000
81038  -43.847  -25.713  60.163 0.0000000000
79826  -43.517  -26.211  60.235 0.0000000000
79881  -42.200  -26.078  57.321 0.0000000000
79895  -41.434  -26.509  56.745 0.0000000000
79894  -40.929  -26.824  56.646 0.0000000000
84848  -48.964  -22.548  59.302 0.0000000000
83551  -47.960  -22.897  57.832 0.0000000000
83550  -47.154  -23.522  57.231 0.0000000000
83549  -46.676  -23.806  57.401 0.0000000000
82304  -46.660  -23.909  57.005 0.0000000000
86098  -49.037  -21.842  55.199 0.0000000000
84896  -48.679  -22.461  55.913 0.0000000000
83579  -46.990  -23.728  54.932 0.0000000000
82328  -46.371  -23.899  55.539 0.0000000000
48463  -11.590  -51.590  74.523 0.0000000000
47369  -11.073  -52.327  71.941 0.0000000000
47356  -10.804  -52.590  72.358 0.0000000000
46199  -11.015  -53.500  70.304 0.0000000000
46208  -12.069  -53.560  69.186 0.0000000000
45040  -12.681  -54.407  69.291 0.0000000000
45041  -13.661  -54.272  69.222 0.0000000000
49678  -15.270  -49.612  74.053 0.0000000000
49711  -14.383  -49.846  72.231 0.0000000000
49733  -13.558  -50.299  71.313 0.0000000000
49791  -14.921  -49.794  69.264 0.0000000000
48588  -14.158  -51.511  68.475 0.0000000000
49813  -13.450  -50.902  68.914 0.0000000000
48545  -12.882  -50.964  69.545 0.0000000000
48586  -13.038  -51.391  68.889 0.0000000000
47408  -12.985  -51.757  68.739 0.0000000000
47409  -13.505  -52.251  68.588 0.0000000000
43862  -16.492  -55.749  67.577 0.0000000000
42696  -16.415  -55.828  67.924 0.0000000000
47320  -24.849  -51.908  74.429 0.0000000000
48467  -23.907  -51.734  74.440 0.0000000000
47340  -24.343  -51.864  73.832 0.0000000000
48532  -23.390  -51.585  71.480 0.0000000000
48531  -22.515  -51.312  71.641 0.0000000000
49717  -22.235  -50.935  71.899 0.0000000000
48546  -21.977  -51.155  71.002 0.0000000000
48594  -22.827  -50.668  68.095 0.0000000000
48593  -22.328  -51.209  68.447 0.0000000000
48592  -21.487  -51.322  68.736 0.0000000000
48591  -20.608  -51.226  68.995 0.0000000000
49819  -20.276  -50.961  68.455 0.0000000000
49904  -19.423  -50.970  61.996 0.0000000000
48674  -19.226  -51.349  62.420 0.0000000000
47482  -18.534  -52.858  62.315 0.0000000000
47468  -18.790  -52.108  62.654 0.0000000000
47467  -18.391  -52.622  63.175 0.0000000000
46299  -18.108  -53.530  62.684 0.0000000000
43973  -17.558  -54.982  62.742 0.0000000000
46283  -17.747  -53.477  63.527 0.0000000000
46282  -17.475  -54.032  63.860 0.0000000000
45112  -17.422  -54.631  64.161 0.0000000000
58037  -37.338  -42.380  69.410 0.0000000000
58067  -37.632  -42.263  68.698 0.0000000000
58006  -39.135  -41.896  70.475 0.0000000000
57963  -35.286  -43.495  72.076 0.0000000000
57964  -35.730  -42.957  72.136 0.0000000000
57980  -36.052  -42.530  71.076 0.0000000000
58036  -36.300  -42.694  69.859 0.0000000000
59351  -35.921  -42.630  69.349 0.0000000000
72167  -39.076  -32.653  60.857 0.0000000000
72165  -37.619  -31.955  59.960 0.0000000000
73370  -37.807  -31.411  59.851 0.0000000000
74647  -37.573  -30.837  58.738 0.0000000000
74663  -37.390  -30.630  57.565 0.0000000000
74648  -37.874  -30.193  58.353 0.0000000000
75949  -38.586  -29.675  58.870 0.0000000000
77274  -39.012  -29.209  58.806 0.0000000000
49612  -23.303  -50.822  77.474 0.0000000000
48408  -22.957  -51.143  76.381 0.0000000000
48429  -23.009  -51.234  75.601 0.0000000000
48446  -23.115  -51.382  74.753 0.0000000000
66101  -34.469  -37.606  59.313 0.0000000000
64740  -41.605  -38.602  64.344 0.0000000000
64750  -41.405  -38.662  63.670 0.0000000000
66035  -41.504  -38.131  63.980 0.0000000000
67435  -42.457  -36.694  63.361 0.0000000000
67453  -42.958  -36.142  62.715 0.0000000000
67436  -43.007  -36.270  63.525 0.0000000000
68656  -43.559  -35.705  64.509 0.0000000000
68657  -44.020  -35.078  64.723 0.0000000000
48497  -31.866  -51.043  74.041 0.0000000000
48518  -31.597  -50.932  73.267 0.0000000000
49747  -31.968  -50.487  71.616 0.0000000000
54599  -30.679  -46.814  62.964 0.0000000000
53509  -30.597  -47.054  62.658 0.0000000000
54619  -30.337  -46.845  62.319 0.0000000000
54618  -29.628  -46.626  61.963 0.0000000000
54648  -28.812  -46.241  61.287 0.0000000000
55784  -27.319  -45.334  60.613 0.0000000000
55785  -28.484  -45.796  60.924 0.0000000000
55810  -27.812  -45.328  59.545 0.0000000000
64785  -31.504  -38.863  60.422 0.0000000000
82226  -47.384  -24.492  62.239 0.0000000000
81030  -46.886  -24.630  61.690 0.0000000000
82236  -46.750  -24.456  61.081 0.0000000000
82248  -47.134  -24.178  60.627 0.0000000000
82264  -47.038  -24.129  59.774 0.0000000000
50982  -16.848  -49.984  67.365 0.0000000000
46248  -16.409  -53.599  66.479 0.0000000000
46249  -16.745  -54.108  66.220 0.0000000000
50986  -23.883  -49.439  67.351 0.0000000000
50985  -23.352  -49.914  67.170 0.0000000000
60801  -35.485  -40.746  64.184 0.0000000000
62151  -35.095  -40.238  63.277 0.0000000000
62129  -37.321  -40.372  64.922 0.0000000000
60728  -39.365  -41.028  66.689 0.0000000000
60757  -40.022  -40.880  66.284 0.0000000000
62086  -40.662  -40.553  66.265 0.0000000000
60758  -41.412  -40.223  66.343 0.0000000000
60759  -41.630  -40.270  66.698 0.0000000000
62087  -42.077  -39.985  66.887 0.0000000000
52068  -34.643  -47.499  72.992 0.0000000000
52067  -34.513  -47.841  72.818 0.0000000000
53310  -34.683  -47.161  72.776 0.0000000000
53309  -34.588  -47.259  72.264 0.0000000000
53329  -33.716  -47.115  71.274 0.0000000000
55615  -33.230  -45.487  69.952 0.0000000000
56844  -32.831  -44.849  68.721 0.0000000000
55659  -31.792  -45.297  67.345 0.0000000000
55684  -31.669  -45.613  66.405 0.0000000000
56916  -30.665  -44.448  65.039 0.0000000000
58145  -30.289  -44.064  63.925 0.0000000000
58146  -30.758  -43.475  64.606 0.0000000000
59446  -31.383  -42.962  65.320 0.0000000000
58127  -35.062  -42.450  66.235 0.0000000000
59449  -34.060  -42.080  65.620 0.0000000000
59450  -34.822  -42.068  65.650 0.0000000000
60752  -34.433  -41.654  65.315 0.0000000000
62127  -33.650  -41.048  64.035 0.0000000000
60800  -34.873  -40.876  64.071 0.0000000000
49634  -18.008  -49.797  76.890 0.0000000000
50801  -18.673  -49.738  76.751 0.0000000000
49696  -21.040  -50.323  73.717 0.0000000000
49714  -20.210  -49.944  73.159 0.0000000000
50906  -19.444  -49.678  71.480 0.0000000000
50932  -19.349  -49.802  70.612 0.0000000000
63513  -36.649  -38.667  61.359 0.0000000000
63540  -37.420  -38.571  60.927 0.0000000000
64792  -38.058  -38.389  60.300 0.0000000000
66075  -40.554  -38.096  60.955 0.0000000000
69809  -43.343  -34.464  61.665 0.0000000000
69833  -43.075  -35.227  60.804 0.0000000000
69808  -42.728  -34.296  61.478 0.0000000000
71004  -42.144  -34.178  61.312 0.0000000000
70984  -41.147  -33.459  61.596 0.0000000000
72155  -42.223  -32.818  62.001 0.0000000000
73358  -42.188  -32.383  62.130 0.0000000000
73346  -41.493  -31.965  62.767 0.0000000000
48449  -26.843  -51.833  74.513 0.0000000000
48450  -27.460  -51.598  74.922 0.0000000000
48470  -27.099  -51.791  74.222 0.0000000000
49744  -28.695  -50.035  71.561 0.0000000000
49770  -27.735  -49.775  70.803 0.0000000000
49800  -27.165  -49.489  70.305 0.0000000000
50935  -26.210  -49.371  69.279 0.0000000000
50936  -27.153  -49.200  69.471 0.0000000000
50962  -26.719  -49.067  68.846 0.0000000000
52119  -26.370  -48.607  68.040 0.0000000000
50942  -32.985  -49.199  69.890 0.0000000000
52105  -32.436  -49.089  68.690 0.0000000000
50966  -32.131  -49.449  68.295 0.0000000000
49822  -31.655  -49.468  67.791 0.0000000000
53448  -28.839  -47.463  64.564 0.0000000000
53449  -29.518  -47.709  64.954 0.0000000000
53427  -27.923  -47.349  65.409 0.0000000000
52202  -27.240  -47.415  65.681 0.0000000000
52175  -27.199  -47.653  66.270 0.0000000000
53425  -26.521  -47.265  65.173 0.0000000000
48433  -26.861  -51.367  76.681 0.0000000000
48413  -27.239  -51.139  77.326 0.0000000000
47283  -31.326  -51.866  75.944 0.0000000000
47306  -30.887  -52.191  75.631 0.0000000000
46124  -31.468  -51.894  75.281 0.0000000000
52017  -35.254  -48.389  75.877 0.0000000000
57949  -40.623  -41.553  73.369 0.0000000000
57966  -40.587  -41.610  72.945 0.0000000000
57967  -41.142  -41.641  72.650 0.0000000000
57968  -41.768  -41.543  72.477 0.0000000000
57969  -42.492  -41.290  72.364 0.0000000000
62011  -44.801  -38.760  71.456 0.0000000000
62037  -44.465  -39.044  70.161 0.0000000000
62057  -44.198  -38.774  69.352 0.0000000000
63341  -44.549  -38.288  70.289 0.0000000000
63366  -44.534  -38.043  69.742 0.0000000000
65969  -45.242  -37.027  69.471 0.0000000000
74442  -47.498  -30.797  71.258 0.0000000000
72014  -46.763  -32.033  70.686 0.0000000000
69701  -46.413  -33.566  69.938 0.0000000000
69700  -46.169  -33.951  69.589 0.0000000000
70870  -46.360  -33.308  69.215 0.0000000000
70879  -46.005  -33.259  68.431 0.0000000000
70888  -45.453  -33.594  67.248 0.0000000000
70889  -45.782  -32.784  67.752 0.0000000000
72095  -46.181  -32.411  67.057 0.0000000000
73306  -46.191  -32.060  66.568 0.0000000000
75807  -44.938  -29.488  69.155 0.0000000000
74533  -45.050  -30.201  68.044 0.0000000000
74532  -44.422  -30.331  68.077 0.0000000000
74550  -43.059  -30.862  66.650 0.0000000000
74566  -42.542  -31.073  65.959 0.0000000000
74549  -42.190  -30.621  66.301 0.0000000000
75842  -41.750  -30.241  66.195 0.0000000000
75860  -41.490  -29.797  65.548 0.0000000000
83369  -44.803  -23.481  67.984 0.0000000000
82152  -44.101  -24.166  67.659 0.0000000000
82164  -44.135  -24.809  66.847 0.0000000000
80997  -44.775  -25.243  63.564 0.0000000000
80996  -44.083  -25.339  63.987 0.0000000000
79789  -43.181  -26.162  63.626 0.0000000000
79788  -42.753  -26.496  63.842 0.0000000000
78473  -42.158  -27.303  64.158 0.0000000000
78474  -42.343  -27.118  63.275 0.0000000000
77204  -42.360  -27.298  62.818 0.0000000000
77235  -41.951  -27.445  61.752 0.0000000000
77252  -41.194  -28.020  60.814 0.0000000000
77253  -42.136  -27.352  61.074 0.0000000000
78523  -42.271  -27.137  60.368 0.0000000000
78544  -42.046  -26.998  59.381 0.0000000000
81069  -43.756  -25.223  58.284 0.0000000000
79864  -43.261  -25.773  58.652 0.0000000000
81088  -42.873  -25.515  56.784 0.0000000000
84849  -49.507  -22.206  58.965 0.0000000000
84906  -47.834  -23.109  54.108 0.0000000000
47337  -10.348  -52.580  74.065 0.0000000000
47358  -11.493  -51.704  73.360 0.0000000000
48505  -11.387  -51.854  72.201 0.0000000000
47380  -10.990  -52.635  70.972 0.0000000000
47391  -11.577  -52.732  69.791 0.0000000000
47392  -12.595  -52.466  68.969 0.0000000000
50857  -16.059  -49.628  73.334 0.0000000000
48589  -14.709  -51.782  67.972 0.0000000000
46222  -13.871  -52.796  68.511 0.0000000000
45043  -15.201  -54.463  69.125 0.0000000000
43847  -15.642  -54.941  68.958 0.0000000000
42673  -16.474  -55.759  68.551 0.0000000000
48490  -24.942  -51.671  73.386 0.0000000000
48489  -24.250  -51.668  73.403 0.0000000000
48632  -21.706  -50.889  66.944 0.0000000000
48631  -20.862  -51.091  66.874 0.0000000000
48655  -18.395  -51.913  64.173 0.0000000000
43998  -18.596  -55.217  61.670 0.0000000000
45155  -17.905  -54.476  62.381 0.0000000000
60754  -36.520  -41.605  66.049 0.0000000000
60725  -36.962  -41.801  66.516 0.0000000000
59424  -37.468  -42.155  66.873 0.0000000000
58068  -38.206  -42.056  68.662 0.0000000000
58090  -38.567  -41.958  68.157 0.0000000000
59402  -38.974  -41.735  67.940 0.0000000000
60694  -39.941  -41.503  68.228 0.0000000000
60695  -40.269  -41.436  68.096 0.0000000000
59380  -41.082  -41.462  68.467 0.0000000000
55574  -34.630  -44.828  72.584 0.0000000000
56769  -34.557  -44.696  72.122 0.0000000000
56787  -34.555  -44.592  71.651 0.0000000000
56788  -34.868  -43.716  71.311 0.0000000000
56805  -34.478  -44.278  70.857 0.0000000000
56825  -34.005  -44.458  70.365 0.0000000000
56824  -33.646  -44.182  69.814 0.0000000000
58087  -33.265  -43.414  68.000 0.0000000000
59398  -35.654  -42.228  67.902 0.0000000000
58108  -35.251  -42.239  67.090 0.0000000000
58109  -35.859  -42.122  66.735 0.0000000000
75973  -37.653  -30.038  57.389 0.0000000000
49609  -20.852  -50.013  78.009 0.0000000000
50784  -20.597  -49.638  77.336 0.0000000000
50785  -21.102  -49.771  76.851 0.0000000000
49681  -20.920  -50.261  74.688 0.0000000000
49663  -21.623  -50.470  75.357 0.0000000000
49738  -21.245  -50.480  71.673 0.0000000000
63496  -39.978  -39.883  62.877 0.0000000000
63516  -39.567  -39.261  61.987 0.0000000000
63517  -40.395  -39.322  62.046 0.0000000000
64775  -40.630  -38.615  61.440 0.0000000000
64776  -41.117  -38.227  62.042 0.0000000000
66086  -40.767  -37.994  60.593 0.0000000000
66087  -41.410  -37.672  60.259 0.0000000000
66088  -42.382  -37.298  60.144 0.0000000000
67476  -42.816  -36.524  60.644 0.0000000000
67454  -43.296  -35.807  62.687 0.0000000000
68698  -43.618  -35.716  61.983 0.0000000000
69810  -43.832  -35.182  62.004 0.0000000000
70967  -44.019  -33.456  62.928 0.0000000000
48472  -29.351  -51.590  74.678 0.0000000000
49699  -29.871  -50.890  73.319 0.0000000000
49721  -29.893  -50.530  72.590 0.0000000000
53409  -31.679  -47.797  66.175 0.0000000000
52179  -31.790  -48.379  66.672 0.0000000000
52205  -30.745  -47.777  65.239 0.0000000000
52238  -29.939  -47.537  64.371 0.0000000000
53490  -30.332  -47.299  63.061 0.0000000000
53470  -29.811  -47.444  63.993 0.0000000000
53469  -28.846  -47.187  63.475 0.0000000000
54575  -27.758  -46.849  63.543 0.0000000000
54574  -26.880  -46.185  63.402 0.0000000000
55725  -25.864  -45.815  63.076 0.0000000000
55737  -26.711  -45.668  62.644 0.0000000000
55753  -25.355  -44.996  61.427 0.0000000000
55782  -25.081  -44.864  60.447 0.0000000000
62205  -29.901  -40.274  60.994 0.0000000000
62226  -29.260  -40.398  60.178 0.0000000000
63533  -29.704  -40.036  60.434 0.0000000000
63564  -29.265  -39.895  59.623 0.0000000000
63576  -28.847  -39.557  58.597 0.0000000000
64814  -30.203  -38.837  59.362 0.0000000000
63577  -29.633  -39.087  59.112 0.0000000000
75764  -47.493  -29.328  70.268 0.0000000000
74489  -47.432  -30.000  69.623 0.0000000000
74514  -47.032  -30.214  68.911 0.0000000000
75784  -47.358  -29.266  69.696 0.0000000000
77094  -46.751  -28.668  69.609 0.0000000000
77118  -46.130  -28.930  69.278 0.0000000000
79731  -45.358  -28.312  70.567 0.0000000000
78401  -45.224  -28.676  69.941 0.0000000000
77093  -45.179  -29.003  69.491 0.0000000000
77116  -43.977  -28.905  69.352 0.0000000000
77146  -43.265  -28.491  68.809 0.0000000000
78441  -43.048  -27.810  68.878 0.0000000000
83422  -47.015  -22.866  66.260 0.0000000000
82166  -45.893  -23.112  66.677 0.0000000000
82178  -46.411  -23.369  66.121 0.0000000000
82203  -45.376  -24.842  63.712 0.0000000000
81006  -45.163  -25.478  63.061 0.0000000000
81016  -44.266  -25.668  62.383 0.0000000000
79808  -43.869  -26.453  61.953 0.0000000000
79815  -43.384  -26.599  61.069 0.0000000000
79816  -43.744  -26.151  61.355 0.0000000000
81039  -44.278  -25.559  60.585 0.0000000000
81052  -44.799  -25.010  59.694 0.0000000000
81070  -44.649  -24.749  58.645 0.0000000000
82278  -45.112  -24.524  58.177 0.0000000000
82302  -45.338  -24.340  57.712 0.0000000000
86100  -50.443  -21.178  55.923 0.0000000000
86086  -50.012  -21.600  56.189 0.0000000000
86099  -49.845  -21.358  55.507 0.0000000000
86109  -48.719  -21.363  54.413 0.0000000000
47296  -11.704  -51.788  76.060 0.0000000000
48443  -11.798  -51.564  75.306 0.0000000000
48464  -12.329  -51.234  74.956 0.0000000000
48465  -12.798  -51.084  75.652 0.0000000000
48485  -12.023  -51.289  73.909 0.0000000000
48507  -12.827  -50.720  71.801 0.0000000000
50903  -16.418  -49.390  70.245 0.0000000000
49763  -15.886  -49.591  70.669 0.0000000000
50928  -15.683  -49.826  68.643 0.0000000000
49816  -15.930  -50.493  67.986 0.0000000000
48607  -15.167  -52.121  67.594 0.0000000000
43883  -16.278  -54.955  67.118 0.0000000000
42724  -17.307  -56.531  66.498 0.0000000000
48571  -24.123  -50.625  69.453 0.0000000000
48613  -22.694  -50.685  67.476 0.0000000000
49864  -22.878  -50.285  66.865 0.0000000000
48634  -22.795  -50.551  67.215 0.0000000000
48633  -22.444  -50.708  67.091 0.0000000000
49862  -21.541  -50.635  66.452 0.0000000000
48658  -20.890  -50.893  65.443 0.0000000000
64788  -33.769  -38.723  60.639 0.0000000000
64772  -34.290  -38.961  61.170 0.0000000000
64759  -35.274  -38.946  62.015 0.0000000000
63492  -35.292  -39.411  62.499 0.0000000000
64760  -35.670  -38.937  62.186 0.0000000000
63493  -36.423  -39.012  62.347 0.0000000000
63494  -37.687  -38.958  62.708 0.0000000000
60783  -36.918  -41.195  65.641 0.0000000000
62105  -37.408  -40.925  65.945 0.0000000000
62084  -38.547  -40.798  66.425 0.0000000000
63456  -38.481  -39.781  64.468 0.0000000000
63479  -39.082  -39.632  63.723 0.0000000000
62156  -41.072  -39.712  63.691 0.0000000000
63481  -41.331  -39.288  64.071 0.0000000000
64741  -42.122  -38.572  65.003 0.0000000000
49702  -34.203  -50.114  73.309 0.0000000000
49750  -33.966  -50.028  72.212 0.0000000000
50889  -33.552  -49.428  71.526 0.0000000000
50914  -33.563  -48.848  71.444 0.0000000000
52080  -33.839  -47.945  72.188 0.0000000000
52090  -33.575  -48.371  70.946 0.0000000000
52125  -32.591  -48.297  68.594 0.0000000000
53367  -32.549  -47.775  68.266 0.0000000000
54446  -33.964  -46.363  71.538 0.0000000000
54445  -33.662  -46.759  71.177 0.0000000000
54486  -33.071  -46.714  70.020 0.0000000000
53359  -32.682  -47.430  68.917 0.0000000000
53386  -32.376  -47.967  67.373 0.0000000000
54534  -31.679  -47.335  66.193 0.0000000000
54546  -31.434  -47.029  65.645 0.0000000000
54560  -30.723  -46.728  64.190 0.0000000000
55702  -31.465  -46.059  65.595 0.0000000000
55717  -31.042  -46.479  64.894 0.0000000000
54577  -30.612  -46.594  63.589 0.0000000000
55740  -30.357  -46.117  62.803 0.0000000000
55739  -29.831  -45.637  62.308 0.0000000000
56945  -29.234  -44.699  61.179 0.0000000000
58160  -29.319  -43.807  61.760 0.0000000000
59495  -29.496  -43.120  62.246 0.0000000000
59496  -29.993  -42.939  62.732 0.0000000000
59510  -29.173  -42.683  61.717 0.0000000000
60823  -29.837  -41.690  62.061 0.0000000000
62163  -30.368  -41.242  62.267 0.0000000000
59421  -32.424  -42.564  66.053 0.0000000000
59447  -32.221  -42.542  65.302 0.0000000000
59471  -32.607  -42.112  64.748 0.0000000000
60797  -31.626  -41.623  63.882 0.0000000000
60809  -31.419  -41.392  63.038 0.0000000000
62181  -30.188  -40.645  61.668 0.0000000000
62182  -31.560  -40.296  61.876 0.0000000000
62206  -31.966  -39.989  61.484 0.0000000000
62207  -32.198  -39.806  61.408 0.0000000000
63536  -32.546  -39.443  61.236 0.0000000000
63537  -33.293  -39.241  61.211 0.0000000000
83490  -49.227  -23.206  61.205 0.0000000000
84813  -49.824  -22.119  61.338 0.0000000000
83491  -49.719  -22.235  60.436 0.0000000000
83510  -50.440  -22.361  60.041 0.0000000000
84831  -50.340  -21.728  60.051 0.0000000000
86034  -50.406  -21.543  59.407 0.0000000000
84850  -50.062  -21.767  58.732 0.0000000000
86072  -50.476  -21.029  57.406 0.0000000000
88294  -52.388  -19.676  59.190 0.0000000000
87199  -50.910  -20.641  56.916 0.0000000000
87214  -50.783  -20.710  56.217 0.0000000000
87230  -50.917  -20.239  56.057 0.0000000000
88324  -50.708  -19.793  55.297 0.0000000000
88336  -51.026  -19.438  54.878 0.0000000000
88349  -50.768  -19.449  54.316 0.0000000000
49606  -15.958  -50.047  77.742 0.0000000000
50822  -16.393  -49.650  75.327 0.0000000000
49659  -17.222  -49.631  75.954 0.0000000000
50823  -16.997  -49.489  75.369 0.0000000000
49660  -19.649  -49.779  75.545 0.0000000000
50861  -19.762  -49.597  74.005 0.0000000000
50860  -18.992  -49.304  73.947 0.0000000000
50956  -17.449  -49.550  68.552 0.0000000000
50983  -17.482  -49.753  67.707 0.0000000000
48628  -17.399  -51.275  65.854 0.0000000000
52235  -22.169  -48.557  64.074 0.0000000000
64818  -34.180  -38.174  59.882 0.0000000000
66102  -35.353  -37.493  59.330 0.0000000000
64820  -35.820  -37.854  59.884 0.0000000000
66124  -35.730  -37.296  58.542 0.0000000000
66146  -36.069  -37.246  58.007 0.0000000000
64822  -38.489  -38.463  59.417 0.0000000000
68713  -42.574  -35.604  60.184 0.0000000000
70983  -40.133  -33.281  61.334 0.0000000000
70982  -39.675  -33.145  61.172 0.0000000000
73356  -39.407  -31.596  61.513 0.0000000000
74603  -39.642  -30.643  61.824 0.0000000000
47299  -25.096  -51.779  75.336 0.0000000000
46147  -25.097  -51.931  74.363 0.0000000000
46165  -25.165  -52.022  74.066 0.0000000000
47322  -26.220  -51.962  74.320 0.0000000000
46167  -25.771  -52.420  73.958 0.0000000000
47342  -25.548  -52.003  73.971 0.0000000000
48512  -25.142  -51.360  72.431 0.0000000000
49718  -27.193  -50.541  72.332 0.0000000000
48550  -25.156  -50.545  70.603 0.0000000000
49767  -25.069  -50.263  70.170 0.0000000000
49797  -24.625  -50.072  69.446 0.0000000000
50933  -24.679  -49.601  68.747 0.0000000000
52171  -23.959  -48.767  66.483 0.0000000000
52198  -23.889  -48.595  65.906 0.0000000000
49774  -31.881  -50.227  70.764 0.0000000000
50911  -31.765  -49.679  70.171 0.0000000000
49773  -31.384  -49.920  70.713 0.0000000000
50910  -30.797  -49.617  70.465 0.0000000000
50938  -29.409  -48.894  69.177 0.0000000000
51018  -31.325  -48.901  67.027 0.0000000000
51017  -30.889  -48.870  67.164 0.0000000000
53408  -29.840  -48.050  66.401 0.0000000000
52176  -30.260  -48.280  66.724 0.0000000000
52123  -30.155  -48.743  67.819 0.0000000000
52122  -29.267  -48.526  68.196 0.0000000000
52104  -28.512  -48.573  68.806 0.0000000000
52144  -26.651  -48.503  67.681 0.0000000000
50989  -26.534  -48.333  67.269 0.0000000000
52174  -26.263  -47.851  66.308 0.0000000000
51015  -25.988  -48.303  66.897 0.0000000000
52218  -23.748  -48.129  64.880 0.0000000000
52217  -22.859  -48.523  64.574 0.0000000000
62225  -28.666  -40.755  59.954 0.0000000000
59298  -38.005  -41.614  72.387 0.0000000000
59313  -38.102  -41.900  71.461 0.0000000000
59283  -39.254  -41.591  73.568 0.0000000000
47252  -11.871  -51.522  77.466 0.0000000000
47253  -12.430  -51.359  77.328 0.0000000000
48407  -12.884  -51.297  77.737 0.0000000000
49579  -13.264  -50.873  78.093 0.0000000000
49603  -13.126  -50.983  77.573 0.0000000000
49604  -13.701  -50.587  77.729 0.0000000000
50764  -18.617  -49.678  78.516 0.0000000000
50765  -19.449  -49.538  78.372 0.0000000000
50746  -20.046  -49.502  79.013 0.0000000000
49528  -20.597  -49.531  79.828 0.0000000000
49585  -20.849  -49.863  78.359 0.0000000000
49586  -21.248  -50.048  78.402 0.0000000000
48389  -23.804  -50.983  77.547 0.0000000000
48410  -24.429  -51.337  77.089 0.0000000000
48411  -25.184  -51.366  77.360 0.0000000000
47254  -25.005  -51.518  76.909 0.0000000000
47278  -26.663  -51.565  76.024 0.0000000000
47325  -29.424  -52.153  75.344 0.0000000000
47327  -31.770  -52.378  75.011 0.0000000000
48498  -32.940  -50.797  73.784 0.0000000000
49701  -33.731  -50.503  73.662 0.0000000000
48477  -33.944  -50.568  75.186 0.0000000000
50862  -34.485  -49.531  73.752 0.0000000000
52037  -34.987  -48.528  74.819 0.0000000000
52052  -34.638  -47.922  73.607 0.0000000000
52053  -34.597  -47.435  73.206 0.0000000000
53288  -34.258  -47.047  73.846 0.0000000000
55527  -35.254  -45.659  75.352 0.0000000000
55543  -35.097  -45.460  74.254 0.0000000000
56730  -35.263  -44.228  74.019 0.0000000000
59280  -36.187  -42.434  73.099 0.0000000000
59330  -39.037  -41.986  71.196 0.0000000000
57982  -40.470  -41.815  72.215 0.0000000000
59381  -41.503  -41.222  68.595 0.0000000000
59301  -42.671  -40.992  72.850 0.0000000000
57970  -42.966  -41.112  71.971 0.0000000000
60642  -44.119  -39.852  72.247 0.0000000000
59316  -43.332  -40.588  71.620 0.0000000000
58010  -42.460  -40.937  71.073 0.0000000000
59356  -42.182  -41.121  69.839 0.0000000000
60683  -42.093  -41.001  69.111 0.0000000000
60697  -41.828  -40.850  68.501 0.0000000000
60716  -42.068  -40.528  68.020 0.0000000000
62070  -42.399  -40.035  67.616 0.0000000000
63391  -42.562  -39.554  67.314 0.0000000000
62071  -43.806  -38.802  68.950 0.0000000000
63392  -43.051  -39.178  67.614 0.0000000000
63418  -42.944  -38.978  67.045 0.0000000000
64701  -43.077  -38.407  66.799 0.0000000000
66008  -43.401  -37.297  66.423 0.0000000000
65928  -46.150  -36.959  70.766 0.0000000000
67311  -45.802  -36.230  69.890 0.0000000000
68586  -45.908  -35.320  69.203 0.0000000000
67339  -45.101  -36.000  68.874 0.0000000000
67338  -44.430  -36.390  68.255 0.0000000000
67337  -44.040  -36.609  67.856 0.0000000000
67388  -43.755  -36.454  66.670 0.0000000000
67408  -43.431  -36.583  66.052 0.0000000000
68633  -43.629  -35.485  65.949 0.0000000000
68647  -43.847  -34.995  65.673 0.0000000000
69767  -44.284  -34.382  65.146 0.0000000000
69760  -45.191  -33.951  66.022 0.0000000000
70913  -44.741  -33.867  65.531 0.0000000000
70930  -44.524  -33.627  64.794 0.0000000000
72124  -43.972  -32.891  63.506 0.0000000000
74535  -47.236  -30.966  67.911 0.0000000000
74553  -46.676  -31.138  67.632 0.0000000000
73287  -46.072  -31.459  66.833 0.0000000000
73305  -45.517  -31.891  66.021 0.0000000000
72109  -43.566  -32.484  64.149 0.0000000000
72108  -42.772  -32.333  64.008 0.0000000000
73335  -42.127  -32.237  63.558 0.0000000000
73334  -41.190  -31.849  63.815 0.0000000000
73302  -41.988  -31.377  65.445 0.0000000000
74592  -39.923  -31.098  62.465 0.0000000000
74604  -39.944  -30.149  62.093 0.0000000000
78440  -42.542  -27.616  68.386 0.0000000000
80986  -43.397  -25.391  65.192 0.0000000000
80974  -43.492  -25.476  66.359 0.0000000000
80973  -43.116  -25.962  67.081 0.0000000000
78453  -42.251  -27.166  67.378 0.0000000000
78439  -42.024  -28.176  67.597 0.0000000000
77167  -41.638  -28.785  66.915 0.0000000000
77181  -41.405  -28.870  65.285 0.0000000000
75874  -41.211  -29.354  64.811 0.0000000000
77192  -41.851  -27.980  63.929 0.0000000000
77191  -41.452  -28.503  64.460 0.0000000000
75888  -40.784  -29.457  64.168 0.0000000000
75902  -40.510  -29.376  63.120 0.0000000000
75914  -40.231  -29.531  61.965 0.0000000000
75922  -39.628  -29.628  61.060 0.0000000000
77263  -39.721  -28.887  60.263 0.0000000000
77275  -39.406  -28.774  59.093 0.0000000000
77265  -40.952  -27.879  60.059 0.0000000000
77294  -39.580  -28.397  57.875 0.0000000000
78584  -40.092  -28.123  57.736 0.0000000000
78608  -39.907  -27.927  57.222 0.0000000000
79825  -42.762  -26.678  59.841 0.0000000000
78566  -41.998  -26.821  58.460 0.0000000000
79863  -42.583  -26.255  58.344 0.0000000000
78587  -41.945  -26.523  57.826 0.0000000000
78610  -41.107  -26.970  56.903 0.0000000000
83489  -48.212  -23.577  61.044 0.0000000000
83526  -47.357  -23.543  58.868 0.0000000000
83527  -48.343  -22.950  58.848 0.0000000000
82303  -46.109  -23.928  57.582 0.0000000000
82317  -45.498  -24.157  56.897 0.0000000000
83596  -47.934  -23.374  54.864 0.0000000000
83580  -47.532  -23.566  55.197 0.0000000000
83565  -47.438  -23.508  56.061 0.0000000000
82319  -46.844  -23.803  56.333 0.0000000000
82326  -44.926  -24.470  56.361 0.0000000000
47317  -10.405  -52.463  74.796 0.0000000000
45039  -11.548  -54.534  69.650 0.0000000000
48529  -12.892  -50.610  71.325 0.0000000000
49762  -15.340  -49.680  70.293 0.0000000000
49761  -14.083  -49.749  70.148 0.0000000000
50927  -13.851  -49.919  69.706 0.0000000000
50901  -13.627  -50.012  69.950 0.0000000000
49760  -13.249  -50.473  70.190 0.0000000000
49759  -12.746  -50.787  70.591 0.0000000000
48544  -12.488  -51.144  70.092 0.0000000000
46221  -13.568  -52.940  68.616 0.0000000000
48466  -23.106  -51.562  73.978 0.0000000000
48487  -22.966  -51.400  73.236 0.0000000000
49698  -22.572  -51.274  73.552 0.0000000000
48508  -22.129  -51.086  72.783 0.0000000000
49766  -21.440  -50.733  70.877 0.0000000000
49795  -21.049  -50.677  70.322 0.0000000000
48566  -20.372  -50.615  69.768 0.0000000000
49818  -19.841  -50.700  68.752 0.0000000000
48609  -20.009  -50.680  67.402 0.0000000000
49861  -19.151  -50.257  67.080 0.0000000000
49860  -18.456  -50.316  66.683 0.0000000000
51065  -21.137  -49.232  63.806 0.0000000000
49896  -20.671  -49.790  63.976 0.0000000000
48666  -19.667  -50.835  63.955 0.0000000000
47483  -18.855  -52.149  61.890 0.0000000000
47460  -18.035  -52.641  63.919 0.0000000000
45130  -17.722  -54.045  62.913 0.0000000000
47451  -17.945  -52.403  64.533 0.0000000000
47459  -17.660  -52.877  64.341 0.0000000000
43924  -17.425  -55.544  64.666 0.0000000000
42697  -16.855  -56.343  67.805 0.0000000000
45129  -17.491  -54.450  63.331 0.0000000000
45182  -18.244  -54.798  61.808 0.0000000000
46125  -31.722  -52.162  75.137 0.0000000000
46134  -31.436  -52.165  75.115 0.0000000000
46135  -32.067  -52.719  75.227 0.0000000000
46149  -25.826  -52.230  73.984 0.0000000000
46150  -31.931  -52.543  75.136 0.0000000000
46151  -32.213  -53.095  75.046 0.0000000000
46152  -32.331  -53.099  74.814 0.0000000000
46166  -25.445  -52.229  73.994 0.0000000000
46168  -31.922  -53.094  75.029 0.0000000000
46169  -32.131  -53.181  74.555 0.0000000000
46170  -32.153  -53.160  74.438 0.0000000000
46182  -10.814  -52.641  72.701 0.0000000000
46263  -16.568  -53.167  65.857 0.0000000000
47298  -12.510  -51.366  76.525 0.0000000000
47307  -31.981  -52.247  75.009 0.0000000000
47308  -32.243  -52.731  75.088 0.0000000000
47319  -24.387  -51.927  74.093 0.0000000000
47321  -25.501  -51.916  74.642 0.0000000000
47329  -32.373  -52.784  74.889 0.0000000000
47339  -11.496  -51.725  73.759 0.0000000000
47344  -26.523  -52.253  74.153 0.0000000000
47345  -31.860  -53.078  74.541 0.0000000000
47346  -32.027  -52.978  74.300 0.0000000000
47347  -31.940  -53.039  74.707 0.0000000000
48428  -12.816  -51.204  77.163 0.0000000000
48469  -26.646  -52.055  74.164 0.0000000000
48486  -22.412  -51.184  73.067 0.0000000000
48530  -22.125  -51.084  71.404 0.0000000000
48565  -13.137  -51.082  69.076 0.0000000000
48590  -20.294  -50.781  69.382 0.0000000000
48642  -16.645  -52.256  65.773 0.0000000000
49554  -20.815  -49.682  78.836 0.0000000000
49635  -20.303  -49.785  76.125 0.0000000000
49675  -12.554  -50.974  74.500 0.0000000000
49679  -19.664  -49.905  75.269 0.0000000000
49680  -20.089  -50.118  74.943 0.0000000000
49726  -34.124  -49.904  72.603 0.0000000000
49736  -16.173  -49.672  70.953 0.0000000000
49740  -22.185  -51.019  71.637 0.0000000000
49772  -29.061  -49.793  71.160 0.0000000000
49789  -13.475  -50.584  69.351 0.0000000000
49823  -31.910  -49.562  68.107 0.0000000000
49840  -20.093  -50.787  68.196 0.0000000000
49842  -31.577  -49.313  67.458 0.0000000000
49843  -31.971  -49.506  67.695 0.0000000000
49865  -31.502  -49.096  67.156 0.0000000000
50800  -17.987  -49.705  76.554 0.0000000000
50803  -20.609  -49.708  76.523 0.0000000000
50804  -20.999  -49.889  76.428 0.0000000000
50826  -19.687  -49.711  75.790 0.0000000000
50891  -33.659  -48.481  72.043 0.0000000000
50926  -13.735  -50.239  69.492 0.0000000000
50991  -31.191  -49.278  67.594 0.0000000000
52079  -33.807  -48.507  72.245 0.0000000000
52148  -30.510  -48.601  67.222 0.0000000000
52216  -22.369  -48.746  64.596 0.0000000000
52222  -30.195  -47.731  64.966 0.0000000000
52223  -30.530  -47.396  64.580 0.0000000000
52239  -30.379  -47.353  64.292 0.0000000000
52240  -30.557  -47.182  64.287 0.0000000000
53289  -34.491  -47.201  73.448 0.0000000000
53328  -33.583  -46.978  70.970 0.0000000000
53330  -34.104  -47.279  71.741 0.0000000000
53384  -29.481  -47.788  67.022 0.0000000000
53385  -29.957  -48.019  66.901 0.0000000000
53410  -32.126  -48.077  66.731 0.0000000000
53429  -29.673  -47.908  65.696 0.0000000000
53446  -27.022  -47.044  64.630 0.0000000000
53491  -30.634  -47.087  63.295 0.0000000000
53506  -29.141  -47.021  61.979 0.0000000000
53507  -29.448  -47.054  62.106 0.0000000000
54405  -34.303  -46.954  74.181 0.0000000000
54417  -34.305  -46.732  73.982 0.0000000000
54465  -33.483  -46.473  70.774 0.0000000000
54535  -32.028  -47.299  66.658 0.0000000000
54547  -31.685  -47.079  66.212 0.0000000000
54573  -25.679  -46.363  63.625 0.0000000000
54576  -28.348  -46.978  63.390 0.0000000000
54598  -30.547  -46.448  63.170 0.0000000000
54616  -28.222  -46.227  61.838 0.0000000000
54620  -30.558  -46.926  62.472 0.0000000000
55575  -34.691  -44.116  72.595 0.0000000000
55602  -33.488  -45.835  70.657 0.0000000000
55716  -30.667  -45.999  64.347 0.0000000000
55738  -27.450  -45.774  62.487 0.0000000000
55741  -30.547  -46.750  62.703 0.0000000000
55759  -30.411  -46.692  62.512 0.0000000000
56749  -34.918  -44.063  73.583 0.0000000000
56860  -32.474  -44.650  67.948 0.0000000000
56931  -29.994  -44.888  62.703 0.0000000000
57950  -41.057  -41.529  73.452 0.0000000000
57986  -42.787  -40.915  71.572 0.0000000000
58009  -42.013  -41.530  71.064 0.0000000000
58011  -42.853  -40.664  71.294 0.0000000000
58066  -34.982  -42.859  69.533 0.0000000000
58070  -39.694  -41.776  69.373 0.0000000000
58089  -35.097  -42.282  67.813 0.0000000000
58091  -38.826  -41.721  68.478 0.0000000000
58124  -31.069  -43.806  65.419 0.0000000000
58200  -28.826  -43.407  59.434 0.0000000000
59262  -40.789  -41.495  73.887 0.0000000000
59285  -40.624  -41.527  73.672 0.0000000000
59302  -43.233  -40.558  72.598 0.0000000000
59317  -43.745  -40.212  72.071 0.0000000000
59332  -42.478  -40.889  70.439 0.0000000000
59350  -35.425  -42.731  69.459 0.0000000000
59357  -42.690  -40.754  70.044 0.0000000000
59373  -34.863  -42.661  68.569 0.0000000000
59403  -40.653  -41.435  68.188 0.0000000000
59404  -40.925  -41.293  68.025 0.0000000000
59425  -38.019  -42.067  66.820 0.0000000000
59472  -33.040  -41.830  64.772 0.0000000000
59489  -35.422  -41.209  64.754 0.0000000000
59490  -35.777  -41.162  64.782 0.0000000000
59497  -35.118  -41.105  64.500 0.0000000000
59498  -35.413  -41.075  64.584 0.0000000000
59499  -35.864  -41.006  64.576 0.0000000000
60656  -44.011  -40.001  71.425 0.0000000000
60685  -43.162  -40.413  69.865 0.0000000000
60696  -41.465  -40.994  68.287 0.0000000000
60698  -41.964  -40.618  68.185 0.0000000000
60727  -38.377  -41.481  66.846 0.0000000000
60731  -41.715  -40.466  67.319 0.0000000000
60732  -42.018  -40.444  67.654 0.0000000000
60755  -37.074  -41.424  66.213 0.0000000000
60777  -32.258  -41.759  64.315 0.0000000000
60780  -34.316  -41.218  64.597 0.0000000000
60781  -34.725  -41.490  65.114 0.0000000000
60811  -35.002  -41.001  64.290 0.0000000000
60813  -35.602  -40.964  64.527 0.0000000000
62009  -44.178  -39.649  70.434 0.0000000000
62010  -44.466  -39.391  71.008 0.0000000000
62054  -42.085  -40.642  68.404 0.0000000000
62055  -42.418  -40.373  68.334 0.0000000000
62056  -43.754  -39.052  69.175 0.0000000000
62069  -42.373  -39.722  67.163 0.0000000000
62072  -44.052  -38.589  68.921 0.0000000000
62085  -40.330  -40.715  66.272 0.0000000000
62110  -41.654  -39.957  66.217 0.0000000000
62126  -33.367  -41.266  63.956 0.0000000000
62148  -32.501  -41.064  63.285 0.0000000000
62154  -40.160  -40.254  64.141 0.0000000000
62155  -40.664  -39.946  63.958 0.0000000000
62168  -34.744  -39.820  62.632 0.0000000000
62204  -29.371  -40.940  60.701 0.0000000000
63314  -45.000  -38.185  71.090 0.0000000000
63340  -44.428  -38.545  69.831 0.0000000000
63364  -43.434  -39.257  68.698 0.0000000000
63393  -43.726  -38.599  68.453 0.0000000000
63507  -31.107  -39.966  61.463 0.0000000000
64661  -44.496  -37.551  68.678 0.0000000000
64662  -44.810  -37.754  69.222 0.0000000000
64663  -44.773  -37.664  70.037 0.0000000000
64742  -42.507  -38.190  65.407 0.0000000000
64837  -29.414  -38.831  58.308 0.0000000000
65927  -45.950  -36.980  70.628 0.0000000000
65947  -45.781  -36.940  70.453 0.0000000000
66007  -42.905  -37.769  66.193 0.0000000000
66024  -42.396  -36.964  64.725 0.0000000000
66066  -42.016  -37.015  62.519 0.0000000000
67285  -45.918  -36.761  70.515 0.0000000000
67286  -45.981  -36.544  70.500 0.0000000000
67287  -46.192  -36.118  70.534 0.0000000000
67310  -45.777  -36.704  70.332 0.0000000000
67361  -44.132  -36.178  67.494 0.0000000000
67363  -44.927  -35.509  68.433 0.0000000000
67387  -43.513  -35.967  66.036 0.0000000000
67451  -41.852  -36.827  62.157 0.0000000000
67468  -43.341  -35.847  62.340 0.0000000000
68587  -46.016  -34.551  69.310 0.0000000000
68667  -43.480  -35.823  63.610 0.0000000000
69673  -46.480  -33.395  70.714 0.0000000000
69686  -46.489  -33.301  70.491 0.0000000000
69687  -46.428  -33.691  70.416 0.0000000000
69719  -45.898  -33.686  69.140 0.0000000000
69750  -45.082  -34.115  66.707 0.0000000000
70856  -46.547  -32.984  70.892 0.0000000000
70862  -46.495  -33.149  70.307 0.0000000000
70863  -46.543  -32.873  70.254 0.0000000000
70880  -46.477  -33.027  68.775 0.0000000000
70890  -46.032  -32.089  67.577 0.0000000000
70898  -45.467  -33.363  66.447 0.0000000000
70900  -45.978  -32.406  67.299 0.0000000000
70915  -45.831  -32.596  66.945 0.0000000000
70916  -45.887  -32.543  67.114 0.0000000000
70965  -42.868  -33.268  62.263 0.0000000000
72038  -46.158  -32.882  68.343 0.0000000000
72039  -46.271  -32.611  68.411 0.0000000000
72055  -46.050  -31.865  68.073 0.0000000000
72072  -45.535  -33.051  66.324 0.0000000000
72074  -46.521  -31.966  67.333 0.0000000000
72094  -45.913  -32.477  66.742 0.0000000000
72122  -42.668  -32.315  63.530 0.0000000000
73234  -47.391  -30.381  69.582 0.0000000000
73254  -47.276  -30.474  69.352 0.0000000000
73288  -46.888  -31.830  67.394 0.0000000000
73289  -47.883  -31.655  67.411 0.0000000000
73301  -41.531  -30.912  65.325 0.0000000000
73307  -46.504  -32.147  66.915 0.0000000000
73320  -40.601  -30.762  64.327 0.0000000000
73336  -42.616  -32.291  63.178 0.0000000000
73348  -42.776  -32.462  62.804 0.0000000000
73357  -41.937  -32.004  62.174 0.0000000000
73387  -37.606  -31.309  59.343 0.0000000000
73388  -37.902  -31.120  59.771 0.0000000000
74490  -47.643  -29.853  70.047 0.0000000000
74515  -47.028  -30.893  68.075 0.0000000000
74536  -48.107  -31.176  67.591 0.0000000000
74548  -41.930  -30.535  66.079 0.0000000000
74554  -47.796  -31.081  67.086 0.0000000000
74555  -48.082  -31.290  67.264 0.0000000000
74567  -42.999  -31.249  66.074 0.0000000000
74616  -38.392  -30.859  60.110 0.0000000000
74631  -37.691  -30.863  59.252 0.0000000000
75763  -47.232  -29.480  70.758 0.0000000000
75781  -44.920  -29.211  69.392 0.0000000000
75782  -45.181  -29.211  69.319 0.0000000000
75783  -47.019  -29.096  69.630 0.0000000000
75785  -47.646  -29.177  69.948 0.0000000000
75806  -44.485  -29.362  69.296 0.0000000000
75808  -46.624  -29.509  69.126 0.0000000000
75809  -47.026  -29.563  69.393 0.0000000000
75827  -42.375  -29.621  67.448 0.0000000000
75845  -43.819  -30.369  67.939 0.0000000000
75889  -41.205  -28.971  64.240 0.0000000000
75913  -39.816  -29.970  61.756 0.0000000000
75931  -38.596  -30.004  59.512 0.0000000000
75950  -39.071  -29.359  59.103 0.0000000000
77072  -44.983  -28.958  69.618 0.0000000000
77073  -45.289  -28.836  69.625 0.0000000000
77092  -44.687  -28.934  69.544 0.0000000000
77095  -47.420  -28.407  69.719 0.0000000000
77096  -47.890  -28.419  69.848 0.0000000000
77117  -45.558  -29.138  69.221 0.0000000000
77147  -45.755  -29.301  68.941 0.0000000000
77148  -45.902  -29.148  69.058 0.0000000000
77201  -41.115  -29.004  63.954 0.0000000000
77202  -41.416  -28.561  63.774 0.0000000000
77220  -42.722  -27.609  62.247 0.0000000000
77221  -43.358  -27.746  62.165 0.0000000000
77251  -40.403  -28.640  60.663 0.0000000000
77276  -40.111  -28.143  58.646 0.0000000000
77315  -39.302  -28.197  56.974 0.0000000000
78379  -44.853  -28.769  69.774 0.0000000000
78380  -45.109  -28.812  69.767 0.0000000000
78383  -48.017  -28.089  70.120 0.0000000000
78404  -47.716  -27.945  69.904 0.0000000000
78421  -45.468  -28.858  69.516 0.0000000000
78422  -45.731  -28.725  69.515 0.0000000000
78472  -41.759  -27.944  64.345 0.0000000000
78482  -42.531  -26.905  63.393 0.0000000000
78483  -42.918  -27.152  62.831 0.0000000000
78484  -43.278  -27.469  62.367 0.0000000000
78496  -43.508  -27.269  62.129 0.0000000000
78542  -40.856  -27.816  59.720 0.0000000000
79715  -44.906  -27.503  70.796 0.0000000000
79717  -46.033  -28.350  71.222 0.0000000000
79744  -43.337  -27.107  69.209 0.0000000000
79766  -43.126  -25.654  66.022 0.0000000000
79777  -42.685  -25.996  65.497 0.0000000000
79798  -43.194  -26.489  63.035 0.0000000000
79843  -42.519  -26.608  59.052 0.0000000000
80937  -44.422  -27.178  70.365 0.0000000000
80965  -43.465  -25.509  67.080 0.0000000000
80985  -42.770  -25.933  64.793 0.0000000000
80994  -42.756  -26.186  64.455 0.0000000000
81004  -43.532  -25.737  63.412 0.0000000000
81007  -45.767  -25.265  62.746 0.0000000000
81019  -46.810  -24.992  61.949 0.0000000000
81053  -45.431  -24.669  59.734 0.0000000000
82153  -45.099  -23.626  67.156 0.0000000000
82192  -47.574  -23.480  65.675 0.0000000000
82193  -47.945  -23.811  65.966 0.0000000000
82202  -44.745  -25.100  63.946 0.0000000000
82235  -46.066  -24.612  60.792 0.0000000000
82239  -48.990  -23.775  61.997 0.0000000000
82301  -44.872  -24.588  57.895 0.0000000000
83338  -44.638  -23.630  67.882 0.0000000000
83370  -45.428  -22.990  68.069 0.0000000000
83398  -45.735  -22.759  67.224 0.0000000000
83399  -46.494  -22.503  66.878 0.0000000000
83447  -47.797  -23.327  65.242 0.0000000000
83478  -47.677  -23.746  61.420 0.0000000000
83488  -47.503  -23.845  61.048 0.0000000000
83492  -50.221  -22.182  59.922 0.0000000000
83509  -49.942  -22.162  60.067 0.0000000000
84635  -44.789  -23.252  68.155 0.0000000000
84828  -49.148  -22.618  59.826 0.0000000000
84830  -49.973  -21.964  59.767 0.0000000000
86052  -51.164  -20.572  59.088 0.0000000000
87187  -52.100  -20.001  59.274 0.0000000000
87200  -51.485  -20.143  57.344 0.0000000000
88302  -51.882  -19.611  57.351 0.0000000000
