#!ascii label  , from subject 3585 vox2ras=TkReg
1783
9235  -23.820  -87.420  8.516 0.1000000015
9234  -22.989  -87.284  8.494 0.1000000015
8481  -22.703  -88.636  6.871 0.1000000015
9269  -22.291  -87.830  7.380 0.1000000015
9268  -21.538  -87.680  6.931 0.1000000015
10036  -21.366  -86.654  7.680 0.1000000015
9267  -20.630  -87.602  6.035 0.1000000015
10856  -20.506  -85.488  6.254 0.1000000015
11777  -20.903  -84.696  6.030 0.1000000015
10867  -20.026  -85.903  5.112 0.1000000015
11789  -20.619  -84.831  5.291 0.1000000015
11790  -21.550  -84.198  5.573 0.1000000015
11808  -21.136  -84.305  4.386 0.1000000015
11807  -20.306  -84.998  4.185 0.1000000015
11809  -22.186  -84.039  4.404 0.1000000015
11831  -24.203  -84.650  3.108 0.1000000015
12784  -22.244  -83.969  2.907 0.1000000015
11829  -21.801  -84.097  3.539 0.1000000015
10821  -23.420  -85.521  10.068 0.1000000015
10018  -23.319  -86.812  8.950 0.1000000015
9994  -23.831  -86.307  9.446 0.1000000015
9252  -22.446  -87.477  8.004 0.1000000015
11737  -22.631  -85.020  9.585 0.1000000015
10835  -22.287  -85.566  9.133 0.1000000015
10017  -22.172  -86.559  8.572 0.1000000015
10834  -21.727  -85.395  8.365 0.1000000015
10857  -21.154  -85.818  6.965 0.1000000015
11779  -21.902  -84.542  7.290 0.1000000015
12730  -21.948  -84.237  6.502 0.1000000015
11791  -22.655  -83.772  5.224 0.1000000015
12760  -30.248  -83.827  4.840 0.1000000015
11797  -28.764  -84.662  4.439 0.1000000015
10868  -27.984  -85.079  4.192 0.1000000015
11814  -27.136  -84.809  4.201 0.1000000015
10882  -25.686  -85.077  3.633 0.1000000015
11812  -25.245  -84.612  4.386 0.1000000015
11811  -24.355  -84.406  4.308 0.1000000015
11810  -23.348  -84.155  4.251 0.1000000015
10793  -26.064  -85.013  11.161 0.1000000015
12675  -24.002  -83.499  10.974 0.2000000030
12669  -24.693  -83.929  11.430 0.2000000030
10810  -24.444  -85.349  10.707 0.1000000015
12674  -23.456  -84.030  10.523 0.1000000015
10809  -23.790  -85.283  10.496 0.1000000015
13642  -23.442  -83.245  10.393 0.1000000015
11738  -23.081  -84.578  10.038 0.1000000015
21801  -32.648  -74.750  6.204 0.1000000015
20759  -32.608  -75.321  6.015 0.1000000015
12698  -23.199  -83.146  8.860 0.1000000015
12697  -22.620  -83.758  8.970 0.1000000015
11751  -21.885  -84.800  8.154 0.1000000015
19761  -33.001  -76.379  5.516 0.1000000015
18705  -32.597  -77.346  5.419 0.1000000015
18704  -31.756  -77.302  6.031 0.1000000015
16695  -30.671  -79.293  5.808 0.1000000015
15704  -30.375  -80.360  5.727 0.1000000015
14709  -30.210  -81.452  5.979 0.1000000015
12715  -22.725  -83.658  7.993 0.1000000015
12753  -22.191  -83.909  6.098 0.1000000015
16696  -31.625  -79.354  5.431 0.1000000015
15705  -31.235  -80.198  5.340 0.1000000015
13705  -29.757  -82.433  6.086 0.1000000015
12737  -29.073  -83.183  5.818 0.1000000015
12736  -27.917  -82.969  6.011 0.1000000015
12758  -27.294  -83.603  5.428 0.1000000015
12754  -23.094  -83.690  6.037 0.1000000015
14710  -31.227  -81.251  5.367 0.1000000015
12738  -30.189  -83.426  5.340 0.1000000015
12756  -25.191  -83.519  5.809 0.1000000015
11793  -24.732  -84.094  5.151 0.1000000015
11780  -29.424  -83.906  5.082 0.1000000015
11796  -27.718  -84.348  4.726 0.1000000015
11795  -26.711  -84.187  4.888 0.1000000015
11794  -25.713  -84.124  5.034 0.1000000015
11792  -23.743  -83.735  5.092 0.1000000015
13639  -24.596  -82.937  11.766 0.1000000015
12670  -25.429  -83.550  11.985 0.2000000030
11727  -26.352  -84.177  11.775 0.1000000015
11706  -26.968  -84.028  12.207 0.2000000030
11728  -27.428  -84.638  11.804 0.2000000030
14627  -24.503  -82.180  11.289 0.1000000015
13643  -23.953  -82.594  10.676 0.1000000015
23871  -33.294  -72.856  6.139 0.1000000015
21802  -32.979  -74.489  5.930 0.1000000015
13654  -23.486  -82.809  9.726 0.1000000015
13681  -24.347  -82.551  8.365 0.1000000015
19742  -32.258  -76.349  6.074 0.1000000015
17679  -31.190  -78.289  5.979 0.1000000015
12716  -23.921  -82.879  7.880 0.1000000015
16694  -29.910  -79.505  6.464 0.1000000015
15703  -29.600  -80.513  6.445 0.1000000015
13704  -28.533  -82.200  6.695 0.1000000015
13703  -27.396  -82.421  6.930 0.1000000015
12734  -25.757  -83.035  6.478 0.1000000015
12733  -24.609  -82.938  6.820 0.1000000015
12732  -23.446  -83.420  6.908 0.1000000015
15591  -26.741  -80.492  13.326 0.1000000015
14593  -26.860  -81.240  13.383 0.1000000015
14613  -25.510  -81.487  12.440 0.1000000015
13632  -26.434  -82.466  12.862 0.1000000015
12657  -27.341  -83.307  12.842 0.2000000030
13631  -25.251  -82.811  12.384 0.2000000030
12658  -28.421  -83.917  13.075 0.2000000030
14628  -25.027  -81.432  11.235 0.1000000015
14637  -24.528  -81.843  10.441 0.1000000015
14656  -24.770  -81.645  9.523 0.1000000015
22820  -32.777  -73.538  6.465 0.1000000015
21783  -31.867  -74.937  6.919 0.1000000015
20745  -31.587  -75.429  7.170 0.1000000015
19722  -31.310  -76.028  7.691 0.1000000015
13655  -24.172  -82.237  9.674 0.1000000015
13669  -24.623  -82.116  8.779 0.1000000015
25027  -33.648  -71.782  5.725 0.1000000015
25015  -32.973  -71.771  6.317 0.1000000015
20746  -32.071  -75.475  6.642 0.1000000015
19741  -31.555  -76.337  6.824 0.1000000015
17678  -30.134  -78.263  6.734 0.1000000015
17677  -29.617  -78.940  6.973 0.1000000015
16692  -28.742  -80.226  7.386 0.1000000015
15689  -28.029  -80.884  8.112 0.1000000015
13684  -26.839  -81.841  7.854 0.1000000015
13683  -25.826  -82.244  7.831 0.1000000015
13682  -24.859  -82.478  7.917 0.1000000015
26275  -34.139  -70.850  5.437 0.1000000015
14708  -29.276  -81.453  6.579 0.1000000015
13685  -27.811  -81.824  7.457 0.1000000015
13702  -26.333  -82.513  7.090 0.1000000015
27544  -34.584  -70.354  5.289 0.1000000015
27545  -35.148  -70.040  5.027 0.1000000015
27546  -36.169  -69.486  4.678 0.1000000015
27526  -35.882  -68.846  5.131 0.1000000015
17571  -26.807  -78.956  12.205 0.1000000015
15605  -26.231  -80.557  12.877 0.1000000015
17572  -27.081  -78.562  12.317 0.1000000015
16617  -26.518  -79.440  11.486 0.1000000015
15592  -27.310  -80.432  13.489 0.1000000015
13611  -26.708  -81.908  13.193 0.1000000015
13612  -27.354  -82.401  13.251 0.2000000030
17604  -26.746  -78.923  11.196 0.1000000015
15623  -25.623  -80.662  11.551 0.1000000015
12639  -27.995  -83.164  13.404 0.2000000030
17605  -27.097  -78.708  10.657 0.1000000015
15645  -26.197  -79.985  10.823 0.1000000015
27523  -32.993  -69.309  6.257 0.1000000015
26259  -33.409  -70.677  6.026 0.1000000015
25014  -32.432  -71.891  6.765 0.1000000015
22807  -32.361  -73.441  6.895 0.1000000015
21765  -32.186  -73.948  7.200 0.1000000015
21764  -31.594  -74.436  7.394 0.1000000015
18644  -27.577  -78.383  10.218 0.1000000015
17622  -27.485  -78.977  10.142 0.1000000015
15644  -25.654  -80.713  10.490 0.1000000015
14638  -25.151  -81.263  10.124 0.1000000015
23870  -32.655  -72.683  6.598 0.1000000015
19721  -30.873  -76.444  7.980 0.1000000015
18660  -29.955  -76.868  8.292 0.1000000015
17654  -29.455  -78.409  7.639 0.1000000015
15676  -26.995  -80.864  8.886 0.1000000015
14658  -26.029  -81.073  9.222 0.1000000015
14675  -25.138  -81.605  8.916 0.1000000015
28821  -33.926  -68.317  6.138 0.1000000015
19740  -31.022  -76.634  7.431 0.1000000015
17655  -29.801  -77.794  7.383 0.1000000015
16680  -28.923  -79.238  8.126 0.1000000015
15678  -28.112  -80.314  8.088 0.1000000015
15677  -27.489  -80.498  8.650 0.1000000015
14677  -26.601  -81.284  8.723 0.1000000015
14676  -25.775  -81.488  8.811 0.1000000015
27524  -34.309  -69.612  5.681 0.1000000015
27525  -35.319  -69.073  5.229 0.1000000015
28823  -35.703  -68.285  5.331 0.1000000015
30125  -37.032  -67.889  5.206 0.1000000015
28841  -37.157  -68.733  4.722 0.1000000015
16572  -26.761  -79.814  13.262 0.1000000015
18611  -27.367  -77.923  11.627 0.1000000015
18595  -27.534  -77.802  12.221 0.1000000015
17550  -27.368  -78.605  13.101 0.1000000015
14594  -27.857  -81.372  13.468 0.1000000015
18627  -27.428  -77.915  10.803 0.1000000015
19652  -28.023  -76.968  11.524 0.1000000015
16574  -28.688  -79.418  13.628 0.1000000015
19666  -28.531  -76.685  10.472 0.1000000015
18628  -28.013  -77.384  10.842 0.1000000015
13613  -28.473  -82.395  13.422 0.2000000030
23856  -32.125  -72.604  7.017 0.1000000015
22806  -31.862  -73.407  7.270 0.1000000015
18646  -28.946  -77.605  9.307 0.1000000015
17623  -27.917  -78.743  9.633 0.1000000015
14595  -28.914  -81.393  13.462 0.1000000015
14596  -29.977  -81.402  13.430 0.2000000030
26258  -32.420  -70.763  6.626 0.1000000015
20729  -31.121  -75.316  7.537 0.1000000015
19702  -30.287  -76.272  8.519 0.1000000015
18659  -29.542  -77.401  8.409 0.1000000015
17639  -28.932  -78.428  8.636 0.1000000015
16654  -27.888  -79.322  9.137 0.1000000015
30107  -34.648  -67.302  6.178 0.1000000015
28822  -34.860  -68.269  5.592 0.1000000015
30108  -35.684  -67.304  5.692 0.1000000015
31410  -36.362  -66.223  5.858 0.1000000015
30124  -36.288  -67.806  5.363 0.1000000015
30109  -36.747  -67.109  5.561 0.1000000015
30110  -37.675  -67.122  5.297 0.1000000015
20652  -28.490  -75.887  11.583 0.1000000015
20631  -28.600  -75.843  12.857 0.1000000015
19633  -28.165  -76.761  12.486 0.1000000015
20653  -28.923  -75.341  10.870 0.1000000015
19651  -27.615  -77.446  11.778 0.1000000015
18577  -28.365  -77.396  13.078 0.1000000015
16573  -27.575  -79.387  13.427 0.1000000015
18578  -28.911  -77.593  13.560 0.1000000015
15593  -28.263  -80.393  13.602 0.1000000015
19685  -29.340  -76.469  9.394 0.1000000015
20673  -28.736  -75.894  10.617 0.1000000015
17552  -29.219  -78.568  13.697 0.1000000015
28820  -33.171  -68.166  6.529 0.1000000015
27506  -31.899  -69.472  6.870 0.1000000015
26237  -31.566  -70.605  7.284 0.1000000015
24994  -31.903  -71.658  7.149 0.1000000015
23837  -30.962  -72.523  7.993 0.1000000015
21746  -30.834  -74.526  7.766 0.1000000015
21729  -30.421  -74.469  8.572 0.1000000015
19686  -29.970  -75.905  9.165 0.1000000015
19684  -28.728  -77.102  9.769 0.1000000015
16575  -29.685  -79.514  13.572 0.1000000015
15594  -29.309  -80.418  13.559 0.1000000015
30106  -33.646  -67.277  6.584 0.1000000015
21747  -31.109  -73.990  7.734 0.1000000015
19703  -30.972  -76.010  8.132 0.1000000015
15595  -30.304  -80.415  13.345 0.1000000015
31408  -34.471  -66.399  6.848 0.1000000015
32721  -35.242  -65.438  6.954 0.1000000015
31409  -35.381  -66.298  6.265 0.1000000015
32722  -36.095  -65.376  6.436 0.1000000015
34024  -37.790  -64.651  6.701 0.1000000015
32723  -37.091  -65.402  6.224 0.1000000015
34008  -38.880  -63.866  6.994 0.1000000015
21692  -28.948  -74.720  11.577 0.1000000015
21691  -28.720  -75.267  12.311 0.1000000015
20632  -28.933  -75.394  12.978 0.1000000015
20611  -28.928  -76.256  13.337 0.1000000015
22759  -29.221  -73.552  11.006 0.1000000015
19612  -29.297  -76.794  13.600 0.1000000015
20693  -29.731  -75.440  9.619 0.1000000015
21712  -29.455  -74.704  10.446 0.1000000015
18579  -29.880  -77.795  13.948 0.1000000015
30105  -32.995  -67.665  6.975 0.1000000015
23855  -31.535  -72.535  7.419 0.1000000015
21728  -29.962  -74.508  9.468 0.1000000015
22772  -29.730  -73.592  10.104 0.1000000015
31407  -33.737  -66.646  7.150 0.1000000015
28801  -32.412  -68.339  6.831 0.1000000015
24993  -31.219  -71.575  7.655 0.1000000015
22790  -30.674  -73.558  8.162 0.1000000015
16576  -30.555  -79.493  13.388 0.1000000015
34005  -36.443  -64.519  7.707 0.1000000015
34021  -35.460  -64.924  7.311 0.1000000015
34023  -36.794  -64.714  6.908 0.1000000015
34006  -37.433  -64.030  7.616 0.1000000015
34007  -38.322  -63.950  7.096 0.1000000015
35331  -38.113  -63.606  7.591 0.1000000015
23798  -29.459  -72.676  10.861 0.1000000015
23785  -29.496  -72.778  11.679 0.1000000015
21646  -29.909  -74.917  13.390 0.1000000015
23816  -29.987  -72.329  10.038 0.1000000015
20612  -29.358  -75.752  13.421 0.1000000015
24971  -30.617  -71.538  8.334 0.1000000015
24970  -30.032  -71.454  9.100 0.1000000015
23815  -29.525  -73.009  10.488 0.1000000015
20613  -30.384  -75.702  13.673 0.1000000015
30082  -33.218  -67.061  7.199 0.1000000015
30081  -32.432  -67.382  7.591 0.1000000015
27505  -31.214  -69.586  7.650 0.1000000015
23836  -30.377  -72.494  8.764 0.1000000015
18580  -30.814  -77.530  13.549 0.1000000015
31388  -34.091  -66.179  7.463 0.1000000015
17553  -30.029  -78.793  13.686 0.1000000015
16577  -31.199  -79.363  13.188 0.1000000015
32703  -34.981  -64.920  7.668 0.1000000015
33979  -35.797  -64.644  8.293 0.1000000015
33980  -36.757  -64.038  8.549 0.1000000015
35290  -37.159  -63.212  9.209 0.1000000015
33981  -37.325  -63.687  8.233 0.1000000015
36495  -37.390  -62.716  9.577 0.1000000015
36478  -37.576  -61.780  10.189 0.1000000015
35315  -38.641  -63.018  8.021 0.1000000015
22744  -29.319  -73.755  12.166 0.1000000015
22729  -29.860  -73.976  13.191 0.1000000015
22714  -30.638  -74.194  13.472 0.1000000015
21647  -30.611  -74.923  13.522 0.1000000015
31386  -32.693  -66.748  8.285 0.1000000015
28783  -31.006  -68.829  8.203 0.1000000015
27488  -30.641  -69.668  8.374 0.1000000015
24946  -29.710  -71.134  9.830 0.1000000015
32674  -34.860  -65.121  8.727 0.1000000015
32702  -34.131  -65.563  7.967 0.1000000015
32701  -33.612  -65.870  8.341 0.1000000015
28800  -31.591  -68.409  7.550 0.1000000015
26236  -30.841  -70.589  7.908 0.1000000015
19613  -30.131  -76.669  13.844 0.1000000015
33957  -35.852  -64.402  9.348 0.1000000015
35289  -36.396  -63.674  9.585 0.1000000015
36476  -36.386  -63.000  10.383 0.1000000015
35269  -36.573  -63.235  9.920 0.1000000015
36477  -36.972  -62.523  10.044 0.1000000015
37691  -36.745  -61.292  11.622 0.1000000015
36468  -37.107  -61.780  10.832 0.1000000015
37692  -37.559  -61.076  11.016 0.1000000015
24925  -30.076  -71.047  10.769 0.1000000015
23786  -30.108  -72.092  12.090 0.1000000015
23768  -29.990  -73.014  12.559 0.1000000015
22730  -30.673  -73.436  13.072 0.1000000015
23769  -30.838  -72.394  12.672 0.1000000015
26195  -29.863  -70.236  10.064 0.1000000015
26213  -30.284  -70.575  8.665 0.1000000015
32654  -34.900  -65.048  9.679 0.1000000015
35268  -35.872  -63.638  10.276 0.1000000015
36467  -36.027  -62.477  11.173 0.1000000015
38920  -36.785  -60.693  11.699 0.1000000015
23799  -29.772  -71.970  11.210 0.1000000015
32673  -33.931  -65.523  8.678 0.1000000015
31363  -33.184  -66.217  8.629 0.1000000015
30080  -31.733  -67.696  7.997 0.1000000015
30057  -31.218  -68.025  8.420 0.1000000015
27487  -30.057  -69.611  9.227 0.1000000015
35251  -35.286  -63.590  11.024 0.1000000015
37690  -36.093  -61.743  11.816 0.1000000015
37684  -36.557  -60.951  12.065 0.1000000015
40045  -36.045  -59.743  12.412 0.1000000015
26179  -30.061  -69.951  10.906 0.1000000015
28769  -30.604  -68.623  9.574 0.1000000015
27471  -30.147  -69.270  10.290 0.1000000015
32640  -34.786  -65.011  10.124 0.1000000015
32653  -34.169  -65.437  9.354 0.1000000015
31362  -32.594  -66.608  8.827 0.1000000015
30058  -31.971  -67.231  8.637 0.1000000015
30043  -31.193  -67.788  9.324 0.1000000015
33948  -35.219  -64.583  10.207 0.1000000015
37683  -35.816  -61.292  12.419 0.1000000015
38903  -35.710  -60.353  12.608 0.1000000015
39999  -34.327  -59.423  13.559 0.1000000015
40022  -35.413  -59.481  12.733 0.1000000015
30019  -31.546  -67.711  10.049 0.1000000015
32638  -33.622  -65.885  9.652 0.1000000015
31354  -32.363  -66.796  9.247 0.1000000015
30044  -31.943  -67.239  9.582 0.1000000015
33932  -35.266  -64.107  10.588 0.1000000015
36458  -34.980  -62.327  12.252 0.1000000015
37682  -35.156  -61.599  12.687 0.1000000015
38879  -34.620  -60.164  13.416 0.1000000015
39998  -33.734  -59.375  14.098 0.1000000015
33931  -34.816  -64.641  10.926 0.1000000015
36466  -35.218  -63.019  11.542 0.1000000015
37664  -34.615  -61.214  13.289 0.1000000015
38860  -34.056  -60.204  13.711 0.1000000015
39982  -33.401  -59.408  14.961 0.1000000015
38859  -33.587  -60.264  14.349 0.1000000015
35250  -34.620  -63.616  11.649 0.1000000015
37663  -33.771  -61.826  13.603 0.1000000015
37641  -33.890  -60.777  13.884 0.1000000015
37640  -33.527  -61.360  14.329 0.1000000015
8463  -22.879  -88.036  7.563 0.1000000015
8480  -21.509  -88.741  5.912 0.1000000015
9251  -21.860  -87.381  7.634 0.1000000015
10052  -20.806  -86.639  6.712 0.1000000015
10016  -21.445  -86.064  8.196 0.1000000015
10051  -20.287  -86.520  5.971 0.1000000015
11778  -21.430  -84.703  6.753 0.1000000015
10820  -22.786  -85.585  9.576 0.1000000015
11733  -23.608  -84.902  10.602 0.1000000015
9993  -22.880  -86.150  9.432 0.1000000015
12680  -22.659  -84.286  9.427 0.1000000015
11767  -21.665  -84.868  7.689 0.1000000015
12731  -22.412  -84.149  6.908 0.1000000015
11781  -29.977  -83.821  4.893 0.1000000015
10884  -27.576  -85.356  3.577 0.1000000015
11813  -26.188  -84.627  4.251 0.1000000015
10883  -26.642  -85.192  3.552 0.1000000015
10792  -25.156  -85.120  11.180 0.1000000015
11734  -24.109  -84.418  10.984 0.1000000015
11726  -25.412  -84.416  11.460 0.2000000030
12681  -23.080  -83.652  9.708 0.1000000015
21784  -32.432  -74.448  6.658 0.1000000015
13706  -30.899  -82.487  5.517 0.1000000015
12759  -28.381  -83.789  5.261 0.1000000015
12735  -26.819  -82.986  6.240 0.1000000015
12757  -26.241  -83.555  5.627 0.1000000015
12755  -24.145  -83.581  5.970 0.1000000015
13630  -24.795  -82.626  12.131 0.1000000015
12656  -26.184  -83.488  12.318 0.2000000030
11705  -26.498  -83.900  12.104 0.2000000030
14612  -24.706  -82.181  12.079 0.1000000015
13668  -23.939  -82.612  8.877 0.1000000015
18703  -30.946  -77.280  6.741 0.1000000015
16693  -29.165  -79.662  7.195 0.1000000015
14707  -28.597  -81.348  7.145 0.1000000015
13701  -25.349  -82.552  7.198 0.1000000015
13670  -25.374  -81.937  8.402 0.1000000015
16679  -28.603  -79.956  7.820 0.1000000015
15690  -28.454  -80.685  7.616 0.1000000015
14692  -27.075  -81.425  8.365 0.1000000015
13700  -24.819  -82.609  7.323 0.1000000015
26276  -34.789  -70.934  4.899 0.1000000015
17573  -27.611  -78.164  12.740 0.1000000015
16595  -26.849  -79.000  13.128 0.1000000015
15624  -26.174  -80.129  11.918 0.1000000015
16652  -26.760  -79.685  10.182 0.1000000015
13614  -29.586  -82.427  13.466 0.2000000030
15661  -26.611  -80.457  9.546 0.1000000015
18645  -28.169  -77.731  10.013 0.1000000015
15662  -27.284  -80.099  9.217 0.1000000015
15660  -25.745  -80.918  9.734 0.1000000015
19701  -29.741  -76.711  8.606 0.1000000015
16669  -28.619  -79.047  8.557 0.1000000015
17624  -28.516  -78.306  9.337 0.1000000015
32724  -38.026  -65.293  5.853 0.1000000015
20674  -29.237  -75.674  10.213 0.1000000015
34022  -35.906  -64.760  7.048 0.1000000015
22773  -30.237  -73.495  9.187 0.1000000015
35291  -37.821  -62.914  8.948 0.1000000015
37699  -37.943  -60.987  10.254 0.1000000015
28782  -30.597  -68.877  8.783 0.1000000015
17511  -36.735  -77.958  16.940 0.5000000000
14556  -38.614  -81.380  17.289 0.5000000000
15546  -39.068  -81.375  17.555 0.5000000000
18542  -36.408  -77.446  16.441 0.5000000000
17512  -37.320  -78.249  16.442 0.5000000000
17513  -38.521  -78.445  16.518 0.5000000000
15562  -39.042  -80.770  16.996 0.5000000000
19590  -35.439  -76.460  15.555 0.5000000000
18541  -35.787  -77.001  16.141 0.5000000000
18543  -37.065  -77.771  15.764 0.5000000000
15563  -39.904  -80.495  16.608 0.5000000000
18552  -36.110  -77.004  15.703 0.5000000000
18553  -36.741  -77.206  15.447 0.5000000000
19591  -36.332  -76.591  15.087 0.4000000060
18554  -37.608  -77.466  15.043 0.4000000060
14605  -38.319  -81.448  14.545 0.5000000000
14604  -37.932  -81.791  13.838 0.5000000000
15597  -38.165  -81.170  13.505 0.5000000000
16599  -37.600  -80.269  12.113 0.5000000000
15612  -37.842  -80.970  12.776 0.5000000000
16621  -37.470  -79.974  11.401 0.4000000060
17609  -37.751  -79.299  10.105 0.4000000060
15488  -39.002  -81.102  20.142 0.1000000015
13556  -39.476  -82.395  18.607 0.5000000000
19580  -35.539  -76.678  16.879 0.5000000000
18534  -36.655  -77.425  17.395 0.5000000000
17504  -37.802  -78.292  17.429 0.5000000000
15547  -39.668  -80.975  17.498 0.5000000000
20589  -34.784  -75.725  15.584 0.5000000000
19589  -34.841  -76.142  16.287 0.5000000000
20597  -34.511  -75.104  15.282 0.5000000000
22682  -33.498  -74.135  15.408 0.5000000000
21630  -34.013  -74.577  15.388 0.5000000000
22695  -33.868  -73.621  14.845 0.4000000060
21631  -34.646  -74.355  14.767 0.3000000119
20598  -35.181  -75.332  14.685 0.5000000000
19598  -35.848  -76.094  14.676 0.4000000060
19592  -37.040  -76.738  14.858 0.4000000060
18555  -38.664  -77.570  14.843 0.6999999881
17526  -39.475  -77.981  15.382 0.5000000000
22696  -34.805  -73.394  14.433 0.3000000119
21650  -35.364  -74.060  14.196 0.3000000119
20616  -35.605  -74.944  13.869 0.3000000119
19599  -36.612  -76.149  14.282 0.4000000060
18564  -38.190  -77.252  14.349 0.5000000000
18556  -39.395  -77.547  14.575 0.6000000238
17539  -40.470  -78.047  14.583 0.6000000238
16554  -40.764  -79.189  15.928 0.6000000238
15572  -39.197  -80.665  16.033 0.5000000000
14584  -37.806  -81.802  15.160 0.3000000119
20599  -35.901  -75.586  14.152 0.3000000119
19616  -37.081  -76.097  13.589 0.4000000060
18565  -38.866  -77.382  14.002 0.5000000000
16564  -40.194  -79.378  14.347 0.6000000238
15584  -39.736  -80.065  14.661 0.5000000000
15598  -38.746  -80.771  13.942 0.5000000000
20617  -36.364  -75.320  13.434 0.4000000060
20618  -37.108  -75.729  13.029 0.4000000060
19618  -38.607  -77.032  13.293 0.5000000000
18582  -39.232  -77.392  13.278 0.5000000000
16579  -40.036  -79.200  13.329 0.5000000000
15599  -39.578  -79.846  13.866 0.5000000000
21672  -36.413  -74.349  12.775 0.4000000060
20635  -36.749  -75.191  12.715 0.4000000060
19636  -38.080  -76.260  12.417 0.5000000000
18599  -39.440  -77.471  12.706 0.5000000000
18600  -39.669  -77.868  12.299 0.4000000060
16578  -39.041  -79.841  13.089 0.5000000000
20636  -37.492  -75.532  12.317 0.4000000060
20637  -38.228  -76.018  11.981 0.5000000000
17577  -39.575  -78.419  11.945 0.4000000060
16601  -39.226  -79.124  12.072 0.4000000060
16600  -38.175  -79.865  12.295 0.5000000000
19656  -39.126  -76.809  11.282 0.5000000000
18632  -39.279  -77.889  10.790 0.4000000060
17591  -38.537  -78.849  11.014 0.4000000060
16644  -37.803  -79.273  10.409 0.4000000060
19671  -39.359  -77.208  10.569 0.3000000119
18648  -39.308  -77.866  9.703 0.4000000060
17629  -39.002  -78.431  9.522 0.3000000119
17643  -39.112  -78.455  9.026 0.3000000119
16659  -38.191  -79.281  8.475 0.3000000119
16474  -38.722  -80.256  20.708 0.1000000015
16460  -39.594  -80.192  21.662 0.1000000015
16475  -39.535  -80.603  21.105 0.1000000015
15490  -40.586  -81.113  20.804 0.4000000060
14485  -40.439  -82.011  20.058 0.4000000060
13519  -40.045  -82.444  19.554 0.4000000060
13535  -40.150  -82.276  19.126 0.5000000000
14498  -40.469  -81.938  19.516 0.4000000060
15520  -40.510  -80.567  18.662 0.5000000000
15519  -40.053  -81.213  18.245 0.5000000000
19581  -36.243  -76.997  17.215 0.5000000000
18535  -37.423  -77.382  18.047 0.5000000000
17503  -37.088  -78.045  17.343 0.5000000000
17505  -38.739  -78.480  17.700 0.4000000060
16537  -40.749  -79.621  18.188 0.5000000000
15548  -40.401  -80.313  17.471 0.5000000000
20588  -34.282  -75.323  16.291 0.5000000000
19579  -34.749  -75.968  17.108 0.5000000000
21620  -33.090  -74.116  16.294 0.5000000000
21621  -33.504  -74.490  16.115 0.5000000000
16546  -40.715  -79.408  17.048 0.6000000238
22694  -33.466  -73.109  15.099 0.4000000060
23743  -34.359  -72.654  14.594 0.2000000030
26101  -34.328  -71.212  14.724 0.2000000030
22717  -35.303  -73.117  14.087 0.3000000119
21651  -35.895  -74.192  13.454 0.4000000060
24858  -34.663  -71.743  14.520 0.3000000119
24859  -35.351  -71.565  14.182 0.3000000119
23758  -36.092  -72.367  13.362 0.4000000060
22734  -36.152  -73.274  12.942 0.4000000060
22747  -36.530  -73.575  12.460 0.4000000060
21673  -36.761  -74.796  12.255 0.4000000060
20657  -37.742  -75.553  11.264 0.4000000060
22735  -36.579  -72.935  12.485 0.3000000119
22748  -36.907  -73.246  11.850 0.3000000119
20678  -37.812  -75.392  10.764 0.3000000119
20658  -38.474  -76.313  11.297 0.4000000060
21717  -38.435  -74.759  9.831 0.3000000119
19688  -38.726  -76.302  9.844 0.3000000119
20696  -38.852  -75.756  9.427 0.2000000030
19689  -39.484  -76.762  9.422 0.3000000119
18664  -39.329  -77.764  8.420 0.3000000119
21733  -40.111  -74.959  8.268 0.1000000015
20716  -40.488  -75.833  7.889 0.2000000030
23843  -42.287  -73.124  8.171 0.1000000015
15465  -40.214  -80.242  22.046 0.1000000015
15476  -40.103  -80.681  21.415 0.1000000015
15491  -41.273  -80.357  21.375 0.2000000030
16492  -41.408  -80.053  20.666 0.5000000000
15503  -40.924  -80.930  19.829 0.4000000060
16514  -40.882  -79.941  19.136 0.4000000060
19570  -36.359  -76.493  18.097 0.5000000000
18524  -38.503  -77.389  18.600 0.4000000060
17488  -39.264  -78.297  18.381 0.4000000060
17507  -40.578  -78.960  17.865 0.5000000000
20581  -34.402  -75.402  17.418 0.5000000000
19568  -34.804  -75.691  17.671 0.5000000000
19569  -35.310  -75.999  17.775 0.4000000060
22680  -32.662  -72.950  16.019 0.4000000060
22671  -32.784  -73.894  16.635 0.4000000060
21610  -33.803  -74.914  17.064 0.5000000000
24845  -32.551  -71.679  15.988 0.4000000060
22681  -33.025  -73.517  15.681 0.5000000000
23730  -32.875  -72.475  15.752 0.4000000060
26083  -32.783  -70.696  15.539 0.3000000119
24846  -33.244  -71.641  15.408 0.3000000119
26084  -33.751  -70.579  14.947 0.3000000119
26085  -34.346  -69.805  14.804 0.1000000015
26102  -34.855  -70.590  14.533 0.3000000119
27352  -35.366  -69.939  14.320 0.1000000015
26103  -35.780  -70.495  13.948 0.3000000119
24872  -35.928  -71.529  13.661 0.3000000119
24873  -36.550  -71.360  13.072 0.2000000030
23774  -36.710  -72.222  12.141 0.2000000030
22762  -37.467  -73.594  11.100 0.2000000030
24890  -37.412  -71.205  12.236 0.2000000030
23802  -37.403  -72.864  11.376 0.2000000030
24907  -37.722  -71.559  11.578 0.2000000030
23803  -37.897  -72.460  10.838 0.1000000015
22776  -38.822  -73.756  9.375 0.2000000030
21732  -39.237  -74.832  8.990 0.2000000030
24929  -39.544  -71.724  10.411 0.1000000015
24951  -39.180  -72.214  9.909 0.1000000015
22777  -39.724  -73.923  8.637 0.1000000015
22795  -40.817  -74.164  8.084 0.1000000015
24952  -39.997  -72.216  9.840 0.1000000015
23821  -40.830  -72.490  9.337 0.1000000015
23822  -41.903  -72.577  9.030 0.1000000015
23842  -41.329  -73.193  8.444 0.1000000015
23823  -42.841  -72.340  8.887 0.1000000015
24954  -43.286  -71.089  9.050 0.1000000015
16448  -41.384  -79.379  22.314 0.3000000119
17467  -41.432  -79.516  21.005 0.3000000119
19524  -39.574  -77.185  21.181 0.3000000119
18487  -40.112  -77.363  20.840 0.3000000119
17466  -41.363  -78.975  20.616 0.3000000119
16491  -41.336  -79.772  19.819 0.3000000119
19537  -39.252  -76.807  20.422 0.3000000119
18508  -39.694  -77.409  19.815 0.3000000119
18526  -40.191  -78.094  19.304 0.5000000000
17490  -40.918  -78.906  19.145 0.5000000000
20568  -36.665  -75.726  19.107 0.4000000060
19566  -38.030  -76.606  18.849 0.5000000000
18507  -39.052  -77.175  19.325 0.4000000060
18525  -39.505  -77.745  18.961 0.4000000060
17489  -40.027  -78.538  18.592 0.5000000000
23701  -32.935  -73.335  18.182 0.4000000060
21598  -33.554  -74.528  17.641 0.4000000060
20570  -34.867  -75.388  18.185 0.5000000000
20571  -35.732  -75.654  18.341 0.5000000000
26046  -31.617  -70.806  17.639 0.4000000060
24834  -31.727  -71.833  16.917 0.4000000060
23710  -32.355  -72.909  17.298 0.4000000060
23711  -32.812  -73.582  17.693 0.5000000000
26045  -31.584  -71.319  17.020 0.4000000060
26064  -31.979  -70.818  16.467 0.4000000060
27278  -32.346  -69.451  17.325 0.3000000119
27296  -32.790  -69.710  16.042 0.3000000119
27297  -33.264  -68.859  16.699 0.3000000119
27326  -33.944  -69.138  15.578 0.2000000030
28634  -34.578  -68.556  16.211 0.1000000015
28635  -35.074  -68.615  15.949 0.1000000015
27328  -36.169  -68.912  14.973 0.1000000015
27353  -35.908  -69.590  14.408 0.1000000015
26123  -36.732  -70.107  13.539 0.2000000030
27329  -36.661  -68.699  14.933 0.1000000015
27354  -36.754  -69.176  14.428 0.1000000015
24874  -37.062  -70.697  12.937 0.2000000030
27381  -37.181  -69.415  14.035 0.2000000030
26124  -37.697  -70.157  12.990 0.2000000030
24891  -38.274  -70.812  12.085 0.1000000015
26141  -38.179  -70.517  12.499 0.1000000015
24908  -38.576  -71.305  11.342 0.1000000015
26160  -39.715  -70.874  11.849 0.1000000015
23804  -41.082  -72.226  9.789 0.1000000015
24910  -41.309  -71.404  11.158 0.1000000015
23805  -41.549  -72.314  9.798 0.1000000015
24932  -43.114  -71.614  10.058 0.1000000015
24933  -43.370  -70.929  9.635 0.1000000015
26184  -43.452  -70.430  10.096 0.1000000015
27479  -43.480  -69.365  9.347 0.1000000015
28751  -43.888  -68.154  10.033 0.1000000015
30009  -44.172  -67.345  10.846 0.1000000015
18477  -38.501  -77.607  22.466 0.3000000119
18463  -39.681  -78.127  23.108 0.2000000030
19536  -38.156  -76.642  20.555 0.3000000119
19555  -37.504  -76.195  19.790 0.4000000060
20544  -37.010  -75.979  19.928 0.3000000119
23694  -33.049  -73.120  18.873 0.3000000119
22654  -33.331  -74.076  18.117 0.3000000119
22655  -33.894  -74.365  18.575 0.4000000060
21594  -35.485  -74.856  18.867 0.4000000060
21571  -36.155  -75.367  19.546 0.3000000119
24808  -31.742  -71.841  18.458 0.3000000119
23700  -32.406  -72.630  18.240 0.3000000119
21584  -34.933  -74.471  19.170 0.4000000060
21586  -35.961  -75.233  19.268 0.4000000060
21570  -35.779  -75.113  19.763 0.3000000119
28584  -31.684  -69.470  18.871 0.3000000119
26030  -31.414  -70.851  18.657 0.3000000119
27261  -31.746  -69.882  18.360 0.3000000119
28585  -32.046  -68.831  18.536 0.3000000119
28598  -32.753  -68.538  17.863 0.3000000119
27279  -32.934  -68.671  17.308 0.3000000119
28610  -34.229  -68.427  16.679 0.2000000030
28611  -35.067  -68.115  16.660 0.1000000015
28601  -35.781  -68.191  17.317 0.1000000015
28588  -36.059  -68.384  18.118 0.1000000015
28612  -35.824  -68.240  16.626 0.1000000015
27281  -36.826  -68.328  17.468 0.1000000015
28613  -36.431  -68.295  16.416 0.1000000015
28614  -37.301  -68.387  16.473 0.1000000015
28658  -37.294  -68.765  14.759 0.1000000015
27382  -37.672  -69.458  13.754 0.2000000030
27356  -38.386  -69.058  14.312 0.2000000030
27383  -38.570  -69.444  13.471 0.2000000030
27407  -39.105  -69.658  12.895 0.1000000015
27384  -39.591  -69.447  13.543 0.1000000015
27408  -39.844  -69.847  12.858 0.1000000015
27409  -40.437  -70.054  12.858 0.1000000015
26161  -40.677  -70.873  11.882 0.1000000015
26162  -41.647  -71.017  12.015 0.1000000015
24911  -42.481  -71.444  11.277 0.1000000015
24912  -43.113  -71.300  10.982 0.1000000015
27456  -43.642  -69.306  10.598 0.1000000015
26165  -43.557  -70.249  10.968 0.1000000015
28724  -44.284  -68.366  11.270 0.1000000015
31312  -44.584  -67.152  12.281 0.1000000015
30010  -44.917  -67.554  11.687 0.1000000015
31288  -44.132  -67.107  13.174 0.1000000015
18461  -37.853  -77.630  23.492 0.2000000030
18462  -39.009  -77.912  23.211 0.2000000030
19511  -37.378  -77.076  23.128 0.2000000030
19522  -37.552  -77.153  21.800 0.3000000119
19510  -36.646  -76.582  22.597 0.2000000030
22648  -33.491  -73.835  18.742 0.3000000119
22649  -34.184  -74.262  19.005 0.3000000119
20543  -36.430  -75.646  19.991 0.3000000119
24799  -31.729  -72.023  19.192 0.3000000119
23693  -32.384  -72.500  19.116 0.3000000119
22635  -34.382  -74.292  19.439 0.3000000119
28571  -31.695  -69.241  19.448 0.3000000119
26017  -31.531  -70.804  19.957 0.3000000119
21568  -33.990  -74.053  20.283 0.3000000119
21569  -34.755  -74.564  20.064 0.3000000119
20542  -35.426  -75.593  20.557 0.2000000030
28572  -32.275  -68.475  19.643 0.2000000030
28586  -33.205  -68.062  18.791 0.3000000119
28599  -33.718  -68.396  17.638 0.3000000119
28587  -34.722  -68.111  18.590 0.2000000030
28600  -34.940  -68.094  17.486 0.1000000015
28575  -35.881  -68.145  18.879 0.1000000015
27247  -37.277  -68.675  18.258 0.1000000015
28578  -38.569  -68.895  19.351 0.1000000015
28579  -39.402  -69.085  19.595 0.1000000015
27248  -37.853  -68.855  18.442 0.1000000015
27249  -38.533  -69.191  18.739 0.1000000015
27251  -40.244  -69.907  19.315 0.1000000015
27236  -40.791  -69.442  19.903 0.1000000015
26005  -42.075  -69.623  20.660 0.1000000015
27282  -37.574  -68.517  17.395 0.1000000015
27266  -39.064  -69.749  18.499 0.1000000015
27252  -41.409  -70.235  19.918 0.1000000015
27253  -41.870  -70.515  19.854 0.1000000015
28615  -38.338  -68.591  16.254 0.1000000015
28638  -37.672  -68.594  15.356 0.1000000015
27331  -38.905  -68.789  14.930 0.2000000030
27357  -39.218  -69.041  14.253 0.1000000015
27358  -40.108  -69.317  14.344 0.1000000015
26126  -41.130  -70.197  13.366 0.1000000015
26144  -41.045  -70.391  12.753 0.1000000015
26145  -41.910  -70.758  12.769 0.1000000015
26163  -42.405  -70.961  12.102 0.1000000015
26164  -43.143  -70.692  11.607 0.1000000015
27428  -43.250  -70.012  12.225 0.1000000015
27429  -43.917  -69.569  11.719 0.1000000015
27430  -44.656  -68.825  11.817 0.1000000015
30011  -45.565  -67.816  12.143 0.1000000015
21542  -35.583  -74.822  23.055 0.2000000030
19521  -36.561  -76.509  21.533 0.3000000119
19535  -37.067  -76.343  20.577 0.3000000119
20502  -35.973  -75.510  22.955 0.2000000030
19509  -36.162  -76.238  22.109 0.2000000030
19534  -36.100  -76.249  20.759 0.3000000119
23675  -31.774  -72.190  20.331 0.3000000119
23676  -32.470  -72.702  19.989 0.3000000119
22629  -32.815  -73.364  20.381 0.3000000119
22630  -33.442  -73.811  20.633 0.3000000119
26004  -31.557  -70.677  20.773 0.3000000119
24782  -31.577  -71.482  20.522 0.3000000119
23670  -32.832  -73.487  21.160 0.3000000119
21565  -34.011  -74.285  20.859 0.3000000119
28525  -31.980  -68.090  21.974 0.2000000030
27235  -31.544  -69.830  21.028 0.3000000119
20541  -34.849  -75.141  20.713 0.2000000030
20535  -34.835  -75.453  21.274 0.2000000030
28550  -32.249  -68.077  20.777 0.2000000030
28573  -32.962  -67.754  19.963 0.2000000030
28551  -32.728  -67.641  20.531 0.2000000030
29874  -33.767  -67.518  20.116 0.3000000119
29890  -34.043  -67.726  19.042 0.3000000119
29889  -33.715  -67.721  19.497 0.3000000119
29875  -34.619  -67.539  19.558 0.2000000030
29876  -35.758  -67.743  19.490 0.2000000030
28552  -37.137  -68.364  19.430 0.1000000015
26047  -39.320  -69.346  17.201 0.1000000015
26032  -39.524  -70.170  17.919 0.1000000015
27267  -40.772  -70.276  18.636 0.1000000015
27301  -38.927  -68.746  16.379 0.1000000015
27284  -39.609  -69.381  16.806 0.1000000015
27285  -40.049  -69.680  16.884 0.1000000015
26034  -41.508  -70.596  18.279 0.1000000015
28640  -39.127  -68.817  15.522 0.1000000015
27302  -39.465  -69.069  16.067 0.1000000015
27303  -40.415  -69.622  16.283 0.1000000015
26065  -40.822  -69.973  16.522 0.1000000015
26066  -41.285  -70.194  16.592 0.1000000015
27332  -39.535  -69.083  15.089 0.1000000015
27333  -40.320  -69.426  15.276 0.1000000015
27334  -41.257  -69.858  15.405 0.1000000015
27386  -41.230  -70.101  13.748 0.1000000015
26105  -41.656  -70.322  13.998 0.1000000015
26127  -41.535  -70.442  13.380 0.1000000015
23647  -35.706  -72.864  23.602 0.3000000119
22612  -35.199  -73.780  23.336 0.3000000119
21541  -34.716  -74.516  22.806 0.2000000030
21558  -35.087  -75.159  22.462 0.2000000030
20521  -35.045  -75.510  21.912 0.2000000030
22611  -34.135  -73.691  23.104 0.3000000119
22622  -34.014  -74.241  22.312 0.3000000119
21557  -34.364  -75.145  22.040 0.3000000119
19520  -35.861  -76.232  21.492 0.2000000030
24771  -31.704  -71.498  21.412 0.3000000119
24772  -31.985  -72.005  21.881 0.3000000119
22610  -33.538  -73.539  22.454 0.3000000119
25987  -31.625  -70.587  21.569 0.3000000119
25975  -31.688  -70.595  22.461 0.3000000119
29827  -32.706  -67.343  21.437 0.2000000030
29828  -33.435  -66.964  21.244 0.2000000030
29852  -33.173  -67.313  20.650 0.2000000030
29853  -34.271  -66.911  20.739 0.3000000119
29854  -35.479  -66.997  20.089 0.2000000030
26087  -42.248  -70.367  15.201 0.1000000015
26106  -42.311  -70.460  14.207 0.1000000015
26128  -42.173  -70.569  13.441 0.1000000015
26146  -42.693  -70.352  12.615 0.1000000015
24732  -36.808  -71.847  24.576 0.1000000015
24751  -36.480  -72.024  24.134 0.2000000030
24749  -34.949  -72.075  24.026 0.3000000119
23646  -34.486  -72.864  23.613 0.3000000119
23644  -32.686  -72.284  22.947 0.3000000119
23645  -33.267  -72.694  23.021 0.3000000119
27186  -31.726  -69.647  23.143 0.3000000119
25955  -31.625  -70.149  22.953 0.3000000119
25976  -31.989  -71.133  22.931 0.3000000119
24747  -32.556  -71.727  23.172 0.3000000119
28502  -32.111  -68.236  22.998 0.2000000030
29800  -32.508  -67.442  22.518 0.2000000030
31104  -32.962  -66.795  22.087 0.1000000015
29829  -33.880  -66.728  21.355 0.2000000030
32400  -34.116  -65.978  22.621 0.1000000015
31137  -34.269  -66.338  21.699 0.2000000030
31164  -34.644  -66.465  21.171 0.2000000030
32434  -34.777  -66.037  21.735 0.2000000030
32460  -35.369  -66.070  21.067 0.3000000119
24730  -35.315  -71.346  24.361 0.3000000119
24729  -34.356  -71.302  24.262 0.3000000119
24748  -33.655  -71.825  23.831 0.3000000119
27171  -32.877  -69.579  24.253 0.3000000119
25956  -32.120  -70.589  23.512 0.3000000119
25957  -32.874  -71.212  23.744 0.3000000119
28482  -32.506  -68.768  23.724 0.2000000030
29773  -32.802  -67.629  23.698 0.2000000030
29774  -33.426  -67.199  24.323 0.1000000015
32365  -33.977  -65.834  23.208 0.1000000015
32401  -34.706  -65.644  22.455 0.1000000015
32402  -35.646  -65.308  22.107 0.1000000015
25942  -35.646  -70.566  24.848 0.2000000030
25940  -33.287  -70.647  24.270 0.3000000119
25941  -34.560  -70.566  24.635 0.3000000119
28462  -33.147  -68.653  24.467 0.2000000030
29752  -33.433  -67.890  24.526 0.2000000030
28463  -33.932  -68.517  25.188 0.2000000030
31059  -34.263  -66.803  25.337 0.1000000015
29753  -33.945  -67.494  24.983 0.1000000015
31039  -34.794  -66.681  26.126 0.1000000015
31058  -33.860  -66.594  24.637 0.1000000015
32344  -34.006  -65.945  24.144 0.1000000015
32345  -34.674  -65.939  25.172 0.1000000015
32366  -34.688  -65.348  23.916 0.1000000015
27174  -35.471  -70.030  25.124 0.2000000030
27173  -34.926  -69.938  25.091 0.2000000030
27157  -34.104  -69.099  25.364 0.2000000030
27172  -33.795  -69.621  25.065 0.2000000030
28464  -34.295  -67.993  25.380 0.1000000015
29737  -34.772  -67.614  26.164 0.1000000015
32323  -34.920  -66.111  25.910 0.1000000015
32346  -35.349  -65.217  25.352 0.1000000015
33686  -35.836  -64.694  24.433 0.1000000015
31040  -35.252  -66.471  26.609 0.1000000015
32324  -35.385  -65.802  26.380 0.1000000015
31023  -35.401  -66.550  27.098 0.1000000015
32305  -35.540  -65.671  27.381 0.1000000015
17525  -38.178  -78.075  15.596 0.5000000000
17524  -37.528  -77.966  15.679 0.5000000000
17515  -40.409  -78.913  16.755 0.5000000000
14570  -38.454  -81.134  16.584 0.5000000000
17506  -39.757  -78.798  17.674 0.4000000060
17527  -40.236  -78.646  15.635 0.5000000000
15573  -40.043  -80.202  15.623 0.5000000000
14585  -38.578  -81.225  15.363 0.3000000119
14533  -38.280  -82.315  17.829 0.5000000000
15564  -40.580  -79.910  16.352 0.5000000000
19600  -37.568  -76.676  14.176 0.4000000060
15613  -38.492  -80.384  12.986 0.5000000000
15630  -37.156  -80.525  11.797 0.4000000060
16622  -38.088  -79.205  11.168 0.4000000060
17628  -38.473  -78.935  9.273 0.3000000119
17610  -38.250  -78.893  10.364 0.4000000060
15489  -39.605  -81.229  20.576 0.2000000030
18536  -38.062  -78.028  18.078 0.5000000000
17514  -39.601  -78.587  16.590 0.4000000060
17538  -39.952  -77.629  14.550 0.6000000238
19601  -38.231  -76.963  13.786 0.5000000000
18566  -39.675  -77.505  13.991 0.6000000238
16580  -40.370  -78.730  14.176 0.6000000238
16565  -40.560  -78.857  14.972 0.6000000238
16553  -40.363  -79.549  15.195 0.5000000000
15583  -39.312  -80.630  15.095 0.5000000000
19617  -37.808  -76.494  13.072 0.4000000060
17557  -40.345  -78.314  13.654 0.6000000238
18583  -39.963  -77.763  13.331 0.5000000000
19637  -38.805  -76.869  12.323 0.5000000000
17556  -39.907  -78.468  12.753 0.4000000060
21695  -36.688  -74.111  12.179 0.3000000119
19638  -39.375  -77.408  12.238 0.5000000000
19657  -39.400  -77.424  11.585 0.4000000060
16623  -38.765  -78.926  11.344 0.4000000060
17592  -39.026  -78.531  11.155 0.4000000060
19670  -38.881  -76.596  10.471 0.4000000060
17611  -38.846  -78.350  10.129 0.4000000060
19571  -37.207  -76.648  18.435 0.5000000000
21609  -33.227  -74.395  16.867 0.5000000000
24857  -33.966  -71.880  14.930 0.3000000119
23744  -35.030  -72.490  14.265 0.3000000119
22718  -35.631  -73.229  13.588 0.4000000060
23757  -35.548  -72.391  13.842 0.3000000119
23773  -36.441  -72.324  12.779 0.3000000119
21696  -37.060  -74.569  11.575 0.3000000119
21716  -37.709  -74.782  10.687 0.3000000119
20679  -38.272  -75.717  10.429 0.3000000119
22763  -38.095  -73.670  10.271 0.2000000030
20697  -39.719  -75.831  8.644 0.2000000030
19706  -39.890  -76.648  7.911 0.2000000030
22797  -42.392  -73.684  7.271 0.1000000015
19565  -37.187  -76.161  18.907 0.4000000060
20572  -36.221  -75.797  18.477 0.4000000060
21599  -34.152  -75.000  17.933 0.5000000000
24835  -32.050  -71.937  16.678 0.4000000060
27325  -33.265  -69.982  15.444 0.3000000119
27327  -35.154  -69.297  14.932 0.1000000015
26122  -36.201  -70.871  13.501 0.2000000030
26104  -36.247  -69.803  14.012 0.2000000030
24889  -36.658  -71.734  12.508 0.2000000030
23789  -37.354  -72.169  11.598 0.2000000030
23790  -37.824  -71.813  11.294 0.1000000015
24928  -38.710  -72.013  10.353 0.1000000015
23819  -38.706  -72.748  10.021 0.2000000030
24909  -40.108  -71.285  11.124 0.1000000015
23820  -39.629  -72.904  9.360 0.1000000015
23841  -40.422  -73.262  8.684 0.1000000015
24930  -40.814  -71.953  10.248 0.1000000015
22796  -41.699  -73.814  7.651 0.1000000015
23806  -42.413  -72.358  9.731 0.1000000015
24953  -43.187  -71.735  9.087 0.1000000015
26201  -43.421  -70.416  9.301 0.1000000015
17409  -40.929  -78.664  22.791 0.3000000119
17444  -41.402  -78.684  21.544 0.3000000119
19523  -38.885  -77.071  21.431 0.3000000119
18478  -39.828  -77.886  22.077 0.3000000119
18479  -40.793  -77.969  22.075 0.3000000119
18488  -40.977  -77.960  21.364 0.3000000119
18509  -40.512  -78.140  20.196 0.3000000119
19557  -39.147  -76.896  19.741 0.3000000119
19556  -38.426  -76.610  19.477 0.3000000119
20567  -36.151  -75.463  18.837 0.4000000060
20559  -36.404  -75.509  19.336 0.4000000060
20560  -36.879  -75.865  19.474 0.4000000060
21592  -33.903  -74.598  18.229 0.4000000060
20565  -34.975  -75.052  18.442 0.4000000060
28636  -35.864  -68.477  15.689 0.1000000015
28637  -36.727  -68.412  15.510 0.1000000015
28657  -37.031  -68.580  14.928 0.1000000015
27355  -37.619  -68.997  14.497 0.2000000030
26125  -38.497  -69.951  12.774 0.1000000015
26142  -39.047  -70.422  12.352 0.1000000015
26143  -40.151  -70.330  12.368 0.1000000015
24931  -42.017  -71.978  10.448 0.1000000015
26183  -43.291  -70.917  10.764 0.1000000015
17407  -39.396  -78.650  23.354 0.2000000030
21593  -34.694  -74.733  18.538 0.4000000060
26029  -31.409  -70.991  19.330 0.3000000119
27260  -31.521  -70.141  19.245 0.3000000119
27262  -36.385  -68.355  17.657 0.1000000015
28589  -36.822  -68.517  18.259 0.1000000015
27263  -36.979  -68.489  17.915 0.1000000015
27298  -36.279  -68.246  16.895 0.1000000015
27299  -36.682  -68.281  17.010 0.1000000015
27264  -37.845  -68.815  17.901 0.1000000015
27330  -38.268  -68.788  14.935 0.1000000015
19495  -36.775  -76.574  23.584 0.2000000030
18476  -37.825  -77.443  22.752 0.3000000119
24798  -31.564  -71.642  19.722 0.3000000119
23677  -32.908  -73.060  19.457 0.3000000119
22634  -33.610  -73.751  19.641 0.3000000119
28549  -31.658  -69.023  20.407 0.3000000119
27246  -31.512  -69.923  20.135 0.3000000119
28574  -35.252  -67.918  19.123 0.2000000030
28576  -36.906  -68.541  18.731 0.1000000015
28577  -37.808  -68.675  19.062 0.1000000015
28580  -40.146  -69.089  19.800 0.1000000015
27265  -38.622  -69.448  18.018 0.1000000015
27250  -39.197  -69.552  19.080 0.1000000015
26020  -41.945  -70.057  20.448 0.1000000015
27237  -41.472  -69.392  20.440 0.1000000015
28603  -37.921  -68.493  16.886 0.1000000015
27283  -38.787  -68.804  17.137 0.1000000015
26018  -39.572  -70.040  18.699 0.1000000015
26031  -39.173  -69.543  17.533 0.1000000015
26019  -40.083  -70.289  18.535 0.1000000015
27268  -41.393  -70.298  19.079 0.1000000015
26007  -43.316  -70.785  20.688 0.1000000015
28616  -38.928  -68.749  15.958 0.1000000015
28639  -38.579  -68.702  15.507 0.1000000015
27385  -40.595  -69.834  13.488 0.1000000015
22613  -36.060  -73.956  23.638 0.2000000030
20523  -36.131  -76.009  22.647 0.2000000030
20522  -35.635  -75.713  22.291 0.2000000030
23669  -32.195  -72.579  21.187 0.3000000119
22621  -33.510  -73.874  21.580 0.3000000119
23659  -32.902  -73.124  22.008 0.3000000119
21556  -34.006  -74.533  21.591 0.3000000119
28524  -31.471  -68.987  21.553 0.3000000119
27220  -31.583  -69.927  21.796 0.3000000119
29877  -36.488  -68.148  19.335 0.1000000015
29855  -36.788  -67.633  19.987 0.2000000030
26048  -39.684  -69.721  17.264 0.1000000015
26033  -40.582  -70.413  17.961 0.1000000015
26049  -40.451  -70.076  17.103 0.1000000015
27359  -41.050  -69.770  14.416 0.1000000015
26086  -41.667  -70.275  14.662 0.1000000015
24763  -31.713  -71.042  21.955 0.3000000119
23658  -32.438  -72.309  22.421 0.3000000119
24764  -31.958  -71.488  22.348 0.3000000119
27208  -31.585  -69.688  22.420 0.3000000119
28501  -31.687  -68.899  22.577 0.3000000119
31136  -33.518  -66.633  21.730 0.2000000030
31165  -35.202  -66.334  20.875 0.2000000030
23648  -36.284  -72.723  24.038 0.1000000015
24731  -36.207  -71.490  24.430 0.2000000030
24750  -35.988  -72.057  23.962 0.3000000119
28481  -31.995  -69.008  23.243 0.3000000119
27187  -32.273  -69.617  23.657 0.3000000119
31080  -32.951  -66.854  22.904 0.2000000030
31105  -33.618  -66.305  22.505 0.1000000015
31106  -34.179  -66.080  22.314 0.2000000030
25939  -32.585  -70.124  23.981 0.3000000119
31081  -33.442  -66.566  23.643 0.1000000015
33685  -35.179  -64.938  23.245 0.1000000015
29754  -34.404  -67.502  25.662 0.1000000015
32367  -35.073  -65.227  24.724 0.1000000015
27159  -35.542  -69.565  25.460 0.2000000030
27158  -34.548  -69.281  25.438 0.2000000030
28432  -35.072  -67.952  26.322 0.1000000015
13584  -36.659  -83.077  15.823 0.3000000119
11645  -36.121  -84.395  16.447 0.3000000119
12617  -36.388  -83.845  15.514 0.3000000119
9141  -32.206  -88.096  14.478 0.2000000030
8347  -30.768  -88.273  13.486 0.2000000030
10700  -35.458  -85.562  16.615 0.4000000060
9892  -34.600  -86.553  15.998 0.3000000119
13598  -36.819  -83.212  14.606 0.4000000060
9878  -35.388  -85.925  16.219 0.3000000119
9109  -33.905  -86.976  15.697 0.3000000119
13599  -37.214  -82.441  14.881 0.4000000060
11665  -36.014  -85.290  15.179 0.4000000060
9125  -34.222  -86.945  15.433 0.3000000119
8349  -32.600  -88.406  13.883 0.2000000030
12626  -36.563  -84.049  14.266 0.4000000060
9922  -34.841  -86.449  14.300 0.4000000060
13622  -37.366  -82.677  13.954 0.4000000060
9906  -35.331  -86.255  14.776 0.4000000060
9143  -34.306  -87.059  14.482 0.3000000119
8369  -32.246  -88.709  13.142 0.3000000119
13621  -36.985  -83.225  13.499 0.4000000060
11681  -35.886  -85.373  14.441 0.4000000060
8350  -33.281  -88.094  13.989 0.4000000060
14603  -37.331  -82.307  13.291 0.4000000060
11697  -35.539  -84.868  13.499 0.4000000060
9937  -33.835  -86.774  12.970 0.3000000119
12647  -36.386  -83.851  13.311 0.4000000060
11698  -36.232  -84.393  13.568 0.4000000060
10766  -35.162  -85.549  13.670 0.4000000060
14620  -37.133  -81.708  12.726 0.4000000060
9948  -34.288  -86.000  12.724 0.3000000119
13620  -36.179  -83.049  13.234 0.4000000060
12646  -35.797  -83.820  13.128 0.4000000060
10765  -34.554  -85.564  13.241 0.4000000060
14602  -36.660  -82.388  12.972 0.4000000060
13619  -35.261  -82.825  13.466 0.4000000060
12645  -34.816  -83.699  13.395 0.4000000060
11696  -34.369  -84.581  13.303 0.4000000060
10778  -33.776  -85.607  12.743 0.3000000119
10764  -34.049  -85.124  13.156 0.3000000119
10777  -32.664  -86.115  12.091 0.2000000030
15611  -36.742  -80.891  12.278 0.3000000119
14601  -35.737  -82.105  13.145 0.4000000060
14619  -36.227  -81.496  12.615 0.4000000060
12644  -33.729  -83.579  13.479 0.4000000060
11711  -32.881  -85.269  12.864 0.2000000030
10798  -31.747  -86.360  11.483 0.3000000119
15650  -36.873  -80.387  10.899 0.3000000119
15610  -35.793  -80.655  12.088 0.3000000119
11710  -31.739  -85.248  12.832 0.2000000030
11695  -33.384  -84.691  13.216 0.2000000030
10776  -31.234  -85.716  12.039 0.2000000030
10816  -30.369  -86.503  10.604 0.2000000030
15629  -36.355  -80.622  11.359 0.3000000119
14600  -34.701  -81.842  13.279 0.4000000060
11694  -32.178  -84.447  13.277 0.1000000015
16643  -37.182  -79.785  10.073 0.3000000119
15628  -35.424  -80.770  11.027 0.3000000119
14617  -34.191  -81.049  12.601 0.2000000030
13617  -33.020  -82.460  13.473 0.2000000030
10815  -29.775  -86.305  10.707 0.2000000030
15627  -34.508  -80.620  10.900 0.2000000030
10775  -29.976  -85.436  12.076 0.1000000015
16658  -37.631  -79.606  8.835 0.2000000030
15649  -36.188  -80.684  10.072 0.3000000119
17642  -38.562  -78.693  8.307 0.2000000030
16642  -36.567  -80.281  9.628 0.3000000119
14599  -33.572  -81.644  13.172 0.1000000015
11693  -31.001  -84.352  13.342 0.1000000015
10796  -29.382  -85.726  11.372 0.1000000015
16671  -37.906  -79.390  8.093 0.2000000030
16657  -36.417  -80.010  8.999 0.2000000030
15665  -35.539  -80.553  9.560 0.2000000030
15608  -33.811  -80.496  11.749 0.1000000015
14616  -33.160  -80.893  12.424 0.1000000015
13616  -31.836  -82.402  13.403 0.1000000015
11692  -29.929  -84.181  13.223 0.1000000015
10774  -28.835  -85.194  12.113 0.1000000015
10813  -27.735  -85.816  10.710 0.1000000015
16656  -35.408  -79.885  9.538 0.1000000015
15647  -34.506  -80.362  10.271 0.2000000030
15626  -33.643  -80.174  11.014 0.1000000015
14598  -32.268  -81.330  12.793 0.1000000015
13615  -30.695  -82.403  13.466 0.1000000015
11691  -29.420  -84.123  13.195 0.1000000015
12659  -28.923  -84.046  13.170 0.1000000015
9974  -26.222  -86.439  10.169 0.1000000015
14615  -32.562  -80.696  12.338 0.1000000015
10794  -27.090  -85.053  11.219 0.1000000015
10812  -26.691  -85.678  10.608 0.1000000015
32436  -36.251  -65.592  21.176 0.2000000030
18663  -38.855  -78.117  7.683 0.2000000030
17658  -38.265  -78.589  7.730 0.1000000015
17626  -36.646  -78.663  8.481 0.1000000015
15646  -34.048  -79.981  10.611 0.1000000015
17625  -35.983  -79.214  9.152 0.1000000015
15625  -33.062  -79.944  11.383 0.1000000015
15606  -32.122  -80.330  12.385 0.1000000015
10773  -28.328  -85.081  12.058 0.1000000015
12640  -29.138  -83.588  13.325 0.1000000015
14597  -31.032  -81.390  13.174 0.1000000015
11644  -35.666  -84.948  16.114 0.3000000119
11666  -36.188  -84.587  15.299 0.4000000060
8333  -33.026  -88.257  14.706 0.3000000119
9905  -34.803  -86.632  15.142 0.3000000119
10736  -35.853  -85.924  15.029 0.3000000119
8334  -33.425  -87.903  14.543 0.3000000119
9166  -34.056  -87.183  13.773 0.3000000119
10752  -35.462  -85.750  14.199 0.4000000060
9938  -34.296  -86.554  13.369 0.3000000119
11712  -33.382  -85.221  12.942 0.2000000030
14618  -35.236  -81.255  12.633 0.3000000119
13618  -34.182  -82.627  13.507 0.2000000030
10797  -30.637  -86.129  11.129 0.2000000030
12643  -32.596  -83.495  13.474 0.2000000030
15609  -34.813  -80.574  11.899 0.2000000030
10814  -28.775  -86.096  10.809 0.1000000015
12642  -31.432  -83.423  13.519 0.1000000015
11709  -30.526  -84.912  12.724 0.1000000015
15648  -35.067  -81.013  10.063 0.3000000119
12641  -30.293  -83.408  13.488 0.1000000015
11708  -29.235  -84.500  12.859 0.1000000015
17656  -37.523  -78.974  7.671 0.1000000015
15663  -34.716  -80.387  9.914 0.1000000015
16641  -34.969  -79.423  9.956 0.1000000015
13531  -37.462  -82.745  18.485 0.3000000119
13553  -37.038  -83.272  18.254 0.2000000030
13552  -35.622  -83.106  17.756 0.3000000119
12583  -36.263  -84.230  17.843 0.2000000030
13534  -39.635  -82.798  18.960 0.4000000060
13532  -37.938  -82.979  18.953 0.2000000030
13555  -39.014  -82.628  18.505 0.4000000060
12582  -34.907  -83.878  17.534 0.2000000030
14534  -38.595  -81.989  17.927 0.4000000060
11621  -35.249  -84.808  17.355 0.2000000030
11620  -34.195  -84.543  17.196 0.1000000015
11642  -33.563  -85.162  16.788 0.1000000015
12584  -36.831  -84.209  17.817 0.3000000119
12603  -33.195  -84.284  16.940 0.1000000015
11641  -32.619  -84.916  16.650 0.1000000015
10735  -32.334  -86.076  15.834 0.1000000015
10716  -32.961  -85.851  16.413 0.1000000015
10733  -30.753  -85.744  15.566 0.1000000015
10734  -31.595  -85.858  15.688 0.1000000015
9920  -30.703  -86.586  14.846 0.1000000015
9901  -31.216  -86.246  15.392 0.1000000015
13574  -37.364  -82.438  17.386 0.3000000119
11622  -36.054  -84.899  17.372 0.2000000030
10699  -35.219  -85.610  17.074 0.2000000030
11643  -34.474  -85.432  17.022 0.2000000030
10717  -33.825  -85.984  16.636 0.2000000030
9921  -31.431  -87.146  14.877 0.1000000015
9919  -29.348  -86.722  14.160 0.1000000015
13585  -37.181  -82.366  16.112 0.2000000030
13573  -36.820  -83.164  17.125 0.3000000119
9903  -33.066  -86.690  15.734 0.2000000030
9936  -29.140  -87.333  13.477 0.1000000015
9139  -30.343  -87.387  13.937 0.1000000015
12604  -36.476  -83.834  16.734 0.3000000119
9877  -35.165  -86.116  16.514 0.3000000119
14569  -37.796  -81.691  16.343 0.2000000030
9123  -32.601  -87.597  15.168 0.2000000030
9163  -29.481  -87.846  13.167 0.1000000015
9164  -30.086  -87.856  13.392 0.1000000015
8366  -29.182  -88.264  12.715 0.1000000015
7597  -30.647  -88.974  13.062 0.1000000015
8348  -31.681  -88.576  13.592 0.1000000015
7611  -28.749  -89.030  11.840 0.1000000015
8395  -30.010  -88.765  12.496 0.1000000015
8368  -31.612  -89.206  13.041 0.1000000015
7598  -31.038  -89.328  12.992 0.1000000015
8396  -31.784  -88.747  12.461 0.1000000015
7632  -27.237  -89.513  11.319 0.1000000015
7612  -29.244  -89.068  11.879 0.1000000015
7613  -30.307  -89.119  12.304 0.1000000015
7614  -31.180  -89.274  12.394 0.1000000015
8398  -33.009  -87.705  12.606 0.3000000119
6902  -29.111  -89.840  10.775 0.1000000015
14555  -38.102  -81.917  17.404 0.3000000119
13554  -38.149  -82.805  18.198 0.3000000119
11623  -36.408  -84.376  17.414 0.3000000119
9140  -31.316  -87.642  14.282 0.1000000015
8367  -30.030  -88.477  12.864 0.1000000015
10718  -34.565  -86.157  16.703 0.2000000030
12567  -36.906  -84.372  18.238 0.2000000030
8416  -28.226  -89.015  11.837 0.1000000015
7633  -28.500  -89.441  11.377 0.1000000015
7634  -29.716  -89.565  11.242 0.1000000015
8397  -32.411  -88.103  12.492 0.2000000030
7665  -29.731  -89.147  9.566 0.1000000015
7682  -28.934  -89.454  8.623 0.1000000015
7681  -28.715  -89.709  8.097 0.1000000015
8417  -31.368  -88.666  11.065 0.2000000030
7666  -30.278  -88.964  10.123 0.2000000030
7699  -28.806  -89.401  7.907 0.2000000030
8436  -30.409  -88.378  9.870 0.1000000015
7698  -28.456  -89.785  7.688 0.1000000015
8453  -29.194  -88.723  8.684 0.2000000030
9218  -30.139  -87.647  9.590 0.1000000015
8419  -32.411  -87.766  11.974 0.2000000030
8426  -31.117  -88.201  10.431 0.1000000015
8470  -29.073  -89.027  7.969 0.1000000015
9241  -29.091  -88.045  8.698 0.1000000015
9187  -33.285  -87.263  12.050 0.2000000030
9193  -32.599  -87.359  11.591 0.2000000030
9200  -30.751  -87.616  10.093 0.1000000015
9217  -29.392  -87.562  9.277 0.1000000015
9192  -31.839  -87.470  11.122 0.1000000015
10001  -30.353  -87.172  9.986 0.1000000015
9947  -33.669  -86.572  12.417 0.2000000030
9194  -33.131  -87.070  11.616 0.2000000030
9959  -32.083  -86.877  11.251 0.2000000030
10000  -29.721  -87.092  9.772 0.1000000015
9980  -31.514  -87.064  10.847 0.1000000015
9946  -33.210  -86.619  11.847 0.2000000030
9979  -30.877  -86.862  10.445 0.1000000015
9216  -28.608  -87.509  9.059 0.1000000015
7636  -31.396  -88.852  11.823 0.1000000015
7653  -30.696  -88.829  10.581 0.1000000015
13517  -38.543  -82.966  19.393 0.2000000030
17408  -40.254  -78.399  23.072 0.2000000030
16445  -39.278  -79.323  23.045 0.1000000015
18435  -37.123  -77.347  24.395 0.1000000015
17389  -37.642  -77.961  24.217 0.1000000015
20503  -36.266  -75.985  23.250 0.1000000015
18447  -37.468  -77.428  24.228 0.1000000015
22602  -36.110  -73.806  24.145 0.2000000030
21529  -36.308  -74.818  24.026 0.1000000015
19479  -35.964  -76.464  24.536 0.1000000015
21543  -36.145  -75.126  23.508 0.1000000015
20487  -36.459  -75.802  23.902 0.1000000015
19480  -36.734  -76.691  24.227 0.1000000015
13518  -39.441  -82.616  19.595 0.2000000030
16446  -39.912  -79.725  22.549 0.1000000015
19496  -37.339  -76.991  23.935 0.1000000015
17391  -40.156  -78.945  23.363 0.1000000015
17376  -37.067  -77.878  24.381 0.1000000015
18434  -36.426  -77.287  24.339 0.1000000015
14495  -38.325  -82.484  19.332 0.1000000015
25923  -35.733  -70.080  25.156 0.1000000015
25924  -36.227  -70.189  25.244 0.1000000015
25943  -36.596  -70.954  24.910 0.1000000015
25944  -37.399  -71.089  24.904 0.1000000015
24733  -37.490  -71.464  24.891 0.1000000015
27161  -36.984  -70.124  25.851 0.1000000015
25908  -37.789  -70.382  25.707 0.1000000015
25926  -38.043  -70.796  25.103 0.1000000015
24710  -38.347  -71.508  25.147 0.1000000015
25925  -37.133  -70.416  25.444 0.1000000015
25945  -37.785  -71.109  24.840 0.1000000015
24734  -37.965  -71.276  24.886 0.1000000015
23615  -37.511  -72.099  25.553 0.1000000015
27160  -36.591  -69.703  25.815 0.1000000015
24693  -39.909  -71.460  25.922 0.1000000015
27146  -37.337  -70.078  26.117 0.1000000015
27147  -37.910  -70.222  26.024 0.1000000015
25909  -38.410  -70.465  25.891 0.1000000015
25927  -38.761  -71.000  25.423 0.1000000015
24711  -39.330  -71.625  25.428 0.1000000015
28449  -35.938  -68.954  26.034 0.1000000015
25898  -38.658  -70.312  26.805 0.1000000015
25910  -39.349  -70.928  26.075 0.1000000015
27137  -38.003  -70.158  26.366 0.1000000015
28450  -36.451  -69.215  26.199 0.1000000015
32461  -35.652  -66.000  20.955 0.1000000015
31166  -36.272  -66.409  20.627 0.1000000015
31167  -37.445  -66.729  20.472 0.1000000015
28448  -34.800  -68.474  25.844 0.1000000015
28447  -34.335  -68.857  25.464 0.1000000015
32435  -35.288  -65.883  21.438 0.1000000015
32437  -37.300  -65.513  21.602 0.1000000015
31169  -39.651  -66.969  20.690 0.1000000015
29856  -38.076  -67.607  20.136 0.1000000015
31168  -38.589  -66.832  20.619 0.1000000015
25899  -39.948  -70.845  26.909 0.1000000015
25911  -40.058  -71.219  26.446 0.1000000015
23635  -37.052  -71.996  25.033 0.1000000015
24709  -37.707  -71.606  25.116 0.1000000015
27145  -36.818  -69.490  26.468 0.1000000015
18684  -39.427  -77.341  7.137 0.1000000015
16535  -36.081  -80.396  18.124 0.1000000015
15543  -35.488  -81.019  17.691 0.1000000015
14530  -34.917  -81.916  17.504 0.1000000015
16534  -35.072  -79.913  17.853 0.1000000015
15542  -34.306  -80.718  17.387 0.1000000015
14529  -33.620  -81.752  17.269 0.1000000015
16533  -33.678  -79.369  17.671 0.1000000015
17502  -33.346  -78.421  18.030 0.1000000015
16510  -34.749  -79.065  18.382 0.1000000015
17501  -32.600  -78.608  17.704 0.1000000015
17356  -30.512  -78.839  26.137 0.1000000015
17403  -28.901  -78.981  22.938 0.1000000015
16441  -28.657  -79.421  22.143 0.1000000015
17421  -28.200  -78.533  21.756 0.1000000015
17420  -27.510  -78.603  21.205 0.1000000015
14531  -36.113  -82.130  17.839 0.1000000015
16456  -27.367  -79.477  21.015 0.1000000015
18482  -27.458  -77.827  20.642 0.1000000015
17500  -31.520  -78.564  17.556 0.1000000015
17460  -26.693  -79.068  19.848 0.1000000015
17479  -27.216  -78.598  18.908 0.1000000015
17481  -29.296  -77.969  18.044 0.1000000015
18532  -31.022  -78.083  17.679 0.1000000015
17483  -32.012  -78.165  17.960 0.1000000015
16470  -26.507  -79.607  20.022 0.1000000015
16508  -27.806  -79.239  17.905 0.1000000015
17482  -30.009  -77.696  17.837 0.1000000015
18519  -30.773  -77.551  18.046 0.1000000015
17365  -30.071  -79.100  25.283 0.1000000015
17374  -29.473  -78.785  24.050 0.1000000015
17386  -28.770  -78.076  23.279 0.1000000015
16512  -36.916  -80.443  18.732 0.1000000015
15545  -36.806  -81.196  18.437 0.1000000015
17402  -28.683  -78.521  22.613 0.1000000015
18471  -27.758  -77.851  21.373 0.1000000015
18472  -28.295  -77.452  21.895 0.1000000015
18517  -28.491  -77.277  18.849 0.1000000015
17484  -32.689  -77.985  18.200 0.1000000015
19560  -28.933  -76.666  19.284 0.1000000015
18518  -29.726  -77.191  18.287 0.1000000015
18520  -31.842  -77.583  18.294 0.1000000015
18413  -30.338  -77.885  26.496 0.1000000015
17355  -29.800  -78.197  25.718 0.1000000015
18408  -30.158  -77.085  27.207 0.1000000015
18398  -30.495  -76.796  27.841 0.1000000015
16489  -37.749  -80.452  19.657 0.1000000015
17364  -29.607  -78.434  24.833 0.1000000015
18430  -28.799  -77.382  24.420 0.1000000015
16511  -35.906  -79.382  18.735 0.1000000015
16490  -38.500  -80.936  19.849 0.1000000015
18442  -28.784  -77.443  23.744 0.1000000015
17487  -35.260  -78.815  18.868 0.1000000015
15518  -37.698  -81.472  18.995 0.1000000015
18483  -28.036  -77.218  20.985 0.1000000015
19550  -28.619  -76.758  19.642 0.1000000015
18502  -28.090  -77.267  20.016 0.1000000015
19527  -28.596  -76.680  20.426 0.1000000015
19562  -30.498  -76.728  18.701 0.1000000015
19563  -31.304  -77.055  18.607 0.1000000015
19551  -29.269  -76.260  19.806 0.1000000015
19561  -29.492  -76.626  19.009 0.1000000015
19454  -30.118  -76.363  27.620 0.1000000015
16488  -36.859  -79.508  19.693 0.1000000015
18412  -29.502  -77.227  26.229 0.1000000015
18407  -29.565  -76.709  26.754 0.1000000015
20438  -30.315  -75.259  28.477 0.1000000015
19417  -30.617  -75.775  28.913 0.1000000015
17464  -35.630  -78.729  19.680 0.1000000015
16487  -36.182  -79.130  19.461 0.1000000015
16473  -37.696  -79.739  20.351 0.1000000015
19466  -28.622  -76.806  24.932 0.1000000015
17486  -34.621  -78.438  18.973 0.1000000015
14507  -37.516  -82.304  18.694 0.1000000015
19475  -28.669  -76.758  24.260 0.1000000015
18503  -31.957  -77.073  18.827 0.1000000015
17485  -33.559  -77.956  18.843 0.1000000015
18456  -28.603  -77.373  22.857 0.1000000015
19552  -30.240  -76.191  19.577 0.1000000015
19515  -28.615  -76.635  21.342 0.1000000015
19528  -29.196  -76.204  20.766 0.1000000015
19453  -29.647  -76.130  27.062 0.1000000015
19464  -29.386  -76.234  26.273 0.1000000015
15501  -38.781  -81.704  19.720 0.1000000015
19553  -31.415  -76.496  19.314 0.1000000015
18504  -32.498  -77.002  19.401 0.1000000015
19491  -28.774  -76.471  23.307 0.1000000015
19504  -28.731  -76.422  22.283 0.1000000015
19516  -29.193  -76.071  21.647 0.1000000015
17463  -34.356  -77.879  20.037 0.1000000015
17440  -35.607  -78.449  21.061 0.1000000015
18505  -33.378  -77.275  19.865 0.1000000015
19467  -28.991  -76.551  25.511 0.1000000015
19530  -31.500  -76.143  20.276 0.1000000015
19554  -32.157  -76.522  19.903 0.1000000015
18484  -32.789  -76.810  20.068 0.1000000015
19476  -28.888  -76.134  24.738 0.1000000015
20538  -29.719  -75.863  20.281 0.1000000015
20539  -30.487  -75.753  20.369 0.1000000015
19505  -29.162  -75.963  22.107 0.1000000015
20531  -29.728  -75.643  21.084 0.1000000015
20515  -29.115  -75.916  22.345 0.1000000015
19531  -32.467  -76.451  20.663 0.1000000015
18485  -33.367  -76.934  20.633 0.1000000015
20478  -29.263  -75.463  25.422 0.1000000015
20533  -31.613  -75.514  21.674 0.1000000015
19517  -31.888  -75.924  20.980 0.1000000015
20532  -30.556  -75.398  21.387 0.1000000015
20540  -31.228  -75.652  20.891 0.1000000015
20497  -29.010  -75.908  22.701 0.1000000015
17439  -34.836  -77.873  21.379 0.1000000015
18486  -34.080  -77.422  20.959 0.1000000015
19518  -32.542  -76.092  21.554 0.1000000015
19532  -33.111  -76.557  21.234 0.1000000015
20470  -29.478  -75.316  26.625 0.1000000015
20516  -29.640  -75.428  22.280 0.1000000015
19492  -28.914  -76.037  23.981 0.1000000015
17422  -35.004  -77.749  21.997 0.1000000015
19434  -30.582  -76.273  28.349 0.1000000015
20395  -31.933  -75.097  31.283 0.1000000015
20412  -31.614  -75.296  30.956 0.1000000015
20428  -31.046  -75.024  30.063 0.1000000015
19405  -31.447  -75.704  30.249 0.1000000015
17387  -29.043  -78.812  23.314 0.1000000015
17438  -27.000  -78.735  20.371 0.1000000015
18501  -27.496  -77.977  19.569 0.1000000015
17461  -26.982  -78.626  19.596 0.1000000015
17480  -28.095  -78.452  18.172 0.1000000015
17498  -29.108  -78.812  17.597 0.1000000015
17499  -30.318  -78.396  17.517 0.1000000015
16531  -30.987  -79.434  17.161 0.1000000015
18443  -29.081  -78.189  23.744 0.1000000015
18521  -32.633  -77.465  18.752 0.1000000015
18421  -29.028  -77.508  25.127 0.1000000015
20557  -29.803  -76.013  19.882 0.1000000015
17462  -33.627  -77.606  19.467 0.1000000015
18506  -33.801  -77.368  20.356 0.1000000015
20413  -31.927  -75.806  31.109 0.1000000015
3504  -18.353  -95.554  4.980 0.1000000015
3503  -17.111  -95.951  5.413 0.1000000015
7032  -17.475  -90.620  3.189 0.1000000015
6327  -17.658  -91.203  3.899 0.1000000015
5652  -18.071  -92.233  2.806 0.1000000015
5653  -18.746  -92.863  3.306 0.1000000015
4138  -18.498  -93.962  5.546 0.1000000015
7763  -18.186  -89.835  2.692 0.1000000015
8532  -18.065  -88.899  2.450 0.1000000015
8553  -18.021  -88.432  1.344 0.1000000015
2888  -18.942  -96.871  3.972 0.1000000015
2874  -18.333  -96.602  4.631 0.1000000015
2376  -18.394  -97.455  4.658 0.1000000015
3523  -18.902  -96.025  4.060 0.1000000015
4867  -19.046  -93.537  4.136 0.1000000015
4152  -18.812  -94.295  4.822 0.1000000015
2873  -17.584  -96.399  5.271 0.1000000015
6358  -18.070  -91.798  2.501 0.1000000015
4850  -18.871  -93.270  5.192 0.1000000015
5641  -18.731  -92.411  4.469 0.1000000015
7046  -18.221  -91.014  2.305 0.1000000015
8533  -18.590  -89.410  2.181 0.1000000015
8554  -19.054  -89.028  1.524 0.1000000015
8575  -19.717  -89.315  0.445 0.1000000015
6950  -22.335  -90.720  8.607 0.1000000015
4827  -20.274  -94.037  6.727 0.1000000015
6253  -21.836  -91.251  7.893 0.1000000015
2385  -19.119  -97.666  4.094 0.1000000015
1897  -18.915  -98.238  4.743 0.1000000015
1870  -19.788  -98.059  5.771 0.1000000015
2839  -19.817  -96.983  6.260 0.1000000015
3467  -20.123  -96.130  6.258 0.1000000015
4828  -21.035  -93.827  6.444 0.1000000015
1869  -19.134  -98.015  5.830 0.1000000015
2889  -19.639  -96.880  3.568 0.1000000015
2362  -18.321  -97.913  5.230 0.1000000015
4166  -19.318  -94.746  3.578 0.1000000015
6951  -23.350  -90.903  8.764 0.1000000015
6278  -21.499  -92.076  7.347 0.1000000015
6928  -22.835  -90.278  9.285 0.1000000015
2840  -20.653  -96.824  5.663 0.1000000015
3468  -20.910  -95.702  5.659 0.1000000015
2363  -20.761  -98.027  5.319 0.1000000015
2377  -20.656  -97.838  4.721 0.1000000015
4897  -18.922  -93.734  2.627 0.1000000015
5665  -18.543  -92.686  2.261 0.1000000015
6376  -18.634  -91.975  1.864 0.1000000015
7064  -18.891  -91.365  1.864 0.1000000015
3524  -19.499  -96.044  3.296 0.1000000015
6277  -20.665  -92.306  7.404 0.1000000015
5606  -21.549  -93.395  6.521 0.1000000015
4167  -19.567  -95.312  2.565 0.1000000015
5580  -20.156  -92.936  7.292 0.1000000015
2387  -20.271  -97.660  4.263 0.1000000015
2890  -20.280  -96.928  3.657 0.1000000015
5563  -20.143  -92.302  7.670 0.1000000015
3544  -21.184  -95.472  2.317 0.1000000015
3526  -21.782  -95.396  3.561 0.1000000015
4169  -23.275  -94.428  3.782 0.1000000015
5607  -21.807  -93.180  6.570 0.1000000015
2841  -21.394  -96.297  5.336 0.1000000015
2858  -21.217  -97.023  5.150 0.1000000015
2891  -21.105  -96.395  3.715 0.1000000015
2859  -21.894  -96.116  4.951 0.1000000015
2903  -20.686  -96.214  2.898 0.1000000015
3469  -22.037  -95.500  5.448 0.1000000015
4126  -21.457  -94.638  5.838 0.1000000015
4128  -23.502  -94.625  5.807 0.1000000015
2875  -21.368  -96.640  4.561 0.1000000015
3545  -21.674  -94.900  2.690 0.1000000015
2876  -21.835  -96.011  4.362 0.1000000015
1871  -20.287  -98.090  5.615 0.1000000015
1884  -18.798  -98.135  5.443 0.1000000015
1885  -19.407  -98.276  5.347 0.1000000015
1886  -20.081  -98.234  5.329 0.1000000015
1898  -19.689  -98.292  4.814 0.1000000015
1899  -20.301  -98.175  4.847 0.1000000015
1910  -19.452  -98.100  4.322 0.1000000015
1911  -19.972  -98.084  4.392 0.1000000015
1912  -20.315  -97.998  4.546 0.1000000015
2344  -20.260  -97.687  5.802 0.1000000015
2345  -20.882  -97.547  5.472 0.1000000015
2364  -21.055  -97.616  5.245 0.1000000015
2375  -17.920  -96.975  4.950 0.1000000015
2378  -21.136  -97.518  4.921 0.1000000015
2386  -19.754  -97.648  3.970 0.1000000015
2388  -20.742  -97.141  4.383 0.1000000015
2872  -16.721  -96.052  5.313 0.1000000015
2892  -21.589  -96.178  4.039 0.1000000015
3470  -22.888  -95.179  5.572 0.1000000015
3487  -22.692  -95.498  5.109 0.1000000015
3505  -22.414  -95.590  4.478 0.1000000015
3525  -21.185  -95.920  3.075 0.1000000015
4125  -20.194  -94.844  6.360 0.1000000015
4127  -22.575  -94.664  5.861 0.1000000015
4805  -20.475  -93.469  6.824 0.1000000015
4883  -19.007  -93.738  3.391 0.1000000015
5581  -21.158  -92.902  6.755 0.1000000015
5664  -18.241  -92.180  2.473 0.1000000015
6252  -20.404  -91.487  8.091 0.1000000015
6343  -17.611  -91.586  2.951 0.1000000015
6359  -18.355  -92.044  2.272 0.1000000015
6375  -18.363  -91.656  2.238 0.1000000015
6901  -28.759  -89.938  10.760 0.1000000015
6915  -28.861  -90.152  10.212 0.1000000015
7063  -18.533  -91.500  2.108 0.1000000015
7586  -31.085  -88.990  13.369 0.1000000015
7587  -31.356  -89.097  13.261 0.1000000015
7710  -22.381  -89.391  6.041 0.1000000015
7764  -19.115  -89.923  2.010 0.1000000015
8365  -28.783  -88.220  12.663 0.1000000015
8370  -32.929  -88.186  13.217 0.4000000060
8393  -28.453  -88.592  12.307 0.1000000015
8394  -29.567  -88.704  12.399 0.1000000015
8415  -27.708  -88.958  11.787 0.1000000015
8418  -31.893  -88.091  11.690 0.2000000030
8427  -31.650  -88.045  10.857 0.1000000015
8435  -29.715  -88.235  9.208 0.2000000030
8469  -28.465  -89.123  7.585 0.1000000015
8555  -19.641  -89.438  1.230 0.1000000015
9110  -34.155  -86.835  15.890 0.3000000119
9122  -31.873  -87.502  14.887 0.1000000015
9124  -33.604  -87.464  15.166 0.3000000119
9138  -29.690  -87.412  13.619 0.1000000015
9142  -33.712  -87.522  14.193 0.3000000119
9165  -33.579  -87.322  13.159 0.3000000119
9186  -32.764  -87.631  12.126 0.2000000030
9201  -31.346  -87.531  10.562 0.1000000015
9890  -33.443  -86.343  16.304 0.2000000030
9891  -33.903  -86.687  16.209 0.2000000030
9893  -35.310  -86.214  15.686 0.3000000119
9902  -31.841  -86.760  15.362 0.1000000015
9904  -33.645  -86.938  15.685 0.3000000119
9923  -35.191  -86.135  14.261 0.4000000060
9960  -32.873  -86.775  11.544 0.2000000030
9961  -33.305  -86.873  11.780 0.2000000030
9978  -30.083  -86.753  10.265 0.2000000030
10037  -21.843  -87.120  8.078 0.1000000015
10069  -20.157  -86.980  5.365 0.1000000015
10719  -35.576  -85.637  15.818 0.3000000119
10751  -35.001  -86.037  13.780 0.4000000060
10779  -34.250  -85.746  12.872 0.3000000119
10791  -24.764  -85.113  11.109 0.1000000015
10795  -28.127  -85.338  11.668 0.1000000015
10847  -21.332  -85.556  7.649 0.1000000015
10869  -28.441  -85.188  4.033 0.1000000015
11607  -36.733  -84.516  18.133 0.2000000030
11608  -36.751  -84.589  17.898 0.2000000030
11682  -36.200  -84.832  14.353 0.4000000060
11707  -28.033  -84.606  12.343 0.2000000030
11713  -36.026  -84.298  13.140 0.4000000060
11714  -36.233  -84.163  13.220 0.4000000060
11725  -24.734  -84.762  11.241 0.1000000015
11729  -27.853  -84.885  11.948 0.2000000030
11752  -22.187  -84.556  8.728 0.1000000015
11768  -22.130  -84.446  7.787 0.1000000015
11798  -29.901  -84.229  4.495 0.1000000015
12568  -36.981  -84.545  18.118 0.2000000030
12638  -27.564  -82.965  13.202 0.2000000030
12655  -25.591  -83.281  12.275 0.2000000030
12660  -36.182  -84.012  13.022 0.4000000060
12661  -36.379  -83.971  13.138 0.4000000060
12671  -25.987  -83.734  12.023 0.2000000030
12717  -24.539  -82.703  7.471 0.1000000015
12752  -21.752  -84.213  6.247 0.1000000015
12761  -30.676  -83.772  4.723 0.1000000015
13503  -39.730  -82.469  19.878 0.4000000060
13504  -39.962  -82.452  19.930 0.4000000060
13516  -38.230  -82.957  19.303 0.1000000015
13533  -38.810  -83.174  18.953 0.2000000030
13633  -27.056  -82.719  12.975 0.2000000030
13640  -25.004  -83.131  12.168 0.2000000030
13671  -26.094  -81.789  8.335 0.1000000015
13686  -28.271  -81.695  7.259 0.1000000015
13707  -31.474  -82.008  5.353 0.1000000015
14496  -38.867  -82.452  19.635 0.2000000030
14508  -37.821  -82.049  18.982 0.1000000015
14509  -39.881  -82.076  18.685 0.5000000000
14510  -40.417  -81.566  18.985 0.5000000000
14535  -39.364  -81.779  18.195 0.5000000000
14614  -26.288  -81.524  13.035 0.1000000015
14621  -37.606  -81.742  13.099 0.4000000060
14657  -25.424  -81.299  9.364 0.1000000015
14678  -27.184  -81.126  8.599 0.1000000015
14693  -27.558  -81.328  8.158 0.1000000015
14694  -28.150  -81.328  7.666 0.1000000015
14711  -31.706  -80.691  5.352 0.1000000015
15466  -40.468  -79.957  22.342 0.1000000015
15477  -40.821  -80.350  21.959 0.1000000015
15478  -41.293  -80.150  21.929 0.2000000030
15500  -38.088  -81.418  19.315 0.1000000015
15502  -39.188  -81.533  20.106 0.1000000015
15504  -41.182  -80.708  20.704 0.4000000060
15517  -37.336  -81.493  18.719 0.1000000015
15544  -36.307  -81.261  18.137 0.1000000015
15574  -40.524  -79.704  15.747 0.5000000000
15604  -25.806  -80.669  12.255 0.1000000015
15607  -32.822  -80.309  11.749 0.1000000015
15664  -34.915  -80.498  9.731 0.1000000015
15702  -28.910  -80.636  7.005 0.1000000015
16432  -39.773  -79.429  23.068 0.1000000015
16433  -40.167  -79.365  23.117 0.1000000015
16434  -40.474  -79.176  23.163 0.1000000015
16447  -40.805  -79.456  22.695 0.1000000015
16461  -41.220  -79.848  22.212 0.3000000119
16462  -41.460  -79.698  21.835 0.3000000119
16476  -41.438  -79.790  21.282 0.3000000119
16509  -33.994  -78.623  18.347 0.1000000015
16513  -37.596  -80.999  19.011 0.1000000015
16536  -36.516  -80.796  18.335 0.1000000015
16594  -26.588  -79.393  12.423 0.1000000015
16637  -26.694  -79.305  10.750 0.1000000015
16638  -27.115  -79.271  10.298 0.1000000015
16653  -27.373  -79.574  9.664 0.1000000015
16655  -34.775  -80.084  9.903 0.1000000015
16667  -27.603  -79.794  8.991 0.1000000015
16668  -28.165  -79.603  8.494 0.1000000015
16670  -37.296  -79.381  7.942 0.1000000015
16672  -38.217  -79.192  8.150 0.2000000030
16681  -37.661  -79.135  7.716 0.1000000015
16682  -37.881  -79.137  7.724 0.2000000030
16683  -38.182  -79.099  7.921 0.1000000015
17377  -37.341  -77.658  24.356 0.1000000015
17390  -39.752  -79.185  23.304 0.1000000015
17392  -40.618  -78.898  23.165 0.3000000119
17410  -41.404  -78.946  22.549 0.3000000119
17423  -35.721  -77.968  22.276 0.1000000015
17427  -40.662  -78.227  22.480 0.2000000030
17428  -41.248  -78.404  22.177 0.3000000119
17429  -41.617  -79.021  22.035 0.3000000119
17437  -26.742  -79.236  20.195 0.1000000015
17445  -41.485  -79.265  21.407 0.3000000119
17551  -28.205  -78.336  13.260 0.1000000015
17554  -30.757  -78.568  13.415 0.1000000015
17587  -26.805  -78.957  11.833 0.1000000015
17588  -27.011  -78.445  11.382 0.1000000015
17627  -37.852  -79.330  9.687 0.4000000060
17638  -28.369  -78.918  8.974 0.1000000015
18420  -28.630  -77.144  24.704 0.1000000015
18431  -29.199  -77.927  24.299 0.1000000015
18516  -27.733  -77.984  18.799 0.1000000015
18522  -33.124  -77.483  19.262 0.1000000015
18523  -37.726  -76.750  18.569 0.5000000000
18533  -31.439  -77.968  17.872 0.1000000015
18567  -40.211  -77.661  14.086 0.6000000238
18584  -40.432  -77.830  13.903 0.6000000238
18596  -27.937  -77.606  12.662 0.1000000015
18612  -27.681  -77.515  11.314 0.1000000015
18616  -39.512  -78.029  11.540 0.4000000060
18680  -29.714  -77.642  7.751 0.1000000015
18681  -30.298  -77.182  7.727 0.1000000015
19481  -37.235  -77.108  24.283 0.1000000015
19529  -30.908  -76.140  19.870 0.1000000015
19533  -35.588  -76.167  20.984 0.2000000030
19564  -36.503  -75.900  18.597 0.4000000060
19611  -28.652  -76.747  13.231 0.1000000015
19614  -31.064  -76.525  13.641 0.1000000015
19632  -27.736  -77.238  12.171 0.1000000015
19667  -28.898  -76.136  10.127 0.1000000015
20396  -32.326  -75.305  31.415 0.1000000015
20427  -30.601  -75.220  29.255 0.1000000015
20453  -29.624  -75.624  27.081 0.1000000015
20471  -29.607  -74.925  27.033 0.1000000015
20536  -35.331  -75.889  21.399 0.2000000030
20558  -30.049  -75.874  19.982 0.1000000015
20566  -35.343  -75.144  18.554 0.4000000060
20694  -30.242  -75.341  8.938 0.1000000015
20712  -30.718  -75.355  8.099 0.1000000015
20713  -31.040  -75.754  7.874 0.1000000015
20728  -30.862  -75.027  7.630 0.1000000015
21416  -32.020  -74.652  31.243 0.1000000015
21566  -34.428  -74.884  21.089 0.2000000030
21585  -35.528  -74.799  19.324 0.4000000060
21595  -35.782  -75.092  19.042 0.4000000060
21668  -28.838  -75.316  12.723 0.1000000015
21669  -29.171  -74.839  12.737 0.1000000015
21763  -31.045  -74.835  7.479 0.1000000015
21785  -32.835  -74.057  6.326 0.1000000015
22633  -32.937  -73.240  19.834 0.3000000119
22658  -32.610  -73.572  17.145 0.4000000060
22659  -32.954  -74.073  17.406 0.5000000000
22670  -32.582  -73.245  16.507 0.4000000060
22713  -30.242  -74.480  13.410 0.1000000015
22791  -31.290  -73.414  7.653 0.1000000015
22821  -33.128  -73.735  6.170 0.1000000015
23668  -31.657  -72.006  20.889 0.3000000119
23692  -31.915  -72.271  19.661 0.3000000119
23722  -32.491  -72.528  16.359 0.4000000060
23731  -33.415  -72.552  15.301 0.4000000060
23742  -33.813  -72.754  14.918 0.2000000030
24807  -31.476  -71.501  19.063 0.3000000119
24821  -31.614  -71.640  17.023 0.4000000060
24822  -31.780  -71.957  17.434 0.4000000060
24950  -38.819  -72.294  10.066 0.1000000015
26006  -42.695  -69.959  20.935 0.1000000015
26063  -31.746  -71.501  16.772 0.4000000060
26212  -29.871  -70.589  9.334 0.1000000015
27280  -36.283  -68.256  17.232 0.1000000015
27300  -37.158  -68.349  17.129 0.1000000015
28602  -37.489  -68.417  17.004 0.1000000015
28840  -36.371  -68.518  5.116 0.1000000015
29851  -32.682  -67.567  20.827 0.2000000030
30042  -30.788  -68.276  8.913 0.1000000015
30056  -30.899  -68.489  8.574 0.1000000015
31135  -33.126  -66.903  21.611 0.2000000030
31138  -34.833  -66.222  21.376 0.2000000030
31327  -44.278  -66.949  11.559 0.1000000015
31336  -32.510  -66.780  9.779 0.1000000015
31355  -32.961  -66.306  9.364 0.1000000015
31387  -33.404  -66.471  7.841 0.1000000015
31411  -37.381  -66.213  5.633 0.1000000015
32652  -33.501  -65.765  9.070 0.1000000015
32672  -33.541  -65.800  8.678 0.1000000015
32720  -34.577  -65.681  7.379 0.1000000015
33958  -36.541  -63.849  9.178 0.1000000015
34004  -35.717  -64.706  7.607 0.1000000015
34025  -38.776  -64.331  6.312 0.1000000015
35313  -37.283  -63.543  8.565 0.1000000015
35314  -37.927  -63.234  8.268 0.1000000015
36459  -35.734  -61.954  11.940 0.1000000015
36469  -37.556  -61.422  10.628 0.1000000015
36496  -38.016  -62.399  9.456 0.1000000015
36515  -38.141  -62.751  8.780 0.1000000015
37665  -35.310  -60.811  12.839 0.1000000015
37716  -38.014  -61.590  9.840 0.1000000015
38880  -35.073  -60.293  13.004 0.1000000015
38904  -36.428  -60.308  11.955 0.1000000015
40021  -34.847  -59.616  13.188 0.1000000015
