#!ascii label  , from subject 3585 vox2ras=TkReg
1289
60058  29.783  -35.934  70.944 0.0000000000
61182  42.583  -33.093  78.884 0.0000000000
85856  47.742  -15.194  54.322 0.0000000000
71948  41.463  -27.975  64.270 0.0000000000
66539  48.522  -30.373  71.907 0.0000000000
100404  57.689  -4.997  48.806 0.0000000000
82048  47.811  -18.374  58.489 0.0000000000
77257  42.610  -21.876  57.344 0.0000000000
53787  26.372  -40.143  69.648 0.0000000000
58678  36.524  -35.116  74.540 0.0000000000
61275  40.139  -33.407  73.595 0.0000000000
60128  33.577  -33.822  67.804 0.0000000000
90485  52.533  -10.983  50.512 0.0000000000
57407  32.337  -36.246  76.534 0.0000000000
54911  28.217  -39.551  75.499 0.0000000000
88127  52.768  -13.081  54.667 0.0000000000
51371  24.287  -42.412  74.229 0.0000000000
48785  19.506  -45.090  72.653 0.0000000000
74648  42.969  -22.940  62.904 0.0000000000
73240  45.526  -28.076  68.296 0.0000000000
63948  45.656  -31.434  66.816 0.0000000000
63890  44.235  -31.459  70.875 0.0000000000
79693  47.651  -20.415  59.951 0.0000000000
78507  45.200  -20.773  57.805 0.0000000000
77222  45.185  -21.665  59.174 0.0000000000
83303  49.939  -18.249  60.524 0.0000000000
58817  28.675  -36.993  67.583 0.0000000000
56272  27.600  -39.339  66.808 0.0000000000
56231  28.172  -38.540  69.775 0.0000000000
60006  33.334  -34.603  72.816 0.0000000000
58785  34.947  -34.149  71.075 0.0000000000
61325  31.855  -34.602  69.467 0.0000000000
61399  30.290  -34.965  66.082 0.0000000000
87032  46.923  -14.404  51.686 0.0000000000
85821  50.360  -14.883  56.503 0.0000000000
86996  50.694  -14.055  54.457 0.0000000000
88160  49.900  -12.895  52.305 0.0000000000
51323  27.318  -41.368  77.707 0.0000000000
51368  26.574  -40.994  73.883 0.0000000000
50122  25.814  -42.428  76.544 0.0000000000
44467  20.308  -46.552  77.670 0.0000000000
47361  21.126  -44.939  75.041 0.0000000000
45891  19.290  -46.201  74.826 0.0000000000
44529  16.889  -46.623  73.796 0.0000000000
44471  16.492  -46.663  76.974 0.0000000000
73165  46.022  -28.001  71.118 0.0000000000
71830  47.849  -28.657  69.808 0.0000000000
69205  46.995  -29.659  66.913 0.0000000000
65226  47.537  -31.003  69.217 0.0000000000
62595  38.105  -32.833  69.871 0.0000000000
65184  42.178  -31.856  72.405 0.0000000000
65230  40.586  -31.124  69.102 0.0000000000
63938  42.381  -31.331  67.690 0.0000000000
74618  41.259  -24.681  64.398 0.0000000000
74665  39.668  -25.033  60.472 0.0000000000
71997  39.638  -27.521  61.176 0.0000000000
97840  61.108  -4.953  47.179 0.0000000000
97861  59.300  -5.744  46.176 0.0000000000
83364  47.492  -17.040  56.569 0.0000000000
82091  44.442  -18.739  56.261 0.0000000000
85777  50.098  -16.084  58.350 0.0000000000
58606  40.423  -35.127  77.105 0.0000000000
59953  42.436  -33.941  76.269 0.0000000000
58726  38.307  -34.334  72.952 0.0000000000
58799  36.571  -34.488  69.732 0.0000000000
61374  35.374  -33.452  66.965 0.0000000000
90470  54.692  -10.684  52.181 0.0000000000
91653  55.452  -9.893  50.668 0.0000000000
94114  55.325  -8.490  48.920 0.0000000000
97865  56.069  -7.069  47.527 0.0000000000
58709  31.528  -35.270  74.179 0.0000000000
56181  28.834  -38.189  72.886 0.0000000000
56145  29.608  -37.678  76.153 0.0000000000
58656  34.409  -34.846  75.611 0.0000000000
89315  52.342  -12.206  52.645 0.0000000000
53751  27.704  -39.581  72.002 0.0000000000
52567  25.043  -40.844  71.940 0.0000000000
52570  22.411  -41.989  71.470 0.0000000000
48759  23.189  -43.783  75.845 0.0000000000
48798  21.729  -43.516  73.409 0.0000000000
45817  14.103  -46.538  78.374 0.0000000000
75980  46.018  -22.915  61.844 0.0000000000
75888  42.493  -24.934  66.525 0.0000000000
73187  43.975  -25.779  69.609 0.0000000000
71905  43.152  -27.519  65.953 0.0000000000
70562  45.064  -29.450  65.025 0.0000000000
65316  45.984  -31.186  64.412 0.0000000000
62663  44.715  -32.575  64.678 0.0000000000
61253  43.733  -33.046  75.671 0.0000000000
62538  45.286  -31.714  73.259 0.0000000000
62548  46.545  -31.440  71.206 0.0000000000
62592  45.203  -32.008  68.577 0.0000000000
63950  43.454  -32.619  66.050 0.0000000000
75995  42.803  -23.259  60.138 0.0000000000
76040  39.907  -24.334  56.703 0.0000000000
78460  47.926  -21.202  60.889 0.0000000000
78476  46.658  -20.915  59.884 0.0000000000
77202  46.614  -22.233  60.676 0.0000000000
79678  49.075  -20.296  60.779 0.0000000000
60103  29.539  -35.952  68.983 0.0000000000
57481  28.487  -37.428  69.058 0.0000000000
58770  29.234  -36.721  70.496 0.0000000000
61276  31.174  -35.021  72.047 0.0000000000
60031  32.406  -34.829  71.081 0.0000000000
61307  30.643  -35.263  70.714 0.0000000000
61344  30.233  -35.011  68.563 0.0000000000
85877  47.302  -15.009  53.437 0.0000000000
85840  49.024  -14.929  55.148 0.0000000000
86981  49.939  -14.656  54.964 0.0000000000
85855  48.709  -14.655  54.403 0.0000000000
87017  48.706  -13.988  52.964 0.0000000000
44468  19.383  -46.513  77.453 0.0000000000
45868  19.492  -46.143  75.950 0.0000000000
44488  18.631  -46.405  76.461 0.0000000000
44528  17.637  -46.480  74.416 0.0000000000
44510  17.224  -46.895  75.118 0.0000000000
44511  16.283  -46.736  74.660 0.0000000000
70475  47.679  -28.953  71.523 0.0000000000
69168  48.339  -29.648  70.439 0.0000000000
67890  48.026  -30.002  69.189 0.0000000000
65215  48.152  -30.804  70.320 0.0000000000
61180  44.122  -32.203  78.857 0.0000000000
63940  37.192  -31.979  68.109 0.0000000000
65219  39.449  -31.913  69.831 0.0000000000
65239  38.471  -31.352  67.835 0.0000000000
66598  39.165  -30.998  66.863 0.0000000000
73336  40.788  -26.263  63.723 0.0000000000
73337  39.791  -26.196  63.068 0.0000000000
100389  57.528  -4.941  49.836 0.0000000000
100369  58.077  -4.353  50.296 0.0000000000
100387  59.121  -3.888  48.967 0.0000000000
100402  59.596  -4.350  48.227 0.0000000000
97843  58.834  -5.250  46.946 0.0000000000
83327  47.928  -17.793  57.791 0.0000000000
83366  46.297  -18.045  55.874 0.0000000000
82073  45.954  -18.688  57.345 0.0000000000
77255  44.127  -21.259  57.653 0.0000000000
79740  43.699  -20.213  57.021 0.0000000000
78526  41.711  -21.530  56.094 0.0000000000
82030  48.826  -18.739  59.770 0.0000000000
83326  48.679  -17.529  58.266 0.0000000000
84626  49.032  -16.696  57.610 0.0000000000
55056  27.005  -39.433  68.592 0.0000000000
52623  25.459  -40.728  69.144 0.0000000000
58653  38.032  -35.190  75.338 0.0000000000
58651  39.808  -34.811  75.573 0.0000000000
58702  38.058  -34.481  73.827 0.0000000000
60080  34.597  -34.539  70.041 0.0000000000
58801  35.749  -34.396  70.076 0.0000000000
60100  35.377  -34.334  69.266 0.0000000000
60125  35.568  -33.747  68.272 0.0000000000
60152  34.481  -33.617  67.223 0.0000000000
61377  32.868  -33.467  66.425 0.0000000000
69244  44.958  -30.481  63.423 0.0000000000
90471  53.780  -10.794  51.513 0.0000000000
91640  55.372  -10.204  51.344 0.0000000000
91642  53.794  -10.509  50.659 0.0000000000
94101  54.576  -9.291  49.266 0.0000000000
95322  54.705  -8.593  48.284 0.0000000000
96579  55.733  -7.278  48.348 0.0000000000
57419  31.723  -35.797  76.146 0.0000000000
57421  30.041  -36.608  75.408 0.0000000000
57408  31.286  -36.390  76.689 0.0000000000
58657  33.306  -35.409  75.980 0.0000000000
58681  33.044  -35.074  75.135 0.0000000000
89299  53.979  -12.105  53.718 0.0000000000
89301  52.088  -12.652  53.358 0.0000000000
89336  49.316  -12.708  51.327 0.0000000000
54930  28.866  -38.504  74.638 0.0000000000
54972  28.480  -38.925  72.673 0.0000000000
53732  28.086  -39.907  72.995 0.0000000000
51369  25.712  -41.547  74.491 0.0000000000
52549  26.223  -41.111  72.703 0.0000000000
51403  24.736  -41.365  72.671 0.0000000000
53771  23.503  -41.355  71.359 0.0000000000
51373  23.143  -42.239  72.627 0.0000000000
47341  22.386  -44.737  76.843 0.0000000000
47376  20.106  -45.202  74.095 0.0000000000
48762  21.129  -44.435  74.399 0.0000000000
50156  20.377  -44.282  72.516 0.0000000000
50172  20.643  -43.732  72.113 0.0000000000
75887  43.028  -23.947  66.270 0.0000000000
73214  45.673  -27.911  69.122 0.0000000000
73166  45.449  -26.781  71.073 0.0000000000
73215  44.790  -27.025  69.073 0.0000000000
73243  42.982  -26.432  67.890 0.0000000000
73288  43.865  -27.753  66.803 0.0000000000
71925  43.896  -28.513  65.535 0.0000000000
71903  44.624  -28.356  66.474 0.0000000000
66617  46.409  -30.648  66.341 0.0000000000
67928  46.375  -30.357  65.701 0.0000000000
65272  46.115  -31.188  65.794 0.0000000000
63986  45.513  -31.913  64.506 0.0000000000
63967  44.890  -32.206  65.098 0.0000000000
59986  41.100  -33.717  74.802 0.0000000000
59963  42.955  -33.761  75.880 0.0000000000
61265  42.062  -32.990  74.706 0.0000000000
65193  42.574  -31.421  71.712 0.0000000000
63861  44.115  -31.367  72.994 0.0000000000
63889  44.755  -31.339  71.620 0.0000000000
62536  46.571  -31.698  72.260 0.0000000000
62564  45.190  -31.546  70.693 0.0000000000
62578  46.126  -31.512  69.713 0.0000000000
62580  44.709  -31.661  69.257 0.0000000000
65273  41.350  -32.015  65.335 0.0000000000
63951  42.789  -32.419  66.471 0.0000000000
74660  44.793  -22.943  62.477 0.0000000000
75982  44.166  -22.564  61.434 0.0000000000
74673  42.739  -23.273  61.112 0.0000000000
73397  39.354  -26.086  58.781 0.0000000000
74686  40.315  -24.295  58.863 0.0000000000
96582  61.873  -5.331  46.764 0.0000000000
80871  47.374  -19.640  59.303 0.0000000000
80886  46.508  -19.312  58.513 0.0000000000
78491  46.263  -20.636  59.005 0.0000000000
77238  45.110  -21.377  58.351 0.0000000000
77240  43.331  -21.943  58.159 0.0000000000
82021  50.807  -19.109  61.415 0.0000000000
80861  48.826  -19.754  60.320 0.0000000000
57497  28.337  -38.005  67.436 0.0000000000
56270  27.917  -38.433  68.281 0.0000000000
55055  27.339  -39.191  69.291 0.0000000000
58730  35.158  -34.471  73.176 0.0000000000
58729  35.890  -34.727  73.026 0.0000000000
60029  34.101  -34.706  72.093 0.0000000000
60055  33.293  -35.080  70.337 0.0000000000
61341  32.849  -34.152  68.480 0.0000000000
61378  31.878  -33.611  66.694 0.0000000000
62616  30.845  -34.418  67.817 0.0000000000
60154  29.716  -35.808  66.319 0.0000000000
91656  51.266  -10.809  49.140 0.0000000000
56127  31.561  -36.815  78.286 0.0000000000
86960  51.731  -14.468  56.902 0.0000000000
86979  51.424  -13.791  55.240 0.0000000000
86995  51.468  -13.853  54.239 0.0000000000
89302  51.328  -12.980  53.305 0.0000000000
88149  49.431  -13.609  53.038 0.0000000000
87030  48.371  -13.629  52.225 0.0000000000
53688  28.176  -40.203  76.070 0.0000000000
52532  27.556  -40.273  74.454 0.0000000000
51339  27.058  -41.092  75.696 0.0000000000
51353  25.890  -41.704  75.533 0.0000000000
50151  24.746  -42.015  75.187 0.0000000000
45865  21.650  -45.382  76.884 0.0000000000
45867  20.359  -45.841  76.255 0.0000000000
45890  20.122  -45.437  75.151 0.0000000000
47377  19.364  -45.455  73.426 0.0000000000
45921  17.822  -46.547  72.467 0.0000000000
71809  46.823  -28.515  70.908 0.0000000000
71857  46.348  -28.689  69.045 0.0000000000
71883  46.315  -28.808  67.091 0.0000000000
70531  47.215  -29.069  67.910 0.0000000000
66594  47.368  -30.472  67.895 0.0000000000
63933  46.420  -31.495  67.610 0.0000000000
62566  38.999  -33.143  71.868 0.0000000000
63864  41.144  -32.637  73.041 0.0000000000
63894  39.771  -32.580  71.538 0.0000000000
66540  40.728  -31.390  70.612 0.0000000000
65216  42.291  -31.185  69.510 0.0000000000
63907  42.971  -30.975  69.058 0.0000000000
65229  41.769  -31.328  68.556 0.0000000000
65253  40.890  -30.940  66.335 0.0000000000
74635  42.092  -23.698  63.497 0.0000000000
74663  41.672  -23.637  61.637 0.0000000000
74650  40.681  -24.378  62.169 0.0000000000
73365  39.417  -26.325  60.815 0.0000000000
100400  60.861  -4.520  48.185 0.0000000000
97841  60.394  -5.050  47.019 0.0000000000
84673  47.272  -15.885  55.097 0.0000000000
84689  46.003  -16.359  54.271 0.0000000000
84675  46.234  -16.870  55.410 0.0000000000
80902  45.096  -19.490  57.370 0.0000000000
80920  43.326  -19.670  56.352 0.0000000000
84611  51.155  -17.366  61.151 0.0000000000
85772  51.228  -16.264  59.692 0.0000000000
85775  51.730  -15.548  59.113 0.0000000000
85786  49.825  -15.564  57.804 0.0000000000
85804  48.773  -16.218  56.507 0.0000000000
59906  41.649  -33.649  77.692 0.0000000000
59924  42.439  -33.750  77.096 0.0000000000
58624  41.297  -34.447  76.556 0.0000000000
58674  40.350  -34.533  74.996 0.0000000000
60004  39.364  -33.867  73.506 0.0000000000
58750  36.873  -34.684  72.151 0.0000000000
58749  37.689  -34.694  72.059 0.0000000000
60052  38.701  -34.420  71.287 0.0000000000
61323  37.960  -34.240  69.838 0.0000000000
62615  36.591  -32.723  68.270 0.0000000000
62651  35.981  -32.663  66.690 0.0000000000
94088  56.580  -8.766  51.047 0.0000000000
92890  54.081  -9.734  49.732 0.0000000000
94100  55.382  -8.852  49.621 0.0000000000
95312  56.189  -8.027  51.008 0.0000000000
96573  55.971  -7.219  50.307 0.0000000000
97825  56.459  -6.584  49.448 0.0000000000
97844  56.991  -5.965  47.900 0.0000000000
99106  57.554  -5.578  47.254 0.0000000000
60009  30.136  -35.796  72.504 0.0000000000
58754  29.389  -36.689  71.514 0.0000000000
58711  29.769  -36.759  73.410 0.0000000000
56155  29.378  -37.728  74.538 0.0000000000
54910  28.972  -39.022  75.906 0.0000000000
56136  30.324  -37.781  77.360 0.0000000000
53687  28.597  -39.617  76.851 0.0000000000
53654  28.606  -40.269  77.953 0.0000000000
61169  41.097  -32.970  79.677 0.0000000000
59908  40.337  -34.125  78.083 0.0000000000
58592  38.737  -35.228  77.311 0.0000000000
58629  37.366  -34.404  75.845 0.0000000000
58630  36.024  -34.412  76.062 0.0000000000
58679  35.369  -34.979  74.514 0.0000000000
58707  33.748  -34.638  74.249 0.0000000000
59990  32.393  -34.993  73.377 0.0000000000
90440  55.614  -11.354  53.546 0.0000000000
89313  54.285  -11.383  52.781 0.0000000000
90472  52.953  -11.205  51.323 0.0000000000
89316  51.415  -12.516  52.640 0.0000000000
89334  51.703  -12.147  51.760 0.0000000000
90486  51.606  -11.129  50.146 0.0000000000
56216  28.589  -38.303  71.349 0.0000000000
55010  28.037  -39.393  71.179 0.0000000000
53770  26.886  -39.683  71.052 0.0000000000
52547  27.236  -40.837  73.200 0.0000000000
52581  26.172  -40.204  71.494 0.0000000000
52602  25.423  -40.468  70.177 0.0000000000
52603  24.592  -40.787  69.752 0.0000000000
52585  23.236  -41.815  70.126 0.0000000000
48758  24.256  -43.452  75.917 0.0000000000
50153  23.118  -42.754  74.548 0.0000000000
48781  22.435  -43.538  74.594 0.0000000000
50170  22.460  -42.811  73.387 0.0000000000
50171  21.603  -42.929  72.419 0.0000000000
44451  15.004  -46.419  77.471 0.0000000000
75991  46.561  -22.470  61.250 0.0000000000
74616  43.776  -22.956  64.208 0.0000000000
75935  42.426  -24.162  64.764 0.0000000000
75936  41.681  -24.662  65.062 0.0000000000
74578  41.638  -25.929  65.537 0.0000000000
74528  42.659  -25.570  67.871 0.0000000000
73290  42.261  -26.635  66.303 0.0000000000
71927  42.012  -27.857  65.377 0.0000000000
71946  43.253  -28.655  64.701 0.0000000000
70570  43.809  -29.202  64.235 0.0000000000
69232  45.530  -30.414  64.213 0.0000000000
70549  46.196  -29.308  66.023 0.0000000000
69223  46.056  -30.067  64.938 0.0000000000
66651  45.985  -30.986  64.076 0.0000000000
65317  45.669  -31.622  63.856 0.0000000000
64008  45.131  -32.598  63.278 0.0000000000
63871  48.456  -31.127  72.700 0.0000000000
59922  43.747  -33.720  77.013 0.0000000000
61235  44.138  -32.795  76.850 0.0000000000
62494  45.291  -31.516  76.171 0.0000000000
63850  42.674  -32.258  73.606 0.0000000000
62525  44.726  -31.730  74.152 0.0000000000
62508  46.039  -31.400  74.261 0.0000000000
62507  46.939  -31.400  73.905 0.0000000000
63859  47.700  -31.609  72.331 0.0000000000
65192  48.248  -31.144  71.488 0.0000000000
63903  47.000  -31.712  69.752 0.0000000000
63920  46.231  -31.657  68.824 0.0000000000
63935  45.485  -32.041  67.600 0.0000000000
63921  43.724  -31.349  67.680 0.0000000000
62612  44.630  -31.798  66.895 0.0000000000
62629  44.851  -31.869  66.652 0.0000000000
62649  44.365  -32.641  65.108 0.0000000000
76014  45.490  -22.419  60.177 0.0000000000
76015  44.481  -22.377  59.909 0.0000000000
77225  42.853  -22.883  58.272 0.0000000000
74674  41.690  -23.595  60.600 0.0000000000
76019  40.859  -23.769  58.340 0.0000000000
76053  41.167  -23.206  57.307 0.0000000000
97875  58.448  -6.356  45.774 0.0000000000
77200  48.056  -21.571  61.269 0.0000000000
77220  46.859  -21.417  60.408 0.0000000000
77201  47.323  -21.890  60.981 0.0000000000
78459  48.555  -21.440  61.116 0.0000000000
60082  29.486  -35.955  70.030 0.0000000000
58786  29.086  -36.724  69.515 0.0000000000
61291  30.826  -35.294  71.648 0.0000000000
61308  29.981  -35.607  70.368 0.0000000000
61327  30.100  -35.369  69.729 0.0000000000
87019  46.664  -14.901  52.677 0.0000000000
85878  46.477  -15.453  53.406 0.0000000000
86999  48.054  -14.953  54.395 0.0000000000
85876  48.223  -14.548  53.639 0.0000000000
44469  18.429  -46.351  77.636 0.0000000000
44509  18.055  -46.579  75.369 0.0000000000
44489  17.609  -46.711  76.276 0.0000000000
67869  48.483  -29.993  71.715 0.0000000000
69157  48.375  -29.626  71.332 0.0000000000
67875  48.538  -29.976  70.815 0.0000000000
67876  48.172  -30.003  70.072 0.0000000000
66548  48.538  -30.326  71.102 0.0000000000
61166  43.314  -32.217  79.519 0.0000000000
61181  43.525  -32.460  78.992 0.0000000000
63954  36.675  -32.225  67.050 0.0000000000
63939  37.850  -31.759  68.187 0.0000000000
65256  37.233  -31.944  66.852 0.0000000000
65255  37.727  -31.459  66.940 0.0000000000
73322  41.185  -26.819  64.613 0.0000000000
71966  40.523  -27.258  63.184 0.0000000000
100388  58.328  -4.445  49.379 0.0000000000
100403  58.622  -4.535  48.401 0.0000000000
99088  57.928  -5.050  47.599 0.0000000000
82049  47.206  -18.503  57.839 0.0000000000
82071  47.319  -18.409  57.022 0.0000000000
77256  43.484  -21.451  57.613 0.0000000000
78510  42.689  -21.351  56.999 0.0000000000
78511  42.124  -21.795  56.805 0.0000000000
77258  41.509  -22.523  56.724 0.0000000000
82037  48.264  -18.391  59.159 0.0000000000
83312  48.967  -17.646  59.255 0.0000000000
53801  26.185  -39.959  68.581 0.0000000000
53802  25.506  -41.043  68.204 0.0000000000
58677  37.631  -35.168  74.539 0.0000000000
58703  37.150  -34.893  73.740 0.0000000000
60102  33.598  -34.044  68.227 0.0000000000
60101  34.355  -34.182  68.755 0.0000000000
60126  34.846  -33.970  68.069 0.0000000000
60127  33.975  -33.726  67.617 0.0000000000
61376  33.863  -33.481  66.559 0.0000000000
61359  33.481  -33.448  67.072 0.0000000000
90484  53.248  -10.855  50.812 0.0000000000
95330  54.614  -8.548  47.721 0.0000000000
57406  33.110  -36.193  76.689 0.0000000000
58658  32.459  -35.568  75.845 0.0000000000
88126  53.656  -12.529  54.493 0.0000000000
88144  53.267  -12.305  53.956 0.0000000000
88145  52.687  -12.615  54.038 0.0000000000
54931  28.313  -39.265  74.892 0.0000000000
53716  28.202  -39.196  73.751 0.0000000000
53717  28.177  -39.761  74.015 0.0000000000
51370  24.803  -42.064  74.278 0.0000000000
51387  25.420  -41.392  73.236 0.0000000000
51388  24.330  -42.204  73.500 0.0000000000
52550  23.563  -41.855  72.497 0.0000000000
51389  23.453  -42.334  73.013 0.0000000000
47328  22.484  -45.022  77.348 0.0000000000
48784  20.160  -44.636  73.212 0.0000000000
48800  19.928  -44.636  72.176 0.0000000000
50173  20.356  -44.289  72.113 0.0000000000
73241  44.857  -27.683  68.326 0.0000000000
73266  44.226  -27.703  67.578 0.0000000000
73265  44.961  -28.213  67.711 0.0000000000
73287  44.441  -28.172  67.161 0.0000000000
71885  44.930  -28.231  67.147 0.0000000000
63947  46.044  -31.129  66.640 0.0000000000
65271  46.238  -31.004  66.158 0.0000000000
63964  46.056  -31.160  66.055 0.0000000000
63966  45.160  -31.773  65.710 0.0000000000
61267  40.250  -33.597  74.136 0.0000000000
61256  41.618  -33.399  74.911 0.0000000000
61274  40.674  -33.153  73.782 0.0000000000
63876  43.368  -31.233  71.459 0.0000000000
63875  44.057  -31.252  72.009 0.0000000000
62565  44.612  -31.476  70.142 0.0000000000
63905  44.159  -31.504  69.923 0.0000000000
74647  44.159  -22.523  63.041 0.0000000000
74661  43.891  -22.506  62.224 0.0000000000
74662  42.777  -23.179  62.024 0.0000000000
79692  48.263  -20.063  60.201 0.0000000000
79694  46.894  -20.256  59.290 0.0000000000
78477  46.045  -21.285  59.227 0.0000000000
77239  44.429  -21.482  58.172 0.0000000000
82016  51.467  -19.104  61.761 0.0000000000
79679  48.526  -20.682  60.670 0.0000000000
80860  49.430  -19.831  60.965 0.0000000000
80870  48.114  -19.433  59.687 0.0000000000
56251  28.383  -37.962  69.631 0.0000000000
57482  28.273  -37.884  68.407 0.0000000000
56252  27.927  -38.121  69.080 0.0000000000
55073  27.588  -38.629  68.889 0.0000000000
55054  27.754  -38.717  69.412 0.0000000000
58731  34.215  -34.540  73.304 0.0000000000
58753  34.686  -34.546  72.569 0.0000000000
61306  31.773  -34.789  70.405 0.0000000000
60056  32.520  -35.022  70.436 0.0000000000
61305  32.467  -35.011  69.978 0.0000000000
61324  32.710  -34.673  69.341 0.0000000000
61342  32.009  -34.283  68.663 0.0000000000
61362  31.352  -34.234  68.054 0.0000000000
62597  31.034  -34.389  68.193 0.0000000000
60129  29.340  -35.896  67.563 0.0000000000
61363  30.100  -35.092  67.717 0.0000000000
85820  50.987  -14.778  56.846 0.0000000000
86997  49.992  -14.422  54.473 0.0000000000
86980  50.422  -14.443  55.313 0.0000000000
87015  50.823  -13.718  53.889 0.0000000000
87016  49.868  -13.919  53.726 0.0000000000
87018  47.606  -14.450  52.770 0.0000000000
87031  47.762  -13.856  52.194 0.0000000000
52493  28.003  -41.059  76.913 0.0000000000
52507  27.729  -41.052  76.025 0.0000000000
51329  27.214  -41.360  76.617 0.0000000000
51340  26.427  -41.708  76.201 0.0000000000
50134  25.616  -42.352  75.881 0.0000000000
50150  25.339  -41.961  75.443 0.0000000000
50135  25.073  -42.837  75.619 0.0000000000
44466  21.029  -46.502  77.683 0.0000000000
45846  21.160  -45.919  77.318 0.0000000000
45905  19.489  -45.633  74.317 0.0000000000
45906  18.790  -45.952  73.954 0.0000000000
47378  18.662  -45.970  73.121 0.0000000000
45908  17.175  -46.800  73.039 0.0000000000
44490  16.745  -46.858  76.190 0.0000000000
44491  15.720  -46.684  75.510 0.0000000000
44472  16.079  -46.690  76.637 0.0000000000
70497  47.854  -29.079  70.679 0.0000000000
71808  47.456  -28.796  70.753 0.0000000000
71831  47.140  -28.564  69.874 0.0000000000
71832  46.510  -28.455  69.969 0.0000000000
71856  47.450  -28.630  68.898 0.0000000000
71872  47.229  -28.825  68.362 0.0000000000
70521  47.982  -28.863  68.608 0.0000000000
66575  47.624  -30.470  68.768 0.0000000000
67905  47.537  -29.979  68.363 0.0000000000
65236  47.416  -30.938  68.105 0.0000000000
65250  47.178  -30.763  67.568 0.0000000000
65237  47.115  -31.346  68.278 0.0000000000
62582  38.648  -32.845  71.384 0.0000000000
63908  39.321  -32.267  70.579 0.0000000000
65231  39.341  -31.262  69.076 0.0000000000
66551  40.286  -31.565  70.498 0.0000000000
66550  40.528  -31.389  70.395 0.0000000000
65205  42.217  -31.156  70.745 0.0000000000
65217  41.067  -30.989  70.090 0.0000000000
66597  40.238  -30.788  66.732 0.0000000000
74636  40.920  -24.800  63.114 0.0000000000
73351  39.221  -26.365  62.048 0.0000000000
71998  39.287  -27.300  60.452 0.0000000000
97842  59.674  -5.223  46.948 0.0000000000
99086  60.020  -4.652  47.519 0.0000000000
97860  60.137  -5.569  46.468 0.0000000000
96585  60.072  -5.876  45.928 0.0000000000
84662  47.589  -16.519  56.259 0.0000000000
84674  47.140  -16.187  55.494 0.0000000000
83379  46.609  -16.751  55.936 0.0000000000
82090  45.238  -18.635  56.571 0.0000000000
84664  45.769  -17.430  55.505 0.0000000000
83367  44.901  -17.824  55.567 0.0000000000
83368  43.937  -18.466  55.419 0.0000000000
79719  45.267  -20.151  58.138 0.0000000000
80887  45.731  -19.219  58.185 0.0000000000
79720  44.774  -20.323  57.652 0.0000000000
79741  42.894  -20.207  56.572 0.0000000000
80921  42.554  -19.803  55.972 0.0000000000
82093  43.018  -19.375  55.424 0.0000000000
83300  50.559  -18.269  61.135 0.0000000000
84610  51.836  -17.780  61.184 0.0000000000
84612  50.460  -17.642  60.627 0.0000000000
84620  49.820  -16.894  58.991 0.0000000000
84619  50.563  -16.746  59.510 0.0000000000
85776  50.825  -16.056  58.831 0.0000000000
85785  50.510  -15.223  58.177 0.0000000000
84648  48.347  -16.678  56.734 0.0000000000
84647  49.093  -16.200  56.994 0.0000000000
84649  48.075  -16.547  56.375 0.0000000000
85824  48.456  -15.981  55.711 0.0000000000
59927  40.763  -34.786  77.819 0.0000000000
59944  41.361  -34.336  77.052 0.0000000000
58675  39.508  -34.630  74.791 0.0000000000
58701  39.031  -34.122  73.953 0.0000000000
59988  39.646  -33.876  74.138 0.0000000000
58725  38.922  -34.152  72.866 0.0000000000
58768  35.532  -34.585  71.584 0.0000000000
58751  36.118  -34.691  72.248 0.0000000000
58800  36.200  -34.449  69.865 0.0000000000
58766  36.977  -34.689  71.243 0.0000000000
58782  36.945  -34.727  70.284 0.0000000000
58764  38.356  -34.731  71.289 0.0000000000
58781  37.517  -34.745  70.415 0.0000000000
60076  38.403  -34.434  70.722 0.0000000000
60097  37.516  -34.367  69.696 0.0000000000
61358  35.524  -33.372  67.872 0.0000000000
61357  35.905  -33.202  68.129 0.0000000000
61373  35.697  -33.063  67.460 0.0000000000
62632  36.054  -32.662  67.567 0.0000000000
62633  35.724  -33.028  66.951 0.0000000000
61379  30.937  -34.214  67.112 0.0000000000
61398  30.849  -34.072  65.755 0.0000000000
90451  56.247  -10.635  53.147 0.0000000000
91639  56.254  -9.935  51.608 0.0000000000
92873  56.197  -9.508  51.054 0.0000000000
92872  56.813  -9.350  51.344 0.0000000000
92887  56.339  -9.183  50.822 0.0000000000
92891  53.147  -9.914  49.265 0.0000000000
92876  53.699  -10.167  50.049 0.0000000000
94115  54.925  -8.758  48.781 0.0000000000
94099  55.940  -8.724  50.540 0.0000000000
95313  55.389  -7.919  50.112 0.0000000000
96572  56.286  -7.288  51.123 0.0000000000
96578  56.072  -7.322  49.256 0.0000000000
97846  55.948  -6.892  47.754 0.0000000000
99074  56.633  -6.173  48.973 0.0000000000
97845  56.408  -6.392  48.328 0.0000000000
58733  30.349  -36.041  72.877 0.0000000000
58710  30.279  -35.948  73.779 0.0000000000
57409  30.361  -36.739  76.587 0.0000000000
56154  29.470  -37.500  75.213 0.0000000000
54909  29.097  -38.052  75.393 0.0000000000
56128  31.100  -37.312  78.154 0.0000000000
54894  29.896  -38.560  77.854 0.0000000000
54895  29.274  -39.010  77.226 0.0000000000
53670  28.833  -39.729  77.634 0.0000000000
59890  40.795  -33.468  78.254 0.0000000000
58608  38.585  -35.204  76.594 0.0000000000
58631  34.624  -34.653  76.358 0.0000000000
58655  35.625  -34.653  75.368 0.0000000000
58706  34.761  -34.788  73.972 0.0000000000
58680  34.153  -35.154  74.883 0.0000000000
58708  32.778  -35.080  74.177 0.0000000000
59991  31.397  -35.204  73.287 0.0000000000
84690  45.146  -16.528  53.946 0.0000000000
89314  53.271  -11.839  52.761 0.0000000000
89332  53.441  -11.242  52.129 0.0000000000
89333  52.612  -11.671  51.964 0.0000000000
89303  50.808  -13.115  53.268 0.0000000000
89317  50.663  -12.847  52.784 0.0000000000
90475  50.010  -12.153  50.520 0.0000000000
89335  50.475  -12.491  51.753 0.0000000000
90474  50.963  -11.563  50.944 0.0000000000
57453  28.801  -37.447  72.120 0.0000000000
53750  28.175  -39.413  72.524 0.0000000000
54991  28.376  -39.181  71.759 0.0000000000
54992  28.059  -39.413  71.629 0.0000000000
53769  27.402  -39.503  70.890 0.0000000000
52533  27.039  -40.572  74.118 0.0000000000
51385  26.750  -41.027  73.276 0.0000000000
52566  25.778  -40.818  72.183 0.0000000000
52582  25.564  -40.459  71.218 0.0000000000
52583  24.682  -40.560  70.943 0.0000000000
53755  22.676  -41.741  70.902 0.0000000000
52586  22.543  -42.402  70.303 0.0000000000
48741  23.524  -43.963  76.656 0.0000000000
48779  23.768  -43.108  75.485 0.0000000000
48780  23.132  -43.272  75.136 0.0000000000
45888  21.498  -45.281  76.214 0.0000000000
47360  21.736  -44.760  75.648 0.0000000000
48783  20.963  -44.028  73.636 0.0000000000
48782  21.680  -43.840  74.178 0.0000000000
48797  22.244  -43.435  73.916 0.0000000000
44450  15.830  -46.713  77.466 0.0000000000
44432  15.428  -46.640  78.051 0.0000000000
45816  14.435  -46.522  78.231 0.0000000000
45831  14.332  -46.532  77.759 0.0000000000
74646  45.250  -23.299  63.040 0.0000000000
75933  44.158  -23.199  64.485 0.0000000000
75934  43.514  -23.631  64.547 0.0000000000
75914  42.128  -24.509  65.640 0.0000000000
74599  41.563  -24.993  65.639 0.0000000000
74600  41.408  -25.441  65.255 0.0000000000
74577  41.776  -25.532  66.025 0.0000000000
73186  44.776  -26.145  69.957 0.0000000000
74500  42.908  -25.558  68.814 0.0000000000
73289  43.094  -27.288  66.483 0.0000000000
73268  42.636  -26.655  67.102 0.0000000000
73305  42.685  -27.351  65.995 0.0000000000
73306  42.093  -27.172  65.641 0.0000000000
71926  42.827  -27.945  65.520 0.0000000000
71924  44.892  -29.158  65.574 0.0000000000
71945  44.157  -29.235  64.974 0.0000000000
71944  44.735  -29.416  65.001 0.0000000000
70569  44.798  -29.837  64.501 0.0000000000
70568  45.507  -29.874  64.692 0.0000000000
70540  46.703  -29.159  66.941 0.0000000000
71901  46.239  -28.976  66.585 0.0000000000
69206  46.514  -29.509  66.442 0.0000000000
67938  46.357  -30.630  65.184 0.0000000000
67929  46.236  -30.100  65.199 0.0000000000
67939  46.150  -30.525  64.771 0.0000000000
69231  45.920  -30.496  64.448 0.0000000000
65332  45.804  -31.261  63.645 0.0000000000
63987  45.105  -32.459  64.525 0.0000000000
62680  44.723  -32.660  63.467 0.0000000000
59942  42.506  -33.860  76.721 0.0000000000
59923  43.198  -33.663  77.114 0.0000000000
59941  43.304  -33.739  76.737 0.0000000000
61254  43.408  -33.394  75.342 0.0000000000
61237  43.528  -33.553  76.466 0.0000000000
61243  43.772  -32.902  76.099 0.0000000000
62495  44.521  -32.167  76.539 0.0000000000
62500  44.215  -31.881  75.841 0.0000000000
65185  41.583  -32.286  72.520 0.0000000000
63863  41.960  -32.342  73.195 0.0000000000
63847  44.865  -31.603  73.615 0.0000000000
63848  44.374  -31.686  73.695 0.0000000000
62509  45.022  -31.769  74.744 0.0000000000
62524  45.606  -31.728  73.725 0.0000000000
62523  46.425  -31.827  73.307 0.0000000000
62535  47.104  -31.600  71.828 0.0000000000
63872  48.152  -31.345  71.956 0.0000000000
63873  47.504  -31.387  71.425 0.0000000000
63888  47.303  -31.426  70.570 0.0000000000
62561  46.886  -31.711  70.199 0.0000000000
62579  45.534  -31.589  69.581 0.0000000000
62590  46.181  -31.572  69.226 0.0000000000
62591  45.760  -31.727  68.962 0.0000000000
62609  45.941  -31.824  68.638 0.0000000000
62610  45.544  -32.168  68.090 0.0000000000
63923  42.468  -31.216  68.282 0.0000000000
63906  43.692  -31.363  69.050 0.0000000000
63937  42.957  -31.350  67.065 0.0000000000
63936  43.570  -31.708  66.661 0.0000000000
62613  43.937  -31.989  66.291 0.0000000000
62630  44.422  -32.077  65.972 0.0000000000
62631  43.954  -32.593  65.547 0.0000000000
75992  45.691  -22.684  61.028 0.0000000000
75994  43.711  -22.710  60.685 0.0000000000
76016  43.529  -22.558  59.686 0.0000000000
77224  43.257  -22.264  58.830 0.0000000000
76017  42.884  -23.260  59.141 0.0000000000
74664  40.701  -24.364  61.094 0.0000000000
74675  40.613  -24.097  59.901 0.0000000000
74705  40.183  -24.398  58.069 0.0000000000
76039  40.498  -23.895  57.478 0.0000000000
76038  41.449  -23.476  57.883 0.0000000000
97857  62.338  -5.218  46.919 0.0000000000
97873  63.018  -5.449  46.432 0.0000000000
99123  63.463  -5.194  46.427 0.0000000000
97862  58.010  -5.655  46.616 0.0000000000
97882  57.839  -6.638  45.641 0.0000000000
79680  47.897  -20.897  60.428 0.0000000000
78475  47.332  -21.068  60.498 0.0000000000
77221  46.346  -21.888  60.062 0.0000000000
58802  29.058  -36.813  68.479 0.0000000000
57473  28.692  -37.398  70.014 0.0000000000
60007  32.010  -34.755  72.307 0.0000000000
60030  33.227  -34.629  71.629 0.0000000000
61290  31.513  -35.025  71.369 0.0000000000
61326  30.903  -34.701  69.643 0.0000000000
85822  49.726  -15.326  56.312 0.0000000000
85838  50.059  -14.701  55.963 0.0000000000
85839  49.676  -14.864  55.499 0.0000000000
85854  49.472  -14.624  54.723 0.0000000000
85875  49.237  -14.438  53.926 0.0000000000
51324  26.923  -42.096  78.221 0.0000000000
44487  19.370  -46.367  76.673 0.0000000000
45869  18.812  -46.444  75.407 0.0000000000
45892  18.427  -46.373  74.536 0.0000000000
43081  16.866  -46.694  77.122 0.0000000000
70474  48.085  -29.170  71.955 0.0000000000
70511  48.319  -29.019  69.629 0.0000000000
69169  48.243  -29.597  69.687 0.0000000000
66558  47.966  -30.440  69.688 0.0000000000
63925  37.588  -32.522  68.776 0.0000000000
63909  38.930  -32.409  69.709 0.0000000000
63924  38.174  -32.188  68.853 0.0000000000
66561  40.267  -30.707  68.454 0.0000000000
65254  38.330  -30.929  67.054 0.0000000000
66599  38.495  -31.057  66.507 0.0000000000
99057  57.120  -5.641  50.508 0.0000000000
99037  57.228  -5.489  51.389 0.0000000000
100370  57.422  -4.800  50.774 0.0000000000
100386  60.078  -3.877  48.778 0.0000000000
99087  59.129  -4.802  47.569 0.0000000000
83351  47.763  -17.693  56.850 0.0000000000
83365  46.909  -17.081  56.426 0.0000000000
83352  47.021  -18.148  56.592 0.0000000000
83353  46.548  -18.376  56.744 0.0000000000
78508  44.749  -21.084  57.637 0.0000000000
79721  44.256  -20.557  57.420 0.0000000000
78509  43.611  -20.876  57.329 0.0000000000
78525  42.704  -20.820  56.699 0.0000000000
79742  42.174  -20.488  56.066 0.0000000000
83304  49.422  -18.087  59.902 0.0000000000
84621  49.383  -17.300  59.171 0.0000000000
83325  49.244  -17.194  58.691 0.0000000000
84625  49.435  -16.566  58.135 0.0000000000
83350  48.493  -17.124  57.356 0.0000000000
55075  27.238  -39.653  67.686 0.0000000000
53803  25.154  -41.581  67.947 0.0000000000
52624  24.802  -41.495  68.585 0.0000000000
58627  39.225  -35.212  76.067 0.0000000000
58626  40.011  -34.893  76.333 0.0000000000
58652  38.977  -34.946  75.397 0.0000000000
58676  38.593  -34.720  74.656 0.0000000000
58784  35.537  -34.318  70.682 0.0000000000
60079  35.320  -34.351  70.011 0.0000000000
60099  36.199  -34.273  69.240 0.0000000000
60151  35.039  -33.688  67.396 0.0000000000
61375  34.646  -33.587  66.431 0.0000000000
61396  32.922  -33.703  65.234 0.0000000000
70582  44.006  -29.901  63.591 0.0000000000
90469  55.761  -10.465  52.283 0.0000000000
91641  54.529  -10.465  51.092 0.0000000000
92874  55.016  -10.186  50.637 0.0000000000
94102  53.785  -9.512  49.064 0.0000000000
94116  54.133  -9.033  48.371 0.0000000000
95320  55.549  -8.025  49.085 0.0000000000
95321  55.220  -8.131  48.241 0.0000000000
96587  55.859  -7.395  47.439 0.0000000000
58682  31.825  -35.339  75.277 0.0000000000
58683  30.912  -36.030  74.869 0.0000000000
57420  30.800  -35.791  76.005 0.0000000000
89300  52.938  -12.296  53.407 0.0000000000
88176  49.759  -12.722  51.851 0.0000000000
56167  29.284  -38.093  73.754 0.0000000000
54952  28.527  -38.757  73.580 0.0000000000
53731  28.202  -39.319  73.245 0.0000000000
51386  26.301  -41.261  73.359 0.0000000000
51402  25.254  -41.011  72.560 0.0000000000
52568  24.133  -41.278  71.855 0.0000000000
53734  23.128  -41.703  72.049 0.0000000000
47340  22.932  -44.305  76.893 0.0000000000
47358  22.842  -44.188  76.459 0.0000000000
47362  20.653  -44.971  74.531 0.0000000000
48763  20.644  -44.695  73.973 0.0000000000
50155  20.652  -44.042  72.902 0.0000000000
48799  21.140  -43.656  72.916 0.0000000000
75913  43.280  -23.838  65.277 0.0000000000
75858  43.835  -23.589  67.017 0.0000000000
75859  43.020  -24.669  67.276 0.0000000000
73185  45.370  -27.405  70.092 0.0000000000
73216  43.659  -26.266  68.980 0.0000000000
73242  43.952  -27.087  68.215 0.0000000000
73267  43.549  -27.033  67.263 0.0000000000
71904  43.747  -27.628  65.952 0.0000000000
67919  46.698  -30.205  66.643 0.0000000000
69213  46.528  -30.088  66.268 0.0000000000
65294  46.348  -31.010  65.871 0.0000000000
65295  46.195  -31.189  65.328 0.0000000000
65296  45.849  -31.472  64.653 0.0000000000
63985  45.886  -31.518  65.059 0.0000000000
59976  41.682  -33.656  75.349 0.0000000000
59964  42.407  -33.801  75.733 0.0000000000
59975  42.166  -33.609  75.462 0.0000000000
61255  42.485  -33.507  75.158 0.0000000000
62512  42.738  -33.289  74.595 0.0000000000
63862  43.061  -31.643  72.669 0.0000000000
63874  44.683  -31.292  72.389 0.0000000000
62550  45.355  -31.343  72.201 0.0000000000
62537  45.910  -31.836  72.705 0.0000000000
62549  45.988  -31.505  71.580 0.0000000000
62563  46.020  -31.471  70.489 0.0000000000
62562  46.538  -31.545  70.360 0.0000000000
63952  42.196  -31.937  66.916 0.0000000000
63970  41.936  -32.675  66.096 0.0000000000
63969  42.767  -32.769  65.578 0.0000000000
63968  43.465  -32.680  65.049 0.0000000000
63990  42.912  -32.541  64.380 0.0000000000
75981  44.990  -22.751  61.734 0.0000000000
74672  43.483  -22.814  61.526 0.0000000000
74676  39.696  -25.031  59.362 0.0000000000
96583  61.211  -5.501  46.477 0.0000000000
96577  61.480  -5.179  46.919 0.0000000000
80884  47.655  -18.919  59.159 0.0000000000
80885  47.219  -19.071  58.721 0.0000000000
80872  46.926  -19.718  58.890 0.0000000000
79705  46.540  -20.066  58.802 0.0000000000
79706  45.959  -20.108  58.542 0.0000000000
78492  45.572  -21.065  58.272 0.0000000000
78493  45.049  -21.317  58.026 0.0000000000
82022  49.898  -19.019  61.225 0.0000000000
82029  49.368  -18.976  60.441 0.0000000000
56271  27.699  -38.835  67.493 0.0000000000
57496  28.594  -37.439  68.197 0.0000000000
55074  27.492  -39.048  68.371 0.0000000000
53800  26.793  -39.492  69.085 0.0000000000
58705  35.533  -34.842  73.670 0.0000000000
58704  36.232  -34.958  73.732 0.0000000000
58752  35.406  -34.642  72.387 0.0000000000
60054  34.186  -34.485  71.159 0.0000000000
60081  33.578  -34.370  69.240 0.0000000000
61360  33.050  -33.658  67.557 0.0000000000
61361  31.966  -33.761  67.855 0.0000000000
62617  30.461  -34.737  67.877 0.0000000000
61380  30.085  -34.961  67.102 0.0000000000
91654  53.081  -10.465  50.174 0.0000000000
91655  52.182  -10.481  49.574 0.0000000000
57394  32.441  -36.571  77.285 0.0000000000
57385  32.268  -36.523  78.052 0.0000000000
86959  52.660  -13.932  57.270 0.0000000000
86966  52.169  -14.007  56.109 0.0000000000
86967  51.073  -14.385  56.127 0.0000000000
88114  52.000  -13.471  55.302 0.0000000000
88128  51.978  -13.385  54.789 0.0000000000
88146  51.975  -13.478  53.851 0.0000000000
87014  51.430  -13.750  53.875 0.0000000000
88148  50.189  -13.327  53.148 0.0000000000
88161  49.076  -13.335  52.118 0.0000000000
89319  48.522  -13.245  51.410 0.0000000000
53703  27.798  -39.843  75.064 0.0000000000
52519  27.483  -40.578  75.300 0.0000000000
51351  26.996  -40.795  75.175 0.0000000000
51352  26.518  -41.019  74.988 0.0000000000
45845  21.665  -45.755  77.655 0.0000000000
45866  21.029  -45.652  76.610 0.0000000000
45889  20.989  -45.332  75.817 0.0000000000
47390  18.899  -45.569  72.514 0.0000000000
47391  18.288  -46.226  72.338 0.0000000000
45907  17.872  -46.402  73.325 0.0000000000
73184  46.104  -28.018  70.030 0.0000000000
73213  46.069  -28.436  69.576 0.0000000000
71858  45.862  -28.344  68.655 0.0000000000
71884  45.651  -28.378  67.316 0.0000000000
71873  46.694  -28.609  68.018 0.0000000000
70532  46.782  -28.865  67.463 0.0000000000
69197  47.197  -29.391  67.508 0.0000000000
69185  48.098  -29.441  68.696 0.0000000000
69196  47.305  -29.560  67.888 0.0000000000
67918  47.215  -30.012  67.449 0.0000000000
66595  46.884  -30.493  67.207 0.0000000000
65251  46.635  -30.926  67.277 0.0000000000
62552  39.624  -33.199  72.193 0.0000000000
62540  40.571  -32.964  73.309 0.0000000000
63878  40.166  -32.949  72.169 0.0000000000
63877  40.674  -32.805  72.570 0.0000000000
65195  41.167  -32.390  72.027 0.0000000000
65206  40.829  -31.679  71.207 0.0000000000
65194  41.726  -31.705  71.821 0.0000000000
63891  43.388  -31.313  70.408 0.0000000000
63892  42.966  -31.166  69.769 0.0000000000
65228  42.556  -31.182  68.727 0.0000000000
65238  41.832  -31.448  67.464 0.0000000000
66577  40.666  -30.688  67.570 0.0000000000
66576  41.439  -30.983  67.375 0.0000000000
65252  41.442  -31.595  66.470 0.0000000000
74634  43.308  -22.902  63.632 0.0000000000
74649  41.775  -23.653  62.609 0.0000000000
74637  39.913  -25.237  62.549 0.0000000000
74651  39.629  -25.257  61.747 0.0000000000
73381  39.276  -26.014  59.802 0.0000000000
100401  60.421  -4.395  48.194 0.0000000000
99085  60.695  -4.710  47.696 0.0000000000
96584  60.602  -5.745  46.099 0.0000000000
84687  47.270  -15.775  54.869 0.0000000000
84707  46.510  -15.856  53.959 0.0000000000
84688  46.804  -15.918  54.618 0.0000000000
84663  46.096  -17.463  55.636 0.0000000000
82050  46.312  -18.793  57.943 0.0000000000
82051  45.960  -18.839  57.941 0.0000000000
80918  44.830  -19.197  56.689 0.0000000000
79739  44.320  -20.122  57.322 0.0000000000
80919  44.294  -19.605  56.784 0.0000000000
83369  43.455  -18.891  55.409 0.0000000000
84614  50.790  -16.962  60.272 0.0000000000
85764  51.496  -16.468  60.590 0.0000000000
85784  51.462  -15.151  58.368 0.0000000000
85802  50.487  -15.163  57.270 0.0000000000
85803  49.956  -15.569  56.963 0.0000000000
84646  49.436  -16.014  57.399 0.0000000000
84659  49.493  -15.754  56.844 0.0000000000
85823  49.135  -15.767  55.957 0.0000000000
86984  48.054  -15.668  55.216 0.0000000000
61200  42.158  -33.265  78.085 0.0000000000
61199  43.120  -33.085  77.957 0.0000000000
59905  42.360  -33.549  77.551 0.0000000000
59943  41.779  -34.112  76.805 0.0000000000
59954  41.786  -34.201  76.382 0.0000000000
58650  40.585  -34.508  75.841 0.0000000000
59966  40.805  -34.296  75.429 0.0000000000
59977  40.955  -34.094  75.105 0.0000000000
60003  39.803  -33.664  73.955 0.0000000000
60026  39.589  -33.687  73.316 0.0000000000
58728  36.647  -34.680  72.981 0.0000000000
58727  37.467  -34.503  72.967 0.0000000000
58767  36.220  -34.702  71.398 0.0000000000
58748  38.452  -34.457  71.950 0.0000000000
60028  38.693  -34.093  71.970 0.0000000000
60051  38.773  -33.897  71.822 0.0000000000
61303  38.813  -33.799  71.254 0.0000000000
61322  38.306  -33.823  70.325 0.0000000000
61339  37.889  -33.304  69.787 0.0000000000
60123  37.107  -34.057  69.212 0.0000000000
61356  36.924  -33.542  68.665 0.0000000000
62614  37.355  -32.994  68.686 0.0000000000
63941  36.555  -32.331  67.832 0.0000000000
61397  31.860  -33.792  65.375 0.0000000000
71964  42.032  -28.359  63.872 0.0000000000
95302  57.141  -8.115  51.638 0.0000000000
92875  54.389  -10.187  50.338 0.0000000000
92889  55.056  -9.780  50.003 0.0000000000
92888  55.797  -9.419  50.486 0.0000000000
95303  56.790  -8.453  51.291 0.0000000000
95311  56.571  -7.740  51.371 0.0000000000
96571  56.756  -7.433  51.674 0.0000000000
97823  56.542  -6.864  51.384 0.0000000000
97824  56.572  -6.515  50.499 0.0000000000
99073  56.872  -5.726  49.385 0.0000000000
99089  57.121  -5.655  48.342 0.0000000000
97863  57.065  -6.131  47.249 0.0000000000
60033  29.679  -35.765  71.948 0.0000000000
58734  29.711  -36.497  72.668 0.0000000000
57443  29.336  -37.364  73.140 0.0000000000
57432  30.102  -36.701  74.500 0.0000000000
57433  29.817  -37.199  73.963 0.0000000000
54929  29.027  -37.836  74.954 0.0000000000
57395  31.534  -36.766  77.373 0.0000000000
56135  30.932  -37.193  77.582 0.0000000000
56129  30.536  -38.166  78.365 0.0000000000
56146  29.598  -38.425  76.808 0.0000000000
53671  28.398  -40.346  77.240 0.0000000000
52478  28.003  -40.696  78.218 0.0000000000
61167  42.823  -32.536  79.533 0.0000000000
61168  42.055  -33.096  79.678 0.0000000000
61183  41.535  -33.179  78.664 0.0000000000
59907  40.986  -33.920  77.796 0.0000000000
58590  40.266  -35.248  77.781 0.0000000000
59928  39.964  -35.013  78.251 0.0000000000
58591  39.621  -35.422  77.653 0.0000000000
58628  38.340  -34.961  75.949 0.0000000000
58654  36.906  -34.978  75.313 0.0000000000
58732  33.443  -34.625  73.626 0.0000000000
59989  33.021  -34.816  73.496 0.0000000000
61277  30.813  -35.279  72.133 0.0000000000
84708  46.129  -15.912  53.699 0.0000000000
90439  56.033  -11.116  53.634 0.0000000000
90452  55.391  -11.036  53.024 0.0000000000
89298  55.138  -11.671  53.601 0.0000000000
90453  54.816  -11.105  52.749 0.0000000000
89331  53.992  -10.915  52.215 0.0000000000
90473  52.084  -11.512  51.080 0.0000000000
57464  28.975  -37.536  70.956 0.0000000000
56230  28.539  -38.248  70.371 0.0000000000
56198  28.521  -38.373  72.150 0.0000000000
55009  28.393  -38.960  70.802 0.0000000000
55030  28.273  -38.771  70.251 0.0000000000
55031  27.841  -39.159  70.162 0.0000000000
53786  26.881  -39.717  69.992 0.0000000000
52546  27.754  -40.400  73.573 0.0000000000
52564  27.135  -40.320  72.288 0.0000000000
52548  26.794  -41.023  72.762 0.0000000000
52565  26.508  -40.619  72.166 0.0000000000
52580  26.651  -39.918  71.679 0.0000000000
52600  26.524  -39.861  70.962 0.0000000000
52601  26.210  -40.254  70.442 0.0000000000
52622  26.050  -40.469  69.594 0.0000000000
52604  23.969  -41.725  69.422 0.0000000000
52584  23.810  -41.106  70.598 0.0000000000
50123  25.400  -42.992  76.285 0.0000000000
50136  24.361  -42.743  75.441 0.0000000000
50152  23.873  -42.361  74.946 0.0000000000
50168  23.809  -42.528  74.228 0.0000000000
47359  22.368  -44.376  76.071 0.0000000000
48760  22.354  -43.924  75.407 0.0000000000
48761  21.674  -44.168  74.931 0.0000000000
50169  23.252  -42.520  73.851 0.0000000000
51390  22.737  -42.414  72.617 0.0000000000
51391  22.100  -42.275  72.058 0.0000000000
51405  21.869  -42.617  71.287 0.0000000000
50187  21.249  -43.423  71.082 0.0000000000
51420  21.881  -43.093  70.386 0.0000000000
44449  16.233  -46.720  77.191 0.0000000000
44473  15.250  -46.552  76.452 0.0000000000
44433  14.867  -46.519  78.386 0.0000000000
75990  47.223  -22.241  61.691 0.0000000000
74633  44.496  -22.610  63.690 0.0000000000
74617  42.734  -23.703  64.118 0.0000000000
75831  42.928  -24.786  68.440 0.0000000000
74554  42.704  -25.318  67.234 0.0000000000
73217  42.889  -26.062  68.483 0.0000000000
74529  42.489  -26.043  67.602 0.0000000000
74555  42.226  -25.799  67.074 0.0000000000
73291  41.841  -26.342  65.737 0.0000000000
73321  41.623  -27.420  65.186 0.0000000000
71947  41.981  -28.260  64.769 0.0000000000
71963  42.846  -28.510  64.012 0.0000000000
70581  44.626  -30.293  63.917 0.0000000000
69243  45.505  -30.663  63.606 0.0000000000
71902  45.732  -28.850  66.269 0.0000000000
70550  45.852  -29.205  65.772 0.0000000000
69214  46.344  -29.868  65.852 0.0000000000
70560  46.106  -29.700  65.467 0.0000000000
69224  45.787  -29.926  64.785 0.0000000000
67947  45.812  -30.785  63.877 0.0000000000
67957  45.805  -30.950  63.393 0.0000000000
64007  45.405  -32.277  63.060 0.0000000000
61214  43.821  -33.053  77.359 0.0000000000
61226  43.893  -33.442  77.048 0.0000000000
61225  44.503  -32.600  77.174 0.0000000000
62493  46.303  -31.104  75.753 0.0000000000
62539  41.148  -32.773  73.731 0.0000000000
62527  42.915  -32.802  74.161 0.0000000000
63849  43.533  -31.960  73.633 0.0000000000
62526  43.870  -32.328  74.265 0.0000000000
62510  43.985  -32.497  75.090 0.0000000000
62499  45.563  -31.398  75.288 0.0000000000
62498  46.736  -31.218  74.918 0.0000000000
62522  47.267  -31.769  72.977 0.0000000000
63846  47.805  -31.641  73.029 0.0000000000
63858  48.151  -31.456  72.852 0.0000000000
65191  48.572  -30.891  72.004 0.0000000000
65202  48.437  -30.675  71.153 0.0000000000
65203  48.188  -31.018  71.010 0.0000000000
63902  47.664  -31.304  70.164 0.0000000000
63918  47.192  -31.378  69.386 0.0000000000
62577  46.596  -31.655  69.790 0.0000000000
63904  46.499  -31.545  69.321 0.0000000000
63919  46.655  -31.489  68.790 0.0000000000
63934  45.972  -31.898  67.918 0.0000000000
63949  45.318  -31.779  67.010 0.0000000000
62581  44.275  -31.637  68.222 0.0000000000
62594  44.262  -31.578  67.192 0.0000000000
62593  44.658  -32.062  67.969 0.0000000000
62611  44.978  -32.283  67.588 0.0000000000
62647  45.124  -31.769  66.503 0.0000000000
62648  44.704  -32.027  65.624 0.0000000000
62650  43.982  -32.931  64.672 0.0000000000
62665  43.982  -32.819  64.089 0.0000000000
62664  44.296  -32.741  63.954 0.0000000000
76013  46.180  -22.448  60.573 0.0000000000
75993  44.781  -22.615  60.806 0.0000000000
77223  43.965  -21.791  59.126 0.0000000000
78495  43.063  -22.439  58.008 0.0000000000
77241  42.605  -22.458  57.643 0.0000000000
75996  41.769  -23.461  59.593 0.0000000000
75997  40.978  -23.605  59.086 0.0000000000
76018  41.895  -23.495  58.600 0.0000000000
77226  42.123  -23.360  58.018 0.0000000000
77242  41.988  -23.021  57.599 0.0000000000
43055  15.429  -46.717  78.485 0.0000000000
45844  22.364  -45.384  77.795 0.0000000000
48757  24.940  -43.406  76.186 0.0000000000
50154  22.644  -42.964  74.108 0.0000000000
51341  25.997  -42.091  75.999 0.0000000000
51372  23.288  -42.288  72.801 0.0000000000
51404  24.064  -41.788  72.744 0.0000000000
52464  28.700  -40.641  78.821 0.0000000000
52477  28.592  -40.404  78.349 0.0000000000
52520  27.060  -40.584  74.791 0.0000000000
52534  23.496  -42.170  72.804 0.0000000000
52535  23.360  -42.118  72.641 0.0000000000
52551  23.093  -42.001  72.378 0.0000000000
52552  22.571  -42.039  72.158 0.0000000000
52563  27.703  -40.336  72.763 0.0000000000
52569  22.778  -41.774  71.978 0.0000000000
53733  23.328  -41.764  72.247 0.0000000000
53752  27.111  -39.710  71.624 0.0000000000
53753  23.453  -41.559  71.949 0.0000000000
53754  22.972  -41.580  71.523 0.0000000000
53772  23.134  -41.493  70.823 0.0000000000
53773  22.848  -41.798  70.516 0.0000000000
53785  27.399  -39.457  70.217 0.0000000000
54953  28.227  -39.025  74.176 0.0000000000
55032  27.395  -39.407  69.895 0.0000000000
57386  31.690  -36.655  77.906 0.0000000000
57396  30.895  -36.985  77.169 0.0000000000
57422  29.796  -37.173  74.727 0.0000000000
58604  41.357  -34.400  76.801 0.0000000000
58605  41.051  -34.672  76.862 0.0000000000
58607  39.441  -35.587  76.796 0.0000000000
58625  40.726  -34.670  76.470 0.0000000000
58649  41.147  -34.406  76.199 0.0000000000
58684  30.352  -36.341  74.651 0.0000000000
58700  39.821  -34.225  74.439 0.0000000000
58747  38.769  -34.085  72.322 0.0000000000
58765  37.792  -34.795  71.045 0.0000000000
58769  34.840  -34.632  71.788 0.0000000000
58783  36.272  -34.582  70.582 0.0000000000
59889  41.336  -33.504  78.053 0.0000000000
59904  42.914  -33.550  77.413 0.0000000000
59925  41.784  -33.884  77.212 0.0000000000
59926  41.244  -34.213  77.443 0.0000000000
59940  43.784  -33.962  76.973 0.0000000000
59945  40.983  -34.664  77.260 0.0000000000
59952  42.963  -33.776  76.156 0.0000000000
59965  41.466  -34.135  75.785 0.0000000000
59987  40.351  -33.918  74.471 0.0000000000
60005  34.120  -34.584  72.686 0.0000000000
60008  30.832  -35.423  72.655 0.0000000000
60027  39.136  -33.884  72.573 0.0000000000
60032  30.393  -35.477  72.091 0.0000000000
60053  38.299  -34.759  70.901 0.0000000000
60057  30.225  -35.525  71.492 0.0000000000
60077  37.970  -34.635  70.298 0.0000000000
60078  37.380  -34.709  70.012 0.0000000000
60098  36.892  -34.437  69.551 0.0000000000
60124  36.462  -33.944  68.811 0.0000000000
60153  34.156  -33.546  67.157 0.0000000000
61201  41.681  -33.370  78.081 0.0000000000
61215  43.284  -33.395  77.427 0.0000000000
61227  43.731  -33.765  76.888 0.0000000000
61236  43.835  -33.281  76.700 0.0000000000
61242  44.015  -32.620  76.450 0.0000000000
61244  43.353  -33.513  75.856 0.0000000000
61245  42.968  -33.688  75.616 0.0000000000
61266  40.970  -33.273  74.320 0.0000000000
61288  39.602  -33.510  72.772 0.0000000000
61289  39.087  -33.562  72.112 0.0000000000
61304  38.684  -34.220  70.837 0.0000000000
61321  38.444  -33.311  70.973 0.0000000000
61340  37.615  -33.709  69.431 0.0000000000
61343  31.171  -34.484  68.693 0.0000000000
62436  43.132  -32.064  79.925 0.0000000000
62501  43.858  -32.545  75.738 0.0000000000
62511  43.388  -33.265  74.627 0.0000000000
62528  41.872  -32.499  74.182 0.0000000000
62547  46.963  -31.350  70.893 0.0000000000
62551  40.014  -33.043  72.829 0.0000000000
62576  46.828  -31.808  69.916 0.0000000000
62583  38.429  -32.829  70.603 0.0000000000
62596  37.706  -32.897  69.320 0.0000000000
62598  30.736  -34.556  68.228 0.0000000000
62628  45.188  -32.084  67.268 0.0000000000
62634  30.531  -34.612  67.476 0.0000000000
62635  30.302  -34.841  67.530 0.0000000000
63845  48.052  -31.482  73.621 0.0000000000
63860  44.827  -31.558  73.041 0.0000000000
63887  47.836  -31.227  71.088 0.0000000000
63893  40.587  -32.613  71.836 0.0000000000
63922  43.025  -31.087  68.183 0.0000000000
63953  37.198  -31.897  67.258 0.0000000000
63965  45.833  -31.395  65.726 0.0000000000
65186  41.178  -32.636  72.553 0.0000000000
65204  42.896  -31.048  71.100 0.0000000000
65207  40.095  -31.815  70.805 0.0000000000
65214  48.402  -30.547  70.737 0.0000000000
65218  40.040  -31.452  70.083 0.0000000000
65227  47.090  -31.260  68.947 0.0000000000
65240  37.788  -31.652  67.791 0.0000000000
66541  40.496  -31.576  70.708 0.0000000000
66549  48.350  -30.362  70.443 0.0000000000
66559  41.596  -31.187  67.901 0.0000000000
66560  41.076  -31.059  68.177 0.0000000000
66578  39.633  -30.750  67.807 0.0000000000
66596  41.136  -30.693  66.792 0.0000000000
66635  46.386  -30.794  65.514 0.0000000000
66636  46.282  -30.869  64.863 0.0000000000
66663  45.733  -31.143  63.248 0.0000000000
67948  45.712  -30.741  63.718 0.0000000000
69204  47.223  -29.732  67.404 0.0000000000
69233  44.912  -30.352  64.068 0.0000000000
70496  48.174  -29.349  70.669 0.0000000000
70510  48.216  -29.417  70.104 0.0000000000
70522  47.513  -28.852  68.468 0.0000000000
70530  47.620  -29.236  68.334 0.0000000000
70539  47.091  -29.302  67.296 0.0000000000
70561  45.647  -29.571  65.221 0.0000000000
71810  46.358  -28.328  70.489 0.0000000000
71855  48.090  -28.609  69.175 0.0000000000
71874  46.048  -28.195  68.170 0.0000000000
71923  45.579  -29.203  65.705 0.0000000000
73244  42.487  -26.289  67.421 0.0000000000
73264  45.575  -28.202  67.861 0.0000000000
73307  41.573  -26.502  65.323 0.0000000000
73338  39.461  -25.759  62.481 0.0000000000
73352  39.378  -25.626  62.143 0.0000000000
74638  39.568  -25.458  62.254 0.0000000000
74652  39.492  -25.428  62.034 0.0000000000
75860  42.731  -25.225  66.956 0.0000000000
75915  41.597  -24.832  65.385 0.0000000000
77187  47.711  -22.109  61.683 0.0000000000
77203  43.162  -22.160  58.430 0.0000000000
77204  43.096  -22.371  58.361 0.0000000000
78461  43.225  -22.192  58.753 0.0000000000
78462  43.269  -22.350  58.731 0.0000000000
78478  43.266  -22.128  58.620 0.0000000000
78479  43.252  -22.459  58.418 0.0000000000
78494  43.305  -22.217  58.384 0.0000000000
78524  43.227  -20.531  56.943 0.0000000000
79668  48.983  -21.224  61.004 0.0000000000
80903  44.593  -19.869  57.384 0.0000000000
82072  46.777  -18.540  57.222 0.0000000000
82092  43.757  -19.137  55.955 0.0000000000
82094  42.578  -19.771  55.432 0.0000000000
83311  49.305  -17.222  58.963 0.0000000000
83380  46.483  -17.134  55.995 0.0000000000
84597  51.702  -17.294  61.378 0.0000000000
84616  49.507  -17.457  59.457 0.0000000000
84660  49.373  -15.758  56.538 0.0000000000
84661  47.848  -16.899  56.574 0.0000000000
85805  48.498  -16.268  56.221 0.0000000000
85806  48.033  -16.325  55.945 0.0000000000
85825  47.921  -16.101  55.607 0.0000000000
85841  47.536  -15.695  54.968 0.0000000000
85842  47.795  -15.796  55.261 0.0000000000
85857  47.006  -15.528  53.905 0.0000000000
85879  45.877  -15.685  53.347 0.0000000000
86968  50.430  -14.516  55.999 0.0000000000
86969  48.596  -15.403  55.322 0.0000000000
86970  48.234  -15.715  55.372 0.0000000000
86971  48.020  -15.850  55.379 0.0000000000
86978  52.049  -13.638  55.576 0.0000000000
86982  48.538  -14.940  54.765 0.0000000000
86983  48.126  -15.357  54.864 0.0000000000
86998  48.363  -14.744  54.345 0.0000000000
88115  48.352  -14.878  54.554 0.0000000000
88116  48.344  -15.042  54.700 0.0000000000
88129  48.262  -14.827  54.404 0.0000000000
88130  48.159  -15.041  54.547 0.0000000000
88147  51.095  -13.390  53.625 0.0000000000
88177  49.476  -12.905  51.925 0.0000000000
89312  54.898  -11.288  53.046 0.0000000000
91652  55.786  -9.727  51.053 0.0000000000
96581  62.177  -5.367  46.722 0.0000000000
99072  61.171  -4.674  48.052 0.0000000000
99090  56.742  -5.970  48.755 0.0000000000
99107  57.323  -5.657  47.665 0.0000000000
