#!ascii label  , from subject 4102 vox2ras=TkReg
988
75030  -35.193  -37.390  47.697 0.0000000000
68864  -18.437  -42.224  48.914 0.0000000000
67714  -28.003  -42.788  47.036 0.0000000000
99875  -45.256  -16.288  31.399 0.0000000000
103517  -53.965  -12.980  27.304 0.0000000000
65369  -12.459  -44.129  55.253 0.0000000000
97334  -45.195  -17.665  35.712 0.0000000000
77521  -37.964  -35.621  45.912 0.0000000000
70162  -31.900  -40.833  46.782 0.0000000000
66607  -14.673  -43.561  51.218 0.0000000000
61752  -15.663  -48.223  55.595 0.0000000000
76322  -29.859  -35.140  44.123 0.0000000000
77576  -31.901  -34.293  42.433 0.0000000000
68884  -22.269  -41.988  48.051 0.0000000000
73948  -27.528  -37.895  43.569 0.0000000000
89948  -39.337  -23.844  35.181 0.0000000000
93710  -44.124  -21.647  35.348 0.0000000000
94967  -45.867  -21.547  33.585 0.0000000000
58124  -8.814  -50.654  57.694 0.0000000000
58085  -5.910  -50.875  61.027 0.0000000000
82431  -32.471  -31.713  40.599 0.0000000000
85217  -32.992  -28.882  38.193 0.0000000000
87436  -36.406  -26.530  35.634 0.0000000000
58153  -13.176  -51.088  55.838 0.0000000000
66590  -18.128  -44.372  52.356 0.0000000000
67635  -20.257  -43.593  51.689 0.0000000000
72752  -33.411  -38.816  46.989 0.0000000000
70097  -16.768  -39.463  49.480 0.0000000000
67668  -16.256  -42.945  49.730 0.0000000000
65417  -16.531  -45.520  51.835 0.0000000000
78732  -28.741  -33.401  47.161 0.0000000000
75086  -28.763  -35.995  43.334 0.0000000000
93706  -38.377  -20.038  34.646 0.0000000000
92334  -41.884  -22.495  34.156 0.0000000000
94916  -42.374  -19.127  34.258 0.0000000000
96138  -44.185  -20.108  34.683 0.0000000000
96165  -43.528  -19.706  31.745 0.0000000000
96169  -47.786  -20.380  30.729 0.0000000000
97418  -46.663  -18.248  29.445 0.0000000000
98677  -49.384  -17.189  29.100 0.0000000000
81157  -32.720  -31.377  44.434 0.0000000000
78810  -33.566  -33.253  41.055 0.0000000000
82401  -31.669  -30.340  43.355 0.0000000000
87381  -30.926  -27.212  39.870 0.0000000000
88621  -32.613  -25.789  38.556 0.0000000000
86312  -34.587  -28.021  36.765 0.0000000000
88672  -34.658  -25.100  36.760 0.0000000000
91111  -35.777  -22.868  36.595 0.0000000000
67711  -24.808  -42.974  47.602 0.0000000000
60585  -10.828  -48.809  56.085 0.0000000000
61761  -11.839  -48.105  54.425 0.0000000000
54248  -3.836  -53.801  61.481 0.0000000000
54231  -2.504  -53.734  63.621 0.0000000000
97315  -43.874  -17.490  36.070 0.0000000000
78775  -38.983  -33.931  44.037 0.0000000000
68913  -30.077  -41.730  45.834 0.0000000000
65401  -13.273  -44.679  52.962 0.0000000000
61779  -13.556  -47.394  53.234 0.0000000000
64159  -15.333  -46.330  52.421 0.0000000000
104675  -55.933  -12.361  26.377 0.0000000000
75065  -32.931  -36.969  45.745 0.0000000000
76301  -33.423  -35.586  44.995 0.0000000000
77557  -31.059  -34.151  43.529 0.0000000000
71430  -18.315  -39.731  47.567 0.0000000000
68866  -20.282  -41.886  48.580 0.0000000000
71433  -20.812  -39.084  46.722 0.0000000000
68906  -23.008  -40.931  46.432 0.0000000000
68920  -25.680  -41.609  44.943 0.0000000000
71463  -25.986  -39.476  44.766 0.0000000000
70190  -27.709  -40.792  43.849 0.0000000000
71473  -29.942  -39.622  44.090 0.0000000000
73939  -30.825  -37.278  44.585 0.0000000000
87416  -40.771  -26.448  36.991 0.0000000000
96113  -44.221  -18.627  35.550 0.0000000000
93734  -45.574  -21.455  35.139 0.0000000000
99935  -51.660  -15.661  28.309 0.0000000000
58112  -7.169  -50.596  59.194 0.0000000000
54273  -5.485  -53.939  59.367 0.0000000000
77560  -34.727  -34.954  43.965 0.0000000000
78802  -36.429  -33.629  42.628 0.0000000000
81177  -37.002  -32.253  42.317 0.0000000000
85180  -30.853  -28.712  41.334 0.0000000000
83879  -32.619  -30.444  39.513 0.0000000000
83836  -37.163  -31.314  41.571 0.0000000000
83883  -37.603  -30.876  40.095 0.0000000000
83911  -38.318  -30.018  37.930 0.0000000000
85234  -39.739  -28.390  37.394 0.0000000000
88697  -37.606  -25.066  35.255 0.0000000000
92309  -36.786  -21.224  36.340 0.0000000000
68828  -21.768  -43.979  50.254 0.0000000000
60556  -9.759  -48.635  57.669 0.0000000000
58139  -10.518  -51.293  56.620 0.0000000000
60586  -14.689  -49.497  55.319 0.0000000000
54229  -0.965  -53.617  64.228 0.0000000000
66610  -18.467  -44.089  50.983 0.0000000000
66591  -18.972  -43.867  52.003 0.0000000000
67671  -19.372  -43.001  50.058 0.0000000000
73897  -34.395  -38.414  47.598 0.0000000000
68879  -16.909  -41.100  48.365 0.0000000000
68844  -15.850  -41.618  49.665 0.0000000000
67686  -16.935  -42.507  49.095 0.0000000000
66626  -17.771  -44.008  50.112 0.0000000000
96108  -39.693  -18.346  36.615 0.0000000000
94928  -40.446  -19.789  33.394 0.0000000000
96109  -40.757  -17.966  36.027 0.0000000000
98615  -44.455  -16.963  33.321 0.0000000000
97379  -42.799  -18.499  32.600 0.0000000000
98655  -43.927  -17.724  30.965 0.0000000000
97403  -45.437  -18.638  30.062 0.0000000000
99908  -45.579  -17.014  29.991 0.0000000000
99918  -46.834  -16.678  29.577 0.0000000000
82402  -31.888  -30.756  43.706 0.0000000000
88594  -32.770  -25.178  39.827 0.0000000000
88647  -33.662  -25.654  37.832 0.0000000000
88648  -34.019  -23.998  38.560 0.0000000000
89887  -34.585  -22.987  39.179 0.0000000000
67720  -26.061  -42.813  46.581 0.0000000000
67703  -26.349  -43.615  48.186 0.0000000000
67704  -27.519  -43.742  47.896 0.0000000000
62931  -11.286  -46.513  55.658 0.0000000000
64145  -12.171  -46.526  54.153 0.0000000000
102391  -53.305  -13.884  27.002 0.0000000000
54239  -3.329  -53.793  62.563 0.0000000000
76256  -38.155  -35.940  46.882 0.0000000000
78756  -38.309  -34.833  44.539 0.0000000000
70161  -31.207  -41.221  46.326 0.0000000000
68889  -31.597  -41.724  47.786 0.0000000000
67633  -14.820  -42.517  51.647 0.0000000000
67618  -14.257  -42.221  52.868 0.0000000000
67617  -13.892  -42.803  53.227 0.0000000000
66588  -14.010  -43.872  52.497 0.0000000000
64158  -14.183  -45.872  52.343 0.0000000000
64169  -14.878  -45.670  51.921 0.0000000000
64148  -17.851  -46.041  54.165 0.0000000000
64147  -17.123  -46.420  54.002 0.0000000000
76299  -31.387  -35.749  44.738 0.0000000000
76300  -32.363  -35.674  44.960 0.0000000000
76323  -30.717  -34.987  44.154 0.0000000000
72744  -19.072  -38.753  47.420 0.0000000000
71432  -19.809  -39.254  47.062 0.0000000000
72745  -20.091  -38.131  47.170 0.0000000000
71449  -22.457  -39.098  46.023 0.0000000000
70169  -23.812  -39.935  45.264 0.0000000000
68918  -24.138  -40.576  45.259 0.0000000000
70177  -24.378  -40.340  45.050 0.0000000000
72774  -27.694  -38.012  45.161 0.0000000000
71471  -26.609  -38.878  44.172 0.0000000000
70210  -26.474  -39.965  43.547 0.0000000000
71487  -27.688  -39.520  43.100 0.0000000000
70191  -28.773  -40.530  43.620 0.0000000000
72795  -29.018  -38.753  43.098 0.0000000000
76321  -29.091  -35.326  43.777 0.0000000000
73950  -30.359  -37.698  43.982 0.0000000000
75075  -30.625  -36.740  44.452 0.0000000000
73940  -31.900  -37.751  45.495 0.0000000000
88699  -39.577  -25.367  35.687 0.0000000000
88674  -41.030  -25.562  36.429 0.0000000000
89933  -40.429  -24.694  35.709 0.0000000000
93708  -42.972  -21.975  35.021 0.0000000000
92312  -42.863  -22.951  36.283 0.0000000000
97316  -44.775  -17.508  35.922 0.0000000000
96112  -43.935  -18.114  34.859 0.0000000000
96114  -44.550  -18.843  35.252 0.0000000000
94966  -44.256  -21.436  34.056 0.0000000000
94946  -44.708  -21.159  34.975 0.0000000000
93750  -46.412  -21.536  34.682 0.0000000000
93735  -46.688  -21.634  35.339 0.0000000000
99922  -51.080  -16.383  28.572 0.0000000000
99934  -50.882  -15.561  28.500 0.0000000000
101202  -51.446  -14.896  28.300 0.0000000000
59388  -8.902  -49.196  58.650 0.0000000000
59386  -7.825  -50.012  58.943 0.0000000000
58123  -7.960  -50.672  58.351 0.0000000000
53066  -6.862  -54.840  59.148 0.0000000000
51841  -5.295  -56.002  60.538 0.0000000000
77559  -33.560  -34.938  43.981 0.0000000000
77536  -34.223  -35.324  44.583 0.0000000000
77577  -33.223  -34.735  42.854 0.0000000000
80007  -33.996  -32.974  40.772 0.0000000000
78812  -34.758  -33.656  41.524 0.0000000000
80008  -35.074  -33.032  41.269 0.0000000000
79998  -36.490  -33.050  42.234 0.0000000000
81183  -35.311  -32.305  41.116 0.0000000000
86267  -29.981  -27.458  42.691 0.0000000000
85216  -32.221  -28.590  38.486 0.0000000000
85193  -31.309  -29.217  39.653 0.0000000000
85195  -33.208  -30.024  39.181 0.0000000000
83881  -34.926  -30.115  40.193 0.0000000000
85208  -34.467  -29.955  39.513 0.0000000000
83882  -36.154  -31.117  39.946 0.0000000000
83897  -35.106  -30.029  39.155 0.0000000000
86325  -35.607  -27.911  36.337 0.0000000000
85231  -36.609  -29.129  36.801 0.0000000000
85241  -36.648  -28.410  36.424 0.0000000000
85220  -38.881  -29.288  37.573 0.0000000000
86327  -37.504  -27.431  36.028 0.0000000000
86328  -38.630  -27.191  35.941 0.0000000000
87437  -37.507  -26.313  35.442 0.0000000000
91095  -36.008  -21.294  38.511 0.0000000000
91112  -36.098  -21.584  36.859 0.0000000000
91113  -36.486  -20.889  37.969 0.0000000000
70118  -21.578  -42.046  48.229 0.0000000000
68848  -21.299  -42.760  49.458 0.0000000000
68849  -22.192  -43.297  49.566 0.0000000000
59451  -11.153  -49.588  55.651 0.0000000000
59431  -10.620  -49.582  56.289 0.0000000000
56835  -11.887  -51.665  56.307 0.0000000000
61762  -14.789  -48.255  54.131 0.0000000000
60621  -14.080  -48.516  53.950 0.0000000000
60587  -15.096  -48.920  55.454 0.0000000000
65404  -18.658  -45.181  53.922 0.0000000000
66573  -18.988  -44.539  53.499 0.0000000000
66574  -20.016  -44.534  53.216 0.0000000000
67621  -21.311  -44.204  52.767 0.0000000000
71457  -32.656  -39.452  46.445 0.0000000000
70163  -32.572  -40.487  47.240 0.0000000000
71378  -16.331  -39.473  50.602 0.0000000000
68823  -15.277  -41.933  50.820 0.0000000000
66623  -15.242  -43.742  50.557 0.0000000000
65428  -15.073  -44.459  50.902 0.0000000000
66608  -16.573  -44.402  50.471 0.0000000000
65418  -17.418  -45.070  52.075 0.0000000000
77534  -28.519  -33.569  45.016 0.0000000000
77535  -29.346  -33.247  44.775 0.0000000000
73938  -27.543  -37.291  44.841 0.0000000000
73949  -27.613  -37.169  43.618 0.0000000000
77533  -27.985  -34.642  44.597 0.0000000000
92331  -38.302  -22.080  34.706 0.0000000000
91136  -40.239  -22.968  34.934 0.0000000000
93729  -40.086  -20.976  33.815 0.0000000000
94929  -42.004  -19.947  33.126 0.0000000000
94930  -42.472  -20.298  34.362 0.0000000000
97365  -44.939  -19.414  35.211 0.0000000000
97363  -42.882  -18.796  34.381 0.0000000000
94964  -42.505  -20.639  32.858 0.0000000000
95002  -44.734  -20.770  32.005 0.0000000000
95004  -47.249  -20.867  31.663 0.0000000000
96168  -46.574  -20.381  30.848 0.0000000000
96186  -47.098  -19.594  30.063 0.0000000000
97406  -48.924  -19.197  29.610 0.0000000000
98676  -48.118  -17.258  29.260 0.0000000000
99920  -48.760  -16.188  29.161 0.0000000000
55479  -9.536  -52.089  57.180 0.0000000000
55466  -8.236  -52.746  57.880 0.0000000000
54286  -8.964  -53.657  58.191 0.0000000000
79985  -31.987  -32.818  42.512 0.0000000000
77590  -32.351  -34.101  41.602 0.0000000000
79996  -32.392  -32.741  42.016 0.0000000000
81175  -32.430  -32.221  41.428 0.0000000000
82430  -31.630  -31.020  41.286 0.0000000000
87365  -30.697  -26.359  41.722 0.0000000000
88572  -31.988  -25.459  40.552 0.0000000000
87382  -31.634  -26.824  39.082 0.0000000000
86302  -32.249  -27.932  38.017 0.0000000000
85228  -33.533  -28.770  37.625 0.0000000000
87412  -33.258  -27.271  37.366 0.0000000000
87414  -34.661  -26.811  36.527 0.0000000000
87435  -35.432  -26.675  35.912 0.0000000000
88696  -36.097  -25.124  35.690 0.0000000000
88673  -35.272  -24.296  36.414 0.0000000000
68886  -23.507  -42.707  48.195 0.0000000000
67689  -23.774  -43.241  49.178 0.0000000000
67690  -24.829  -43.402  49.316 0.0000000000
61760  -11.414  -48.197  55.037 0.0000000000
59466  -12.565  -49.479  54.557 0.0000000000
56758  -5.023  -52.241  61.063 0.0000000000
56740  -5.432  -50.542  62.289 0.0000000000
56738  -4.140  -52.166  62.552 0.0000000000
56731  -4.043  -51.714  63.863 0.0000000000
55410  -2.942  -52.201  64.306 0.0000000000
81151  -39.866  -32.896  44.313 0.0000000000
68899  -28.739  -42.371  46.236 0.0000000000
67705  -28.826  -42.975  48.161 0.0000000000
66554  -13.560  -43.058  54.606 0.0000000000
65386  -12.853  -43.761  54.215 0.0000000000
64146  -12.462  -45.857  53.932 0.0000000000
64157  -13.177  -45.867  53.071 0.0000000000
61780  -14.273  -47.377  53.114 0.0000000000
62955  -15.683  -47.328  53.672 0.0000000000
64170  -15.736  -45.860  52.049 0.0000000000
62956  -16.446  -46.924  53.829 0.0000000000
61764  -16.119  -47.570  55.152 0.0000000000
104674  -55.187  -12.346  26.877 0.0000000000
75049  -34.158  -37.161  46.839 0.0000000000
75067  -34.197  -36.433  46.575 0.0000000000
76277  -32.958  -36.137  45.718 0.0000000000
76325  -32.671  -35.118  44.412 0.0000000000
77575  -31.218  -33.754  42.887 0.0000000000
78770  -29.916  -33.085  44.709 0.0000000000
78771  -30.460  -32.959  43.902 0.0000000000
78772  -30.828  -32.735  43.184 0.0000000000
79975  -32.141  -31.701  43.899 0.0000000000
68881  -18.032  -41.602  48.265 0.0000000000
68865  -19.351  -41.988  48.883 0.0000000000
70135  -19.162  -40.763  47.891 0.0000000000
70116  -20.583  -41.482  47.912 0.0000000000
70138  -21.892  -41.683  47.583 0.0000000000
71434  -21.747  -38.992  46.312 0.0000000000
70156  -21.789  -40.042  47.064 0.0000000000
70139  -22.457  -41.710  47.220 0.0000000000
68897  -23.905  -42.378  47.105 0.0000000000
68908  -25.046  -42.147  46.082 0.0000000000
68909  -26.313  -42.391  45.583 0.0000000000
71462  -25.324  -39.607  44.857 0.0000000000
70188  -25.743  -40.113  44.016 0.0000000000
68921  -26.716  -41.754  44.783 0.0000000000
68910  -27.393  -42.307  45.392 0.0000000000
68923  -28.683  -41.665  44.791 0.0000000000
70171  -30.073  -41.449  45.090 0.0000000000
70183  -30.956  -40.284  45.146 0.0000000000
73962  -29.391  -37.869  43.031 0.0000000000
72782  -30.196  -38.690  43.987 0.0000000000
71456  -32.009  -39.673  46.090 0.0000000000
72767  -32.476  -38.680  46.003 0.0000000000
73927  -32.976  -37.919  46.390 0.0000000000
71413  -17.267  -39.425  48.286 0.0000000000
91127  -41.650  -23.644  35.090 0.0000000000
96111  -43.097  -18.011  35.066 0.0000000000
94917  -42.859  -19.353  35.296 0.0000000000
94918  -43.315  -19.673  34.777 0.0000000000
96122  -44.470  -19.348  35.084 0.0000000000
94920  -44.577  -20.622  34.968 0.0000000000
93711  -44.784  -21.604  35.568 0.0000000000
93712  -45.582  -21.715  35.778 0.0000000000
99936  -52.494  -15.785  28.239 0.0000000000
101213  -52.836  -14.621  27.133 0.0000000000
103516  -53.156  -13.252  27.709 0.0000000000
59362  -7.278  -49.212  60.989 0.0000000000
58100  -6.302  -50.780  60.035 0.0000000000
55465  -7.384  -52.783  58.220 0.0000000000
56787  -6.364  -52.094  59.193 0.0000000000
55447  -5.426  -52.632  60.042 0.0000000000
54263  -4.700  -53.961  60.272 0.0000000000
76279  -34.847  -35.921  46.253 0.0000000000
76280  -36.061  -36.039  45.813 0.0000000000
77539  -36.966  -35.419  44.747 0.0000000000
77592  -34.228  -34.535  42.324 0.0000000000
77579  -35.491  -34.593  43.193 0.0000000000
78773  -37.131  -34.667  43.625 0.0000000000
78789  -37.722  -33.830  43.132 0.0000000000
79976  -38.694  -33.405  43.388 0.0000000000
81168  -38.664  -32.626  42.825 0.0000000000
83834  -31.193  -29.856  42.573 0.0000000000
83858  -31.962  -30.819  40.251 0.0000000000
86285  -30.565  -27.824  40.611 0.0000000000
83878  -31.614  -29.973  39.983 0.0000000000
83859  -33.251  -31.082  39.923 0.0000000000
83860  -34.569  -30.882  40.475 0.0000000000
83835  -36.453  -31.294  41.345 0.0000000000
83909  -35.823  -29.948  38.271 0.0000000000
83899  -37.952  -30.565  39.063 0.0000000000
86315  -39.683  -27.772  36.904 0.0000000000
87438  -38.837  -26.064  35.540 0.0000000000
89931  -38.657  -24.516  35.309 0.0000000000
89930  -36.610  -24.099  35.596 0.0000000000
91133  -37.634  -23.239  35.282 0.0000000000
92330  -37.587  -22.380  35.225 0.0000000000
92319  -37.438  -21.104  35.590 0.0000000000
94903  -38.924  -19.688  37.374 0.0000000000
68825  -20.235  -42.854  49.909 0.0000000000
67653  -20.735  -43.381  51.009 0.0000000000
67656  -23.589  -43.775  50.986 0.0000000000
59403  -9.349  -49.453  57.889 0.0000000000
60570  -10.290  -48.660  56.945 0.0000000000
59415  -10.067  -49.593  57.234 0.0000000000
58138  -9.860  -50.635  57.152 0.0000000000
55481  -10.963  -52.606  57.088 0.0000000000
61777  -12.604  -47.345  53.632 0.0000000000
59467  -13.309  -49.381  54.380 0.0000000000
59432  -13.759  -50.724  55.644 0.0000000000
53021  -2.263  -54.818  63.882 0.0000000000
54230  -1.860  -53.707  64.060 0.0000000000
55408  -2.153  -51.955  64.993 0.0000000000
67670  -18.512  -43.235  49.793 0.0000000000
73898  -34.677  -38.159  47.884 0.0000000000
68863  -17.492  -42.028  48.646 0.0000000000
67687  -17.732  -42.706  49.113 0.0000000000
67669  -17.324  -43.303  49.529 0.0000000000
96097  -40.425  -18.252  37.641 0.0000000000
97312  -41.168  -18.031  37.289 0.0000000000
98635  -45.375  -16.374  32.575 0.0000000000
98634  -44.137  -16.954  32.012 0.0000000000
99874  -44.540  -16.740  30.926 0.0000000000
99890  -44.895  -17.167  30.400 0.0000000000
99891  -45.399  -16.531  30.470 0.0000000000
99892  -46.252  -16.130  30.791 0.0000000000
88622  -33.285  -24.613  39.094 0.0000000000
67713  -26.831  -42.981  47.334 0.0000000000
64131  -12.093  -45.107  55.034 0.0000000000
64130  -11.960  -46.120  54.915 0.0000000000
102392  -54.200  -14.079  26.752 0.0000000000
103524  -54.550  -13.066  26.548 0.0000000000
77503  -38.593  -35.728  46.213 0.0000000000
77522  -39.033  -35.223  45.778 0.0000000000
77541  -38.494  -35.221  45.312 0.0000000000
68902  -31.206  -41.589  46.978 0.0000000000
66589  -14.383  -43.224  52.149 0.0000000000
66606  -14.288  -43.944  51.744 0.0000000000
65415  -14.390  -44.841  51.845 0.0000000000
65427  -14.514  -44.221  51.341 0.0000000000
75088  -30.602  -35.770  44.378 0.0000000000
71451  -24.080  -38.866  45.651 0.0000000000
71450  -23.145  -39.158  45.687 0.0000000000
70170  -24.430  -39.467  45.227 0.0000000000
72773  -27.273  -38.177  44.478 0.0000000000
72780  -27.191  -38.559  43.622 0.0000000000
72793  -27.488  -38.916  43.188 0.0000000000
72794  -28.109  -38.819  42.968 0.0000000000
75087  -30.105  -36.429  43.871 0.0000000000
75076  -30.952  -36.579  44.880 0.0000000000
89932  -39.211  -24.600  35.291 0.0000000000
89949  -40.029  -23.668  35.164 0.0000000000
93709  -43.492  -21.878  35.283 0.0000000000
93686  -44.638  -21.890  36.482 0.0000000000
97317  -45.388  -17.621  36.098 0.0000000000
93760  -45.438  -21.603  34.148 0.0000000000
93761  -46.263  -21.546  34.152 0.0000000000
93762  -46.921  -21.534  34.256 0.0000000000
101201  -50.742  -14.926  28.645 0.0000000000
59402  -8.786  -49.754  58.206 0.0000000000
59401  -8.271  -50.015  58.383 0.0000000000
81181  -33.377  -32.366  40.591 0.0000000000
81182  -34.595  -32.327  40.724 0.0000000000
82432  -33.977  -31.630  40.493 0.0000000000
85206  -32.648  -29.348  38.745 0.0000000000
85207  -33.824  -29.680  38.934 0.0000000000
83896  -34.319  -29.843  38.580 0.0000000000
86326  -36.476  -27.527  36.084 0.0000000000
86313  -37.769  -28.161  36.377 0.0000000000
68868  -22.062  -42.278  48.609 0.0000000000
58169  -12.360  -50.615  55.328 0.0000000000
58168  -11.498  -50.356  55.574 0.0000000000
58152  -12.052  -51.126  55.803 0.0000000000
56836  -12.777  -51.683  56.309 0.0000000000
60606  -15.151  -48.441  54.860 0.0000000000
58086  -6.432  -49.982  61.161 0.0000000000
58072  -6.240  -49.808  62.048 0.0000000000
76255  -37.100  -36.172  47.101 0.0000000000
66572  -18.325  -44.575  53.093 0.0000000000
67634  -19.635  -43.584  51.544 0.0000000000
67619  -19.696  -44.114  52.330 0.0000000000
67620  -20.503  -44.253  52.451 0.0000000000
71442  -32.991  -39.725  47.159 0.0000000000
71379  -17.053  -39.056  50.159 0.0000000000
70096  -16.242  -40.093  49.907 0.0000000000
67685  -16.347  -42.217  49.208 0.0000000000
68843  -15.579  -42.540  50.212 0.0000000000
67667  -15.615  -43.240  50.276 0.0000000000
66624  -15.926  -44.021  50.242 0.0000000000
66609  -17.341  -44.564  50.990 0.0000000000
65403  -18.019  -45.137  53.306 0.0000000000
78751  -28.741  -33.225  46.239 0.0000000000
75074  -27.550  -36.244  45.248 0.0000000000
77518  -27.976  -34.038  46.536 0.0000000000
77517  -27.843  -34.270  45.447 0.0000000000
92321  -38.722  -20.798  34.421 0.0000000000
92332  -39.341  -21.754  34.395 0.0000000000
93707  -38.970  -20.379  33.981 0.0000000000
94915  -41.168  -18.512  34.111 0.0000000000
97350  -43.999  -17.901  34.887 0.0000000000
97349  -42.953  -18.024  34.428 0.0000000000
97393  -43.070  -18.983  31.987 0.0000000000
96149  -42.600  -19.704  32.489 0.0000000000
95000  -43.092  -20.228  32.216 0.0000000000
94982  -43.823  -21.226  32.733 0.0000000000
95003  -45.983  -20.809  31.854 0.0000000000
96167  -45.441  -20.204  31.174 0.0000000000
97417  -46.064  -18.263  29.634 0.0000000000
97404  -46.364  -18.894  29.784 0.0000000000
97405  -47.068  -18.851  29.577 0.0000000000
97419  -47.611  -18.299  29.302 0.0000000000
97420  -48.869  -18.308  29.322 0.0000000000
99919  -47.455  -16.335  29.596 0.0000000000
79986  -32.061  -32.211  42.877 0.0000000000
81166  -32.260  -31.762  42.900 0.0000000000
82415  -32.179  -31.266  42.060 0.0000000000
82414  -31.639  -30.433  42.568 0.0000000000
88593  -32.079  -25.918  39.478 0.0000000000
87383  -32.120  -26.514  38.465 0.0000000000
87392  -31.926  -27.154  38.300 0.0000000000
87393  -32.516  -26.848  37.744 0.0000000000
86310  -32.972  -27.993  37.581 0.0000000000
87394  -33.246  -26.531  37.492 0.0000000000
88671  -34.297  -26.142  37.114 0.0000000000
67710  -24.006  -43.128  47.884 0.0000000000
67701  -24.454  -43.203  48.503 0.0000000000
67702  -25.368  -43.307  48.431 0.0000000000
66638  -26.582  -43.864  49.562 0.0000000000
67691  -25.915  -43.684  49.372 0.0000000000
62943  -11.708  -47.132  54.504 0.0000000000
62930  -11.234  -47.462  55.360 0.0000000000
62942  -11.491  -47.719  54.793 0.0000000000
60604  -11.912  -48.878  54.734 0.0000000000
55438  -4.153  -53.104  61.295 0.0000000000
56746  -4.196  -52.318  61.882 0.0000000000
55431  -3.941  -52.884  61.899 0.0000000000
54232  -3.043  -53.778  63.202 0.0000000000
55420  -3.654  -52.520  63.151 0.0000000000
55419  -3.126  -52.690  63.660 0.0000000000
56730  -3.374  -52.033  64.188 0.0000000000
78739  -39.744  -34.434  46.035 0.0000000000
78758  -39.828  -33.839  45.205 0.0000000000
79970  -40.016  -33.278  45.067 0.0000000000
79969  -39.676  -33.431  44.441 0.0000000000
68900  -29.540  -42.002  46.463 0.0000000000
67715  -28.994  -42.490  47.058 0.0000000000
68887  -29.736  -42.257  47.350 0.0000000000
67604  -13.852  -42.549  53.874 0.0000000000
66570  -13.467  -43.315  53.363 0.0000000000
65400  -12.883  -45.302  53.506 0.0000000000
64168  -14.482  -45.440  52.050 0.0000000000
62964  -14.862  -46.902  52.956 0.0000000000
65416  -15.416  -45.326  51.411 0.0000000000
64160  -16.488  -46.227  52.871 0.0000000000
62944  -16.176  -47.353  54.448 0.0000000000
75066  -33.570  -36.838  46.266 0.0000000000
76324  -31.743  -35.067  44.248 0.0000000000
77558  -32.341  -34.716  43.581 0.0000000000
78752  -29.574  -33.022  45.648 0.0000000000
78754  -32.044  -32.407  45.396 0.0000000000
79965  -31.271  -32.336  44.331 0.0000000000
79973  -30.926  -32.468  43.652 0.0000000000
79974  -31.522  -32.270  43.343 0.0000000000
70134  -18.148  -40.624  47.862 0.0000000000
68882  -18.797  -41.512  48.238 0.0000000000
70153  -18.739  -40.164  47.534 0.0000000000
70155  -20.538  -40.042  47.285 0.0000000000
70137  -20.941  -41.152  47.291 0.0000000000
70168  -22.756  -40.119  46.112 0.0000000000
70167  -22.180  -39.546  46.362 0.0000000000
70157  -22.385  -41.045  46.770 0.0000000000
68896  -23.020  -41.593  46.834 0.0000000000
68919  -24.748  -40.910  45.067 0.0000000000
71464  -26.891  -38.941  45.162 0.0000000000
71453  -26.286  -39.243  46.006 0.0000000000
70179  -25.432  -39.734  44.507 0.0000000000
70189  -26.701  -40.577  43.809 0.0000000000
68938  -27.010  -41.199  44.215 0.0000000000
68922  -27.776  -41.615  44.632 0.0000000000
68911  -28.347  -42.132  45.391 0.0000000000
70180  -28.474  -41.182  44.252 0.0000000000
71472  -29.297  -39.664  43.522 0.0000000000
70192  -29.592  -40.331  44.021 0.0000000000
70182  -30.285  -40.555  44.628 0.0000000000
75100  -28.269  -36.725  43.187 0.0000000000
75101  -29.190  -36.900  42.961 0.0000000000
72775  -31.140  -38.503  44.658 0.0000000000
71466  -31.483  -39.619  45.170 0.0000000000
72776  -32.056  -38.897  45.268 0.0000000000
73941  -32.536  -37.319  45.670 0.0000000000
73928  -33.750  -37.532  46.585 0.0000000000
72725  -18.005  -38.819  47.870 0.0000000000
72724  -17.464  -38.918  48.357 0.0000000000
71414  -17.679  -39.798  47.831 0.0000000000
87395  -40.896  -27.032  37.761 0.0000000000
88675  -41.841  -25.451  36.972 0.0000000000
88650  -42.023  -25.793  37.600 0.0000000000
92333  -40.872  -22.592  34.255 0.0000000000
91137  -40.871  -23.362  34.783 0.0000000000
97297  -43.679  -17.406  37.419 0.0000000000
97314  -42.885  -17.669  36.358 0.0000000000
94919  -44.267  -20.237  34.832 0.0000000000
96126  -44.773  -19.959  35.014 0.0000000000
94932  -44.889  -20.972  35.218 0.0000000000
93713  -47.073  -21.789  36.285 0.0000000000
98678  -50.523  -17.209  28.897 0.0000000000
99923  -52.003  -16.474  28.616 0.0000000000
102382  -51.823  -14.067  27.973 0.0000000000
101203  -52.181  -14.921  27.723 0.0000000000
102390  -52.488  -13.951  27.361 0.0000000000
59374  -7.551  -49.632  59.799 0.0000000000
58101  -6.930  -49.948  60.350 0.0000000000
58111  -6.700  -51.126  59.336 0.0000000000
54285  -8.042  -53.504  58.198 0.0000000000
56803  -7.632  -52.026  58.112 0.0000000000
54274  -6.109  -53.756  58.932 0.0000000000
55453  -5.959  -52.705  59.313 0.0000000000
54265  -5.546  -53.301  59.439 0.0000000000
55446  -5.046  -52.974  60.434 0.0000000000
54264  -5.147  -53.647  59.948 0.0000000000
51835  -4.613  -56.068  61.441 0.0000000000
76278  -33.820  -35.877  46.057 0.0000000000
76302  -34.414  -35.762  45.293 0.0000000000
77537  -35.042  -35.494  44.618 0.0000000000
77538  -36.045  -35.611  44.761 0.0000000000
77561  -35.701  -35.054  44.021 0.0000000000
78799  -33.048  -33.611  41.372 0.0000000000
77591  -33.132  -34.338  41.944 0.0000000000
78800  -34.141  -33.922  41.759 0.0000000000
78801  -35.486  -33.927  42.238 0.0000000000
78787  -35.853  -34.195  42.907 0.0000000000
77580  -36.149  -34.742  43.578 0.0000000000
78788  -36.619  -34.259  43.180 0.0000000000
78774  -37.918  -34.568  43.910 0.0000000000
81167  -37.594  -32.883  42.360 0.0000000000
79988  -38.008  -33.254  42.825 0.0000000000
81159  -39.044  -32.890  43.257 0.0000000000
81178  -37.873  -32.430  42.295 0.0000000000
85167  -30.287  -28.853  42.491 0.0000000000
83833  -30.734  -29.546  43.038 0.0000000000
83856  -30.986  -29.326  42.176 0.0000000000
83857  -31.347  -29.942  41.315 0.0000000000
87373  -30.647  -26.775  40.834 0.0000000000
86284  -30.428  -27.405  41.237 0.0000000000
86292  -30.786  -28.023  39.790 0.0000000000
85194  -32.096  -29.725  39.171 0.0000000000
83861  -36.043  -31.188  40.783 0.0000000000
82418  -38.104  -31.967  42.241 0.0000000000
85229  -34.360  -29.144  37.260 0.0000000000
83919  -35.302  -29.651  37.483 0.0000000000
83921  -37.334  -29.705  37.315 0.0000000000
83910  -37.019  -30.265  38.107 0.0000000000
85233  -39.107  -28.556  37.206 0.0000000000
83913  -40.136  -29.391  38.494 0.0000000000
85221  -40.094  -28.871  37.976 0.0000000000
86303  -40.058  -28.252  37.550 0.0000000000
86304  -40.574  -27.861  38.039 0.0000000000
88698  -38.624  -24.986  35.291 0.0000000000
88720  -38.045  -24.659  35.314 0.0000000000
89929  -35.780  -23.851  36.245 0.0000000000
92318  -36.899  -21.998  35.840 0.0000000000
91125  -36.702  -23.014  35.822 0.0000000000
92329  -37.198  -22.676  35.535 0.0000000000
93685  -38.272  -20.018  37.284 0.0000000000
68846  -19.849  -42.511  49.607 0.0000000000
68847  -20.565  -42.524  49.420 0.0000000000
68827  -21.243  -43.426  50.218 0.0000000000
68826  -20.650  -43.034  50.113 0.0000000000
67654  -21.363  -43.940  51.047 0.0000000000
67637  -21.871  -44.052  51.996 0.0000000000
67674  -24.197  -43.507  50.122 0.0000000000
67673  -23.086  -43.715  49.867 0.0000000000
67694  -28.890  -43.773  49.386 0.0000000000
62917  -10.861  -47.185  56.525 0.0000000000
61735  -10.170  -47.676  57.470 0.0000000000
61743  -10.578  -48.064  56.529 0.0000000000
58151  -10.839  -50.718  56.257 0.0000000000
59430  -10.404  -49.889  56.682 0.0000000000
58150  -10.320  -50.207  56.853 0.0000000000
56821  -10.374  -51.757  56.865 0.0000000000
62962  -12.865  -46.747  53.351 0.0000000000
62961  -12.673  -47.129  53.525 0.0000000000
61778  -12.915  -47.416  53.472 0.0000000000
59468  -13.939  -49.109  54.240 0.0000000000
59454  -14.125  -49.699  54.792 0.0000000000
59453  -13.249  -50.291  54.996 0.0000000000
59433  -14.472  -50.304  55.886 0.0000000000
55417  -1.711  -52.481  64.564 0.0000000000
55409  -2.503  -52.069  64.675 0.0000000000
67651  -19.208  -43.501  50.863 0.0000000000
72753  -33.789  -39.039  47.545 0.0000000000
70114  -16.387  -40.748  48.881 0.0000000000
68862  -16.660  -41.606  48.711 0.0000000000
66625  -16.844  -43.954  50.062 0.0000000000
77499  -28.580  -33.843  47.934 0.0000000000
94914  -39.189  -18.848  34.874 0.0000000000
96110  -42.091  -18.175  35.360 0.0000000000
98600  -43.037  -17.699  33.684 0.0000000000
98614  -43.307  -17.596  33.037 0.0000000000
98633  -43.228  -17.962  31.990 0.0000000000
97394  -43.715  -18.782  31.326 0.0000000000
96184  -44.958  -19.439  30.746 0.0000000000
97402  -44.428  -18.645  30.626 0.0000000000
98664  -44.885  -17.841  30.232 0.0000000000
98665  -45.741  -17.641  29.754 0.0000000000
98675  -46.751  -17.281  29.441 0.0000000000
98666  -46.054  -17.075  29.690 0.0000000000
99909  -46.345  -16.468  29.810 0.0000000000
82389  -32.341  -30.779  44.798 0.0000000000
83813  -31.658  -30.256  44.203 0.0000000000
88646  -32.971  -26.143  37.815 0.0000000000
89908  -34.327  -23.690  38.029 0.0000000000
89886  -34.179  -23.469  38.578 0.0000000000
67712  -25.816  -42.951  47.560 0.0000000000
67692  -26.861  -44.170  48.900 0.0000000000
101214  -53.635  -14.786  27.218 0.0000000000
54247  -3.518  -54.077  62.009 0.0000000000
54240  -3.588  -53.476  62.078 0.0000000000
78738  -39.296  -34.750  45.538 0.0000000000
78757  -38.933  -34.539  44.949 0.0000000000
68901  -30.468  -41.750  46.591 0.0000000000
68807  -15.598  -40.497  51.511 0.0000000000
68806  -15.145  -41.193  52.021 0.0000000000
68790  -15.013  -41.246  53.464 0.0000000000
66571  -14.039  -43.112  52.833 0.0000000000
65402  -17.188  -45.571  52.696 0.0000000000
64161  -17.358  -45.885  53.399 0.0000000000
64132  -17.539  -46.439  54.683 0.0000000000
75077  -32.127  -36.567  45.355 0.0000000000
72743  -18.546  -39.166  47.445 0.0000000000
71431  -18.980  -39.514  47.315 0.0000000000
72747  -22.345  -38.009  46.124 0.0000000000
72761  -22.782  -38.641  45.842 0.0000000000
68907  -23.827  -41.043  46.031 0.0000000000
72764  -27.454  -38.418  45.436 0.0000000000
70209  -26.198  -39.813  43.737 0.0000000000
71486  -26.845  -39.353  43.431 0.0000000000
70211  -27.195  -40.146  43.301 0.0000000000
70212  -27.990  -40.202  43.222 0.0000000000
71488  -28.502  -39.594  43.172 0.0000000000
76320  -28.182  -35.349  43.920 0.0000000000
87440  -40.529  -25.966  36.433 0.0000000000
88700  -40.292  -25.544  36.151 0.0000000000
89911  -40.984  -25.039  36.204 0.0000000000
89912  -41.500  -24.914  36.283 0.0000000000
92323  -42.473  -22.886  35.285 0.0000000000
97298  -44.722  -17.643  37.218 0.0000000000
93749  -45.409  -21.474  34.573 0.0000000000
93751  -47.503  -21.598  34.553 0.0000000000
99921  -49.998  -16.039  28.609 0.0000000000
59387  -8.275  -49.308  59.089 0.0000000000
56789  -7.565  -51.306  58.385 0.0000000000
53056  -5.143  -54.814  60.144 0.0000000000
77578  -34.363  -34.822  43.134 0.0000000000
80006  -33.046  -32.927  41.050 0.0000000000
78811  -34.132  -33.475  41.195 0.0000000000
79997  -35.738  -33.043  41.865 0.0000000000
81176  -35.872  -32.259  41.735 0.0000000000
82416  -35.915  -31.758  41.550 0.0000000000
85179  -30.329  -28.253  41.876 0.0000000000
86293  -31.287  -27.853  39.268 0.0000000000
85204  -31.114  -28.525  39.505 0.0000000000
85205  -31.710  -28.759  38.984 0.0000000000
83880  -33.793  -30.384  39.814 0.0000000000
85196  -34.050  -30.012  39.570 0.0000000000
83862  -37.343  -30.953  41.026 0.0000000000
83898  -36.551  -30.768  39.019 0.0000000000
85230  -35.499  -29.026  36.746 0.0000000000
85240  -36.087  -28.655  36.521 0.0000000000
83922  -37.954  -29.592  37.314 0.0000000000
85219  -38.277  -29.495  37.376 0.0000000000
85232  -37.839  -28.899  36.860 0.0000000000
86314  -38.450  -28.064  36.480 0.0000000000
89910  -35.587  -22.208  37.711 0.0000000000
92310  -37.180  -20.478  37.341 0.0000000000
68867  -21.145  -42.242  48.721 0.0000000000
67672  -22.332  -44.006  50.025 0.0000000000
58167  -10.988  -50.066  55.900 0.0000000000
56822  -11.290  -51.909  56.703 0.0000000000
61771  -14.191  -47.916  53.521 0.0000000000
61770  -13.423  -47.976  53.612 0.0000000000
60605  -14.641  -48.987  54.599 0.0000000000
76282  -37.546  -35.916  46.547 0.0000000000
77520  -37.101  -35.768  45.427 0.0000000000
71441  -32.432  -40.036  46.747 0.0000000000
70144  -32.341  -41.088  47.588 0.0000000000
70078  -15.994  -39.993  51.067 0.0000000000
68824  -15.624  -40.872  50.810 0.0000000000
67650  -15.202  -42.929  50.790 0.0000000000
65436  -15.441  -44.167  50.515 0.0000000000
65429  -16.177  -44.790  50.903 0.0000000000
65430  -16.890  -44.996  51.436 0.0000000000
73937  -27.427  -37.599  44.081 0.0000000000
75085  -27.673  -36.230  43.967 0.0000000000
76298  -27.604  -35.476  44.667 0.0000000000
76275  -27.698  -35.206  45.796 0.0000000000
77554  -28.520  -34.921  44.050 0.0000000000
77555  -28.903  -34.498  44.133 0.0000000000
91135  -39.311  -22.886  34.981 0.0000000000
94927  -39.485  -19.901  33.616 0.0000000000
93730  -41.320  -21.346  33.534 0.0000000000
93731  -42.535  -21.809  34.061 0.0000000000
93732  -43.582  -21.561  34.359 0.0000000000
93733  -43.797  -21.615  34.894 0.0000000000
97351  -45.098  -18.046  35.603 0.0000000000
97364  -44.113  -19.105  34.950 0.0000000000
96137  -43.207  -20.124  34.333 0.0000000000
97362  -43.000  -17.924  33.411 0.0000000000
96136  -42.139  -19.790  33.431 0.0000000000
94965  -42.879  -21.030  33.052 0.0000000000
94983  -45.182  -21.394  32.797 0.0000000000
94984  -46.617  -21.181  32.694 0.0000000000
96185  -45.947  -19.614  30.323 0.0000000000
56805  -9.122  -51.629  57.300 0.0000000000
56804  -8.296  -51.654  57.740 0.0000000000
55467  -9.304  -52.729  57.459 0.0000000000
78798  -32.119  -33.399  42.023 0.0000000000
87366  -31.310  -25.985  41.184 0.0000000000
87374  -31.404  -26.314  40.141 0.0000000000
86301  -31.757  -27.850  38.643 0.0000000000
85218  -33.768  -29.639  38.007 0.0000000000
86311  -33.722  -28.057  37.184 0.0000000000
87413  -33.919  -26.925  37.140 0.0000000000
88695  -35.525  -25.838  35.723 0.0000000000
89909  -34.790  -23.139  37.301 0.0000000000
89889  -36.676  -21.427  39.736 0.0000000000
68869  -23.035  -42.768  48.945 0.0000000000
68870  -23.526  -42.945  48.724 0.0000000000
67675  -25.192  -43.630  50.168 0.0000000000
61751  -11.055  -48.099  55.817 0.0000000000
60603  -11.327  -48.898  55.341 0.0000000000
59452  -11.928  -49.797  55.014 0.0000000000
61744  -15.966  -48.300  56.750 0.0000000000
56748  -5.338  -51.026  61.726 0.0000000000
56747  -4.701  -51.925  61.644 0.0000000000
56739  -4.922  -51.004  62.825 0.0000000000
55427  -3.611  -52.955  62.539 0.0000000000
56721  -3.296  -51.495  64.816 0.0000000000
97299  -45.673  -17.862  37.135 0.0000000000
81160  -39.534  -32.624  43.745 0.0000000000
67722  -28.010  -42.732  45.970 0.0000000000
65385  -12.587  -44.786  54.099 0.0000000000
62963  -13.779  -46.742  52.856 0.0000000000
61772  -14.927  -47.655  53.580 0.0000000000
61763  -15.549  -47.867  54.473 0.0000000000
62965  -15.793  -46.787  53.109 0.0000000000
104673  -54.627  -12.429  27.309 0.0000000000
73915  -34.595  -37.512  47.318 0.0000000000
75050  -34.860  -36.792  46.930 0.0000000000
77556  -29.710  -33.875  44.058 0.0000000000
78753  -30.760  -32.714  45.319 0.0000000000
78785  -30.776  -33.360  43.105 0.0000000000
78786  -31.326  -33.192  42.583 0.0000000000
79967  -33.289  -31.902  44.782 0.0000000000
68883  -19.559  -41.442  48.250 0.0000000000
70154  -19.549  -40.150  47.351 0.0000000000
70136  -20.102  -40.966  47.799 0.0000000000
70117  -21.073  -41.824  48.014 0.0000000000
73909  -20.798  -37.244  47.002 0.0000000000
72746  -21.167  -38.059  46.430 0.0000000000
68885  -22.853  -41.955  47.947 0.0000000000
68898  -24.730  -42.703  46.861 0.0000000000
67719  -25.297  -42.810  46.906 0.0000000000
67721  -27.115  -42.807  46.275 0.0000000000
71452  -25.133  -39.295  45.614 0.0000000000
70178  -24.838  -39.976  44.712 0.0000000000
68935  -25.092  -40.512  44.697 0.0000000000
68936  -25.418  -40.788  44.515 0.0000000000
68937  -26.154  -41.096  44.226 0.0000000000
68912  -29.312  -41.888  45.441 0.0000000000
70181  -29.390  -41.205  44.435 0.0000000000
70172  -30.761  -41.175  45.569 0.0000000000
70173  -31.397  -40.465  45.855 0.0000000000
73961  -28.247  -37.740  42.771 0.0000000000
72796  -29.650  -38.467  43.421 0.0000000000
75102  -29.851  -37.354  43.386 0.0000000000
73963  -29.909  -38.004  43.537 0.0000000000
71465  -30.738  -39.570  44.536 0.0000000000
72768  -32.936  -38.928  46.577 0.0000000000
73926  -32.396  -38.112  46.037 0.0000000000
73913  -33.501  -38.327  46.779 0.0000000000
71396  -17.225  -38.951  48.999 0.0000000000
70115  -16.756  -39.836  48.924 0.0000000000
70133  -17.071  -40.470  48.255 0.0000000000
68880  -17.344  -41.271  48.250 0.0000000000
87417  -41.484  -25.979  37.177 0.0000000000
91126  -40.767  -23.853  35.156 0.0000000000
89934  -41.305  -24.278  35.701 0.0000000000
91114  -42.121  -24.278  36.012 0.0000000000
91128  -42.416  -23.744  35.655 0.0000000000
97313  -41.877  -17.910  36.792 0.0000000000
94931  -43.356  -20.982  35.213 0.0000000000
93687  -45.373  -21.844  36.948 0.0000000000
101204  -53.038  -15.333  27.660 0.0000000000
58087  -6.813  -49.583  60.887 0.0000000000
56788  -6.925  -51.740  58.748 0.0000000000
54275  -7.281  -53.881  58.531 0.0000000000
55454  -6.554  -52.796  58.650 0.0000000000
56773  -6.422  -51.479  59.414 0.0000000000
58099  -5.869  -51.270  60.428 0.0000000000
56759  -5.394  -51.745  60.794 0.0000000000
55440  -5.119  -52.452  60.660 0.0000000000
55439  -4.632  -52.748  60.943 0.0000000000
54255  -4.310  -53.701  60.766 0.0000000000
53048  -4.742  -55.478  60.689 0.0000000000
53047  -4.256  -54.807  60.955 0.0000000000
53040  -3.746  -54.715  61.738 0.0000000000
76303  -35.255  -35.868  45.333 0.0000000000
77593  -34.933  -34.599  42.648 0.0000000000
77562  -36.757  -34.989  43.977 0.0000000000
77540  -37.908  -35.181  44.869 0.0000000000
79987  -37.154  -33.461  42.725 0.0000000000
79977  -39.303  -33.364  43.829 0.0000000000
83812  -31.250  -29.922  43.810 0.0000000000
85146  -30.232  -29.213  43.751 0.0000000000
83811  -30.734  -29.625  43.536 0.0000000000
86277  -30.429  -27.965  41.361 0.0000000000
85192  -30.820  -28.660  40.186 0.0000000000
85181  -31.207  -29.286  40.504 0.0000000000
82433  -35.482  -31.677  41.022 0.0000000000
82434  -36.104  -31.347  41.245 0.0000000000
82417  -36.478  -31.608  41.729 0.0000000000
82403  -38.730  -32.200  42.653 0.0000000000
82404  -39.255  -32.029  43.085 0.0000000000
83908  -34.717  -29.891  38.081 0.0000000000
83920  -36.252  -29.676  37.414 0.0000000000
86316  -40.410  -27.219  37.288 0.0000000000
87415  -40.075  -26.912  36.728 0.0000000000
86329  -39.508  -26.883  36.182 0.0000000000
87439  -39.930  -26.165  36.281 0.0000000000
91124  -36.229  -23.493  36.079 0.0000000000
89946  -37.622  -24.087  35.387 0.0000000000
89947  -38.470  -23.983  35.312 0.0000000000
91134  -38.443  -23.101  35.038 0.0000000000
92320  -38.333  -20.990  34.809 0.0000000000
93705  -37.908  -20.212  35.320 0.0000000000
93684  -37.834  -20.054  36.211 0.0000000000
94907  -38.126  -19.686  35.917 0.0000000000
94913  -38.258  -19.567  35.420 0.0000000000
94909  -39.237  -19.089  36.836 0.0000000000
96096  -39.723  -18.752  37.516 0.0000000000
68845  -19.115  -42.536  49.483 0.0000000000
67652  -20.005  -43.226  50.611 0.0000000000
67636  -20.956  -43.885  51.831 0.0000000000
68850  -22.883  -43.230  49.448 0.0000000000
67655  -22.425  -44.092  50.906 0.0000000000
67639  -24.146  -43.830  51.764 0.0000000000
67638  -23.043  -43.892  52.186 0.0000000000
67623  -22.892  -43.995  52.997 0.0000000000
67693  -27.958  -44.087  48.910 0.0000000000
58125  -9.200  -50.104  57.725 0.0000000000
60557  -10.039  -48.250  57.498 0.0000000000
59416  -10.312  -49.349  56.875 0.0000000000
60569  -10.118  -49.043  57.197 0.0000000000
58137  -9.354  -51.104  57.253 0.0000000000
56820  -9.712  -51.593  57.099 0.0000000000
55480  -10.061  -52.367  57.108 0.0000000000
55482  -11.860  -52.710  57.227 0.0000000000
62954  -12.442  -46.531  53.763 0.0000000000
62953  -12.359  -47.029  53.753 0.0000000000
61769  -12.520  -47.832  53.841 0.0000000000
60620  -13.314  -48.607  54.014 0.0000000000
60619  -12.557  -48.741  54.254 0.0000000000
60571  -15.414  -48.928  56.354 0.0000000000
59434  -14.963  -49.460  55.975 0.0000000000
58141  -14.331  -51.032  56.778 0.0000000000
58154  -13.954  -50.970  56.089 0.0000000000
56837  -13.324  -51.545  56.355 0.0000000000
53020  -1.448  -54.860  64.168 0.0000000000
55418  -2.429  -52.800  64.154 0.0000000000
55416  -0.863  -52.525  64.497 0.0000000000
56729  -1.166  -51.921  65.004 0.0000000000
56719  -1.833  -51.519  65.212 0.0000000000
53055  -4.534  -54.327  60.471 0.0000000000
53064  -5.326  -54.290  59.658 0.0000000000
54256  -4.753  -53.387  60.460 0.0000000000
55426  -3.350  -53.131  63.043 0.0000000000
55432  -4.264  -52.542  61.501 0.0000000000
56720  -2.519  -51.519  65.136 0.0000000000
56772  -6.036  -51.838  59.935 0.0000000000
58071  -5.879  -50.373  61.859 0.0000000000
58140  -13.752  -51.376  56.509 0.0000000000
59361  -6.772  -49.441  61.195 0.0000000000
61734  -9.859  -48.064  57.716 0.0000000000
65437  -15.627  -44.414  50.566 0.0000000000
67688  -23.204  -43.192  49.389 0.0000000000
67700  -23.820  -43.108  48.500 0.0000000000
70132  -16.693  -40.992  48.481 0.0000000000
70152  -18.383  -40.159  47.631 0.0000000000
70187  -25.295  -40.352  44.498 0.0000000000
71470  -26.195  -39.476  43.867 0.0000000000
71485  -26.423  -39.655  43.612 0.0000000000
72703  -17.623  -38.649  48.507 0.0000000000
72781  -29.655  -39.044  43.582 0.0000000000
73914  -34.053  -38.204  47.091 0.0000000000
73960  -27.643  -38.352  43.109 0.0000000000
77519  -36.547  -35.762  45.167 0.0000000000
77563  -37.402  -35.069  44.360 0.0000000000
78712  -28.832  -33.492  47.604 0.0000000000
79995  -32.190  -32.993  42.193 0.0000000000
82391  -39.575  -32.071  43.697 0.0000000000
85166  -30.047  -28.082  42.404 0.0000000000
85242  -37.252  -28.112  36.324 0.0000000000
86276  -30.264  -27.559  41.906 0.0000000000
88620  -32.123  -26.235  38.879 0.0000000000
88721  -38.293  -24.455  35.329 0.0000000000
92322  -41.790  -23.043  34.615 0.0000000000
94908  -38.527  -19.507  36.303 0.0000000000
94912  -37.965  -19.832  35.694 0.0000000000
94980  -42.762  -20.173  32.378 0.0000000000
94981  -42.872  -20.665  32.549 0.0000000000
95001  -43.660  -20.564  32.055 0.0000000000
96135  -42.484  -18.921  32.833 0.0000000000
96150  -42.514  -20.348  32.708 0.0000000000
96164  -42.957  -19.788  32.214 0.0000000000
96166  -44.408  -20.047  31.441 0.0000000000
96183  -44.194  -19.326  31.159 0.0000000000
96197  -48.270  -18.958  29.467 0.0000000000
97331  -42.988  -17.938  34.943 0.0000000000
97332  -43.404  -17.702  34.821 0.0000000000
97333  -43.615  -17.665  34.928 0.0000000000
97348  -42.883  -17.872  33.963 0.0000000000
98590  -43.342  -17.764  34.602 0.0000000000
98591  -43.608  -17.635  34.586 0.0000000000
98654  -43.435  -18.355  31.581 0.0000000000
98674  -46.276  -17.851  29.509 0.0000000000
99907  -45.264  -17.392  30.094 0.0000000000
99933  -50.428  -15.443  28.574 0.0000000000
