#!ascii label  , from subject 4102 vox2ras=TkReg
1387
134503  -50.706  13.204  39.642 0.0000000000
148799  -43.832  29.721  26.748 0.0000000000
142873  -42.017  22.712  33.104 0.0000000000
142057  -50.825  19.931  29.137 0.0000000000
149511  -47.355  30.182  25.837 0.0000000000
147189  -48.900  26.998  30.369 0.0000000000
144652  -45.686  24.692  28.046 0.0000000000
140252  -47.814  18.936  26.376 0.0000000000
129203  -43.951  9.465  40.295 0.0000000000
134500  -46.862  12.961  39.888 0.0000000000
151155  -37.873  32.710  23.830 0.0000000000
153254  -44.278  33.984  23.362 0.0000000000
151171  -48.743  33.569  21.339 0.0000000000
167621  -47.972  17.097  37.524 0.0000000000
147188  -43.765  26.620  31.184 0.0000000000
142827  -47.838  22.384  34.241 0.0000000000
138365  -51.707  17.087  34.816 0.0000000000
136608  -48.037  15.837  31.081 0.0000000000
136630  -44.305  15.068  28.926 0.0000000000
134520  -49.974  13.345  38.105 0.0000000000
148012  -47.425  28.115  24.280 0.0000000000
147215  -48.139  27.215  25.968 0.0000000000
145537  -46.627  26.230  25.564 0.0000000000
142919  -44.918  22.877  25.181 0.0000000000
132500  -44.935  10.842  41.009 0.0000000000
133518  -43.772  12.545  38.596 0.0000000000
151134  -34.981  32.587  25.373 0.0000000000
153279  -48.103  35.180  23.752 0.0000000000
138332  -44.686  17.857  36.554 0.0000000000
140132  -45.497  20.126  35.342 0.0000000000
147995  -40.737  28.656  27.261 0.0000000000
148750  -43.700  29.612  29.841 0.0000000000
143761  -48.739  22.870  30.322 0.0000000000
146326  -48.750  25.523  32.318 0.0000000000
142040  -49.096  20.559  31.825 0.0000000000
139202  -49.435  18.366  33.969 0.0000000000
139228  -51.360  18.043  31.319 0.0000000000
136581  -51.450  15.527  33.303 0.0000000000
137569  -52.197  16.890  29.025 0.0000000000
139256  -46.597  18.456  29.853 0.0000000000
150289  -46.495  31.902  26.999 0.0000000000
149477  -46.040  30.214  29.383 0.0000000000
147993  -48.437  28.293  28.402 0.0000000000
145508  -47.572  25.299  29.632 0.0000000000
142906  -49.012  21.736  27.758 0.0000000000
140277  -50.422  19.863  26.775 0.0000000000
142098  -48.904  21.490  25.301 0.0000000000
140304  -47.000  19.886  23.939 0.0000000000
129224  -47.141  9.972  39.829 0.0000000000
130325  -48.720  10.713  41.213 0.0000000000
134492  -49.670  13.435  41.523 0.0000000000
150294  -33.788  31.241  26.356 0.0000000000
149517  -37.850  30.360  25.237 0.0000000000
149532  -41.051  30.753  24.488 0.0000000000
150322  -44.423  32.017  24.034 0.0000000000
152513  -47.204  34.090  25.876 0.0000000000
151162  -47.857  32.089  23.441 0.0000000000
148855  -47.525  29.943  21.239 0.0000000000
150365  -47.308  32.610  20.608 0.0000000000
136525  -44.293  15.460  36.946 0.0000000000
136501  -47.922  15.058  39.105 0.0000000000
137431  -50.096  16.430  39.867 0.0000000000
146288  -42.433  25.131  33.169 0.0000000000
148717  -46.560  28.012  31.552 0.0000000000
147128  -45.892  26.092  33.955 0.0000000000
143735  -45.819  22.664  34.236 0.0000000000
141970  -47.525  19.606  36.415 0.0000000000
167613  -50.097  17.654  36.899 0.0000000000
167609  -51.526  15.737  37.783 0.0000000000
135551  -51.226  15.024  35.643 0.0000000000
136577  -48.102  15.629  33.613 0.0000000000
135578  -45.716  14.073  32.033 0.0000000000
139259  -49.100  18.067  29.326 0.0000000000
136632  -46.200  14.481  29.635 0.0000000000
133595  -43.108  13.115  29.862 0.0000000000
132517  -51.620  11.392  39.976 0.0000000000
133510  -50.776  12.233  39.236 0.0000000000
134511  -50.298  12.975  38.782 0.0000000000
147234  -47.433  27.555  22.787 0.0000000000
146390  -47.505  26.771  24.178 0.0000000000
145569  -46.670  26.146  23.799 0.0000000000
145549  -44.694  26.324  24.171 0.0000000000
141178  -43.826  21.016  33.846 0.0000000000
148798  -42.784  29.272  26.815 0.0000000000
142055  -49.873  21.232  29.443 0.0000000000
142884  -49.177  21.882  30.868 0.0000000000
142048  -50.022  20.388  30.491 0.0000000000
140172  -50.373  18.942  31.358 0.0000000000
140197  -51.167  19.097  30.140 0.0000000000
138404  -52.274  17.624  30.135 0.0000000000
140235  -52.147  18.171  29.125 0.0000000000
150280  -47.187  31.820  26.955 0.0000000000
149488  -46.968  30.671  27.943 0.0000000000
149500  -47.308  30.007  26.673 0.0000000000
145521  -46.596  25.683  27.681 0.0000000000
145512  -47.840  25.889  28.600 0.0000000000
144645  -46.591  24.543  29.106 0.0000000000
143764  -47.547  23.669  29.584 0.0000000000
142898  -47.212  22.812  28.386 0.0000000000
142912  -48.787  21.659  26.908 0.0000000000
142909  -46.512  22.443  26.903 0.0000000000
142110  -46.687  21.724  24.056 0.0000000000
132516  -45.865  11.593  40.909 0.0000000000
131447  -47.045  10.782  41.212 0.0000000000
132504  -48.031  11.707  41.218 0.0000000000
132491  -49.338  11.734  41.380 0.0000000000
133500  -48.279  13.207  40.450 0.0000000000
151142  -35.584  32.597  24.443 0.0000000000
150304  -35.917  31.521  24.823 0.0000000000
150305  -37.243  31.153  24.757 0.0000000000
149530  -39.069  30.828  24.725 0.0000000000
150317  -39.366  31.562  24.360 0.0000000000
152553  -42.741  34.202  23.552 0.0000000000
151160  -42.677  32.833  23.727 0.0000000000
151839  -44.823  33.279  23.710 0.0000000000
151136  -46.022  32.637  25.286 0.0000000000
152525  -46.328  33.806  24.879 0.0000000000
154068  -49.047  35.136  23.353 0.0000000000
152529  -49.029  34.878  24.579 0.0000000000
151167  -48.642  33.124  22.534 0.0000000000
150335  -47.908  31.649  22.652 0.0000000000
167839  -48.162  32.253  21.826 0.0000000000
149572  -47.381  30.793  20.858 0.0000000000
150351  -48.523  33.368  21.156 0.0000000000
138357  -39.055  17.262  35.263 0.0000000000
137484  -39.278  16.164  36.304 0.0000000000
137486  -41.252  16.427  36.384 0.0000000000
135538  -42.528  15.059  36.522 0.0000000000
137487  -42.284  16.609  36.378 0.0000000000
138318  -46.521  17.922  37.527 0.0000000000
137465  -45.685  16.615  37.157 0.0000000000
137452  -47.900  16.356  38.084 0.0000000000
137429  -49.082  15.885  39.590 0.0000000000
138297  -49.148  16.723  38.908 0.0000000000
146342  -42.391  25.941  30.501 0.0000000000
145460  -41.636  25.294  32.190 0.0000000000
146324  -43.062  25.583  32.330 0.0000000000
148754  -47.926  28.997  29.823 0.0000000000
148735  -46.734  28.822  30.926 0.0000000000
147955  -48.212  27.956  31.873 0.0000000000
145445  -48.530  23.411  32.947 0.0000000000
146311  -48.325  25.324  33.506 0.0000000000
145399  -47.404  24.549  34.546 0.0000000000
144567  -45.603  24.612  33.807 0.0000000000
143695  -46.758  22.939  34.874 0.0000000000
141980  -46.638  21.633  35.613 0.0000000000
142819  -47.462  21.626  35.430 0.0000000000
139186  -51.066  17.578  34.352 0.0000000000
138362  -49.916  17.877  35.622 0.0000000000
138364  -51.225  17.479  35.260 0.0000000000
167612  -51.196  16.649  37.872 0.0000000000
137490  -52.055  16.096  35.893 0.0000000000
167607  -51.569  15.482  36.637 0.0000000000
136562  -52.202  15.319  35.273 0.0000000000
136597  -49.978  16.304  31.440 0.0000000000
136579  -49.901  15.784  33.345 0.0000000000
136586  -48.208  15.748  32.746 0.0000000000
135574  -47.056  15.242  32.659 0.0000000000
135589  -47.247  15.373  31.233 0.0000000000
140275  -49.337  19.474  25.969 0.0000000000
139276  -50.019  18.239  28.405 0.0000000000
140211  -48.367  18.980  28.212 0.0000000000
137536  -45.415  16.161  30.007 0.0000000000
137538  -46.878  16.088  30.254 0.0000000000
136631  -45.205  14.760  29.316 0.0000000000
135606  -45.366  14.010  29.566 0.0000000000
135605  -44.472  14.376  29.266 0.0000000000
134631  -42.616  13.612  28.245 0.0000000000
129229  -51.642  9.935  40.001 0.0000000000
134544  -49.421  13.236  37.525 0.0000000000
148813  -47.372  29.453  25.359 0.0000000000
148002  -47.693  28.163  26.021 0.0000000000
147216  -47.844  27.487  25.507 0.0000000000
145538  -47.248  26.446  25.765 0.0000000000
145520  -45.812  25.491  27.187 0.0000000000
143782  -45.109  23.435  26.667 0.0000000000
145528  -45.022  25.463  26.034 0.0000000000
130337  -44.833  9.539  41.283 0.0000000000
132513  -43.562  10.912  40.306 0.0000000000
134506  -45.080  12.629  39.107 0.0000000000
151846  -35.565  33.990  24.054 0.0000000000
152555  -45.834  34.347  23.390 0.0000000000
153313  -48.801  35.455  21.452 0.0000000000
152585  -49.167  35.225  20.799 0.0000000000
138330  -42.582  17.515  36.266 0.0000000000
139158  -45.021  18.700  36.005 0.0000000000
140102  -45.957  19.253  36.798 0.0000000000
147966  -44.057  27.712  30.657 0.0000000000
146334  -48.778  25.394  31.002 0.0000000000
146333  -48.749  25.847  31.157 0.0000000000
144621  -49.128  23.707  31.464 0.0000000000
143753  -48.707  22.604  31.833 0.0000000000
142864  -47.912  21.522  32.886 0.0000000000
141163  -48.248  19.784  33.866 0.0000000000
141183  -48.919  19.676  32.574 0.0000000000
139214  -50.205  17.953  33.116 0.0000000000
139217  -51.322  17.412  32.841 0.0000000000
136571  -51.970  15.712  34.105 0.0000000000
137517  -51.996  17.118  31.973 0.0000000000
136599  -51.158  16.529  30.927 0.0000000000
136611  -50.501  16.517  30.576 0.0000000000
140192  -47.047  18.983  29.051 0.0000000000
143729  -40.174  23.683  33.286 0.0000000000
149498  -45.627  31.215  27.123 0.0000000000
149485  -44.597  30.302  28.478 0.0000000000
149487  -46.348  30.817  28.201 0.0000000000
148770  -47.228  29.634  28.877 0.0000000000
147983  -48.688  28.265  29.560 0.0000000000
147997  -48.152  28.287  27.257 0.0000000000
147210  -48.953  26.594  28.977 0.0000000000
146359  -48.503  26.011  29.809 0.0000000000
144636  -48.069  24.081  30.255 0.0000000000
142891  -48.704  22.376  29.300 0.0000000000
142061  -49.802  21.248  28.584 0.0000000000
142069  -50.912  20.006  28.006 0.0000000000
142072  -50.028  20.818  26.936 0.0000000000
142100  -49.921  20.405  25.807 0.0000000000
141255  -48.911  20.149  24.862 0.0000000000
142921  -46.450  22.063  25.817 0.0000000000
141274  -47.451  20.614  23.921 0.0000000000
130339  -46.897  10.335  40.924 0.0000000000
129208  -48.368  10.525  40.317 0.0000000000
129210  -50.175  10.299  40.353 0.0000000000
130328  -50.739  10.669  40.917 0.0000000000
132494  -51.017  11.744  41.328 0.0000000000
134495  -51.211  13.286  40.867 0.0000000000
148791  -35.169  29.404  26.932 0.0000000000
149515  -35.564  30.332  25.570 0.0000000000
148793  -37.098  29.097  26.861 0.0000000000
148807  -38.475  29.527  25.910 0.0000000000
148809  -40.443  29.261  25.743 0.0000000000
149522  -42.834  30.067  25.122 0.0000000000
151156  -38.780  32.940  23.967 0.0000000000
150330  -41.120  32.348  24.043 0.0000000000
150320  -42.502  31.321  23.919 0.0000000000
149523  -44.250  30.425  25.474 0.0000000000
150296  -45.554  31.683  25.844 0.0000000000
151816  -46.955  32.995  26.748 0.0000000000
151129  -47.712  32.871  26.061 0.0000000000
153244  -47.562  35.126  25.806 0.0000000000
151832  -47.976  33.492  25.447 0.0000000000
150310  -47.596  32.015  24.864 0.0000000000
149543  -47.548  31.018  23.450 0.0000000000
148016  -47.661  29.115  22.069 0.0000000000
148882  -47.375  28.861  20.401 0.0000000000
148086  -46.936  29.809  19.756 0.0000000000
152583  -48.563  34.671  20.303 0.0000000000
134541  -44.356  13.766  37.720 0.0000000000
134519  -45.539  13.713  38.102 0.0000000000
137464  -44.790  16.386  36.812 0.0000000000
135494  -46.545  14.718  38.128 0.0000000000
134509  -47.557  14.083  39.549 0.0000000000
135461  -48.839  14.191  40.611 0.0000000000
136485  -49.958  14.909  40.700 0.0000000000
136487  -50.772  14.860  40.219 0.0000000000
143732  -42.223  24.113  33.470 0.0000000000
149476  -45.009  30.283  29.502 0.0000000000
148733  -44.414  28.938  30.428 0.0000000000
147953  -44.783  27.560  31.753 0.0000000000
147168  -48.333  26.757  32.692 0.0000000000
148702  -45.939  27.207  33.188 0.0000000000
147166  -44.740  26.703  32.890 0.0000000000
146290  -44.451  25.609  33.005 0.0000000000
145444  -44.538  24.547  33.298 0.0000000000
143745  -44.439  23.208  33.638 0.0000000000
142021  -45.362  21.426  34.552 0.0000000000
140112  -45.946  20.360  35.832 0.0000000000
140096  -47.369  19.002  37.018 0.0000000000
141131  -48.048  19.188  34.990 0.0000000000
141133  -48.386  17.823  35.882 0.0000000000
141960  -48.646  17.284  37.163 0.0000000000
138299  -49.857  17.226  38.912 0.0000000000
137433  -51.131  15.816  39.253 0.0000000000
136497  -51.162  14.903  39.431 0.0000000000
167605  -51.050  14.596  37.955 0.0000000000
135543  -50.682  14.854  36.911 0.0000000000
135541  -49.334  14.698  36.390 0.0000000000
135569  -51.711  15.099  33.977 0.0000000000
136559  -49.241  15.253  34.937 0.0000000000
135548  -48.186  14.657  35.619 0.0000000000
135556  -46.664  14.473  34.600 0.0000000000
134572  -45.169  13.589  33.970 0.0000000000
139295  -50.863  18.679  28.353 0.0000000000
138424  -50.619  17.301  29.497 0.0000000000
137566  -49.413  16.662  30.257 0.0000000000
139239  -47.972  17.669  30.174 0.0000000000
138421  -48.124  16.613  30.279 0.0000000000
135609  -47.071  15.069  30.641 0.0000000000
135587  -46.417  13.722  30.673 0.0000000000
134600  -44.583  13.542  30.576 0.0000000000
133501  -51.142  12.198  39.881 0.0000000000
134512  -50.560  13.413  39.084 0.0000000000
146420  -47.429  26.965  22.218 0.0000000000
146404  -47.343  26.944  23.235 0.0000000000
145581  -46.670  26.330  22.838 0.0000000000
141177  -43.124  20.618  33.623 0.0000000000
142036  -43.502  21.690  33.433 0.0000000000
148784  -43.352  29.521  27.733 0.0000000000
149496  -44.219  30.009  27.654 0.0000000000
142056  -50.440  20.357  29.510 0.0000000000
142047  -49.754  21.144  30.267 0.0000000000
141196  -50.476  19.824  30.130 0.0000000000
141197  -50.880  19.634  29.525 0.0000000000
140198  -51.646  18.680  29.627 0.0000000000
141201  -51.247  19.478  29.046 0.0000000000
150290  -47.353  31.664  26.487 0.0000000000
149499  -47.198  30.594  27.154 0.0000000000
145511  -46.945  25.546  28.568 0.0000000000
144653  -46.315  25.021  28.506 0.0000000000
143772  -46.637  23.439  28.559 0.0000000000
142903  -46.861  22.610  27.800 0.0000000000
143779  -46.091  23.381  27.873 0.0000000000
129204  -44.712  9.088  40.729 0.0000000000
133498  -46.570  12.172  40.699 0.0000000000
133486  -46.986  11.750  41.113 0.0000000000
133487  -47.471  11.996  40.929 0.0000000000
133488  -48.364  12.466  40.842 0.0000000000
133499  -47.556  12.702  40.424 0.0000000000
151143  -36.191  32.701  23.888 0.0000000000
150315  -36.890  31.940  23.999 0.0000000000
150328  -37.558  32.135  23.926 0.0000000000
150316  -38.169  31.663  24.323 0.0000000000
151144  -38.459  32.378  24.044 0.0000000000
153274  -43.444  34.262  23.193 0.0000000000
153273  -42.153  34.831  23.288 0.0000000000
152554  -43.432  34.007  23.487 0.0000000000
151854  -43.413  33.470  23.593 0.0000000000
152535  -44.049  33.789  23.468 0.0000000000
151840  -45.790  33.219  24.316 0.0000000000
152536  -44.966  33.722  23.695 0.0000000000
152560  -48.805  34.523  22.928 0.0000000000
151862  -48.774  33.867  22.351 0.0000000000
150340  -48.554  32.770  22.010 0.0000000000
167842  -48.537  32.878  21.441 0.0000000000
150350  -48.024  32.619  21.202 0.0000000000
167843  -48.691  33.190  21.175 0.0000000000
138375  -39.722  17.736  34.786 0.0000000000
138358  -40.127  17.309  35.517 0.0000000000
138328  -40.602  16.987  36.181 0.0000000000
138329  -41.572  17.200  36.242 0.0000000000
137467  -47.465  17.106  37.570 0.0000000000
138312  -48.049  16.685  37.896 0.0000000000
137453  -48.424  16.559  38.291 0.0000000000
167622  -48.583  16.889  37.930 0.0000000000
147187  -43.243  26.963  30.454 0.0000000000
146343  -43.120  26.210  31.195 0.0000000000
146331  -43.018  25.863  31.876 0.0000000000
146332  -43.628  26.170  31.908 0.0000000000
147969  -48.592  28.153  30.766 0.0000000000
148736  -47.705  28.778  30.915 0.0000000000
167794  -48.100  22.973  33.641 0.0000000000
145425  -47.906  23.817  34.152 0.0000000000
167793  -47.893  23.087  34.293 0.0000000000
144556  -46.979  23.432  34.965 0.0000000000
144557  -47.357  23.105  34.989 0.0000000000
143689  -47.232  22.246  35.395 0.0000000000
143697  -47.420  22.446  35.094 0.0000000000
138378  -51.354  17.342  34.255 0.0000000000
138337  -51.791  16.913  35.857 0.0000000000
137508  -51.976  16.416  34.756 0.0000000000
136596  -49.040  16.247  31.612 0.0000000000
136587  -49.030  16.144  32.565 0.0000000000
136595  -48.129  15.874  31.840 0.0000000000
135581  -47.482  15.512  32.158 0.0000000000
140253  -48.742  19.155  26.605 0.0000000000
140230  -49.037  18.941  27.624 0.0000000000
140229  -48.092  19.020  27.326 0.0000000000
137561  -44.826  15.553  29.529 0.0000000000
137562  -45.777  15.337  29.646 0.0000000000
135604  -43.783  14.484  28.621 0.0000000000
136629  -43.533  15.197  28.440 0.0000000000
130352  -52.066  10.306  39.922 0.0000000000
133520  -49.888  12.753  38.022 0.0000000000
134545  -49.762  13.122  37.888 0.0000000000
148006  -47.403  28.786  24.779 0.0000000000
145552  -47.174  26.296  24.662 0.0000000000
146380  -47.728  26.656  25.010 0.0000000000
145530  -46.564  26.118  26.487 0.0000000000
146371  -46.193  26.137  26.008 0.0000000000
145519  -45.270  25.276  26.757 0.0000000000
145536  -45.892  26.071  25.529 0.0000000000
145534  -43.969  25.645  24.876 0.0000000000
132512  -43.024  10.840  39.959 0.0000000000
133507  -44.570  11.926  39.549 0.0000000000
133519  -44.541  12.541  38.907 0.0000000000
151836  -35.308  33.586  24.784 0.0000000000
153312  -48.414  35.550  21.662 0.0000000000
154085  -48.852  36.464  21.118 0.0000000000
154098  -47.561  36.703  20.770 0.0000000000
140148  -44.235  19.840  34.619 0.0000000000
139180  -44.325  18.856  35.450 0.0000000000
140110  -45.164  19.255  35.614 0.0000000000
139159  -45.574  18.948  36.572 0.0000000000
140111  -45.669  19.723  35.910 0.0000000000
148781  -40.054  28.651  27.501 0.0000000000
148732  -43.325  28.902  30.244 0.0000000000
144631  -48.762  23.830  30.814 0.0000000000
145481  -48.868  24.740  31.105 0.0000000000
143757  -48.988  22.822  30.883 0.0000000000
142044  -49.418  20.983  31.000 0.0000000000
143752  -49.007  22.684  31.454 0.0000000000
142880  -48.802  21.755  31.459 0.0000000000
142878  -48.085  21.960  31.944 0.0000000000
142877  -48.367  21.466  32.094 0.0000000000
142038  -48.441  20.523  32.644 0.0000000000
141184  -49.384  19.622  31.966 0.0000000000
140173  -50.719  18.551  31.351 0.0000000000
139221  -50.322  18.224  32.224 0.0000000000
139222  -50.745  17.972  32.183 0.0000000000
139216  -50.982  17.625  32.978 0.0000000000
139223  -50.910  17.959  32.117 0.0000000000
138382  -51.618  17.098  32.756 0.0000000000
138385  -51.831  17.376  31.840 0.0000000000
136637  -52.797  16.583  29.399 0.0000000000
136600  -51.684  16.846  30.871 0.0000000000
136612  -51.510  16.994  30.214 0.0000000000
137522  -50.800  16.516  30.561 0.0000000000
137541  -50.849  16.761  30.094 0.0000000000
149486  -45.560  30.634  28.227 0.0000000000
150278  -46.157  31.417  27.450 0.0000000000
148785  -47.271  29.792  28.074 0.0000000000
148771  -47.897  29.061  28.735 0.0000000000
147212  -48.375  27.336  27.077 0.0000000000
146361  -48.640  26.539  28.097 0.0000000000
146362  -48.406  26.062  29.078 0.0000000000
145509  -48.052  25.611  29.804 0.0000000000
145497  -48.272  24.924  30.529 0.0000000000
145496  -47.813  24.925  30.182 0.0000000000
142900  -48.401  22.315  28.736 0.0000000000
143765  -48.098  23.167  29.717 0.0000000000
142901  -49.189  21.833  28.593 0.0000000000
142066  -49.643  21.204  27.730 0.0000000000
142067  -50.091  20.958  27.752 0.0000000000
142924  -48.645  21.771  26.125 0.0000000000
142083  -49.630  21.055  26.106 0.0000000000
142114  -49.401  20.785  25.055 0.0000000000
141256  -49.395  20.264  25.093 0.0000000000
143791  -44.843  23.200  25.832 0.0000000000
142908  -45.820  22.601  26.468 0.0000000000
142920  -45.515  22.537  25.607 0.0000000000
141289  -46.976  20.910  23.081 0.0000000000
142111  -47.027  21.334  23.694 0.0000000000
131445  -44.948  10.386  41.438 0.0000000000
130338  -45.842  9.876  41.197 0.0000000000
131446  -46.141  10.582  41.214 0.0000000000
131432  -47.680  10.787  41.465 0.0000000000
130323  -47.531  10.525  41.174 0.0000000000
130341  -48.564  10.501  40.881 0.0000000000
129209  -49.307  10.528  40.365 0.0000000000
130342  -49.111  10.601  40.901 0.0000000000
129195  -50.081  10.483  40.791 0.0000000000
130326  -49.465  10.732  41.154 0.0000000000
134485  -49.814  12.767  41.788 0.0000000000
132492  -49.940  11.952  41.676 0.0000000000
133480  -50.428  12.633  41.873 0.0000000000
133491  -51.184  12.467  41.275 0.0000000000
134487  -50.515  13.058  41.846 0.0000000000
150286  -32.928  31.375  27.151 0.0000000000
150277  -32.529  31.007  27.647 0.0000000000
149494  -33.385  30.366  27.375 0.0000000000
148790  -34.448  29.632  27.213 0.0000000000
149505  -34.325  30.179  26.483 0.0000000000
151126  -34.954  33.137  25.992 0.0000000000
149516  -36.742  30.408  25.359 0.0000000000
148805  -36.442  29.551  26.051 0.0000000000
148806  -37.446  29.550  25.934 0.0000000000
149531  -40.025  30.792  24.572 0.0000000000
149519  -39.729  30.033  25.137 0.0000000000
149520  -40.695  29.982  25.018 0.0000000000
148810  -41.307  29.365  25.583 0.0000000000
149521  -41.708  29.994  25.027 0.0000000000
151157  -39.797  32.782  24.091 0.0000000000
151158  -40.733  33.073  24.054 0.0000000000
150333  -43.782  32.022  23.736 0.0000000000
150332  -43.128  31.893  23.746 0.0000000000
149540  -43.513  31.309  23.952 0.0000000000
149534  -43.243  30.761  24.333 0.0000000000
150307  -44.845  31.417  24.779 0.0000000000
149524  -45.159  31.250  25.497 0.0000000000
150308  -45.445  32.027  25.099 0.0000000000
151831  -46.610  33.362  25.599 0.0000000000
151137  -46.388  32.788  25.762 0.0000000000
151824  -46.963  33.176  26.281 0.0000000000
151818  -47.394  33.000  26.481 0.0000000000
151826  -47.613  33.403  25.980 0.0000000000
152557  -47.137  34.780  23.712 0.0000000000
153277  -46.993  35.017  24.766 0.0000000000
153258  -48.146  35.272  24.670 0.0000000000
152558  -48.399  33.664  23.864 0.0000000000
152527  -48.368  33.913  24.895 0.0000000000
151151  -48.039  32.892  24.291 0.0000000000
151139  -47.783  32.753  25.200 0.0000000000
151150  -47.805  32.415  24.031 0.0000000000
149537  -47.413  30.860  24.154 0.0000000000
150334  -47.690  31.621  23.452 0.0000000000
167838  -47.705  31.063  22.204 0.0000000000
148822  -47.632  30.409  22.633 0.0000000000
148027  -47.609  28.418  22.321 0.0000000000
167840  -47.597  28.598  21.267 0.0000000000
148869  -47.555  29.272  20.925 0.0000000000
149583  -47.005  31.252  20.253 0.0000000000
148880  -47.037  30.364  19.964 0.0000000000
148891  -46.355  29.964  19.447 0.0000000000
149591  -46.275  31.088  19.666 0.0000000000
152584  -48.940  35.046  20.502 0.0000000000
135537  -41.812  14.635  36.524 0.0000000000
136524  -43.659  15.093  36.859 0.0000000000
135515  -43.166  14.636  36.817 0.0000000000
135516  -44.005  14.526  37.209 0.0000000000
134542  -44.944  13.698  37.849 0.0000000000
135517  -45.054  14.499  37.520 0.0000000000
138331  -43.609  17.663  36.422 0.0000000000
137489  -44.211  17.077  36.619 0.0000000000
138316  -45.039  17.151  36.790 0.0000000000
136516  -47.604  15.473  38.468 0.0000000000
136527  -46.572  15.699  37.609 0.0000000000
136515  -46.993  15.170  38.190 0.0000000000
135477  -46.778  14.167  38.800 0.0000000000
135478  -47.524  14.548  39.135 0.0000000000
135469  -47.892  14.299  39.603 0.0000000000
135479  -48.062  14.767  39.438 0.0000000000
137430  -49.556  16.216  39.802 0.0000000000
136494  -49.460  15.207  40.341 0.0000000000
136495  -49.856  15.684  40.235 0.0000000000
136486  -50.416  14.855  40.554 0.0000000000
137424  -50.464  15.588  40.071 0.0000000000
146308  -42.345  25.218  32.647 0.0000000000
144592  -41.944  24.302  33.183 0.0000000000
148734  -45.588  28.509  30.919 0.0000000000
147967  -44.757  28.090  31.113 0.0000000000
148716  -46.006  27.676  31.826 0.0000000000
146293  -46.630  26.177  34.284 0.0000000000
147140  -47.030  26.560  34.350 0.0000000000
147924  -45.981  26.717  33.909 0.0000000000
147941  -45.525  27.115  33.010 0.0000000000
147151  -45.264  26.668  33.411 0.0000000000
147136  -44.724  26.105  33.256 0.0000000000
146292  -45.517  26.021  33.756 0.0000000000
143707  -45.694  23.639  34.025 0.0000000000
145424  -45.116  25.022  33.397 0.0000000000
144607  -44.714  23.803  33.579 0.0000000000
144606  -44.010  24.081  33.325 0.0000000000
143733  -44.870  23.115  33.827 0.0000000000
142876  -44.527  22.359  33.811 0.0000000000
142863  -45.870  22.156  34.425 0.0000000000
141981  -46.893  21.254  36.043 0.0000000000
141118  -46.498  20.820  35.981 0.0000000000
141120  -47.115  20.191  36.594 0.0000000000
140104  -46.807  19.710  36.878 0.0000000000
141957  -47.619  18.967  36.576 0.0000000000
141179  -48.596  19.300  33.638 0.0000000000
141151  -48.171  19.596  34.383 0.0000000000
139182  -48.915  18.701  34.296 0.0000000000
138335  -49.962  17.741  36.354 0.0000000000
167616  -49.407  17.911  35.737 0.0000000000
167615  -49.475  17.641  36.320 0.0000000000
141973  -48.307  17.524  36.890 0.0000000000
139138  -49.384  17.387  37.147 0.0000000000
139137  -49.351  17.138  38.523 0.0000000000
139143  -50.345  17.374  37.765 0.0000000000
138301  -51.115  16.399  38.576 0.0000000000
137441  -51.501  15.972  38.355 0.0000000000
137442  -51.457  15.466  38.626 0.0000000000
135499  -51.194  14.662  38.583 0.0000000000
167602  -51.352  15.115  37.852 0.0000000000
136547  -51.392  15.218  36.514 0.0000000000
135542  -50.112  14.819  36.574 0.0000000000
136582  -51.421  15.859  33.049 0.0000000000
136570  -51.893  15.299  34.043 0.0000000000
136578  -48.966  15.867  33.511 0.0000000000
136568  -49.729  15.410  34.252 0.0000000000
136567  -48.768  15.485  34.351 0.0000000000
136558  -48.540  15.111  35.064 0.0000000000
136566  -47.914  15.256  34.625 0.0000000000
135557  -47.317  14.723  34.976 0.0000000000
136565  -47.160  15.194  34.432 0.0000000000
135573  -46.388  14.832  32.519 0.0000000000
135564  -46.022  14.535  33.422 0.0000000000
134583  -45.243  14.022  32.550 0.0000000000
133581  -43.987  12.820  32.721 0.0000000000
134582  -44.566  13.506  32.475 0.0000000000
140278  -50.676  19.909  27.466 0.0000000000
140257  -51.007  19.267  28.288 0.0000000000
140256  -50.576  19.328  27.724 0.0000000000
139260  -49.638  18.056  28.912 0.0000000000
138440  -50.445  17.752  28.994 0.0000000000
138423  -49.842  17.458  29.425 0.0000000000
138422  -48.824  17.019  29.866 0.0000000000
139238  -47.140  17.690  30.306 0.0000000000
137563  -46.545  15.384  30.004 0.0000000000
137564  -47.418  15.973  30.400 0.0000000000
136634  -47.858  15.946  30.677 0.0000000000
136633  -46.885  15.012  30.281 0.0000000000
135608  -46.934  14.028  30.090 0.0000000000
134617  -44.552  13.811  29.817 0.0000000000
134618  -45.307  13.516  30.102 0.0000000000
134599  -43.779  13.463  30.258 0.0000000000
134590  -43.800  13.352  31.238 0.0000000000
132525  -51.699  11.195  39.309 0.0000000000
132534  -51.453  11.257  38.125 0.0000000000
148017  -47.497  28.253  23.036 0.0000000000
147226  -47.441  27.413  23.902 0.0000000000
145570  -47.138  26.489  23.663 0.0000000000
145551  -46.406  26.095  24.671 0.0000000000
145550  -45.625  26.096  24.522 0.0000000000
145568  -46.102  26.052  23.935 0.0000000000
141159  -43.759  20.518  34.014 0.0000000000
141160  -44.409  20.631  34.335 0.0000000000
148797  -41.397  28.812  26.725 0.0000000000
148783  -42.350  28.976  27.735 0.0000000000
149474  -43.429  29.764  29.175 0.0000000000
142886  -49.239  21.941  30.219 0.0000000000
142045  -49.689  20.232  31.195 0.0000000000
142041  -49.491  20.018  31.584 0.0000000000
141189  -50.206  19.761  30.868 0.0000000000
140176  -50.666  19.362  30.569 0.0000000000
139241  -51.283  18.493  30.741 0.0000000000
139229  -51.518  18.173  31.224 0.0000000000
140179  -51.998  18.138  30.100 0.0000000000
139280  -52.969  18.104  29.243 0.0000000000
138452  -52.624  17.401  28.504 0.0000000000
150279  -46.783  31.697  27.218 0.0000000000
148786  -47.526  29.233  27.578 0.0000000000
145531  -47.372  26.245  26.818 0.0000000000
146365  -48.107  26.471  27.151 0.0000000000
145522  -47.456  25.948  27.760 0.0000000000
145507  -47.171  25.251  29.190 0.0000000000
144639  -47.134  24.460  29.618 0.0000000000
143773  -47.255  23.504  29.023 0.0000000000
142899  -47.747  22.573  28.531 0.0000000000
142905  -48.313  22.059  27.769 0.0000000000
142904  -47.620  22.275  27.746 0.0000000000
142910  -47.433  22.126  26.928 0.0000000000
142922  -47.320  21.930  26.061 0.0000000000
142933  -45.455  22.487  24.501 0.0000000000
132502  -46.597  11.309  41.210 0.0000000000
132503  -47.363  11.501  41.309 0.0000000000
132490  -48.507  11.395  41.379 0.0000000000
131434  -48.948  11.091  41.348 0.0000000000
132505  -48.722  11.935  41.153 0.0000000000
133489  -49.272  12.596  41.344 0.0000000000
134491  -48.907  13.462  40.933 0.0000000000
150293  -33.362  31.705  26.680 0.0000000000
150314  -36.111  32.157  24.237 0.0000000000
149529  -38.360  30.815  24.874 0.0000000000
152552  -41.690  34.490  23.739 0.0000000000
151159  -41.655  33.024  23.914 0.0000000000
151853  -42.239  33.710  23.835 0.0000000000
151161  -43.642  32.542  23.651 0.0000000000
151148  -45.251  32.558  24.280 0.0000000000
151135  -45.661  32.484  24.833 0.0000000000
151149  -45.755  32.712  24.652 0.0000000000
151830  -46.270  33.241  24.989 0.0000000000
152526  -46.825  34.301  25.468 0.0000000000
153280  -48.571  35.018  23.420 0.0000000000
153246  -48.879  35.193  25.023 0.0000000000
152541  -48.950  34.789  23.860 0.0000000000
151857  -48.709  33.798  23.416 0.0000000000
151163  -48.316  32.774  23.273 0.0000000000
150338  -48.329  32.494  22.416 0.0000000000
149573  -47.582  31.077  21.326 0.0000000000
148868  -47.421  30.002  20.750 0.0000000000
151173  -48.000  33.518  20.788 0.0000000000
139176  -38.916  17.803  34.579 0.0000000000
139175  -38.355  17.617  34.737 0.0000000000
138327  -39.670  16.738  35.912 0.0000000000
136544  -41.983  15.702  36.403 0.0000000000
136545  -43.153  15.728  36.525 0.0000000000
138317  -45.648  17.679  37.155 0.0000000000
137466  -46.527  16.929  37.475 0.0000000000
136528  -47.287  16.288  37.714 0.0000000000
136517  -48.111  15.837  38.695 0.0000000000
136502  -48.429  15.407  39.278 0.0000000000
137438  -48.729  16.282  38.944 0.0000000000
145479  -42.039  25.447  31.635 0.0000000000
146323  -42.168  25.419  32.282 0.0000000000
146309  -43.227  25.322  32.616 0.0000000000
148753  -46.923  29.453  29.872 0.0000000000
148752  -46.182  29.495  30.358 0.0000000000
148718  -47.327  28.238  31.727 0.0000000000
146294  -47.400  25.477  34.371 0.0000000000
146273  -46.417  25.431  34.315 0.0000000000
146272  -45.790  25.777  33.911 0.0000000000
145389  -46.626  24.790  34.518 0.0000000000
144554  -46.294  23.785  34.398 0.0000000000
143694  -46.422  23.338  34.525 0.0000000000
142824  -46.572  22.278  34.947 0.0000000000
142825  -46.838  22.271  35.273 0.0000000000
142818  -47.169  21.826  35.693 0.0000000000
141983  -47.671  20.256  35.649 0.0000000000
139203  -50.063  17.892  33.946 0.0000000000
139184  -49.917  18.004  34.834 0.0000000000
138363  -50.447  17.676  35.639 0.0000000000
138336  -50.811  17.401  36.907 0.0000000000
167611  -51.556  16.263  37.113 0.0000000000
167608  -51.693  15.749  36.618 0.0000000000
136548  -51.929  15.548  36.064 0.0000000000
135552  -52.331  14.948  35.400 0.0000000000
136589  -50.718  15.875  32.225 0.0000000000
136580  -50.764  15.449  33.297 0.0000000000
136588  -50.002  16.066  32.392 0.0000000000
135567  -47.674  15.499  33.354 0.0000000000
135575  -47.676  15.420  32.951 0.0000000000
135580  -46.720  15.073  31.684 0.0000000000
135579  -46.232  14.174  31.575 0.0000000000
140276  -50.031  19.538  26.282 0.0000000000
139308  -50.024  18.920  27.281 0.0000000000
140231  -49.586  18.836  27.389 0.0000000000
139275  -49.388  18.488  28.452 0.0000000000
140195  -49.055  18.529  28.779 0.0000000000
138398  -45.898  16.862  30.337 0.0000000000
138399  -46.685  16.793  30.385 0.0000000000
137537  -46.223  16.043  30.027 0.0000000000
134616  -43.620  13.782  29.271 0.0000000000
133603  -43.095  13.309  29.314 0.0000000000
134632  -43.217  13.994  28.425 0.0000000000
129248  -51.856  9.507  39.529 0.0000000000
148003  -47.841  27.662  25.703 0.0000000000
146381  -47.667  27.017  24.539 0.0000000000
147220  -48.054  26.886  25.475 0.0000000000
146373  -47.840  26.645  26.026 0.0000000000
143778  -45.451  23.768  27.521 0.0000000000
144651  -45.123  24.599  27.301 0.0000000000
144656  -44.763  24.579  26.579 0.0000000000
144655  -44.410  24.595  25.882 0.0000000000
145535  -44.945  25.855  25.135 0.0000000000
145527  -44.409  25.292  25.492 0.0000000000
130336  -44.076  9.589  40.859 0.0000000000
131444  -44.004  9.989  41.167 0.0000000000
131454  -44.062  10.565  40.927 0.0000000000
131455  -44.556  10.714  41.081 0.0000000000
132522  -43.200  11.251  39.761 0.0000000000
132523  -43.803  11.376  39.916 0.0000000000
133496  -44.918  11.586  40.270 0.0000000000
133497  -45.511  11.971  40.268 0.0000000000
133508  -45.435  12.493  39.629 0.0000000000
134499  -46.005  12.674  40.039 0.0000000000
151829  -35.100  33.560  25.741 0.0000000000
151837  -35.660  33.281  24.054 0.0000000000
151847  -36.309  33.670  23.652 0.0000000000
153255  -44.895  34.041  23.527 0.0000000000
153296  -47.423  34.765  23.040 0.0000000000
153297  -48.195  35.137  22.741 0.0000000000
153299  -48.715  34.951  22.585 0.0000000000
152570  -48.763  34.711  21.919 0.0000000000
151867  -48.759  34.088  21.347 0.0000000000
153314  -49.094  35.534  21.352 0.0000000000
154086  -49.306  36.364  21.177 0.0000000000
138333  -45.358  18.373  36.741 0.0000000000
139151  -45.901  18.581  37.162 0.0000000000
167619  -47.069  18.029  37.562 0.0000000000
147965  -42.973  28.092  30.144 0.0000000000
146345  -48.749  26.294  30.570 0.0000000000
145480  -48.905  25.162  31.236 0.0000000000
145462  -49.031  24.652  31.782 0.0000000000
144608  -49.175  23.821  32.093 0.0000000000
144622  -48.992  23.191  32.144 0.0000000000
143749  -48.744  22.818  32.233 0.0000000000
167791  -47.890  22.449  32.826 0.0000000000
142841  -47.830  21.418  33.846 0.0000000000
142022  -48.129  20.347  33.324 0.0000000000
141180  -48.510  19.609  33.312 0.0000000000
140166  -48.991  18.911  33.318 0.0000000000
140170  -49.758  18.897  31.947 0.0000000000
139220  -49.803  18.401  32.585 0.0000000000
139213  -49.603  18.342  33.239 0.0000000000
139204  -50.676  17.684  33.800 0.0000000000
139205  -51.071  17.522  33.645 0.0000000000
138379  -51.561  17.077  33.785 0.0000000000
137512  -51.682  16.674  33.383 0.0000000000
137513  -51.712  16.816  32.670 0.0000000000
136583  -51.670  16.584  32.364 0.0000000000
138387  -51.835  17.576  30.967 0.0000000000
136592  -51.741  16.787  31.577 0.0000000000
136590  -51.064  15.892  32.026 0.0000000000
136598  -50.617  16.318  31.170 0.0000000000
136610  -50.039  16.493  30.785 0.0000000000
140210  -47.520  19.083  28.134 0.0000000000
140209  -46.580  19.132  28.151 0.0000000000
140191  -46.052  19.070  29.184 0.0000000000
139255  -45.456  18.314  30.052 0.0000000000
138397  -45.018  17.196  30.294 0.0000000000
137535  -44.563  16.355  29.994 0.0000000000
149507  -44.590  30.236  26.743 0.0000000000
149497  -45.028  30.496  27.443 0.0000000000
149478  -46.649  30.119  28.836 0.0000000000
148800  -47.328  29.138  26.485 0.0000000000
147209  -48.768  27.420  28.128 0.0000000000
147205  -49.058  27.387  29.188 0.0000000000
147206  -48.915  26.534  29.844 0.0000000000
147190  -48.808  26.428  30.303 0.0000000000
146346  -48.634  25.813  30.548 0.0000000000
144637  -48.430  23.807  30.471 0.0000000000
144640  -47.587  24.279  30.013 0.0000000000
143760  -48.386  23.317  30.165 0.0000000000
142892  -49.166  21.990  29.484 0.0000000000
142062  -50.407  20.663  28.593 0.0000000000
142064  -51.014  19.789  28.514 0.0000000000
142068  -50.716  20.348  27.839 0.0000000000
142073  -50.627  20.424  27.058 0.0000000000
142085  -50.745  20.643  26.836 0.0000000000
142071  -49.404  21.273  26.895 0.0000000000
142084  -50.188  20.463  26.340 0.0000000000
140295  -50.241  19.962  26.024 0.0000000000
140294  -49.793  19.875  25.589 0.0000000000
140274  -48.462  19.344  25.688 0.0000000000
143783  -45.761  23.053  27.138 0.0000000000
142935  -47.206  21.695  25.169 0.0000000000
142934  -46.408  21.928  24.631 0.0000000000
142097  -47.784  21.429  24.740 0.0000000000
142112  -48.197  20.958  24.553 0.0000000000
129205  -45.716  9.108  40.962 0.0000000000
129206  -46.555  9.786  40.627 0.0000000000
129207  -47.423  10.333  40.376 0.0000000000
129227  -50.136  10.013  39.770 0.0000000000
129247  -51.003  9.415  39.300 0.0000000000
129228  -50.970  9.730  40.039 0.0000000000
129212  -51.065  9.918  40.266 0.0000000000
130329  -51.330  10.822  40.745 0.0000000000
131423  -49.942  11.197  41.499 0.0000000000
131425  -50.717  11.136  41.255 0.0000000000
131438  -51.588  11.118  40.661 0.0000000000
133482  -51.369  12.007  40.892 0.0000000000
133492  -51.295  12.277  40.556 0.0000000000
134496  -50.977  13.161  40.262 0.0000000000
150302  -34.081  31.647  25.889 0.0000000000
150303  -34.618  31.337  25.575 0.0000000000
149514  -34.699  30.458  25.832 0.0000000000
148804  -35.684  29.560  26.251 0.0000000000
148792  -36.175  29.229  26.987 0.0000000000
148794  -38.115  29.065  26.754 0.0000000000
148795  -39.176  28.989  26.700 0.0000000000
148796  -40.264  28.799  26.657 0.0000000000
149518  -38.814  30.141  25.251 0.0000000000
148808  -39.463  29.433  25.883 0.0000000000
148811  -42.245  29.433  25.841 0.0000000000
148812  -43.252  29.669  25.976 0.0000000000
151145  -39.019  32.234  24.165 0.0000000000
150318  -40.353  31.772  24.180 0.0000000000
150331  -42.085  32.171  23.920 0.0000000000
150319  -41.519  31.493  24.112 0.0000000000
149533  -42.128  30.650  24.395 0.0000000000
149508  -45.236  30.919  26.349 0.0000000000
149509  -45.695  31.604  26.414 0.0000000000
150288  -46.185  31.952  26.645 0.0000000000
150309  -45.726  32.141  25.594 0.0000000000
151127  -46.018  32.349  25.855 0.0000000000
151110  -47.248  32.282  26.917 0.0000000000
150291  -47.507  32.389  26.608 0.0000000000
150298  -47.488  31.721  25.760 0.0000000000
152537  -45.767  34.070  24.008 0.0000000000
152538  -46.660  34.465  24.782 0.0000000000
153243  -47.185  34.731  25.863 0.0000000000
153237  -48.490  34.861  25.189 0.0000000000
153236  -48.036  34.804  25.823 0.0000000000
152514  -47.805  33.966  25.959 0.0000000000
150311  -47.629  32.217  25.480 0.0000000000
149525  -47.422  31.111  25.355 0.0000000000
149526  -47.440  30.492  24.890 0.0000000000
148817  -47.448  30.031  24.109 0.0000000000
148011  -47.523  29.130  23.498 0.0000000000
148018  -47.486  28.102  22.858 0.0000000000
147248  -47.562  27.604  22.145 0.0000000000
148087  -46.963  29.326  19.814 0.0000000000
151873  -48.691  34.161  20.870 0.0000000000
151174  -48.537  33.782  20.944 0.0000000000
133538  -43.497  13.127  38.012 0.0000000000
135514  -42.532  14.554  36.657 0.0000000000
134540  -43.504  13.701  37.467 0.0000000000
134517  -43.948  13.253  38.074 0.0000000000
134518  -44.763  13.139  38.432 0.0000000000
134507  -46.091  13.090  38.976 0.0000000000
137488  -43.274  16.862  36.507 0.0000000000
136546  -43.942  16.328  36.651 0.0000000000
136526  -45.409  15.608  37.215 0.0000000000
135518  -45.943  14.945  37.579 0.0000000000
135493  -45.908  14.329  37.869 0.0000000000
134508  -47.079  13.797  39.445 0.0000000000
134501  -47.799  13.657  39.931 0.0000000000
134502  -48.472  13.829  40.424 0.0000000000
135462  -49.345  14.314  40.945 0.0000000000
136493  -48.937  15.153  39.947 0.0000000000
135463  -49.887  14.229  41.257 0.0000000000
135464  -50.398  14.211  41.166 0.0000000000
135465  -50.883  14.169  40.879 0.0000000000
135466  -50.943  14.030  40.371 0.0000000000
144591  -41.149  23.960  33.060 0.0000000000
143730  -41.263  23.857  33.238 0.0000000000
143743  -42.507  23.842  33.290 0.0000000000
148751  -44.406  29.855  29.974 0.0000000000
149470  -45.555  29.778  30.202 0.0000000000
149469  -44.974  29.603  30.308 0.0000000000
147952  -44.559  27.545  31.288 0.0000000000
147181  -48.575  26.892  31.527 0.0000000000
147942  -47.575  27.692  32.779 0.0000000000
147152  -47.818  26.691  33.756 0.0000000000
147934  -46.938  27.451  33.681 0.0000000000
148710  -46.467  27.625  32.303 0.0000000000
147954  -45.301  27.505  32.206 0.0000000000
147180  -44.947  27.070  32.665 0.0000000000
147178  -44.338  26.832  31.770 0.0000000000
146325  -43.865  25.956  32.383 0.0000000000
146310  -44.120  25.693  32.698 0.0000000000
146289  -43.416  25.076  32.827 0.0000000000
145396  -45.526  25.405  33.698 0.0000000000
145423  -44.430  25.135  33.081 0.0000000000
145422  -43.408  24.851  33.047 0.0000000000
144605  -43.103  24.398  33.278 0.0000000000
143744  -43.516  23.528  33.337 0.0000000000
142874  -43.035  22.709  33.188 0.0000000000
142037  -44.234  21.649  33.815 0.0000000000
142020  -44.881  21.695  34.204 0.0000000000
141148  -45.492  20.737  34.977 0.0000000000
141990  -46.309  21.452  35.367 0.0000000000
141129  -46.053  20.675  35.608 0.0000000000
141128  -45.727  20.412  35.454 0.0000000000
140103  -46.362  19.923  36.552 0.0000000000
139152  -46.674  18.881  37.219 0.0000000000
141104  -47.576  17.975  37.236 0.0000000000
141991  -47.817  20.499  34.733 0.0000000000
141992  -47.874  19.219  35.493 0.0000000000
139162  -49.339  18.107  35.257 0.0000000000
141132  -48.246  18.322  35.555 0.0000000000
141984  -47.876  18.716  35.775 0.0000000000
141972  -47.750  18.157  36.620 0.0000000000
141959  -47.986  17.608  37.065 0.0000000000
167618  -48.745  17.053  37.775 0.0000000000
167623  -49.070  17.065  38.321 0.0000000000
138298  -49.594  16.882  39.344 0.0000000000
138307  -50.758  16.939  38.260 0.0000000000
137440  -50.546  16.758  38.925 0.0000000000
137432  -50.618  16.243  39.503 0.0000000000
137425  -50.788  15.538  39.783 0.0000000000
136488  -50.902  14.606  39.913 0.0000000000
135472  -50.876  14.040  39.819 0.0000000000
135482  -50.883  14.247  39.130 0.0000000000
135481  -50.837  14.297  38.420 0.0000000000
135497  -50.327  13.917  38.143 0.0000000000
167610  -51.306  15.207  37.509 0.0000000000
135522  -50.476  14.415  37.641 0.0000000000
135496  -50.150  13.963  37.920 0.0000000000
135521  -49.899  14.100  37.622 0.0000000000
135520  -49.380  14.208  37.148 0.0000000000
135561  -52.044  15.018  34.617 0.0000000000
136569  -50.412  15.254  33.907 0.0000000000
135559  -50.373  15.147  34.437 0.0000000000
135550  -50.061  15.107  35.296 0.0000000000
135549  -48.974  14.945  35.672 0.0000000000
135539  -47.965  14.191  36.028 0.0000000000
134569  -46.995  13.802  35.237 0.0000000000
134574  -46.561  13.434  34.904 0.0000000000
135565  -46.612  15.027  33.551 0.0000000000
134573  -45.869  13.829  34.273 0.0000000000
141209  -51.122  19.506  28.509 0.0000000000
139296  -51.711  18.191  28.943 0.0000000000
138442  -51.582  17.827  28.958 0.0000000000
139277  -50.658  18.169  28.574 0.0000000000
138441  -50.945  17.655  29.064 0.0000000000
138425  -51.198  17.227  29.623 0.0000000000
137567  -50.307  16.909  29.951 0.0000000000
137539  -49.709  16.526  30.560 0.0000000000
136609  -49.112  16.352  30.823 0.0000000000
140193  -47.951  18.957  29.026 0.0000000000
138401  -48.235  17.060  30.084 0.0000000000
137565  -48.409  16.442  30.390 0.0000000000
135588  -46.786  14.457  30.851 0.0000000000
134593  -46.056  13.644  31.107 0.0000000000
135607  -46.095  13.458  29.924 0.0000000000
134602  -45.875  13.401  30.687 0.0000000000
134592  -45.471  13.692  31.547 0.0000000000
129194  -49.617  10.529  40.732 0.0000000000
129196  -50.414  10.513  40.827 0.0000000000
129211  -50.793  10.222  40.497 0.0000000000
129222  -45.485  9.131  40.196 0.0000000000
129230  -52.153  9.957  39.784 0.0000000000
129249  -52.274  9.724  39.752 0.0000000000
130316  -49.801  10.900  41.365 0.0000000000
130317  -50.176  10.897  41.337 0.0000000000
130318  -50.473  10.960  41.280 0.0000000000
130324  -48.111  10.518  41.294 0.0000000000
130327  -50.083  10.652  41.115 0.0000000000
130330  -51.686  11.104  40.923 0.0000000000
130340  -47.832  10.366  40.867 0.0000000000
130343  -50.894  10.073  40.555 0.0000000000
130344  -51.478  10.349  40.348 0.0000000000
130345  -51.670  10.748  40.401 0.0000000000
130351  -51.918  10.161  39.849 0.0000000000
131424  -50.325  11.209  41.442 0.0000000000
131426  -51.001  11.281  41.156 0.0000000000
131433  -48.294  10.900  41.500 0.0000000000
131435  -49.537  11.171  41.431 0.0000000000
131436  -51.004  10.989  41.011 0.0000000000
131437  -51.256  11.189  40.973 0.0000000000
131443  -43.655  9.902  40.757 0.0000000000
132477  -49.788  11.517  41.534 0.0000000000
132478  -50.123  11.593  41.607 0.0000000000
132479  -50.587  11.527  41.465 0.0000000000
132480  -50.851  11.429  41.316 0.0000000000
132488  -47.279  11.114  41.468 0.0000000000
132489  -47.845  11.217  41.555 0.0000000000
132493  -50.457  12.085  41.703 0.0000000000
132495  -51.379  11.583  40.945 0.0000000000
132501  -45.603  10.990  41.146 0.0000000000
132506  -50.615  12.429  41.770 0.0000000000
132507  -50.830  12.275  41.621 0.0000000000
132508  -51.520  11.517  40.541 0.0000000000
132514  -44.421  11.145  40.531 0.0000000000
132515  -45.213  11.319  40.698 0.0000000000
133478  -49.741  12.318  41.657 0.0000000000
133479  -50.099  12.465  41.884 0.0000000000
133481  -51.281  11.983  41.123 0.0000000000
133490  -50.771  12.701  41.734 0.0000000000
133505  -42.976  11.493  39.359 0.0000000000
133570  -44.791  13.263  33.941 0.0000000000
133589  -43.106  12.858  30.850 0.0000000000
134486  -50.144  13.003  41.970 0.0000000000
134493  -50.261  13.563  41.639 0.0000000000
134494  -50.827  13.381  41.463 0.0000000000
134565  -47.864  13.549  36.222 0.0000000000
134577  -44.819  13.664  33.384 0.0000000000
134578  -45.421  14.137  33.424 0.0000000000
134591  -44.620  13.478  31.425 0.0000000000
134601  -45.285  13.392  30.740 0.0000000000
134615  -42.941  13.462  28.873 0.0000000000
134619  -45.673  13.306  30.308 0.0000000000
135470  -48.456  14.505  39.988 0.0000000000
135471  -49.027  14.694  40.420 0.0000000000
135476  -46.205  13.989  38.379 0.0000000000
135480  -50.477  13.989  38.389 0.0000000000
135495  -47.087  14.840  38.592 0.0000000000
135498  -51.267  14.844  38.138 0.0000000000
135519  -49.014  14.196  36.803 0.0000000000
135546  -47.081  14.304  35.133 0.0000000000
135547  -47.498  14.200  35.589 0.0000000000
135553  -52.479  15.023  35.342 0.0000000000
135555  -46.242  14.526  34.021 0.0000000000
135558  -47.795  14.769  35.208 0.0000000000
135560  -51.076  15.003  34.339 0.0000000000
135562  -52.651  15.110  34.919 0.0000000000
135566  -47.294  15.356  33.304 0.0000000000
135568  -51.335  15.190  33.720 0.0000000000
135572  -45.818  14.397  32.554 0.0000000000
136484  -49.666  14.672  40.852 0.0000000000
136496  -51.016  15.164  39.769 0.0000000000
136503  -50.626  14.209  38.112 0.0000000000
136504  -50.825  14.344  38.128 0.0000000000
136505  -51.352  14.989  38.846 0.0000000000
136518  -50.845  14.497  37.799 0.0000000000
136529  -50.996  14.822  37.254 0.0000000000
136549  -52.396  15.561  35.756 0.0000000000
136557  -48.117  14.943  35.130 0.0000000000
136560  -51.979  15.230  35.776 0.0000000000
136561  -52.581  15.211  35.736 0.0000000000
136564  -46.759  15.113  34.149 0.0000000000
136572  -51.668  16.376  33.141 0.0000000000
136575  -47.022  15.399  33.829 0.0000000000
136576  -47.542  15.527  33.844 0.0000000000
136591  -51.529  16.443  31.759 0.0000000000
136601  -51.829  16.975  31.098 0.0000000000
136613  -51.992  17.135  30.000 0.0000000000
136635  -48.702  16.387  30.554 0.0000000000
136636  -52.195  17.124  29.624 0.0000000000
136645  -52.559  16.542  29.067 0.0000000000
136646  -53.006  16.459  28.899 0.0000000000
137423  -50.153  15.512  40.312 0.0000000000
137434  -51.353  15.502  39.130 0.0000000000
137439  -50.311  16.861  39.227 0.0000000000
137516  -52.094  16.971  32.057 0.0000000000
137519  -51.805  17.211  31.564 0.0000000000
137520  -51.829  16.994  31.356 0.0000000000
137523  -51.104  16.728  30.291 0.0000000000
137524  -51.832  17.275  30.748 0.0000000000
137525  -51.890  17.083  30.785 0.0000000000
137540  -50.159  16.603  30.386 0.0000000000
137542  -51.493  16.943  29.953 0.0000000000
137543  -52.554  17.507  30.249 0.0000000000
137568  -50.772  17.005  29.818 0.0000000000
137570  -53.061  17.080  29.597 0.0000000000
137581  -52.734  16.777  28.631 0.0000000000
137582  -53.172  16.847  28.905 0.0000000000
137586  -53.018  16.955  28.162 0.0000000000
137587  -53.107  16.889  28.563 0.0000000000
138300  -50.832  16.437  38.935 0.0000000000
138306  -50.246  17.224  38.460 0.0000000000
138334  -49.681  17.873  35.833 0.0000000000
138400  -47.540  16.776  30.340 0.0000000000
138402  -51.263  17.014  29.911 0.0000000000
138403  -51.719  17.076  29.855 0.0000000000
138426  -51.866  17.424  29.499 0.0000000000
138427  -53.040  17.678  29.726 0.0000000000
138443  -52.072  17.520  28.761 0.0000000000
138444  -53.287  17.462  29.050 0.0000000000
138453  -53.170  17.247  28.549 0.0000000000
139160  -48.734  18.781  34.445 0.0000000000
139161  -48.864  18.521  34.672 0.0000000000
139181  -44.883  19.075  35.520 0.0000000000
139183  -49.269  18.348  34.530 0.0000000000
139185  -50.635  17.749  34.670 0.0000000000
139201  -49.119  18.617  34.088 0.0000000000
139206  -51.273  17.369  33.496 0.0000000000
139215  -50.743  17.733  32.974 0.0000000000
139224  -51.451  17.592  32.009 0.0000000000
139226  -50.643  18.319  31.696 0.0000000000
139227  -50.987  18.238  31.475 0.0000000000
139236  -45.661  17.559  30.331 0.0000000000
139237  -46.266  17.674  30.316 0.0000000000
139242  -51.706  18.201  30.445 0.0000000000
139243  -51.975  17.997  30.305 0.0000000000
139261  -51.551  18.585  30.173 0.0000000000
139262  -51.753  18.428  30.017 0.0000000000
139263  -52.625  18.109  29.824 0.0000000000
139278  -51.263  17.997  28.848 0.0000000000
139279  -51.754  18.036  28.849 0.0000000000
139292  -49.629  18.668  27.821 0.0000000000
139293  -49.890  18.782  27.456 0.0000000000
139294  -50.299  18.767  27.820 0.0000000000
139297  -52.775  17.837  28.725 0.0000000000
139307  -49.847  19.006  27.120 0.0000000000
139309  -50.875  19.019  28.197 0.0000000000
139310  -51.097  18.816  28.484 0.0000000000
140105  -48.773  17.646  36.151 0.0000000000
140113  -48.547  18.909  34.539 0.0000000000
140114  -48.580  18.565  34.945 0.0000000000
140115  -48.931  17.955  35.746 0.0000000000
140116  -48.603  17.879  35.764 0.0000000000
140130  -43.923  19.275  34.891 0.0000000000
140131  -44.950  19.705  35.028 0.0000000000
140133  -48.699  19.019  34.156 0.0000000000
140149  -48.834  18.979  33.825 0.0000000000
140150  -49.091  18.706  33.798 0.0000000000
140165  -48.728  19.166  33.492 0.0000000000
140169  -49.327  18.922  32.557 0.0000000000
140177  -50.863  18.791  30.928 0.0000000000
140178  -51.912  18.265  29.943 0.0000000000
140194  -48.648  18.676  28.922 0.0000000000
140196  -50.793  19.497  30.056 0.0000000000
140199  -52.113  18.224  29.819 0.0000000000
140212  -48.918  18.746  28.374 0.0000000000
140213  -51.639  18.773  29.071 0.0000000000
140214  -52.218  18.282  29.386 0.0000000000
140232  -50.389  19.088  27.615 0.0000000000
140233  -50.593  18.983  27.896 0.0000000000
140234  -51.513  18.792  28.840 0.0000000000
140254  -49.621  19.104  26.900 0.0000000000
140255  -50.142  19.191  27.122 0.0000000000
140293  -49.013  19.845  25.178 0.0000000000
141103  -47.593  19.028  36.885 0.0000000000
141111  -47.115  20.031  36.967 0.0000000000
141112  -47.286  19.697  36.740 0.0000000000
141119  -46.871  20.396  36.487 0.0000000000
141121  -47.911  18.127  35.852 0.0000000000
141122  -48.464  17.609  36.359 0.0000000000
141130  -48.290  19.126  34.628 0.0000000000
141147  -45.005  20.496  34.702 0.0000000000
141149  -45.827  20.769  35.319 0.0000000000
141150  -48.404  19.336  34.261 0.0000000000
141161  -45.057  20.986  34.534 0.0000000000
141162  -48.519  19.354  33.854 0.0000000000
141187  -49.825  19.604  31.470 0.0000000000
141198  -51.268  19.257  29.557 0.0000000000
141200  -50.993  19.762  29.047 0.0000000000
141220  -50.997  19.833  27.744 0.0000000000
141238  -50.328  20.214  26.323 0.0000000000
141239  -50.650  20.467  26.958 0.0000000000
141257  -50.001  20.214  25.718 0.0000000000
141273  -47.164  20.919  23.494 0.0000000000
141290  -47.101  20.522  23.523 0.0000000000
141958  -47.625  18.446  36.783 0.0000000000
141971  -47.775  18.810  36.301 0.0000000000
141982  -47.308  20.667  36.221 0.0000000000
141985  -47.941  17.810  36.428 0.0000000000
142004  -45.732  21.577  34.721 0.0000000000
142005  -45.943  21.207  35.133 0.0000000000
142006  -47.973  20.355  34.014 0.0000000000
142063  -50.872  20.013  28.643 0.0000000000
142074  -51.162  20.452  27.289 0.0000000000
142082  -49.144  21.499  26.198 0.0000000000
142095  -46.724  21.697  24.304 0.0000000000
142096  -46.985  21.553  24.403 0.0000000000
142099  -49.550  20.651  25.414 0.0000000000
142816  -46.719  22.012  35.392 0.0000000000
142817  -46.869  21.875  35.653 0.0000000000
142826  -47.001  22.129  35.521 0.0000000000
142839  -45.842  21.934  34.541 0.0000000000
142840  -46.107  21.993  34.669 0.0000000000
142861  -44.926  22.637  33.969 0.0000000000
142862  -45.491  22.147  34.310 0.0000000000
142875  -43.922  22.548  33.495 0.0000000000
142881  -48.344  22.081  31.756 0.0000000000
142911  -48.172  21.963  26.913 0.0000000000
142923  -48.073  21.953  26.143 0.0000000000
142936  -48.046  21.779  25.455 0.0000000000
142937  -48.480  21.794  25.686 0.0000000000
143690  -47.326  22.035  35.440 0.0000000000
143696  -47.095  22.543  35.251 0.0000000000
143708  -46.171  22.976  34.359 0.0000000000
143731  -41.837  23.964  33.376 0.0000000000
143734  -45.215  23.206  33.909 0.0000000000
143736  -48.527  22.800  32.489 0.0000000000
143746  -44.829  23.352  33.746 0.0000000000
143747  -48.011  21.843  32.226 0.0000000000
143748  -48.208  22.430  32.149 0.0000000000
143754  -48.694  22.766  32.038 0.0000000000
143766  -48.621  22.720  29.832 0.0000000000
143774  -47.807  23.007  29.167 0.0000000000
143781  -44.601  23.858  26.135 0.0000000000
144555  -46.571  23.921  34.569 0.0000000000
144558  -47.678  23.137  34.690 0.0000000000
144568  -45.868  23.964  34.084 0.0000000000
144569  -46.210  24.043  34.324 0.0000000000
144594  -42.988  24.532  33.275 0.0000000000
144595  -45.172  24.190  33.644 0.0000000000
144604  -42.591  24.125  33.450 0.0000000000
144609  -48.750  23.284  32.619 0.0000000000
144610  -48.875  22.997  32.263 0.0000000000
144620  -49.218  24.141  31.724 0.0000000000
144623  -49.126  22.949  32.010 0.0000000000
144644  -46.090  24.186  28.606 0.0000000000
145390  -47.155  24.491  34.837 0.0000000000
145391  -47.418  23.686  34.736 0.0000000000
145392  -47.489  23.321  34.850 0.0000000000
145397  -45.944  25.015  34.016 0.0000000000
145398  -46.284  24.562  34.310 0.0000000000
145442  -43.228  24.694  33.183 0.0000000000
145443  -43.751  24.664  33.122 0.0000000000
145461  -42.006  25.528  31.863 0.0000000000
145463  -49.143  24.328  31.517 0.0000000000
145464  -48.867  23.144  32.454 0.0000000000
145465  -49.060  23.069  32.294 0.0000000000
145513  -47.996  25.764  29.289 0.0000000000
145529  -45.869  25.874  26.355 0.0000000000
145553  -47.361  26.511  24.273 0.0000000000
145582  -47.062  26.584  22.577 0.0000000000
146266  -46.805  25.210  34.459 0.0000000000
146267  -47.029  24.785  34.529 0.0000000000
146271  -45.467  25.792  33.712 0.0000000000
146274  -47.044  25.172  34.446 0.0000000000
146291  -45.126  25.750  33.525 0.0000000000
146322  -41.362  25.096  32.285 0.0000000000
146330  -42.524  25.668  31.635 0.0000000000
146344  -43.420  26.232  31.574 0.0000000000
146372  -46.308  26.096  26.233 0.0000000000
146378  -46.335  26.160  25.792 0.0000000000
146379  -46.442  26.203  26.031 0.0000000000
146389  -47.477  26.550  24.543 0.0000000000
146421  -47.646  26.920  22.137 0.0000000000
146435  -47.556  27.191  21.754 0.0000000000
147129  -45.917  26.025  34.023 0.0000000000
147137  -44.996  26.167  33.454 0.0000000000
147138  -45.615  26.309  33.776 0.0000000000
147139  -46.209  26.238  34.144 0.0000000000
147149  -44.547  26.181  33.050 0.0000000000
147150  -44.863  26.465  33.247 0.0000000000
147165  -44.407  26.422  32.624 0.0000000000
147167  -45.048  26.952  32.954 0.0000000000
147179  -44.730  27.062  32.391 0.0000000000
147221  -47.714  27.301  25.027 0.0000000000
147235  -47.501  27.842  22.558 0.0000000000
147247  -47.492  27.297  22.290 0.0000000000
147923  -45.777  26.633  33.778 0.0000000000
147925  -46.397  26.952  34.150 0.0000000000
147932  -45.721  26.870  33.583 0.0000000000
147933  -46.176  27.189  33.642 0.0000000000
147968  -45.110  27.971  31.518 0.0000000000
147996  -41.139  28.690  27.334 0.0000000000
148000  -40.835  28.658  26.952 0.0000000000
148001  -41.030  28.656  27.115 0.0000000000
148007  -47.536  27.865  25.274 0.0000000000
148028  -47.557  28.077  22.443 0.0000000000
148068  -47.223  29.889  20.158 0.0000000000
148069  -47.283  29.360  20.289 0.0000000000
148070  -47.319  29.081  20.335 0.0000000000
148088  -47.156  28.645  19.904 0.0000000000
148089  -47.328  28.081  20.038 0.0000000000
148099  -46.658  29.774  19.584 0.0000000000
148100  -46.629  29.488  19.540 0.0000000000
148703  -46.376  27.454  33.045 0.0000000000
148704  -46.863  27.668  32.809 0.0000000000
148709  -45.951  27.392  32.583 0.0000000000
148711  -46.964  27.834  32.207 0.0000000000
148867  -47.329  30.484  20.608 0.0000000000
148881  -46.672  30.653  19.832 0.0000000000
148890  -46.755  29.969  19.678 0.0000000000
149493  -32.828  30.687  27.603 0.0000000000
149495  -33.943  30.005  27.099 0.0000000000
149504  -33.744  30.512  26.806 0.0000000000
149506  -35.021  29.840  26.078 0.0000000000
149510  -47.353  30.896  26.232 0.0000000000
149535  -44.075  31.217  24.370 0.0000000000
149536  -47.460  31.302  24.513 0.0000000000
149541  -43.820  31.663  23.893 0.0000000000
149542  -47.506  31.362  23.882 0.0000000000
149582  -47.296  30.797  20.595 0.0000000000
150281  -47.674  32.566  26.875 0.0000000000
150287  -33.428  30.864  26.889 0.0000000000
150295  -34.298  30.794  26.003 0.0000000000
150297  -45.893  32.099  25.992 0.0000000000
150299  -47.592  32.298  25.953 0.0000000000
150306  -37.908  31.032  24.836 0.0000000000
150321  -43.101  31.254  23.853 0.0000000000
150323  -45.038  32.008  24.547 0.0000000000
150324  -47.588  31.848  23.991 0.0000000000
150327  -37.309  32.390  23.807 0.0000000000
150329  -40.483  32.500  24.106 0.0000000000
150339  -48.497  32.776  22.345 0.0000000000
150342  -48.692  33.336  21.374 0.0000000000
151109  -47.149  32.280  27.106 0.0000000000
151111  -47.615  32.285  26.964 0.0000000000
151118  -46.451  32.422  26.392 0.0000000000
151119  -46.794  32.517  26.706 0.0000000000
151120  -47.214  32.668  26.812 0.0000000000
151121  -47.612  32.708  26.787 0.0000000000
151123  -33.127  31.984  26.852 0.0000000000
151128  -46.583  32.785  26.146 0.0000000000
151132  -33.873  31.822  26.072 0.0000000000
151138  -47.787  32.552  24.584 0.0000000000
151146  -39.619  32.080  24.177 0.0000000000
151147  -44.343  32.895  23.666 0.0000000000
151154  -36.976  32.844  23.728 0.0000000000
151164  -48.591  33.329  23.130 0.0000000000
151166  -48.459  32.772  22.601 0.0000000000
151168  -48.743  33.320  21.768 0.0000000000
151170  -48.677  33.654  21.065 0.0000000000
151175  -48.784  33.758  20.966 0.0000000000
151817  -47.118  33.013  26.553 0.0000000000
151825  -47.321  33.413  26.096 0.0000000000
151833  -48.870  33.921  25.055 0.0000000000
151834  -48.615  34.267  24.493 0.0000000000
151838  -44.170  33.412  23.576 0.0000000000
151841  -47.995  33.255  24.665 0.0000000000
151842  -48.658  34.202  24.287 0.0000000000
151843  -48.688  34.329  23.787 0.0000000000
151855  -48.257  33.283  23.882 0.0000000000
151856  -48.584  33.771  23.756 0.0000000000
151861  -48.700  33.631  23.016 0.0000000000
151866  -48.745  33.924  21.060 0.0000000000
151871  -47.994  33.970  20.536 0.0000000000
151872  -48.274  34.168  20.566 0.0000000000
151874  -49.032  34.693  21.170 0.0000000000
152515  -48.247  34.303  25.429 0.0000000000
152516  -48.841  34.951  24.893 0.0000000000
152517  -49.152  34.949  24.852 0.0000000000
152528  -48.518  34.173  24.710 0.0000000000
152539  -48.318  33.664  24.176 0.0000000000
152540  -48.552  33.997  24.340 0.0000000000
152556  -46.657  34.635  23.957 0.0000000000
152559  -48.348  33.784  24.018 0.0000000000
152577  -48.999  34.998  21.153 0.0000000000
153234  -47.302  34.538  25.963 0.0000000000
153235  -47.489  34.660  25.957 0.0000000000
153238  -48.984  35.089  24.751 0.0000000000
153245  -48.161  35.181  25.397 0.0000000000
153247  -49.192  35.084  24.624 0.0000000000
153253  -43.927  34.016  23.315 0.0000000000
153256  -46.854  35.190  25.325 0.0000000000
153257  -47.535  35.283  25.136 0.0000000000
153259  -48.636  35.033  24.209 0.0000000000
153260  -49.383  34.981  24.327 0.0000000000
153276  -45.105  34.251  23.381 0.0000000000
153278  -47.437  35.043  24.207 0.0000000000
153281  -48.881  34.967  23.732 0.0000000000
153298  -48.587  35.017  22.559 0.0000000000
154052  -49.339  35.042  24.450 0.0000000000
154053  -49.539  35.034  24.540 0.0000000000
154058  -48.855  35.000  23.827 0.0000000000
154059  -49.341  35.070  24.057 0.0000000000
154067  -48.855  35.185  23.264 0.0000000000
154075  -48.736  34.924  22.907 0.0000000000
154076  -48.993  35.241  22.936 0.0000000000
167603  -51.409  15.037  38.358 0.0000000000
167604  -51.457  15.240  38.515 0.0000000000
167606  -51.498  15.418  38.154 0.0000000000
167614  -49.530  17.777  36.013 0.0000000000
167617  -48.495  17.480  36.732 0.0000000000
167620  -48.852  16.703  38.573 0.0000000000
167624  -47.137  19.248  37.061 0.0000000000
167625  -49.019  16.880  38.539 0.0000000000
167626  -48.185  16.845  37.796 0.0000000000
167788  -47.976  22.679  33.348 0.0000000000
167789  -47.813  22.197  33.310 0.0000000000
167790  -48.078  23.184  33.766 0.0000000000
167792  -47.763  22.153  32.933 0.0000000000
167795  -47.980  22.661  33.020 0.0000000000
167796  -47.795  22.447  32.943 0.0000000000
167835  -47.593  29.610  21.441 0.0000000000
167836  -47.616  30.047  21.750 0.0000000000
167837  -47.560  29.616  21.198 0.0000000000
