#!ascii label  , from subject 4102 vox2ras=TkReg
847
57247  35.081  -50.378  58.746 0.0000000000
86886  52.532  -26.869  45.881 0.0000000000
94504  56.158  -21.253  45.061 0.0000000000
71315  55.789  -38.671  51.050 0.0000000000
59803  41.301  -48.510  53.998 0.0000000000
53541  39.223  -51.514  56.476 0.0000000000
90618  54.765  -23.458  46.466 0.0000000000
85532  58.524  -27.550  50.327 0.0000000000
68595  51.783  -40.803  53.799 0.0000000000
58508  46.727  -47.955  55.485 0.0000000000
91952  64.322  -21.856  38.519 0.0000000000
98450  58.149  -17.941  43.252 0.0000000000
76529  51.472  -35.162  49.359 0.0000000000
79070  55.520  -31.925  50.045 0.0000000000
58496  38.224  -49.601  56.662 0.0000000000
53529  37.275  -51.566  57.432 0.0000000000
89419  53.701  -24.885  45.894 0.0000000000
89381  56.552  -24.828  49.232 0.0000000000
86813  55.702  -26.685  50.265 0.0000000000
59883  52.129  -46.433  50.985 0.0000000000
56079  43.507  -50.324  55.846 0.0000000000
59779  43.983  -48.148  54.754 0.0000000000
54853  45.134  -50.096  54.336 0.0000000000
95822  63.288  -20.417  39.765 0.0000000000
91955  61.998  -21.702  39.545 0.0000000000
95806  62.544  -19.643  42.220 0.0000000000
95768  55.202  -20.026  44.331 0.0000000000
97135  55.749  -18.771  42.131 0.0000000000
95781  56.512  -19.712  43.674 0.0000000000
94548  58.001  -20.317  42.063 0.0000000000
93262  55.696  -21.128  43.598 0.0000000000
69974  53.927  -39.885  52.528 0.0000000000
72600  51.622  -37.805  51.898 0.0000000000
73864  54.099  -36.841  51.893 0.0000000000
77830  54.219  -33.607  49.403 0.0000000000
75156  56.095  -35.590  50.475 0.0000000000
77827  58.347  -33.570  50.116 0.0000000000
72619  56.984  -36.882  49.428 0.0000000000
57287  40.620  -50.020  56.240 0.0000000000
93264  54.159  -21.751  43.426 0.0000000000
93228  55.856  -21.500  46.281 0.0000000000
91841  57.705  -23.811  47.644 0.0000000000
86855  59.631  -26.343  48.441 0.0000000000
63581  49.188  -44.676  54.203 0.0000000000
63578  51.915  -44.432  54.071 0.0000000000
64856  54.338  -43.126  52.647 0.0000000000
66122  54.649  -41.959  50.455 0.0000000000
68710  54.536  -39.277  48.671 0.0000000000
62283  46.842  -45.646  53.599 0.0000000000
58530  49.051  -47.733  54.448 0.0000000000
92040  63.599  -22.192  35.466 0.0000000000
98473  59.367  -18.845  41.228 0.0000000000
94531  60.444  -19.882  42.269 0.0000000000
91925  57.580  -21.419  40.614 0.0000000000
84219  53.845  -28.691  49.957 0.0000000000
82819  56.787  -29.701  50.956 0.0000000000
80289  59.313  -31.168  49.297 0.0000000000
53514  35.303  -51.527  58.621 0.0000000000
56059  36.386  -50.756  58.255 0.0000000000
53530  36.791  -51.956  57.752 0.0000000000
88182  53.231  -25.880  46.209 0.0000000000
88149  54.540  -25.953  48.054 0.0000000000
86856  53.841  -26.499  47.762 0.0000000000
54841  44.412  -50.423  54.973 0.0000000000
97159  61.882  -19.275  40.047 0.0000000000
95823  62.674  -19.923  40.473 0.0000000000
97146  61.416  -18.668  40.429 0.0000000000
94505  56.029  -20.739  45.077 0.0000000000
97088  55.695  -19.667  44.066 0.0000000000
95766  55.692  -20.517  44.139 0.0000000000
94519  55.874  -20.925  44.262 0.0000000000
69972  54.997  -39.220  51.874 0.0000000000
72587  54.554  -37.947  52.145 0.0000000000
72598  54.940  -37.461  51.403 0.0000000000
75157  55.229  -35.823  50.442 0.0000000000
72607  55.942  -37.054  50.483 0.0000000000
73873  56.882  -36.429  50.180 0.0000000000
71330  56.820  -37.766  50.146 0.0000000000
58495  39.162  -49.896  56.340 0.0000000000
56070  40.170  -50.468  56.424 0.0000000000
54830  41.157  -50.462  55.734 0.0000000000
90639  53.818  -23.741  44.766 0.0000000000
93253  53.921  -22.478  43.711 0.0000000000
91872  54.578  -22.541  45.698 0.0000000000
93251  54.635  -21.591  44.968 0.0000000000
93219  55.573  -22.114  46.473 0.0000000000
91852  56.749  -23.521  46.783 0.0000000000
91843  56.582  -23.986  47.359 0.0000000000
88097  57.506  -25.689  50.124 0.0000000000
88126  58.513  -25.610  49.559 0.0000000000
86834  59.284  -26.339  49.287 0.0000000000
85578  60.193  -28.013  47.618 0.0000000000
84238  60.053  -28.360  48.944 0.0000000000
61046  50.784  -46.190  53.546 0.0000000000
63579  51.049  -44.583  54.301 0.0000000000
61045  51.427  -46.107  53.280 0.0000000000
61106  53.582  -45.746  50.993 0.0000000000
64866  54.928  -42.626  51.388 0.0000000000
59756  45.448  -47.925  55.404 0.0000000000
61039  45.685  -46.904  54.501 0.0000000000
61038  46.610  -46.529  54.674 0.0000000000
61036  47.895  -46.589  55.326 0.0000000000
58532  47.505  -48.222  55.171 0.0000000000
94585  64.439  -20.890  38.557 0.0000000000
91997  64.077  -22.109  37.103 0.0000000000
90695  61.086  -22.315  39.923 0.0000000000
98465  56.768  -18.053  42.796 0.0000000000
98487  56.747  -18.279  41.553 0.0000000000
98475  57.836  -18.072  41.786 0.0000000000
98485  58.050  -18.378  40.783 0.0000000000
98462  58.954  -18.851  41.993 0.0000000000
97109  60.324  -19.159  42.070 0.0000000000
97110  58.915  -18.956  42.955 0.0000000000
94563  56.299  -20.299  41.778 0.0000000000
94561  57.885  -20.640  41.491 0.0000000000
68597  50.384  -41.340  54.056 0.0000000000
69965  50.313  -40.046  52.799 0.0000000000
73877  51.938  -36.892  50.882 0.0000000000
72614  50.907  -37.668  50.578 0.0000000000
79079  55.556  -33.085  49.713 0.0000000000
79088  53.457  -32.537  49.134 0.0000000000
80277  54.338  -31.484  49.652 0.0000000000
82843  52.982  -29.733  49.321 0.0000000000
81546  55.086  -30.538  50.193 0.0000000000
84193  55.422  -28.801  51.087 0.0000000000
81536  56.315  -30.586  50.724 0.0000000000
76540  58.674  -34.382  49.353 0.0000000000
79087  59.172  -32.679  49.332 0.0000000000
76563  58.910  -33.489  48.241 0.0000000000
79111  58.502  -32.214  47.609 0.0000000000
57267  37.918  -50.353  57.109 0.0000000000
54834  38.305  -51.209  56.852 0.0000000000
52215  38.226  -51.949  55.736 0.0000000000
53543  37.036  -51.885  57.216 0.0000000000
90610  54.705  -24.037  46.765 0.0000000000
90600  55.577  -24.184  47.709 0.0000000000
89400  54.990  -24.785  47.981 0.0000000000
88099  56.118  -25.967  49.828 0.0000000000
86785  56.967  -27.135  50.949 0.0000000000
59759  42.390  -48.959  55.570 0.0000000000
59780  42.895  -48.403  54.853 0.0000000000
59758  43.543  -48.638  55.481 0.0000000000
57306  44.857  -49.461  55.702 0.0000000000
57324  46.295  -49.401  54.949 0.0000000000
57323  47.086  -49.200  54.699 0.0000000000
54864  46.146  -49.692  53.782 0.0000000000
94574  63.752  -20.786  39.612 0.0000000000
91934  63.555  -21.804  39.682 0.0000000000
93288  63.339  -21.070  40.149 0.0000000000
93290  62.260  -20.633  40.907 0.0000000000
91905  61.687  -20.985  41.252 0.0000000000
95799  53.953  -19.994  42.955 0.0000000000
97114  54.832  -19.139  43.396 0.0000000000
98452  56.403  -18.546  43.539 0.0000000000
98435  57.796  -18.280  43.939 0.0000000000
95779  58.395  -19.169  43.496 0.0000000000
95797  57.211  -19.667  43.569 0.0000000000
94535  55.827  -20.473  43.220 0.0000000000
68609  52.882  -40.371  53.471 0.0000000000
69963  51.811  -39.369  53.417 0.0000000000
71308  53.234  -38.632  52.773 0.0000000000
73855  52.843  -37.723  51.852 0.0000000000
75160  53.056  -35.846  50.881 0.0000000000
76527  52.733  -34.476  50.010 0.0000000000
76510  53.655  -35.426  50.139 0.0000000000
76508  55.420  -34.982  50.236 0.0000000000
77818  56.200  -33.827  50.077 0.0000000000
79068  56.901  -32.750  50.357 0.0000000000
77816  57.579  -34.120  50.221 0.0000000000
75168  57.846  -35.074  49.507 0.0000000000
73898  57.175  -36.035  48.653 0.0000000000
59763  38.191  -49.318  55.462 0.0000000000
59783  39.798  -49.264  54.605 0.0000000000
59760  41.286  -49.116  55.452 0.0000000000
57285  42.218  -49.893  56.217 0.0000000000
53551  42.316  -50.794  54.896 0.0000000000
94520  54.735  -21.055  44.380 0.0000000000
94499  55.616  -21.054  45.741 0.0000000000
94497  56.458  -21.293  45.741 0.0000000000
93225  57.354  -22.808  46.126 0.0000000000
91860  57.820  -23.332  46.561 0.0000000000
89417  58.761  -24.964  47.161 0.0000000000
90580  57.364  -24.459  48.590 0.0000000000
89397  59.043  -24.772  48.349 0.0000000000
64859  48.330  -43.853  53.207 0.0000000000
64846  49.554  -43.699  54.272 0.0000000000
66046  50.658  -42.721  54.240 0.0000000000
66045  51.581  -42.592  54.137 0.0000000000
62302  52.761  -45.505  52.441 0.0000000000
63596  53.220  -44.218  53.266 0.0000000000
66068  53.262  -42.190  53.724 0.0000000000
66066  54.203  -41.959  52.502 0.0000000000
67348  55.094  -40.864  51.477 0.0000000000
68648  55.390  -40.173  50.874 0.0000000000
68684  55.105  -38.952  49.899 0.0000000000
67393  54.528  -40.438  49.777 0.0000000000
62281  47.907  -45.298  54.537 0.0000000000
61048  49.178  -46.362  54.616 0.0000000000
58542  49.995  -47.654  53.314 0.0000000000
57339  48.487  -49.318  53.932 0.0000000000
57356  49.477  -48.744  52.751 0.0000000000
92039  64.491  -22.293  35.292 0.0000000000
98482  60.404  -18.420  40.207 0.0000000000
97122  61.278  -18.628  42.027 0.0000000000
94530  61.341  -19.786  42.377 0.0000000000
91907  60.215  -21.577  41.624 0.0000000000
94547  59.129  -20.436  42.217 0.0000000000
93291  59.307  -21.257  41.533 0.0000000000
91938  59.162  -22.392  40.472 0.0000000000
71325  50.617  -38.534  51.610 0.0000000000
84254  52.694  -28.759  48.087 0.0000000000
85579  52.827  -27.701  47.499 0.0000000000
85534  54.107  -27.846  50.111 0.0000000000
85511  55.762  -27.971  51.140 0.0000000000
84190  57.770  -28.600  50.846 0.0000000000
80264  58.401  -31.772  50.302 0.0000000000
81545  58.607  -30.396  50.249 0.0000000000
82858  59.361  -29.452  49.405 0.0000000000
81576  58.913  -30.416  47.972 0.0000000000
70064  55.701  -37.942  48.879 0.0000000000
71381  55.974  -37.437  47.718 0.0000000000
56046  35.584  -50.800  58.710 0.0000000000
53515  34.818  -51.640  58.759 0.0000000000
54811  35.029  -51.257  58.947 0.0000000000
56060  35.853  -50.541  58.501 0.0000000000
54810  35.745  -51.346  58.501 0.0000000000
88192  52.791  -25.917  45.363 0.0000000000
86871  53.694  -26.266  47.239 0.0000000000
86872  53.226  -26.756  47.026 0.0000000000
97147  60.980  -18.533  39.991 0.0000000000
93250  56.225  -21.698  44.687 0.0000000000
69971  55.531  -39.186  51.252 0.0000000000
71317  54.875  -37.993  51.901 0.0000000000
71316  55.678  -38.373  51.311 0.0000000000
72597  55.526  -37.587  51.132 0.0000000000
71324  56.067  -37.647  50.893 0.0000000000
72606  56.489  -37.200  50.438 0.0000000000
71323  56.352  -38.149  50.692 0.0000000000
54820  39.202  -50.990  56.934 0.0000000000
56071  39.486  -50.701  56.805 0.0000000000
54832  39.767  -51.167  56.537 0.0000000000
53553  39.974  -51.540  55.829 0.0000000000
91863  54.530  -23.090  46.002 0.0000000000
91873  54.162  -23.060  45.246 0.0000000000
91862  54.956  -22.573  46.390 0.0000000000
91854  55.626  -22.858  46.902 0.0000000000
90608  55.777  -23.649  47.324 0.0000000000
86810  58.238  -26.347  50.248 0.0000000000
86835  58.823  -26.252  49.835 0.0000000000
86809  59.033  -26.902  49.978 0.0000000000
85551  60.085  -27.710  48.954 0.0000000000
85552  59.572  -27.607  49.465 0.0000000000
59796  50.624  -46.681  53.123 0.0000000000
61059  51.176  -46.406  53.072 0.0000000000
59778  44.972  -47.496  54.806 0.0000000000
59777  45.867  -47.124  55.217 0.0000000000
59776  46.646  -47.034  55.371 0.0000000000
59775  47.280  -47.282  55.431 0.0000000000
93321  64.394  -21.367  38.710 0.0000000000
93320  64.519  -21.239  38.204 0.0000000000
93336  64.508  -21.633  37.967 0.0000000000
91973  64.539  -21.933  37.663 0.0000000000
98464  57.594  -17.880  42.662 0.0000000000
98463  58.374  -18.152  42.394 0.0000000000
98449  58.751  -18.468  42.775 0.0000000000
93295  55.747  -20.509  41.188 0.0000000000
68596  50.963  -41.020  54.098 0.0000000000
68612  50.081  -40.898  53.393 0.0000000000
68611  51.258  -40.280  53.593 0.0000000000
75171  51.420  -35.827  50.000 0.0000000000
75178  50.970  -35.825  49.217 0.0000000000
79080  55.081  -32.504  49.591 0.0000000000
81547  54.606  -30.481  50.046 0.0000000000
80276  55.157  -31.240  50.045 0.0000000000
81537  55.521  -30.409  50.436 0.0000000000
80267  55.852  -31.392  50.357 0.0000000000
75184  57.873  -34.463  48.615 0.0000000000
76554  58.934  -33.959  48.581 0.0000000000
76564  58.250  -33.659  48.087 0.0000000000
76571  57.755  -33.609  47.472 0.0000000000
56058  37.379  -50.729  57.595 0.0000000000
57291  37.231  -49.711  57.200 0.0000000000
56057  38.242  -50.701  57.075 0.0000000000
54822  37.716  -51.119  57.162 0.0000000000
53542  37.873  -51.534  56.813 0.0000000000
89428  53.248  -25.008  44.981 0.0000000000
89427  53.674  -24.608  45.251 0.0000000000
90627  53.930  -24.106  45.334 0.0000000000
89412  54.408  -24.829  46.912 0.0000000000
89411  54.832  -24.327  47.200 0.0000000000
88129  54.796  -26.328  48.701 0.0000000000
88128  55.374  -26.092  49.076 0.0000000000
88100  55.521  -26.270  49.751 0.0000000000
86812  56.487  -26.512  50.443 0.0000000000
58491  42.548  -49.642  56.184 0.0000000000
58512  43.175  -49.240  56.121 0.0000000000
56089  44.775  -50.165  54.838 0.0000000000
56078  44.544  -50.069  55.362 0.0000000000
56077  45.152  -49.663  55.261 0.0000000000
57305  45.692  -49.258  55.374 0.0000000000
56088  45.509  -49.814  54.593 0.0000000000
56087  46.442  -49.571  54.535 0.0000000000
95832  63.106  -20.017  39.427 0.0000000000
95831  63.702  -20.420  39.037 0.0000000000
94559  63.303  -20.825  40.193 0.0000000000
94575  63.192  -20.534  40.174 0.0000000000
95815  62.813  -19.799  41.520 0.0000000000
94543  63.040  -20.447  41.847 0.0000000000
93272  62.484  -20.777  41.630 0.0000000000
94544  62.021  -20.170  42.184 0.0000000000
95784  54.536  -19.983  43.938 0.0000000000
95798  54.453  -19.602  43.326 0.0000000000
97101  54.943  -19.212  43.921 0.0000000000
97099  56.217  -19.320  44.049 0.0000000000
97112  56.015  -18.888  44.004 0.0000000000
98437  56.400  -18.754  44.009 0.0000000000
98436  56.901  -18.555  43.994 0.0000000000
97098  57.268  -18.971  44.048 0.0000000000
95780  57.641  -19.317  43.771 0.0000000000
94534  56.665  -20.129  43.184 0.0000000000
94550  55.861  -20.384  42.633 0.0000000000
93278  55.277  -21.064  42.959 0.0000000000
68608  53.632  -40.483  52.976 0.0000000000
69962  52.677  -39.391  53.286 0.0000000000
69961  53.528  -39.507  52.892 0.0000000000
72599  54.475  -37.325  51.817 0.0000000000
72588  53.831  -37.756  52.390 0.0000000000
73865  53.384  -36.987  51.669 0.0000000000
75146  53.282  -36.454  51.259 0.0000000000
75159  53.864  -35.868  50.843 0.0000000000
75145  53.958  -36.308  51.387 0.0000000000
76507  56.161  -34.814  50.410 0.0000000000
77819  55.624  -34.195  49.858 0.0000000000
77817  56.970  -33.868  50.323 0.0000000000
76506  56.824  -34.822  50.406 0.0000000000
72613  57.123  -37.119  49.821 0.0000000000
75169  57.532  -35.402  49.774 0.0000000000
73883  57.205  -36.125  49.514 0.0000000000
73882  57.519  -35.495  49.265 0.0000000000
73890  57.226  -36.190  49.137 0.0000000000
58518  37.787  -49.244  56.277 0.0000000000
59785  37.679  -48.817  54.742 0.0000000000
58494  40.168  -49.798  56.159 0.0000000000
58516  39.793  -49.585  55.973 0.0000000000
58515  40.720  -49.404  55.913 0.0000000000
59761  40.323  -49.286  55.454 0.0000000000
58514  41.619  -49.426  55.807 0.0000000000
57286  41.507  -49.892  56.144 0.0000000000
94536  53.998  -20.942  43.153 0.0000000000
94521  54.457  -21.033  43.721 0.0000000000
93229  55.276  -21.596  46.024 0.0000000000
94507  55.105  -21.025  45.094 0.0000000000
94498  56.107  -20.869  45.913 0.0000000000
93227  56.412  -21.681  46.307 0.0000000000
93226  56.998  -22.135  46.150 0.0000000000
91851  57.358  -23.558  46.843 0.0000000000
91850  58.038  -23.650  47.266 0.0000000000
90617  58.444  -24.088  46.972 0.0000000000
90607  58.521  -23.987  47.627 0.0000000000
90582  56.292  -24.556  48.778 0.0000000000
90581  56.716  -24.559  48.657 0.0000000000
89380  57.226  -24.762  49.215 0.0000000000
88147  59.217  -25.608  48.733 0.0000000000
89378  58.870  -25.026  49.033 0.0000000000
88165  59.328  -25.638  48.079 0.0000000000
88179  59.082  -25.791  47.484 0.0000000000
86870  59.490  -26.534  47.792 0.0000000000
64848  48.395  -44.274  53.763 0.0000000000
64847  48.695  -43.715  53.985 0.0000000000
64845  50.423  -43.667  54.351 0.0000000000
64844  51.340  -43.583  54.301 0.0000000000
64843  52.265  -43.440  54.137 0.0000000000
59841  52.339  -46.662  51.969 0.0000000000
61085  52.817  -46.190  51.351 0.0000000000
63608  54.379  -44.025  51.892 0.0000000000
63595  53.986  -44.322  52.902 0.0000000000
64857  53.823  -43.538  53.347 0.0000000000
66067  53.710  -42.440  53.334 0.0000000000
64876  55.002  -42.567  50.756 0.0000000000
66087  54.897  -41.600  51.443 0.0000000000
66106  55.024  -41.688  50.880 0.0000000000
68649  55.323  -40.406  51.254 0.0000000000
67365  55.053  -40.760  50.698 0.0000000000
67380  54.771  -40.559  50.304 0.0000000000
66121  54.443  -41.291  50.130 0.0000000000
59824  42.774  -47.913  53.332 0.0000000000
59801  43.332  -47.965  54.091 0.0000000000
62284  46.348  -45.986  53.164 0.0000000000
62294  46.643  -45.410  52.730 0.0000000000
63584  47.395  -45.026  53.495 0.0000000000
62282  47.379  -45.390  54.105 0.0000000000
59773  48.841  -47.173  54.834 0.0000000000
61035  48.527  -46.521  55.094 0.0000000000
59798  49.419  -47.066  54.241 0.0000000000
58543  49.549  -47.888  53.878 0.0000000000
57340  47.694  -49.428  54.223 0.0000000000
57374  49.556  -48.595  52.038 0.0000000000
92021  64.293  -22.172  36.186 0.0000000000
92062  62.896  -22.179  34.728 0.0000000000
91954  62.835  -21.980  39.235 0.0000000000
97125  54.934  -18.962  42.519 0.0000000000
97136  55.006  -18.891  41.515 0.0000000000
98494  58.498  -18.525  40.365 0.0000000000
98483  59.600  -18.506  40.542 0.0000000000
98472  60.196  -18.534  41.006 0.0000000000
98471  60.898  -18.349  40.813 0.0000000000
98460  60.734  -18.484  41.480 0.0000000000
95793  60.859  -19.402  42.340 0.0000000000
94545  61.037  -20.351  42.131 0.0000000000
94546  60.087  -20.457  42.158 0.0000000000
94533  58.375  -20.089  42.844 0.0000000000
95795  58.836  -19.549  43.001 0.0000000000
93293  57.622  -21.005  41.082 0.0000000000
93292  58.532  -21.031  41.347 0.0000000000
91924  58.160  -21.635  40.795 0.0000000000
91923  59.440  -21.918  41.059 0.0000000000
91939  58.517  -22.258  40.409 0.0000000000
71310  51.593  -38.586  53.073 0.0000000000
71311  50.947  -38.694  52.747 0.0000000000
72592  51.022  -38.310  52.375 0.0000000000
76526  53.528  -34.532  49.866 0.0000000000
80293  52.538  -31.638  48.946 0.0000000000
82842  53.788  -29.595  49.790 0.0000000000
84240  52.752  -29.033  48.672 0.0000000000
84220  53.407  -28.856  49.414 0.0000000000
85565  52.972  -28.081  48.280 0.0000000000
85554  53.352  -27.988  49.077 0.0000000000
85553  53.854  -27.631  49.502 0.0000000000
85535  53.701  -28.192  49.633 0.0000000000
84192  56.274  -28.807  51.180 0.0000000000
84191  57.146  -28.772  51.102 0.0000000000
82818  57.801  -29.663  50.629 0.0000000000
79067  57.919  -32.869  50.300 0.0000000000
80265  57.555  -31.769  50.501 0.0000000000
79078  58.478  -32.869  50.120 0.0000000000
79076  59.142  -32.023  49.502 0.0000000000
80274  58.999  -31.495  50.038 0.0000000000
80290  59.200  -30.828  49.697 0.0000000000
81544  59.132  -30.484  49.955 0.0000000000
81559  59.336  -30.169  49.468 0.0000000000
81569  59.386  -30.349  48.618 0.0000000000
80305  58.990  -31.317  48.480 0.0000000000
79119  58.361  -31.945  47.049 0.0000000000
68698  54.787  -39.180  49.503 0.0000000000
70044  55.656  -38.226  49.442 0.0000000000
70045  55.147  -38.515  48.966 0.0000000000
54823  36.969  -51.358  57.966 0.0000000000
54824  36.302  -51.587  58.176 0.0000000000
89420  53.243  -25.422  45.613 0.0000000000
88181  53.806  -25.477  46.638 0.0000000000
88166  54.016  -25.733  47.326 0.0000000000
86836  54.745  -26.607  49.172 0.0000000000
54856  43.486  -50.625  54.977 0.0000000000
54855  43.962  -50.599  54.786 0.0000000000
53563  44.043  -50.677  54.347 0.0000000000
95833  62.414  -19.724  39.716 0.0000000000
95824  62.289  -19.516  40.317 0.0000000000
97145  62.225  -18.987  40.794 0.0000000000
97133  62.217  -18.712  41.717 0.0000000000
95783  55.018  -19.570  44.176 0.0000000000
95767  55.694  -20.134  44.131 0.0000000000
95782  55.907  -19.858  43.773 0.0000000000
93261  55.865  -21.209  44.048 0.0000000000
69959  54.611  -39.242  52.247 0.0000000000
69960  54.199  -39.281  52.454 0.0000000000
71306  54.623  -38.724  52.250 0.0000000000
75144  54.445  -36.328  51.065 0.0000000000
73863  54.746  -36.768  50.994 0.0000000000
73876  55.473  -36.297  50.491 0.0000000000
73875  56.012  -36.308  50.371 0.0000000000
75155  56.651  -35.575  50.296 0.0000000000
73874  56.507  -36.371  50.184 0.0000000000
72605  56.847  -37.457  50.261 0.0000000000
71336  56.919  -37.536  49.714 0.0000000000
58517  38.717  -49.722  56.085 0.0000000000
57288  39.511  -50.270  56.556 0.0000000000
56069  41.216  -50.143  56.058 0.0000000000
54831  40.488  -50.683  56.062 0.0000000000
91888  53.467  -23.135  43.522 0.0000000000
91887  53.850  -23.088  44.289 0.0000000000
93252  54.222  -21.991  44.396 0.0000000000
93237  54.429  -22.175  45.215 0.0000000000
93236  54.779  -21.860  45.622 0.0000000000
93218  56.080  -22.259  46.674 0.0000000000
93217  56.599  -22.603  46.585 0.0000000000
91853  56.244  -23.249  47.103 0.0000000000
91842  57.149  -24.099  47.321 0.0000000000
89355  57.007  -25.135  49.787 0.0000000000
89354  57.732  -25.178  49.689 0.0000000000
88096  58.033  -25.631  50.003 0.0000000000
86854  60.129  -27.079  47.995 0.0000000000
85564  60.198  -27.804  48.400 0.0000000000
84253  60.065  -28.714  48.198 0.0000000000
82868  59.415  -29.516  48.166 0.0000000000
62279  49.602  -45.511  54.351 0.0000000000
63580  50.080  -44.605  54.338 0.0000000000
62278  50.578  -45.485  54.165 0.0000000000
62277  51.660  -45.490  53.607 0.0000000000
61084  53.147  -45.561  51.621 0.0000000000
63621  54.464  -44.238  51.298 0.0000000000
63607  54.765  -43.377  51.574 0.0000000000
63620  54.849  -43.637  51.026 0.0000000000
64886  54.602  -42.814  50.349 0.0000000000
59757  44.566  -48.352  55.291 0.0000000000
59800  44.462  -47.688  53.934 0.0000000000
61051  45.241  -46.936  53.800 0.0000000000
61050  46.265  -46.486  53.828 0.0000000000
62270  46.921  -45.872  54.297 0.0000000000
62269  47.281  -45.850  54.750 0.0000000000
61037  47.247  -46.491  55.214 0.0000000000
59774  48.135  -47.310  55.259 0.0000000000
58531  48.426  -47.970  54.794 0.0000000000
91972  64.956  -21.693  37.166 0.0000000000
91996  64.853  -22.097  36.799 0.0000000000
92022  63.385  -22.159  36.381 0.0000000000
90694  61.544  -21.848  40.002 0.0000000000
98466  56.179  -18.596  42.805 0.0000000000
98477  56.481  -18.401  42.042 0.0000000000
98486  57.211  -18.224  41.243 0.0000000000
98474  58.561  -18.494  41.540 0.0000000000
98461  59.925  -18.889  41.591 0.0000000000
98448  59.447  -19.092  42.124 0.0000000000
95794  59.733  -19.458  42.307 0.0000000000
94549  56.824  -20.197  42.272 0.0000000000
94562  57.244  -20.448  41.614 0.0000000000
93294  56.751  -20.688  41.090 0.0000000000
67336  49.839  -41.581  53.586 0.0000000000
73867  51.889  -37.337  51.444 0.0000000000
73868  51.195  -37.422  51.488 0.0000000000
73878  51.346  -36.988  50.926 0.0000000000
73884  51.246  -37.075  49.917 0.0000000000
77842  53.665  -33.177  49.185 0.0000000000
79081  54.138  -32.526  49.255 0.0000000000
80291  53.757  -31.913  49.336 0.0000000000
80279  53.055  -31.142  49.294 0.0000000000
81560  52.695  -30.631  49.146 0.0000000000
81549  53.327  -30.465  49.508 0.0000000000
82841  54.208  -30.021  49.981 0.0000000000
82822  54.482  -29.511  50.254 0.0000000000
84195  54.257  -28.676  50.350 0.0000000000
82821  55.178  -29.523  50.642 0.0000000000
82820  55.904  -29.647  50.919 0.0000000000
81535  57.205  -30.709  50.699 0.0000000000
77826  58.847  -34.048  49.883 0.0000000000
79077  58.862  -32.802  49.789 0.0000000000
77841  59.246  -33.387  49.105 0.0000000000
77840  59.348  -33.026  48.801 0.0000000000
79086  59.247  -32.407  48.905 0.0000000000
79102  58.799  -32.263  48.192 0.0000000000
77867  58.700  -32.954  47.825 0.0000000000
58497  37.366  -49.318  56.959 0.0000000000
57266  38.780  -50.466  56.935 0.0000000000
54821  38.635  -51.273  57.041 0.0000000000
54833  38.891  -51.273  56.807 0.0000000000
53554  38.835  -51.808  56.171 0.0000000000
53555  38.213  -51.631  56.255 0.0000000000
52189  37.663  -51.710  56.310 0.0000000000
90619  54.360  -23.937  46.067 0.0000000000
90609  55.124  -23.678  47.146 0.0000000000
89399  55.657  -24.525  48.181 0.0000000000
89382  55.795  -24.970  48.957 0.0000000000
88148  55.110  -25.734  48.428 0.0000000000
89383  55.387  -25.381  48.588 0.0000000000
89356  56.372  -25.299  49.614 0.0000000000
88098  56.767  -25.765  50.120 0.0000000000
86811  57.297  -26.398  50.512 0.0000000000
86784  57.827  -27.158  50.841 0.0000000000
59843  51.211  -46.978  52.264 0.0000000000
59781  41.854  -48.768  54.784 0.0000000000
59802  42.314  -48.238  54.086 0.0000000000
57307  43.989  -49.720  56.113 0.0000000000
58511  44.245  -48.981  55.853 0.0000000000
58510  45.135  -48.757  55.472 0.0000000000
58509  45.980  -48.389  55.555 0.0000000000
58533  46.576  -48.772  55.274 0.0000000000
56097  46.831  -49.738  53.932 0.0000000000
54875  46.211  -49.691  52.974 0.0000000000
94573  64.151  -21.078  39.112 0.0000000000
93305  64.170  -21.286  39.222 0.0000000000
93322  64.181  -21.830  39.280 0.0000000000
93306  63.721  -21.247  39.644 0.0000000000
93307  63.203  -21.197  40.004 0.0000000000
94560  62.766  -20.459  40.786 0.0000000000
93289  62.886  -20.653  40.637 0.0000000000
91919  62.470  -20.929  40.283 0.0000000000
91920  61.786  -21.153  40.685 0.0000000000
91921  61.539  -21.948  41.122 0.0000000000
90669  61.098  -22.523  40.965 0.0000000000
97115  54.465  -19.378  42.890 0.0000000000
97124  55.534  -18.839  42.987 0.0000000000
97100  55.520  -19.338  44.074 0.0000000000
97113  55.584  -18.896  43.669 0.0000000000
98453  55.945  -18.750  43.272 0.0000000000
98451  57.246  -17.969  43.504 0.0000000000
97096  58.549  -18.929  43.491 0.0000000000
97097  58.239  -18.816  43.767 0.0000000000
95796  57.895  -19.644  43.394 0.0000000000
94564  55.379  -20.375  41.959 0.0000000000
68594  52.287  -40.623  53.663 0.0000000000
68610  52.122  -40.106  53.635 0.0000000000
71309  52.434  -38.570  53.078 0.0000000000
72590  52.251  -38.075  52.504 0.0000000000
71307  54.014  -38.625  52.526 0.0000000000
72589  52.970  -38.070  52.375 0.0000000000
73856  52.208  -37.790  51.865 0.0000000000
73866  52.728  -37.202  51.464 0.0000000000
75147  52.576  -36.631  51.097 0.0000000000
75170  51.824  -35.308  50.380 0.0000000000
76528  51.895  -34.654  49.883 0.0000000000
76511  52.891  -35.094  50.545 0.0000000000
76525  54.399  -34.644  49.706 0.0000000000
75158  54.570  -35.877  50.663 0.0000000000
76509  54.575  -35.454  50.112 0.0000000000
76524  55.130  -34.703  49.796 0.0000000000
77829  55.192  -33.785  49.534 0.0000000000
77828  55.761  -33.494  49.837 0.0000000000
79069  55.957  -32.570  50.094 0.0000000000
75154  57.112  -35.534  50.028 0.0000000000
76523  57.949  -34.656  50.075 0.0000000000
76522  58.248  -34.710  49.749 0.0000000000
73889  57.553  -35.387  48.884 0.0000000000
59804  40.276  -48.809  53.829 0.0000000000
59782  40.823  -48.982  54.730 0.0000000000
58513  42.340  -49.395  55.992 0.0000000000
56081  41.647  -50.301  55.775 0.0000000000
56080  42.311  -50.215  55.922 0.0000000000
54843  42.942  -50.631  55.256 0.0000000000
95785  54.251  -20.453  43.449 0.0000000000
95769  54.901  -20.549  44.387 0.0000000000
94506  55.675  -20.699  45.031 0.0000000000
94496  56.631  -21.605  45.636 0.0000000000
93235  56.914  -21.911  45.411 0.0000000000
93234  57.265  -22.449  45.837 0.0000000000
91870  57.672  -23.035  45.890 0.0000000000
93216  56.935  -23.012  46.429 0.0000000000
90599  56.162  -24.190  48.034 0.0000000000
90598  56.892  -24.379  47.971 0.0000000000
90597  57.514  -24.211  48.047 0.0000000000
89379  58.084  -24.644  49.031 0.0000000000
89398  58.581  -24.640  48.665 0.0000000000
90596  58.315  -24.208  48.240 0.0000000000
89410  59.099  -24.951  47.743 0.0000000000
66048  49.180  -42.814  54.093 0.0000000000
66047  49.859  -42.820  54.271 0.0000000000
67324  49.535  -42.315  54.041 0.0000000000
67322  50.849  -41.859  54.124 0.0000000000
67321  51.700  -41.629  53.959 0.0000000000
61058  51.974  -46.308  52.883 0.0000000000
61057  52.464  -45.999  52.764 0.0000000000
62292  52.490  -45.282  52.945 0.0000000000
61068  52.965  -45.595  52.006 0.0000000000
62291  53.148  -44.595  52.753 0.0000000000
63577  52.595  -44.295  53.717 0.0000000000
64842  53.164  -43.295  53.795 0.0000000000
66044  52.651  -42.295  53.946 0.0000000000
67320  52.420  -41.205  53.709 0.0000000000
67335  53.249  -41.464  53.490 0.0000000000
67334  53.962  -41.292  52.825 0.0000000000
67350  54.395  -40.904  52.404 0.0000000000
66088  54.567  -42.283  51.953 0.0000000000
67349  54.709  -41.183  52.014 0.0000000000
68629  54.642  -40.268  52.092 0.0000000000
68628  55.143  -40.144  51.601 0.0000000000
68627  55.524  -39.875  51.203 0.0000000000
69987  55.472  -39.432  50.923 0.0000000000
70004  55.498  -38.855  50.559 0.0000000000
68667  54.961  -39.135  49.969 0.0000000000
68685  54.872  -39.683  50.051 0.0000000000
67406  54.347  -40.470  49.012 0.0000000000
66154  54.242  -41.293  49.020 0.0000000000
67407  54.140  -41.139  48.826 0.0000000000
59823  43.691  -47.818  53.298 0.0000000000
63597  47.830  -44.630  52.946 0.0000000000
63583  47.979  -44.768  53.739 0.0000000000
63582  48.485  -44.757  54.122 0.0000000000
62267  48.244  -46.139  55.155 0.0000000000
62280  48.624  -45.638  54.704 0.0000000000
61047  49.951  -46.273  54.110 0.0000000000
59797  50.032  -46.970  53.550 0.0000000000
59821  50.329  -47.197  53.042 0.0000000000
57322  48.055  -48.828  54.580 0.0000000000
58544  48.901  -48.496  54.318 0.0000000000
57357  48.922  -49.305  53.249 0.0000000000
57338  49.278  -48.763  53.627 0.0000000000
58554  49.743  -48.226  53.282 0.0000000000
56047  34.582  -50.718  59.236 0.0000000000
92060  64.677  -22.259  34.399 0.0000000000
98481  60.941  -18.426  40.367 0.0000000000
97134  61.531  -18.459  41.247 0.0000000000
97121  62.126  -18.989  42.502 0.0000000000
97123  60.403  -18.829  41.838 0.0000000000
97107  61.744  -19.024  42.708 0.0000000000
95807  62.079  -19.570  42.507 0.0000000000
93273  61.509  -20.754  41.755 0.0000000000
91906  61.053  -21.458  41.540 0.0000000000
91922  60.632  -22.116  41.331 0.0000000000
94532  59.439  -20.004  42.462 0.0000000000
93275  59.719  -21.097  41.962 0.0000000000
91908  59.707  -21.458  41.533 0.0000000000
90683  58.890  -22.771  40.140 0.0000000000
86887  51.937  -27.318  45.651 0.0000000000
69964  50.889  -39.569  53.158 0.0000000000
69975  50.663  -39.454  52.565 0.0000000000
84241  52.264  -29.647  48.369 0.0000000000
85580  52.264  -28.251  47.105 0.0000000000
85594  52.580  -27.504  46.730 0.0000000000
86857  53.421  -27.272  48.012 0.0000000000
86837  53.932  -26.864  48.960 0.0000000000
86814  54.734  -26.887  49.980 0.0000000000
85513  54.528  -28.187  50.539 0.0000000000
85512  54.961  -27.985  50.904 0.0000000000
86787  55.337  -27.326  50.679 0.0000000000
86786  56.123  -27.208  50.882 0.0000000000
85509  57.425  -27.912  51.071 0.0000000000
85508  58.020  -27.975  50.775 0.0000000000
80266  56.635  -31.632  50.545 0.0000000000
81534  58.037  -30.910  50.409 0.0000000000
79066  58.598  -32.259  50.180 0.0000000000
80275  58.532  -31.152  50.250 0.0000000000
82840  58.448  -29.560  50.285 0.0000000000
84218  58.343  -28.717  50.359 0.0000000000
84217  59.041  -28.270  49.954 0.0000000000
84239  59.445  -28.758  49.408 0.0000000000
82857  59.684  -29.460  48.899 0.0000000000
80312  58.577  -31.398  47.601 0.0000000000
71331  56.407  -38.153  50.101 0.0000000000
71337  56.449  -37.863  49.624 0.0000000000
71348  56.850  -37.251  49.421 0.0000000000
70065  55.191  -38.316  48.361 0.0000000000
71364  56.095  -37.482  48.430 0.0000000000
71363  56.623  -37.041  49.084 0.0000000000
72630  56.676  -36.657  48.451 0.0000000000
53540  39.683  -51.455  56.346 0.0000000000
54809  36.296  -51.264  58.305 0.0000000000
54842  43.851  -50.524  55.237 0.0000000000
56045  36.027  -51.062  58.490 0.0000000000
56068  41.848  -49.987  56.142 0.0000000000
56096  47.810  -49.621  53.814 0.0000000000
56106  48.876  -49.242  52.751 0.0000000000
56115  49.520  -48.644  51.646 0.0000000000
57246  35.610  -50.472  58.566 0.0000000000
57290  37.713  -49.833  57.035 0.0000000000
57308  43.001  -49.897  56.343 0.0000000000
58492  41.908  -49.731  56.024 0.0000000000
58493  41.091  -49.713  56.072 0.0000000000
58553  50.146  -47.764  52.722 0.0000000000
59754  46.721  -47.461  55.488 0.0000000000
59755  46.232  -47.623  55.507 0.0000000000
59819  51.557  -46.747  52.462 0.0000000000
61049  46.679  -46.155  54.115 0.0000000000
61069  52.612  -46.104  52.223 0.0000000000
61070  52.212  -46.468  52.415 0.0000000000
62268  47.857  -45.903  55.135 0.0000000000
62276  52.174  -44.876  53.598 0.0000000000
62293  52.104  -45.761  53.212 0.0000000000
62301  53.213  -45.043  52.181 0.0000000000
62310  54.566  -44.346  51.056 0.0000000000
64867  54.698  -43.115  51.939 0.0000000000
66043  53.250  -42.564  53.792 0.0000000000
66105  54.760  -41.250  50.516 0.0000000000
66137  54.228  -41.476  49.467 0.0000000000
67323  49.960  -41.856  54.067 0.0000000000
67333  54.326  -41.343  52.446 0.0000000000
67366  55.238  -40.941  51.100 0.0000000000
68630  54.141  -40.430  52.478 0.0000000000
68668  55.012  -39.980  50.431 0.0000000000
68697  55.320  -38.646  49.732 0.0000000000
68711  54.382  -39.771  48.268 0.0000000000
69970  56.037  -38.846  51.153 0.0000000000
69973  54.423  -39.719  52.263 0.0000000000
69986  55.666  -38.843  50.906 0.0000000000
70005  55.124  -39.901  50.633 0.0000000000
70024  55.682  -38.471  49.954 0.0000000000
71318  50.720  -38.866  52.138 0.0000000000
71322  56.752  -37.846  50.364 0.0000000000
71349  56.313  -37.565  49.201 0.0000000000
72591  51.574  -38.085  52.338 0.0000000000
72601  51.088  -37.916  51.927 0.0000000000
72625  56.995  -36.754  48.801 0.0000000000
73854  53.390  -37.454  52.049 0.0000000000
73857  51.871  -37.787  51.877 0.0000000000
73862  55.377  -36.988  50.642 0.0000000000
75148  52.195  -36.786  50.969 0.0000000000
75161  52.085  -36.051  50.725 0.0000000000
75177  58.089  -34.755  49.096 0.0000000000
76505  57.274  -34.951  50.286 0.0000000000
76512  52.214  -34.964  50.520 0.0000000000
76553  59.083  -33.575  48.405 0.0000000000
77856  59.174  -33.211  48.480 0.0000000000
77857  59.228  -33.550  48.703 0.0000000000
77868  58.165  -33.101  47.601 0.0000000000
77875  58.283  -32.566  47.348 0.0000000000
80263  58.695  -31.865  50.215 0.0000000000
80273  59.172  -31.573  49.608 0.0000000000
80278  53.593  -31.228  49.509 0.0000000000
80292  53.208  -31.821  49.183 0.0000000000
81538  54.998  -30.068  50.285 0.0000000000
81548  53.960  -30.544  49.795 0.0000000000
81558  59.512  -30.285  49.066 0.0000000000
82823  54.063  -29.104  50.137 0.0000000000
82839  59.055  -29.464  49.963 0.0000000000
82859  52.383  -30.009  48.794 0.0000000000
84194  54.729  -28.790  50.767 0.0000000000
85510  56.622  -27.939  51.196 0.0000000000
85531  59.084  -27.570  49.976 0.0000000000
85533  54.647  -27.670  50.417 0.0000000000
85566  52.612  -28.435  47.725 0.0000000000
86788  54.905  -27.448  50.528 0.0000000000
86815  54.116  -27.265  49.684 0.0000000000
86833  60.006  -27.065  48.809 0.0000000000
86838  53.485  -27.590  48.576 0.0000000000
88125  59.012  -25.620  49.188 0.0000000000
88127  55.876  -25.792  49.385 0.0000000000
88167  53.609  -26.031  46.879 0.0000000000
89357  56.072  -25.451  49.477 0.0000000000
89401  54.532  -25.336  47.555 0.0000000000
90579  57.799  -24.322  48.502 0.0000000000
90595  58.778  -24.396  48.212 0.0000000000
90606  58.922  -24.304  47.942 0.0000000000
90616  58.789  -24.438  47.461 0.0000000000
90668  61.408  -22.274  40.897 0.0000000000
90679  61.599  -21.774  40.245 0.0000000000
90680  61.449  -22.106  40.502 0.0000000000
91840  58.168  -23.808  47.755 0.0000000000
91861  57.254  -22.992  46.369 0.0000000000
91935  62.714  -21.474  39.828 0.0000000000
91936  61.833  -21.464  40.192 0.0000000000
91937  61.671  -21.669  40.639 0.0000000000
91953  63.736  -22.086  38.936 0.0000000000
93263  55.495  -21.369  43.266 0.0000000000
93271  63.009  -20.843  41.607 0.0000000000
93274  60.627  -20.996  41.904 0.0000000000
93276  58.975  -20.812  41.818 0.0000000000
93277  55.517  -20.812  42.855 0.0000000000
94529  61.807  -19.710  42.501 0.0000000000
94584  64.549  -20.985  38.067 0.0000000000
94586  64.164  -20.714  38.789 0.0000000000
94601  64.427  -20.573  38.373 0.0000000000
95792  61.648  -19.323  42.593 0.0000000000
97087  55.887  -19.675  43.911 0.0000000000
97108  61.372  -19.031  42.441 0.0000000000
97111  58.466  -18.392  43.466 0.0000000000
97120  62.441  -19.258  42.243 0.0000000000
97132  62.670  -19.175  42.033 0.0000000000
97144  62.611  -19.276  41.359 0.0000000000
98476  57.072  -17.994  42.007 0.0000000000
98484  58.837  -18.634  40.766 0.0000000000
