#!ascii label  , from subject 4098 vox2ras=TkReg
1672
100233  -54.023  2.408  31.067 0.0000000000
101371  -55.594  3.786  13.418 0.0000000000
111256  -54.105  13.773  29.276 0.0000000000
103220  -59.341  5.557  24.296 0.0000000000
94606  -56.685  -2.173  26.890 0.0000000000
104256  -51.083  6.820  21.932 0.0000000000
113388  -56.974  15.190  16.278 0.0000000000
116218  -47.394  18.514  17.440 0.0000000000
91248  -49.357  -5.833  30.577 0.0000000000
102164  -56.228  4.910  27.880 0.0000000000
104217  -55.533  6.719  24.577 0.0000000000
104148  -53.334  6.304  29.146 0.0000000000
115193  -59.733  17.986  25.755 0.0000000000
111325  -57.766  14.134  22.174 0.0000000000
115244  -57.981  18.466  19.610 0.0000000000
114285  -52.275  16.483  20.107 0.0000000000
117915  -51.891  20.671  16.961 0.0000000000
102328  -52.182  4.990  12.327 0.0000000000
100191  -51.575  2.209  35.138 0.0000000000
104135  -49.639  6.283  32.468 0.0000000000
100309  -63.732  2.625  23.373 0.0000000000
98041  -57.325  1.090  23.651 0.0000000000
99224  -52.064  1.796  25.399 0.0000000000
93533  -50.613  -3.099  26.939 0.0000000000
103330  -54.530  5.382  16.870 0.0000000000
106271  -53.024  8.968  13.795 0.0000000000
109221  -50.619  11.377  25.524 0.0000000000
109279  -55.113  11.387  18.349 0.0000000000
110375  -51.483  13.039  12.801 0.0000000000
109278  -51.366  12.181  17.672 0.0000000000
112368  -47.590  14.691  20.542 0.0000000000
101219  -55.145  3.717  29.910 0.0000000000
103144  -56.431  5.709  29.916 0.0000000000
102133  -56.058  4.638  31.815 0.0000000000
117836  -58.879  20.235  22.927 0.0000000000
116161  -60.369  18.855  21.394 0.0000000000
117902  -58.122  21.113  19.092 0.0000000000
117071  -55.518  19.880  19.113 0.0000000000
101384  -54.014  4.491  12.853 0.0000000000
102090  -50.651  4.075  36.058 0.0000000000
102082  -53.646  3.541  36.992 0.0000000000
95716  -57.639  -1.100  24.981 0.0000000000
98021  -54.645  0.747  24.347 0.0000000000
96862  -54.474  -0.890  25.037 0.0000000000
92436  -50.595  -4.706  28.917 0.0000000000
96817  -47.037  -0.481  29.695 0.0000000000
99173  -48.170  1.510  31.931 0.0000000000
97962  -46.304  0.692  31.734 0.0000000000
104247  -59.862  7.238  22.859 0.0000000000
103216  -52.798  5.524  23.231 0.0000000000
103252  -55.084  5.045  21.816 0.0000000000
103292  -52.772  5.553  19.576 0.0000000000
104320  -53.017  6.987  15.477 0.0000000000
106245  -52.234  8.130  18.046 0.0000000000
108144  -51.066  10.720  31.462 0.0000000000
108152  -49.172  10.347  29.103 0.0000000000
110219  -51.913  13.442  27.491 0.0000000000
111360  -59.175  13.933  18.736 0.0000000000
110295  -56.719  12.726  20.430 0.0000000000
110345  -57.383  13.021  16.321 0.0000000000
110355  -54.742  12.875  15.460 0.0000000000
112441  -54.876  15.109  13.199 0.0000000000
111396  -52.015  13.407  14.951 0.0000000000
111377  -53.523  14.242  16.367 0.0000000000
116209  -48.797  18.139  17.996 0.0000000000
113343  -50.056  15.688  19.484 0.0000000000
114314  -46.716  16.877  17.854 0.0000000000
113338  -45.080  15.665  19.199 0.0000000000
115251  -45.141  17.738  19.187 0.0000000000
103184  -57.872  5.696  25.846 0.0000000000
105183  -59.084  7.800  25.645 0.0000000000
105141  -58.052  6.860  28.513 0.0000000000
104186  -53.684  6.861  26.643 0.0000000000
104199  -51.219  6.568  25.391 0.0000000000
112293  -57.074  15.203  27.427 0.0000000000
112315  -55.751  14.615  25.337 0.0000000000
113299  -59.145  16.046  23.971 0.0000000000
113333  -60.312  16.508  20.263 0.0000000000
112390  -57.644  15.314  19.265 0.0000000000
113348  -55.191  15.721  18.980 0.0000000000
115226  -55.004  17.903  21.035 0.0000000000
117068  -52.286  19.872  18.960 0.0000000000
117100  -49.739  19.941  16.689 0.0000000000
103379  -50.414  6.043  12.647 0.0000000000
99153  -53.342  1.770  33.746 0.0000000000
101193  -55.191  3.453  33.735 0.0000000000
101177  -53.041  3.729  34.922 0.0000000000
105120  -51.602  7.171  34.029 0.0000000000
108135  -53.065  10.505  32.613 0.0000000000
108127  -55.734  11.254  33.372 0.0000000000
112260  -55.465  14.040  30.947 0.0000000000
100320  -61.454  4.336  23.150 0.0000000000
99256  -61.038  1.920  23.551 0.0000000000
101283  -57.844  4.052  24.040 0.0000000000
101276  -56.164  3.933  25.111 0.0000000000
101265  -53.608  2.850  26.188 0.0000000000
94571  -56.394  -2.691  29.070 0.0000000000
92409  -52.152  -4.827  30.768 0.0000000000
93513  -53.258  -3.797  28.898 0.0000000000
94603  -53.882  -2.596  26.778 0.0000000000
95695  -51.288  -1.028  25.728 0.0000000000
99193  -51.516  2.183  29.932 0.0000000000
104341  -58.977  6.151  14.238 0.0000000000
104245  -57.360  6.632  22.733 0.0000000000
102282  -57.020  5.716  17.660 0.0000000000
104337  -56.335  7.604  13.028 0.0000000000
103382  -54.576  6.895  12.130 0.0000000000
104348  -53.752  7.661  12.116 0.0000000000
106290  -51.757  9.185  11.698 0.0000000000
103138  -50.353  5.900  29.872 0.0000000000
105147  -48.802  7.926  27.377 0.0000000000
107170  -50.745  9.632  23.373 0.0000000000
111311  -54.236  13.261  23.686 0.0000000000
109254  -53.511  11.693  21.680 0.0000000000
107203  -52.874  9.685  19.927 0.0000000000
107240  -53.307  10.174  16.894 0.0000000000
108308  -52.699  10.850  12.955 0.0000000000
108312  -50.423  10.766  12.058 0.0000000000
112384  -52.089  14.473  18.786 0.0000000000
111354  -49.945  13.395  19.626 0.0000000000
110279  -48.031  12.121  21.377 0.0000000000
112348  -46.023  13.805  22.229 0.0000000000
113305  -43.438  15.206  22.102 0.0000000000
101213  -54.739  3.118  30.978 0.0000000000
101210  -56.270  3.838  31.175 0.0000000000
101209  -55.579  3.294  31.874 0.0000000000
117854  -58.752  21.322  21.460 0.0000000000
118800  -56.385  21.505  18.815 0.0000000000
101370  -54.570  3.642  13.408 0.0000000000
95701  -56.853  -1.405  25.431 0.0000000000
96863  -55.370  -0.955  25.016 0.0000000000
95680  -55.434  -1.818  26.246 0.0000000000
96816  -46.391  -0.866  29.818 0.0000000000
96810  -46.937  -0.065  30.271 0.0000000000
102214  -59.885  5.715  23.398 0.0000000000
104234  -60.977  6.830  24.239 0.0000000000
103229  -51.390  6.016  22.567 0.0000000000
103250  -52.399  5.531  21.481 0.0000000000
104266  -52.109  6.043  20.526 0.0000000000
105244  -52.491  6.709  18.983 0.0000000000
105243  -52.359  7.254  19.552 0.0000000000
110188  -52.568  12.114  30.220 0.0000000000
109185  -51.450  11.930  29.806 0.0000000000
110209  -52.832  13.256  28.111 0.0000000000
113390  -58.606  15.001  16.783 0.0000000000
111379  -58.764  13.551  17.200 0.0000000000
112435  -57.807  14.438  15.930 0.0000000000
111401  -56.367  14.056  14.619 0.0000000000
112433  -55.788  15.275  14.863 0.0000000000
112419  -54.013  15.041  14.647 0.0000000000
112411  -54.954  14.969  16.369 0.0000000000
115287  -48.060  18.163  16.868 0.0000000000
114326  -47.927  17.220  17.653 0.0000000000
114324  -47.262  17.506  17.585 0.0000000000
115266  -46.079  17.465  18.368 0.0000000000
116217  -46.862  18.007  18.040 0.0000000000
103155  -56.875  5.283  27.567 0.0000000000
103170  -58.740  6.344  27.546 0.0000000000
102154  -57.559  5.187  28.583 0.0000000000
104149  -54.315  6.479  29.287 0.0000000000
104162  -55.754  6.936  28.723 0.0000000000
104160  -54.033  6.742  28.488 0.0000000000
104185  -52.516  6.614  26.487 0.0000000000
104169  -51.630  6.665  27.268 0.0000000000
113276  -58.676  16.267  26.557 0.0000000000
112307  -57.951  15.645  25.862 0.0000000000
113292  -59.042  16.418  24.914 0.0000000000
116198  -59.660  19.091  19.964 0.0000000000
114276  -60.389  17.069  20.930 0.0000000000
114308  -59.904  17.184  19.552 0.0000000000
113352  -59.287  15.767  19.075 0.0000000000
114306  -58.012  17.261  19.543 0.0000000000
113331  -56.936  16.467  19.772 0.0000000000
115242  -56.755  17.934  20.238 0.0000000000
117878  -53.687  20.394  18.499 0.0000000000
117069  -53.480  19.974  19.218 0.0000000000
117084  -52.182  20.365  18.070 0.0000000000
117092  -50.389  19.837  17.096 0.0000000000
117101  -50.672  20.366  16.501 0.0000000000
102327  -50.832  4.712  12.836 0.0000000000
99136  -52.865  1.724  34.757 0.0000000000
99137  -53.399  2.213  34.896 0.0000000000
99129  -53.574  2.381  35.908 0.0000000000
104116  -52.995  6.441  36.072 0.0000000000
103108  -52.318  5.456  35.229 0.0000000000
105121  -52.317  7.797  34.100 0.0000000000
107096  -52.283  9.124  33.335 0.0000000000
107097  -53.193  9.393  33.510 0.0000000000
107101  -56.843  10.771  33.766 0.0000000000
110185  -55.413  12.395  32.253 0.0000000000
112258  -56.737  14.740  31.512 0.0000000000
113253  -57.282  15.403  29.967 0.0000000000
113247  -58.114  16.265  30.893 0.0000000000
101297  -62.487  4.848  23.058 0.0000000000
100307  -61.870  3.384  23.182 0.0000000000
98026  -59.754  0.312  24.243 0.0000000000
98043  -59.351  1.105  23.635 0.0000000000
99254  -59.007  2.113  23.567 0.0000000000
99253  -57.958  2.051  23.549 0.0000000000
100292  -56.631  3.273  24.311 0.0000000000
100302  -56.352  2.442  23.988 0.0000000000
99237  -53.277  1.613  24.833 0.0000000000
100290  -54.011  2.557  25.252 0.0000000000
100280  -52.957  2.461  25.972 0.0000000000
91250  -50.759  -5.633  30.809 0.0000000000
92437  -51.607  -4.561  29.127 0.0000000000
93524  -51.801  -3.475  27.790 0.0000000000
93526  -53.852  -3.175  27.829 0.0000000000
93535  -52.342  -3.208  26.995 0.0000000000
94613  -52.594  -2.122  25.869 0.0000000000
94600  -50.983  -2.465  26.525 0.0000000000
99185  -50.677  1.739  30.742 0.0000000000
99184  -49.513  1.619  30.880 0.0000000000
102313  -59.553  5.137  15.158 0.0000000000
105194  -57.579  7.963  25.557 0.0000000000
104233  -58.023  7.455  23.961 0.0000000000
104232  -56.854  6.725  23.526 0.0000000000
102269  -55.016  5.079  18.651 0.0000000000
102261  -55.702  4.840  19.471 0.0000000000
102281  -56.168  5.415  17.270 0.0000000000
103364  -57.045  6.656  14.829 0.0000000000
103363  -56.064  6.140  15.025 0.0000000000
103383  -55.328  7.080  12.443 0.0000000000
103362  -54.974  5.908  14.795 0.0000000000
105291  -53.071  8.337  14.334 0.0000000000
104334  -53.618  7.678  14.252 0.0000000000
105305  -53.479  8.386  13.193 0.0000000000
104359  -52.854  7.871  11.956 0.0000000000
106280  -53.434  9.189  12.769 0.0000000000
102121  -51.926  4.022  32.860 0.0000000000
102129  -52.300  4.190  31.874 0.0000000000
103121  -49.882  5.618  31.646 0.0000000000
109205  -49.676  11.230  27.129 0.0000000000
107127  -48.715  9.415  28.200 0.0000000000
108190  -49.575  9.946  25.936 0.0000000000
106178  -49.345  8.640  25.613 0.0000000000
108198  -50.651  10.507  24.727 0.0000000000
112338  -56.567  14.348  23.464 0.0000000000
111301  -55.174  13.994  24.709 0.0000000000
111313  -56.345  13.941  22.937 0.0000000000
109272  -55.719  12.184  19.749 0.0000000000
109256  -55.102  12.253  21.140 0.0000000000
109263  -54.855  11.628  20.063 0.0000000000
108226  -52.701  10.672  21.305 0.0000000000
108245  -53.997  10.230  18.981 0.0000000000
107224  -53.754  9.887  18.367 0.0000000000
108266  -54.420  11.292  17.518 0.0000000000
110367  -53.321  13.145  14.102 0.0000000000
109325  -53.204  11.878  14.449 0.0000000000
109333  -52.242  12.008  13.170 0.0000000000
108324  -51.959  11.001  11.511 0.0000000000
110384  -51.034  12.781  11.544 0.0000000000
109331  -49.611  11.572  12.565 0.0000000000
110364  -50.501  12.620  13.488 0.0000000000
110340  -51.838  12.729  16.275 0.0000000000
109300  -51.023  12.131  15.961 0.0000000000
114304  -54.057  15.969  19.561 0.0000000000
113346  -53.404  15.535  18.954 0.0000000000
114302  -52.057  15.934  19.587 0.0000000000
112381  -48.569  15.173  19.799 0.0000000000
112382  -49.732  14.541  19.617 0.0000000000
112369  -49.005  14.245  20.219 0.0000000000
110293  -49.308  12.454  20.354 0.0000000000
111344  -47.895  13.613  21.193 0.0000000000
111332  -47.485  12.985  21.735 0.0000000000
112358  -47.301  13.844  21.415 0.0000000000
114282  -43.876  16.414  19.647 0.0000000000
113315  -44.383  15.459  20.939 0.0000000000
113322  -43.135  16.019  20.731 0.0000000000
112344  -42.521  15.245  22.455 0.0000000000
102151  -55.165  4.123  29.139 0.0000000000
102147  -57.311  4.959  29.292 0.0000000000
101221  -56.353  3.953  30.033 0.0000000000
103133  -55.933  5.490  30.724 0.0000000000
103141  -53.741  5.875  29.864 0.0000000000
116139  -59.735  18.284  23.159 0.0000000000
117032  -59.646  19.656  22.546 0.0000000000
117866  -59.706  20.451  20.657 0.0000000000
117074  -58.234  19.868  19.427 0.0000000000
117056  -56.947  19.525  19.563 0.0000000000
117881  -56.744  20.481  18.732 0.0000000000
117898  -54.743  20.869  18.380 0.0000000000
101383  -52.752  4.155  13.141 0.0000000000
100180  -51.280  2.735  35.469 0.0000000000
100175  -53.373  2.596  36.725 0.0000000000
101154  -52.559  3.386  36.635 0.0000000000
98024  -57.672  0.217  24.018 0.0000000000
98022  -55.664  0.654  23.993 0.0000000000
96884  -55.941  -0.366  24.412 0.0000000000
96882  -54.107  -0.069  24.697 0.0000000000
96881  -53.321  -0.035  24.797 0.0000000000
91257  -49.302  -5.492  29.617 0.0000000000
93508  -48.363  -3.601  27.954 0.0000000000
97973  -47.702  0.544  29.243 0.0000000000
99183  -48.465  1.401  31.107 0.0000000000
99189  -47.743  1.102  30.525 0.0000000000
97963  -46.960  0.955  31.452 0.0000000000
104216  -54.054  6.434  24.848 0.0000000000
103218  -55.011  5.866  23.210 0.0000000000
103217  -53.903  5.526  23.211 0.0000000000
102249  -53.930  4.916  20.450 0.0000000000
103312  -53.704  5.347  18.237 0.0000000000
103348  -54.026  5.837  16.211 0.0000000000
104294  -52.674  6.047  17.758 0.0000000000
105274  -52.449  7.016  16.314 0.0000000000
106263  -52.186  8.255  16.002 0.0000000000
107104  -49.651  8.945  31.987 0.0000000000
106142  -48.789  8.484  31.132 0.0000000000
108149  -49.831  10.496  30.508 0.0000000000
109196  -50.368  11.744  28.510 0.0000000000
110228  -51.324  12.764  26.455 0.0000000000
111348  -58.493  13.590  20.384 0.0000000000
111336  -56.958  13.224  21.516 0.0000000000
111358  -57.873  12.991  19.791 0.0000000000
110320  -57.033  12.730  18.701 0.0000000000
109304  -56.387  11.968  17.456 0.0000000000
109302  -54.891  11.919  16.753 0.0000000000
110356  -55.996  13.135  15.490 0.0000000000
111412  -54.527  14.183  13.839 0.0000000000
111411  -53.258  14.036  13.746 0.0000000000
111420  -51.914  13.518  13.619 0.0000000000
111398  -53.365  14.336  14.328 0.0000000000
111385  -53.090  13.826  15.866 0.0000000000
110330  -52.420  13.103  17.005 0.0000000000
116172  -50.167  17.538  19.782 0.0000000000
114283  -50.322  16.317  19.711 0.0000000000
115253  -49.269  17.236  18.982 0.0000000000
114299  -48.165  16.526  18.657 0.0000000000
113340  -47.134  15.766  19.424 0.0000000000
113326  -46.503  15.322  19.880 0.0000000000
113359  -46.006  16.337  18.359 0.0000000000
115264  -44.371  16.998  18.558 0.0000000000
115234  -44.152  17.709  19.995 0.0000000000
103202  -58.171  5.392  25.121 0.0000000000
103186  -59.969  6.814  25.531 0.0000000000
103185  -59.292  6.474  26.198 0.0000000000
105154  -58.575  7.229  27.464 0.0000000000
105167  -56.997  7.476  27.000 0.0000000000
104153  -57.850  6.351  29.471 0.0000000000
105151  -55.818  7.213  27.898 0.0000000000
104202  -54.619  6.920  25.792 0.0000000000
104201  -53.324  6.645  25.691 0.0000000000
104214  -51.861  6.295  24.744 0.0000000000
104229  -50.469  7.030  23.465 0.0000000000
112278  -55.330  14.631  28.648 0.0000000000
112290  -54.349  14.518  27.737 0.0000000000
112305  -56.452  14.879  26.328 0.0000000000
112317  -57.401  15.216  25.090 0.0000000000
113306  -58.530  15.136  23.094 0.0000000000
115217  -59.808  17.098  22.919 0.0000000000
114266  -59.812  16.555  22.340 0.0000000000
112361  -59.060  14.689  21.661 0.0000000000
112391  -59.339  14.719  19.385 0.0000000000
113367  -58.797  14.888  17.948 0.0000000000
113365  -57.158  15.397  18.043 0.0000000000
113375  -56.069  15.477  17.311 0.0000000000
112402  -56.508  15.635  18.593 0.0000000000
146927  -54.972  16.508  20.125 0.0000000000
115239  -53.659  17.401  20.485 0.0000000000
117054  -55.292  19.348  19.844 0.0000000000
116176  -54.045  18.329  20.436 0.0000000000
116174  -51.793  18.102  20.396 0.0000000000
117066  -50.264  18.864  18.673 0.0000000000
116220  -49.071  18.852  17.186 0.0000000000
117098  -48.148  19.216  16.560 0.0000000000
99178  -53.416  2.020  31.855 0.0000000000
100227  -55.652  2.856  32.896 0.0000000000
100209  -55.122  2.701  34.302 0.0000000000
101178  -53.996  3.024  34.594 0.0000000000
102115  -51.600  4.537  33.857 0.0000000000
101163  -53.297  3.845  35.728 0.0000000000
103115  -51.692  5.356  34.422 0.0000000000
104131  -50.509  6.338  33.479 0.0000000000
106139  -50.648  8.518  32.822 0.0000000000
108145  -51.911  10.630  31.930 0.0000000000
109179  -53.080  11.797  31.202 0.0000000000
106134  -54.692  8.969  34.052 0.0000000000
108137  -54.225  10.756  33.029 0.0000000000
110184  -54.280  12.258  31.848 0.0000000000
111241  -54.401  13.672  30.145 0.0000000000
112266  -56.192  14.908  29.351 0.0000000000
113263  -58.401  15.926  28.637 0.0000000000
114219  -59.373  17.166  27.981 0.0000000000
102215  -60.617  5.784  23.133 0.0000000000
102213  -59.186  5.114  23.898 0.0000000000
99241  -61.426  1.181  23.946 0.0000000000
99257  -62.198  1.840  23.621 0.0000000000
100306  -60.760  3.519  23.178 0.0000000000
101285  -59.454  4.244  23.729 0.0000000000
102212  -58.532  4.601  24.183 0.0000000000
102197  -57.591  5.168  25.166 0.0000000000
102196  -56.743  5.029  25.550 0.0000000000
101267  -55.294  4.274  26.063 0.0000000000
100291  -55.351  2.670  24.456 0.0000000000
101275  -54.918  3.231  25.417 0.0000000000
101254  -54.527  4.092  27.185 0.0000000000
101239  -54.379  4.060  28.457 0.0000000000
93485  -54.001  -4.175  30.754 0.0000000000
92424  -50.898  -5.237  29.865 0.0000000000
92439  -53.032  -4.158  29.457 0.0000000000
93500  -53.858  -3.778  29.877 0.0000000000
93514  -54.383  -3.406  28.803 0.0000000000
93527  -54.768  -2.876  28.115 0.0000000000
94604  -54.860  -2.159  26.711 0.0000000000
94614  -53.450  -2.158  25.943 0.0000000000
95697  -52.989  -1.452  25.500 0.0000000000
98001  -51.492  0.346  25.486 0.0000000000
99187  -52.571  2.233  30.861 0.0000000000
99177  -52.730  1.955  31.552 0.0000000000
99167  -52.313  1.594  32.794 0.0000000000
99151  -51.564  1.772  33.633 0.0000000000
100190  -50.584  2.591  34.925 0.0000000000
100415  -58.996  3.771  14.932 0.0000000000
101374  -58.360  4.442  14.053 0.0000000000
101388  -57.695  4.870  13.512 0.0000000000
105209  -59.566  7.615  24.077 0.0000000000
104246  -58.395  7.198  22.951 0.0000000000
103253  -55.823  5.399  21.673 0.0000000000
102262  -56.660  5.355  19.483 0.0000000000
102272  -57.597  5.706  18.484 0.0000000000
103352  -57.886  6.536  15.543 0.0000000000
105309  -57.945  7.119  13.354 0.0000000000
102332  -56.362  5.642  12.610 0.0000000000
102331  -55.533  5.824  12.491 0.0000000000
102330  -54.687  5.721  12.303 0.0000000000
102329  -53.573  5.343  12.194 0.0000000000
104335  -54.508  7.334  13.720 0.0000000000
104349  -54.704  7.604  12.549 0.0000000000
103381  -53.093  6.264  11.873 0.0000000000
103393  -51.616  6.568  11.807 0.0000000000
104357  -50.729  7.111  11.948 0.0000000000
105304  -50.459  7.928  12.568 0.0000000000
102124  -55.137  4.246  32.505 0.0000000000
102138  -53.872  4.604  31.087 0.0000000000
104146  -51.050  6.307  29.033 0.0000000000
105130  -48.708  7.780  29.836 0.0000000000
105133  -49.218  7.290  28.382 0.0000000000
104157  -50.738  6.729  28.116 0.0000000000
105149  -49.889  7.333  26.335 0.0000000000
105192  -49.723  7.923  24.425 0.0000000000
105219  -50.685  7.848  22.485 0.0000000000
111279  -53.655  13.950  26.334 0.0000000000
110241  -53.003  13.497  25.324 0.0000000000
111298  -52.815  13.276  24.357 0.0000000000
111334  -55.535  12.962  21.647 0.0000000000
110262  -53.710  12.849  23.067 0.0000000000
109240  -52.014  11.584  23.747 0.0000000000
108216  -51.663  10.432  22.547 0.0000000000
107180  -51.443  9.634  22.150 0.0000000000
106223  -52.076  8.567  20.580 0.0000000000
106238  -52.626  8.790  18.602 0.0000000000
107249  -52.688  9.820  15.248 0.0000000000
109312  -53.809  11.845  15.549 0.0000000000
108286  -53.277  10.968  14.888 0.0000000000
107271  -53.248  10.008  13.232 0.0000000000
107278  -52.917  10.192  12.000 0.0000000000
107277  -51.643  10.102  11.651 0.0000000000
110351  -50.855  12.487  14.381 0.0000000000
112399  -54.118  14.639  17.249 0.0000000000
112398  -53.058  14.472  18.149 0.0000000000
111365  -52.103  13.557  18.323 0.0000000000
113344  -51.375  15.394  19.478 0.0000000000
111356  -51.411  13.594  18.843 0.0000000000
110306  -51.037  12.907  18.899 0.0000000000
110304  -49.861  12.486  19.814 0.0000000000
109261  -49.034  11.438  20.063 0.0000000000
108224  -47.926  10.636  20.818 0.0000000000
112366  -45.444  15.155  20.435 0.0000000000
112347  -45.408  14.195  22.105 0.0000000000
117893  -48.080  19.998  17.747 0.0000000000
117065  -47.505  19.326  18.967 0.0000000000
117048  -46.689  19.284  20.569 0.0000000000
116171  -45.788  18.430  20.560 0.0000000000
115216  -44.016  17.991  21.605 0.0000000000
101212  -54.114  2.797  30.588 0.0000000000
101208  -55.013  2.857  31.727 0.0000000000
94607  -57.203  -2.091  26.921 0.0000000000
95682  -57.256  -1.848  26.345 0.0000000000
95681  -56.301  -1.784  26.253 0.0000000000
95646  -46.291  -1.520  29.512 0.0000000000
103221  -60.130  6.125  24.006 0.0000000000
103249  -51.676  5.938  21.644 0.0000000000
104265  -51.898  6.602  20.846 0.0000000000
104275  -52.272  6.898  20.198 0.0000000000
105237  -52.056  7.483  20.361 0.0000000000
110196  -52.908  12.974  29.262 0.0000000000
111255  -53.459  13.510  28.755 0.0000000000
113389  -57.941  15.138  16.605 0.0000000000
112423  -58.197  14.746  16.320 0.0000000000
112422  -57.581  14.859  16.081 0.0000000000
112434  -56.778  14.664  15.395 0.0000000000
113400  -56.442  15.091  15.558 0.0000000000
112421  -55.613  15.227  15.911 0.0000000000
113387  -56.228  15.336  16.542 0.0000000000
116227  -47.796  18.687  16.721 0.0000000000
115277  -47.616  17.988  17.142 0.0000000000
116207  -47.164  18.576  18.277 0.0000000000
102166  -57.634  5.315  28.135 0.0000000000
102165  -57.171  5.056  28.083 0.0000000000
104159  -53.057  6.412  28.276 0.0000000000
104170  -52.794  6.574  27.399 0.0000000000
104158  -51.923  6.527  28.204 0.0000000000
114241  -59.554  17.168  26.320 0.0000000000
113284  -59.169  16.551  25.842 0.0000000000
114247  -59.481  17.158  25.314 0.0000000000
116197  -58.845  19.013  19.692 0.0000000000
115258  -60.194  18.056  19.911 0.0000000000
115257  -59.373  18.061  19.735 0.0000000000
114307  -58.924  17.062  19.495 0.0000000000
115256  -58.396  18.080  19.685 0.0000000000
115243  -57.698  18.038  19.792 0.0000000000
116180  -57.683  18.719  19.661 0.0000000000
117896  -52.700  20.603  17.734 0.0000000000
117895  -51.855  20.451  17.440 0.0000000000
117093  -51.255  20.312  16.946 0.0000000000
117102  -51.323  20.586  16.455 0.0000000000
101382  -51.570  4.069  13.319 0.0000000000
99135  -52.010  1.782  34.575 0.0000000000
99127  -52.511  2.035  35.350 0.0000000000
105101  -53.244  7.024  35.823 0.0000000000
105111  -52.863  7.371  34.953 0.0000000000
106132  -52.849  8.431  33.998 0.0000000000
106122  -53.578  8.159  34.454 0.0000000000
111233  -56.392  13.482  32.170 0.0000000000
101290  -64.097  3.138  23.152 0.0000000000
101289  -63.612  3.492  23.146 0.0000000000
100308  -62.910  2.866  23.311 0.0000000000
99252  -56.913  1.914  23.582 0.0000000000
99236  -52.424  1.306  24.973 0.0000000000
99225  -52.751  1.935  25.180 0.0000000000
100279  -51.650  2.158  26.093 0.0000000000
91249  -50.032  -5.760  30.814 0.0000000000
93523  -50.856  -3.453  27.666 0.0000000000
93534  -51.393  -3.137  26.966 0.0000000000
99191  -49.781  1.784  29.739 0.0000000000
99190  -48.607  1.512  30.196 0.0000000000
103314  -58.495  5.900  18.358 0.0000000000
104204  -56.987  7.809  25.631 0.0000000000
104218  -57.180  7.544  24.847 0.0000000000
103313  -54.406  5.238  17.908 0.0000000000
102280  -55.200  5.192  17.603 0.0000000000
102297  -55.253  5.424  16.413 0.0000000000
102298  -55.870  5.639  16.133 0.0000000000
102311  -55.415  5.683  15.589 0.0000000000
102310  -55.054  5.561  15.629 0.0000000000
105315  -53.283  8.474  12.120 0.0000000000
103118  -50.068  5.646  32.467 0.0000000000
103122  -50.583  5.160  32.137 0.0000000000
109214  -50.342  11.613  26.482 0.0000000000
108181  -49.304  10.359  26.641 0.0000000000
108191  -50.120  10.543  25.684 0.0000000000
109229  -50.643  10.997  25.147 0.0000000000
111314  -56.892  14.119  22.995 0.0000000000
111324  -57.163  13.893  22.379 0.0000000000
109280  -55.827  11.703  18.795 0.0000000000
109271  -55.087  11.430  19.202 0.0000000000
108236  -54.440  10.901  19.530 0.0000000000
108246  -54.529  10.901  18.706 0.0000000000
108255  -54.104  10.433  18.164 0.0000000000
108256  -54.477  11.096  17.954 0.0000000000
110377  -52.782  13.391  13.550 0.0000000000
110366  -52.640  12.814  13.543 0.0000000000
109332  -51.874  12.540  12.622 0.0000000000
109340  -51.708  12.445  11.866 0.0000000000
110374  -50.423  12.771  12.373 0.0000000000
110329  -51.804  12.599  17.354 0.0000000000
109288  -51.286  12.044  16.997 0.0000000000
109277  -50.712  11.548  17.971 0.0000000000
114286  -53.325  16.606  20.109 0.0000000000
114303  -52.919  16.079  19.472 0.0000000000
111345  -48.655  13.403  20.727 0.0000000000
114281  -43.432  16.587  20.182 0.0000000000
102145  -55.737  3.995  29.518 0.0000000000
101220  -56.034  3.791  30.020 0.0000000000
102134  -56.353  4.413  31.435 0.0000000000
103124  -56.070  5.157  31.401 0.0000000000
103132  -55.171  5.521  30.759 0.0000000000
102140  -55.265  5.247  31.327 0.0000000000
117023  -59.261  19.549  23.370 0.0000000000
117837  -59.309  19.994  22.794 0.0000000000
118774  -58.315  21.406  20.028 0.0000000000
117855  -59.506  20.851  21.223 0.0000000000
117884  -58.931  20.815  19.583 0.0000000000
117075  -59.190  19.976  19.789 0.0000000000
117883  -58.328  20.657  19.258 0.0000000000
117882  -57.583  20.550  18.989 0.0000000000
118799  -55.101  21.348  18.860 0.0000000000
117899  -56.006  20.958  18.545 0.0000000000
117917  -53.776  21.086  17.554 0.0000000000
101369  -53.570  3.578  13.498 0.0000000000
101161  -51.336  3.393  36.011 0.0000000000
101162  -52.199  2.966  36.256 0.0000000000
101153  -51.807  3.834  36.635 0.0000000000
96885  -56.988  -0.635  24.535 0.0000000000
96861  -53.560  -0.769  25.078 0.0000000000
96830  -47.512  -0.977  28.168 0.0000000000
96823  -47.572  -0.385  28.620 0.0000000000
99195  -47.868  1.142  29.804 0.0000000000
97971  -47.387  0.445  30.072 0.0000000000
97969  -46.838  0.527  30.800 0.0000000000
103199  -53.428  5.873  24.091 0.0000000000
103273  -52.521  5.654  20.565 0.0000000000
103251  -53.015  5.228  21.203 0.0000000000
103274  -53.217  5.223  20.385 0.0000000000
103293  -53.694  5.190  19.446 0.0000000000
103311  -52.985  5.529  18.537 0.0000000000
103328  -53.244  5.711  17.501 0.0000000000
105252  -52.404  7.350  18.530 0.0000000000
105253  -52.508  6.674  18.121 0.0000000000
105262  -52.252  7.353  17.375 0.0000000000
105273  -52.185  7.704  16.304 0.0000000000
106254  -52.174  8.229  16.998 0.0000000000
107113  -50.648  9.925  31.776 0.0000000000
107112  -49.408  9.540  31.297 0.0000000000
108150  -50.547  10.964  30.735 0.0000000000
110208  -51.970  12.872  28.693 0.0000000000
109197  -51.191  12.270  29.089 0.0000000000
111266  -51.238  13.011  27.991 0.0000000000
110217  -50.619  12.306  27.384 0.0000000000
110218  -51.155  12.929  27.427 0.0000000000
111349  -59.124  13.920  19.669 0.0000000000
111359  -58.665  13.370  19.248 0.0000000000
111387  -57.960  13.381  16.592 0.0000000000
111378  -58.105  13.141  17.633 0.0000000000
110332  -57.437  12.872  17.116 0.0000000000
110331  -56.916  12.476  17.684 0.0000000000
110344  -56.630  12.508  16.555 0.0000000000
110357  -57.048  13.214  15.623 0.0000000000
112448  -55.853  14.933  13.179 0.0000000000
111413  -55.556  14.354  13.646 0.0000000000
111423  -55.141  14.695  13.209 0.0000000000
112440  -54.136  14.682  13.474 0.0000000000
112431  -53.908  15.026  13.641 0.0000000000
112410  -54.165  14.776  15.821 0.0000000000
111386  -53.469  14.360  15.293 0.0000000000
111376  -52.977  13.676  16.723 0.0000000000
116193  -49.727  18.047  19.079 0.0000000000
115254  -49.822  17.113  19.646 0.0000000000
116192  -49.115  17.680  18.577 0.0000000000
114315  -47.652  16.885  17.956 0.0000000000
114316  -48.241  17.135  18.086 0.0000000000
114298  -47.383  16.410  18.609 0.0000000000
114297  -46.624  16.267  18.639 0.0000000000
114313  -45.553  16.766  18.151 0.0000000000
115265  -44.923  17.211  18.461 0.0000000000
115250  -44.184  17.285  19.011 0.0000000000
115235  -44.819  17.907  19.856 0.0000000000
103169  -58.096  6.019  27.083 0.0000000000
103158  -58.493  6.117  28.577 0.0000000000
104176  -58.559  6.648  27.934 0.0000000000
105142  -58.297  6.902  28.198 0.0000000000
105168  -58.009  7.678  26.906 0.0000000000
105153  -57.738  7.084  27.849 0.0000000000
103145  -57.308  5.594  29.551 0.0000000000
104152  -57.068  6.188  29.318 0.0000000000
104172  -54.678  7.310  27.956 0.0000000000
104173  -55.846  7.077  28.284 0.0000000000
105165  -55.315  7.431  27.631 0.0000000000
105166  -55.970  7.569  27.192 0.0000000000
104187  -54.949  7.458  26.905 0.0000000000
104200  -52.205  6.486  25.588 0.0000000000
104230  -50.868  6.469  23.740 0.0000000000
104212  -50.402  6.878  24.257 0.0000000000
111257  -56.572  15.069  28.220 0.0000000000
112292  -56.347  14.815  27.450 0.0000000000
113291  -58.597  15.761  24.529 0.0000000000
112318  -58.051  15.499  24.886 0.0000000000
112329  -58.218  15.305  24.166 0.0000000000
112328  -57.695  15.025  24.177 0.0000000000
113298  -58.615  15.441  23.687 0.0000000000
116149  -59.861  18.644  22.512 0.0000000000
115208  -59.701  17.662  23.447 0.0000000000
115218  -59.969  17.584  22.506 0.0000000000
114275  -60.093  16.484  21.463 0.0000000000
113317  -60.192  16.206  20.819 0.0000000000
113316  -59.598  15.555  21.491 0.0000000000
113332  -59.996  15.571  20.095 0.0000000000
112375  -59.202  14.466  20.642 0.0000000000
113351  -58.138  16.045  19.414 0.0000000000
113366  -58.001  15.026  18.521 0.0000000000
112404  -57.303  15.287  18.793 0.0000000000
112403  -56.856  15.512  18.645 0.0000000000
112389  -57.236  15.725  19.374 0.0000000000
114288  -56.457  16.945  20.292 0.0000000000
113330  -56.120  16.080  19.638 0.0000000000
114287  -55.365  16.725  20.352 0.0000000000
146926  -54.463  16.634  20.129 0.0000000000
115240  -54.675  17.512  20.706 0.0000000000
117055  -56.253  19.490  19.739 0.0000000000
117052  -53.164  19.208  19.887 0.0000000000
116175  -52.885  18.246  20.350 0.0000000000
117051  -52.015  19.107  19.978 0.0000000000
117050  -51.225  18.645  19.802 0.0000000000
117067  -51.112  19.311  18.975 0.0000000000
116221  -49.750  19.350  17.409 0.0000000000
117091  -49.546  19.523  17.013 0.0000000000
116229  -49.043  19.365  16.861 0.0000000000
117099  -48.841  19.601  16.791 0.0000000000
101368  -50.423  4.203  13.762 0.0000000000
99168  -53.378  1.866  32.483 0.0000000000
100217  -54.190  2.295  33.043 0.0000000000
100208  -54.174  2.499  34.071 0.0000000000
100192  -53.798  2.878  35.013 0.0000000000
101190  -52.379  3.730  33.890 0.0000000000
101176  -52.249  4.065  34.443 0.0000000000
101155  -53.569  3.244  37.137 0.0000000000
100176  -54.038  2.676  37.126 0.0000000000
102093  -53.628  3.668  36.760 0.0000000000
104125  -51.955  6.186  34.563 0.0000000000
104132  -51.341  6.106  34.046 0.0000000000
106130  -51.139  8.093  33.425 0.0000000000
107107  -52.610  9.892  32.968 0.0000000000
108134  -52.380  10.277  32.422 0.0000000000
108146  -52.791  10.925  32.184 0.0000000000
109170  -52.606  11.364  31.526 0.0000000000
109171  -53.538  11.525  31.945 0.0000000000
107100  -56.316  10.453  33.859 0.0000000000
106135  -55.298  8.910  34.220 0.0000000000
107099  -55.330  9.905  34.128 0.0000000000
107098  -54.146  9.918  33.584 0.0000000000
108126  -54.785  10.867  33.506 0.0000000000
111232  -55.648  13.222  31.906 0.0000000000
110177  -55.038  12.159  32.405 0.0000000000
111231  -54.994  12.936  31.780 0.0000000000
111237  -54.491  13.210  31.129 0.0000000000
111242  -54.962  13.760  30.700 0.0000000000
112265  -55.207  14.254  29.871 0.0000000000
112261  -55.990  14.632  30.604 0.0000000000
113254  -57.989  15.845  29.738 0.0000000000
114201  -59.011  16.654  29.298 0.0000000000
114218  -59.052  16.525  28.292 0.0000000000
114202  -59.445  17.065  28.686 0.0000000000
102226  -62.868  5.246  22.606 0.0000000000
100321  -61.807  4.351  23.149 0.0000000000
101296  -61.740  5.118  23.286 0.0000000000
101295  -61.054  5.058  23.252 0.0000000000
101286  -60.271  4.596  23.374 0.0000000000
98044  -60.323  1.116  23.756 0.0000000000
99240  -61.022  1.176  23.973 0.0000000000
99255  -60.022  2.155  23.461 0.0000000000
100304  -58.719  3.082  23.656 0.0000000000
100305  -59.714  3.260  23.478 0.0000000000
101284  -58.598  3.956  23.962 0.0000000000
102205  -58.035  4.898  24.574 0.0000000000
102195  -56.015  4.936  25.994 0.0000000000
99239  -55.241  1.603  24.106 0.0000000000
99238  -54.301  1.707  24.439 0.0000000000
100281  -53.720  2.733  25.858 0.0000000000
101274  -54.408  2.944  25.567 0.0000000000
101266  -54.266  3.175  26.060 0.0000000000
101238  -53.573  3.650  27.897 0.0000000000
94581  -56.008  -2.589  28.387 0.0000000000
92395  -51.733  -5.096  31.196 0.0000000000
92410  -52.694  -4.644  31.043 0.0000000000
92398  -53.952  -4.484  31.702 0.0000000000
92411  -53.359  -4.429  30.947 0.0000000000
92422  -49.595  -5.188  29.268 0.0000000000
93512  -52.213  -3.934  28.569 0.0000000000
92438  -52.539  -4.330  29.314 0.0000000000
93499  -53.297  -4.037  29.576 0.0000000000
93501  -55.022  -3.444  29.621 0.0000000000
93537  -53.740  -2.900  27.279 0.0000000000
94591  -54.444  -2.655  27.424 0.0000000000
94592  -55.360  -2.473  27.717 0.0000000000
95696  -51.825  -1.538  25.599 0.0000000000
96859  -51.695  -0.535  25.456 0.0000000000
96858  -51.020  -0.489  25.886 0.0000000000
100237  -51.209  2.222  29.397 0.0000000000
100238  -52.023  2.466  29.759 0.0000000000
99186  -51.827  2.092  30.611 0.0000000000
99175  -50.311  1.707  31.726 0.0000000000
99176  -51.507  1.695  31.656 0.0000000000
99149  -49.427  1.863  33.410 0.0000000000
100206  -50.003  2.316  34.075 0.0000000000
100402  -59.252  3.650  15.479 0.0000000000
101352  -59.835  3.970  15.354 0.0000000000
103367  -59.357  5.767  14.554 0.0000000000
101375  -59.113  4.462  14.304 0.0000000000
102322  -58.911  4.884  13.761 0.0000000000
102335  -58.575  5.372  13.609 0.0000000000
104206  -59.743  7.069  25.994 0.0000000000
104220  -60.328  7.125  24.845 0.0000000000
105184  -59.748  7.463  25.301 0.0000000000
103233  -55.453  5.623  22.399 0.0000000000
102270  -55.937  5.049  18.475 0.0000000000
102252  -56.304  5.153  20.372 0.0000000000
102263  -57.336  5.601  19.179 0.0000000000
102283  -57.726  6.032  17.682 0.0000000000
103332  -57.229  6.047  16.945 0.0000000000
104338  -56.975  7.469  13.600 0.0000000000
103374  -57.662  7.021  14.416 0.0000000000
105308  -57.463  7.254  12.914 0.0000000000
103386  -57.474  6.295  12.737 0.0000000000
103385  -56.734  6.251  12.471 0.0000000000
103384  -56.005  6.914  12.459 0.0000000000
104321  -53.822  6.561  15.256 0.0000000000
104322  -54.517  6.492  14.635 0.0000000000
104347  -52.645  6.776  11.829 0.0000000000
105314  -52.395  8.333  11.741 0.0000000000
105313  -51.336  8.076  12.060 0.0000000000
100219  -55.855  2.854  33.702 0.0000000000
101203  -55.709  3.481  32.733 0.0000000000
101201  -54.697  3.819  32.940 0.0000000000
102136  -51.829  4.681  31.224 0.0000000000
102137  -52.769  4.603  31.133 0.0000000000
103129  -52.101  5.111  30.481 0.0000000000
103130  -53.224  5.197  30.439 0.0000000000
103139  -51.517  5.728  29.829 0.0000000000
107116  -48.785  9.246  30.246 0.0000000000
105127  -48.697  7.727  30.599 0.0000000000
106147  -48.618  8.555  29.559 0.0000000000
106159  -48.663  8.623  27.817 0.0000000000
105137  -48.742  7.842  28.143 0.0000000000
105138  -49.290  7.462  27.706 0.0000000000
104156  -49.794  7.004  27.945 0.0000000000
104167  -49.733  7.248  27.413 0.0000000000
104168  -50.400  7.027  27.049 0.0000000000
105148  -49.462  7.531  26.964 0.0000000000
106188  -50.083  9.068  24.414 0.0000000000
106187  -49.780  8.650  24.726 0.0000000000
106199  -50.176  8.739  23.842 0.0000000000
105207  -50.342  7.853  23.277 0.0000000000
106207  -50.684  8.697  22.686 0.0000000000
112304  -55.537  14.637  26.335 0.0000000000
112302  -54.113  14.428  26.703 0.0000000000
111281  -54.864  14.341  25.811 0.0000000000
111300  -54.592  13.551  24.663 0.0000000000
111299  -53.644  13.427  24.452 0.0000000000
111288  -53.106  13.435  24.921 0.0000000000
111310  -53.275  13.242  23.714 0.0000000000
110284  -57.057  12.902  20.828 0.0000000000
111335  -56.005  13.092  21.595 0.0000000000
110283  -56.418  12.818  21.077 0.0000000000
110280  -54.371  12.256  21.660 0.0000000000
110273  -54.722  12.728  22.037 0.0000000000
109247  -53.364  12.102  22.264 0.0000000000
110261  -52.802  12.531  23.365 0.0000000000
109246  -52.719  11.728  22.566 0.0000000000
108208  -51.954  11.089  22.886 0.0000000000
109253  -52.755  11.314  21.883 0.0000000000
108234  -53.080  10.372  20.477 0.0000000000
108225  -51.926  10.309  21.819 0.0000000000
107191  -52.047  9.596  21.238 0.0000000000
106215  -51.287  8.654  21.743 0.0000000000
106224  -52.504  9.087  20.166 0.0000000000
106231  -52.547  8.780  19.606 0.0000000000
107232  -53.637  9.965  17.671 0.0000000000
107223  -53.189  9.423  18.201 0.0000000000
107231  -52.963  9.544  17.206 0.0000000000
107239  -52.716  9.822  16.149 0.0000000000
110342  -54.922  12.346  16.221 0.0000000000
109313  -54.476  12.121  16.169 0.0000000000
109334  -52.783  11.523  13.672 0.0000000000
108298  -53.087  10.800  13.910 0.0000000000
107260  -53.084  10.210  13.920 0.0000000000
107279  -53.131  10.175  12.446 0.0000000000
108315  -52.799  10.481  12.369 0.0000000000
109347  -50.860  11.575  10.839 0.0000000000
108323  -51.434  10.842  11.083 0.0000000000
108313  -51.077  10.533  11.622 0.0000000000
107276  -51.105  9.939  12.191 0.0000000000
108306  -49.804  10.480  12.759 0.0000000000
111409  -51.941  13.531  14.372 0.0000000000
110365  -51.371  13.023  13.910 0.0000000000
110352  -51.492  12.846  15.045 0.0000000000
108274  -49.922  11.282  16.320 0.0000000000
109299  -50.100  11.637  15.653 0.0000000000
113363  -55.626  15.486  17.977 0.0000000000
112400  -55.161  15.046  17.347 0.0000000000
113362  -54.706  15.187  18.161 0.0000000000
112385  -52.656  14.914  18.602 0.0000000000
113360  -53.030  15.165  18.520 0.0000000000
112397  -52.528  14.018  18.295 0.0000000000
113327  -50.349  15.939  19.606 0.0000000000
113328  -50.658  15.872  19.694 0.0000000000
112383  -50.902  14.517  19.281 0.0000000000
111355  -50.610  13.575  19.265 0.0000000000
110305  -50.501  12.522  19.285 0.0000000000
110292  -48.688  12.263  20.864 0.0000000000
109252  -48.323  11.371  20.812 0.0000000000
110278  -47.455  12.000  21.868 0.0000000000
111331  -46.960  13.550  21.810 0.0000000000
111320  -46.577  13.090  22.429 0.0000000000
111319  -45.594  13.588  22.635 0.0000000000
113325  -45.658  15.330  19.836 0.0000000000
112367  -46.130  14.928  20.572 0.0000000000
113314  -43.597  15.515  21.425 0.0000000000
112355  -44.353  15.174  21.496 0.0000000000
112346  -44.273  14.672  22.375 0.0000000000
117049  -47.330  19.693  19.849 0.0000000000
117863  -47.235  20.616  20.383 0.0000000000
117040  -46.162  19.551  21.645 0.0000000000
116156  -44.415  18.185  21.227 0.0000000000
101218  -53.963  3.248  29.959 0.0000000000
101214  -55.717  3.619  30.739 0.0000000000
101204  -56.159  3.807  31.932 0.0000000000
117847  -58.528  21.051  22.147 0.0000000000
118758  -58.465  21.446  20.832 0.0000000000
118801  -57.265  21.615  18.919 0.0000000000
119788  -56.864  21.803  19.008 0.0000000000
118787  -55.730  21.651  19.089 0.0000000000
119787  -54.743  21.698  18.976 0.0000000000
101385  -55.044  4.645  12.790 0.0000000000
102079  -51.176  4.329  36.668 0.0000000000
95702  -57.852  -1.378  25.684 0.0000000000
96864  -56.175  -1.016  24.962 0.0000000000
95700  -55.825  -1.427  25.615 0.0000000000
95699  -54.892  -1.620  25.696 0.0000000000
96809  -46.185  -0.461  30.275 0.0000000000
102223  -60.550  6.904  23.244 0.0000000000
103237  -60.030  6.576  22.884 0.0000000000
103215  -51.827  5.673  23.295 0.0000000000
103230  -52.147  5.513  22.393 0.0000000000
103272  -52.014  5.870  20.967 0.0000000000
104286  -52.431  6.013  18.780 0.0000000000
104276  -52.368  6.305  19.882 0.0000000000
106237  -52.270  8.070  19.012 0.0000000000
109177  -51.703  11.659  30.456 0.0000000000
109176  -50.923  11.540  30.253 0.0000000000
109186  -52.134  11.965  30.014 0.0000000000
112413  -59.088  14.480  17.454 0.0000000000
111371  -59.188  13.953  17.769 0.0000000000
111389  -58.899  14.277  16.682 0.0000000000
111388  -58.520  14.010  16.418 0.0000000000
111402  -57.650  13.875  15.658 0.0000000000
112443  -56.019  14.920  13.955 0.0000000000
112442  -55.431  15.310  13.598 0.0000000000
112432  -54.765  15.424  14.064 0.0000000000
112420  -54.825  15.386  15.251 0.0000000000
116219  -48.417  18.227  17.167 0.0000000000
115267  -48.402  17.620  17.802 0.0000000000
115278  -48.065  17.642  17.337 0.0000000000
114325  -47.521  17.391  17.569 0.0000000000
115276  -46.955  17.750  17.725 0.0000000000
115252  -45.963  17.832  18.920 0.0000000000
103168  -57.008  5.538  26.828 0.0000000000
103156  -57.505  5.497  27.669 0.0000000000
103157  -58.140  5.646  28.130 0.0000000000
103143  -55.598  5.895  30.000 0.0000000000
104151  -56.130  6.305  29.349 0.0000000000
104150  -55.228  6.565  29.412 0.0000000000
104161  -54.904  7.136  28.745 0.0000000000
104171  -53.879  6.874  27.598 0.0000000000
104184  -51.406  6.660  26.312 0.0000000000
112294  -57.890  15.609  26.957 0.0000000000
113283  -58.536  16.048  25.439 0.0000000000
116181  -60.264  19.001  20.517 0.0000000000
115228  -60.313  17.901  21.627 0.0000000000
115245  -60.526  18.045  20.682 0.0000000000
114291  -60.329  17.263  20.055 0.0000000000
114290  -60.153  16.447  19.678 0.0000000000
112373  -57.167  16.159  19.584 0.0000000000
114289  -57.258  17.198  19.849 0.0000000000
117879  -54.670  20.385  18.623 0.0000000000
117070  -54.517  19.859  19.138 0.0000000000
117877  -52.875  20.316  18.475 0.0000000000
117083  -51.281  20.106  17.915 0.0000000000
99152  -52.449  1.594  33.929 0.0000000000
103099  -52.907  5.277  36.397 0.0000000000
103098  -52.679  5.310  35.819 0.0000000000
103109  -52.661  5.761  35.787 0.0000000000
105110  -52.252  6.746  34.640 0.0000000000
106131  -51.876  8.358  33.653 0.0000000000
107108  -53.446  10.174  33.090 0.0000000000
108139  -56.262  11.578  32.981 0.0000000000
109162  -55.497  11.787  32.586 0.0000000000
109174  -56.188  12.084  32.406 0.0000000000
112257  -55.982  13.979  31.453 0.0000000000
113246  -57.459  15.491  30.692 0.0000000000
101298  -63.393  4.398  22.866 0.0000000000
101288  -62.729  3.894  22.968 0.0000000000
100303  -57.539  3.022  23.877 0.0000000000
100293  -57.283  3.581  24.133 0.0000000000
98020  -53.721  0.762  24.653 0.0000000000
100289  -53.211  2.197  25.217 0.0000000000
101253  -53.408  3.179  26.803 0.0000000000
100265  -52.822  2.865  26.676 0.0000000000
93510  -50.236  -4.115  28.132 0.0000000000
93511  -51.228  -4.017  28.386 0.0000000000
93525  -52.800  -3.503  27.848 0.0000000000
93536  -53.281  -3.108  27.138 0.0000000000
94602  -52.906  -2.672  26.451 0.0000000000
94601  -51.881  -2.521  26.277 0.0000000000
95678  -51.329  -2.018  26.118 0.0000000000
95677  -50.757  -1.503  26.201 0.0000000000
100242  -50.034  2.048  29.059 0.0000000000
100236  -50.527  2.011  29.338 0.0000000000
99192  -50.970  1.880  29.932 0.0000000000
101362  -59.784  4.391  15.325 0.0000000000
103353  -59.607  5.850  15.429 0.0000000000
104310  -59.426  6.200  15.092 0.0000000000
105182  -58.235  8.000  26.021 0.0000000000
105195  -58.328  7.998  25.079 0.0000000000
102250  -54.636  4.714  20.473 0.0000000000
102251  -55.448  4.728  20.351 0.0000000000
103331  -56.732  5.711  17.073 0.0000000000
103350  -56.547  5.786  16.381 0.0000000000
103372  -56.126  7.389  13.732 0.0000000000
103371  -55.197  7.210  13.681 0.0000000000
106291  -52.938  9.436  11.706 0.0000000000
101200  -53.651  3.640  32.938 0.0000000000
103127  -49.716  5.781  30.606 0.0000000000
108162  -48.945  10.241  28.433 0.0000000000
108171  -48.836  10.040  27.578 0.0000000000
108180  -48.880  9.799  27.085 0.0000000000
107143  -48.905  9.376  26.755 0.0000000000
106169  -48.994  8.648  26.370 0.0000000000
107144  -49.223  9.417  26.079 0.0000000000
107152  -50.232  9.855  25.002 0.0000000000
107161  -50.374  9.621  24.303 0.0000000000
112326  -55.927  14.523  24.170 0.0000000000
112337  -55.991  14.163  23.419 0.0000000000
111312  -55.359  13.596  23.309 0.0000000000
109273  -56.356  12.483  19.653 0.0000000000
110294  -56.004  12.569  20.562 0.0000000000
109264  -55.300  12.171  20.668 0.0000000000
109255  -54.564  11.748  21.014 0.0000000000
108227  -53.688  10.943  20.800 0.0000000000
108235  -53.693  10.431  19.890 0.0000000000
107204  -53.452  9.864  19.331 0.0000000000
108265  -53.902  10.877  17.295 0.0000000000
110368  -54.191  13.381  14.634 0.0000000000
110354  -53.821  12.657  14.894 0.0000000000
109324  -52.789  12.268  13.808 0.0000000000
108307  -52.310  11.387  12.635 0.0000000000
108314  -52.390  10.940  12.134 0.0000000000
109341  -52.042  11.860  12.301 0.0000000000
109348  -51.477  11.899  11.130 0.0000000000
110389  -50.550  11.940  11.076 0.0000000000
109338  -50.018  11.537  11.983 0.0000000000
110382  -49.903  11.924  12.114 0.0000000000
110363  -49.877  12.382  13.012 0.0000000000
110353  -52.099  13.240  15.460 0.0000000000
109287  -50.556  11.524  16.645 0.0000000000
114305  -54.355  15.714  19.294 0.0000000000
113347  -54.313  15.509  18.957 0.0000000000
113345  -52.475  15.420  18.981 0.0000000000
113342  -48.919  15.711  19.131 0.0000000000
112370  -49.554  13.893  19.886 0.0000000000
111346  -49.402  13.326  20.094 0.0000000000
112357  -46.426  14.195  21.595 0.0000000000
113337  -44.375  16.033  19.478 0.0000000000
113324  -44.846  15.485  20.178 0.0000000000
113323  -43.912  15.929  20.332 0.0000000000
113304  -42.841  15.410  22.013 0.0000000000
113313  -42.607  15.907  21.431 0.0000000000
113312  -42.212  16.097  21.804 0.0000000000
102152  -55.983  4.399  28.866 0.0000000000
102153  -56.917  4.613  28.711 0.0000000000
102142  -57.068  4.797  29.923 0.0000000000
103135  -56.894  4.994  30.211 0.0000000000
101215  -56.339  3.909  30.368 0.0000000000
102141  -56.611  4.453  30.532 0.0000000000
103134  -56.500  5.075  30.683 0.0000000000
103142  -54.703  6.021  30.014 0.0000000000
115202  -59.606  17.881  24.632 0.0000000000
116138  -59.603  18.678  23.756 0.0000000000
116148  -59.557  19.148  23.040 0.0000000000
117033  -60.100  19.473  21.906 0.0000000000
117848  -59.390  20.412  22.314 0.0000000000
117041  -59.937  20.147  21.878 0.0000000000
117042  -60.232  19.886  21.144 0.0000000000
117076  -59.545  19.644  20.059 0.0000000000
116196  -58.026  19.030  19.503 0.0000000000
116195  -57.450  19.218  19.585 0.0000000000
117073  -57.369  19.871  19.323 0.0000000000
117072  -56.455  19.977  19.164 0.0000000000
117880  -55.723  20.435  18.707 0.0000000000
117897  -53.735  20.681  17.910 0.0000000000
117916  -52.669  20.935  17.193 0.0000000000
100181  -52.112  2.564  35.817 0.0000000000
100182  -52.929  2.220  36.081 0.0000000000
102081  -52.847  4.383  36.736 0.0000000000
102080  -52.077  4.271  36.974 0.0000000000
98040  -56.488  1.103  23.706 0.0000000000
98023  -56.656  0.286  23.945 0.0000000000
96883  -55.021  -0.153  24.581 0.0000000000
98019  -52.775  0.551  24.887 0.0000000000
98018  -52.094  0.668  25.064 0.0000000000
91258  -50.002  -5.475  30.112 0.0000000000
91256  -48.406  -5.532  29.514 0.0000000000
91268  -48.928  -5.312  29.147 0.0000000000
92435  -49.457  -4.893  28.797 0.0000000000
92434  -48.543  -4.479  28.377 0.0000000000
93509  -49.254  -4.042  27.922 0.0000000000
99196  -48.527  1.392  29.241 0.0000000000
99182  -47.547  1.174  31.294 0.0000000000
99172  -47.175  1.324  31.999 0.0000000000
103200  -54.549  6.007  24.031 0.0000000000
103232  -54.405  5.150  22.320 0.0000000000
103231  -53.195  5.201  22.160 0.0000000000
102222  -53.760  4.898  21.719 0.0000000000
102235  -54.367  4.754  21.320 0.0000000000
102259  -54.228  4.941  19.994 0.0000000000
103294  -54.287  5.160  18.777 0.0000000000
103349  -54.676  5.635  15.866 0.0000000000
103329  -53.848  5.470  17.234 0.0000000000
103347  -53.519  5.861  16.733 0.0000000000
104306  -53.065  6.321  16.537 0.0000000000
105263  -52.486  6.608  17.208 0.0000000000
105282  -52.621  7.806  15.421 0.0000000000
106264  -52.537  8.944  15.163 0.0000000000
105124  -49.550  7.453  32.371 0.0000000000
105128  -48.918  7.587  31.408 0.0000000000
106143  -49.289  8.423  31.814 0.0000000000
107111  -48.772  8.990  30.813 0.0000000000
108153  -49.601  10.636  29.594 0.0000000000
108154  -50.261  11.093  29.960 0.0000000000
108164  -50.091  11.217  29.241 0.0000000000
108163  -49.591  10.911  28.654 0.0000000000
109195  -49.805  11.298  27.911 0.0000000000
110227  -50.826  12.438  26.781 0.0000000000
109222  -50.930  12.086  25.769 0.0000000000
112374  -58.605  13.964  21.014 0.0000000000
111337  -57.988  13.765  21.537 0.0000000000
111347  -57.654  13.155  20.735 0.0000000000
110309  -57.451  12.838  19.892 0.0000000000
111370  -58.794  13.361  18.196 0.0000000000
111369  -57.988  12.952  18.712 0.0000000000
110308  -56.971  12.724  19.687 0.0000000000
109281  -56.402  12.291  19.154 0.0000000000
109292  -56.450  12.030  18.289 0.0000000000
109291  -55.812  11.619  17.888 0.0000000000
109290  -55.000  11.512  17.526 0.0000000000
109303  -55.793  11.773  16.980 0.0000000000
110343  -55.530  12.398  16.248 0.0000000000
111400  -55.366  13.724  14.550 0.0000000000
111399  -54.730  13.550  14.582 0.0000000000
111421  -52.319  13.536  13.466 0.0000000000
111410  -52.495  13.990  13.973 0.0000000000
111397  -52.609  13.802  15.000 0.0000000000
110341  -52.540  13.358  16.052 0.0000000000
110319  -52.137  13.097  17.759 0.0000000000
115237  -51.507  17.132  20.376 0.0000000000
114284  -51.244  16.231  19.996 0.0000000000
115236  -50.572  17.011  20.085 0.0000000000
114301  -49.622  16.568  19.355 0.0000000000
114300  -48.890  16.654  18.807 0.0000000000
115268  -48.687  17.368  18.376 0.0000000000
113341  -48.025  15.933  19.276 0.0000000000
112380  -47.844  15.424  19.757 0.0000000000
113339  -46.026  15.753  19.028 0.0000000000
113358  -45.286  16.122  18.502 0.0000000000
113357  -44.645  16.163  18.816 0.0000000000
114296  -44.117  16.660  18.972 0.0000000000
115233  -43.640  17.124  19.678 0.0000000000
103203  -59.059  5.716  24.950 0.0000000000
103204  -60.026  6.574  24.954 0.0000000000
104205  -59.552  6.870  26.403 0.0000000000
104190  -59.432  7.301  26.365 0.0000000000
104189  -59.365  6.969  26.959 0.0000000000
105169  -58.985  7.594  26.532 0.0000000000
105181  -57.167  7.901  26.234 0.0000000000
104203  -55.982  7.809  25.819 0.0000000000
103151  -58.255  6.018  29.314 0.0000000000
104164  -57.615  6.610  28.752 0.0000000000
104163  -56.680  6.550  28.745 0.0000000000
104175  -57.073  6.612  28.122 0.0000000000
105152  -56.651  7.014  27.592 0.0000000000
104188  -55.805  7.722  26.619 0.0000000000
104215  -52.872  6.321  24.833 0.0000000000
103198  -52.365  5.869  24.079 0.0000000000
103197  -51.510  6.110  23.965 0.0000000000
103214  -51.279  6.147  23.300 0.0000000000
104244  -50.907  6.577  22.936 0.0000000000
112277  -54.545  14.292  28.966 0.0000000000
111269  -53.952  13.995  28.489 0.0000000000
112291  -55.434  14.729  27.526 0.0000000000
112306  -57.225  15.263  26.161 0.0000000000
112316  -56.591  14.938  25.211 0.0000000000
112327  -56.929  14.775  24.212 0.0000000000
112339  -57.416  14.499  23.185 0.0000000000
112350  -58.328  14.619  22.395 0.0000000000
114254  -59.397  16.978  24.281 0.0000000000
114260  -59.529  16.631  23.315 0.0000000000
114267  -60.195  17.114  21.776 0.0000000000
113307  -59.133  15.565  22.831 0.0000000000
112351  -59.093  15.031  22.130 0.0000000000
112360  -58.645  14.261  21.455 0.0000000000
112405  -59.135  14.613  18.351 0.0000000000
113378  -58.346  15.076  17.315 0.0000000000
113376  -56.769  15.523  17.210 0.0000000000
113364  -56.457  15.590  18.041 0.0000000000
113349  -56.108  15.748  18.695 0.0000000000
112372  -56.839  16.031  19.483 0.0000000000
112371  -54.876  15.858  19.405 0.0000000000
146923  -54.546  16.201  19.773 0.0000000000
115238  -52.578  17.276  20.517 0.0000000000
116179  -57.042  18.854  19.921 0.0000000000
116178  -56.066  18.766  20.381 0.0000000000
116177  -55.015  18.568  20.645 0.0000000000
117053  -54.267  19.212  19.844 0.0000000000
116159  -54.688  18.115  20.882 0.0000000000
116173  -50.694  17.939  20.057 0.0000000000
116194  -50.574  18.602  19.352 0.0000000000
116210  -49.625  18.811  18.024 0.0000000000
117082  -50.350  19.467  17.998 0.0000000000
116228  -48.386  18.762  16.667 0.0000000000
117089  -47.788  19.393  16.990 0.0000000000
100225  -54.023  2.234  31.982 0.0000000000
100226  -54.953  2.626  32.402 0.0000000000
100218  -55.171  2.503  33.469 0.0000000000
100210  -55.620  3.016  34.299 0.0000000000
100193  -54.970  2.988  34.615 0.0000000000
101192  -54.372  3.398  33.766 0.0000000000
101199  -52.770  3.599  33.198 0.0000000000
102120  -51.110  4.753  32.874 0.0000000000
103119  -50.531  5.419  33.050 0.0000000000
99121  -53.409  2.295  36.235 0.0000000000
100183  -54.092  2.726  36.410 0.0000000000
101164  -53.795  3.399  35.943 0.0000000000
102091  -52.718  4.798  35.746 0.0000000000
102106  -52.939  4.208  35.549 0.0000000000
102105  -52.284  4.540  34.938 0.0000000000
103114  -51.084  5.461  33.710 0.0000000000
105118  -49.865  6.803  33.033 0.0000000000
105125  -50.076  8.001  32.735 0.0000000000
107105  -50.265  9.207  32.194 0.0000000000
107114  -51.313  10.140  31.878 0.0000000000
107095  -51.745  8.959  33.170 0.0000000000
107106  -51.528  9.523  32.524 0.0000000000
109169  -51.823  11.321  31.204 0.0000000000
109178  -52.463  11.792  30.707 0.0000000000
110189  -53.214  12.462  30.593 0.0000000000
111240  -53.585  13.328  29.791 0.0000000000
106133  -53.821  8.824  33.984 0.0000000000
108136  -53.751  10.763  32.692 0.0000000000
109153  -54.996  11.491  33.055 0.0000000000
109161  -54.345  11.477  32.511 0.0000000000
110183  -53.490  12.028  31.415 0.0000000000
111236  -53.851  13.171  30.601 0.0000000000
112264  -54.573  14.017  29.575 0.0000000000
111243  -56.475  15.090  28.745 0.0000000000
111258  -56.790  15.192  28.647 0.0000000000
112267  -57.076  15.224  29.263 0.0000000000
112268  -57.736  15.442  28.806 0.0000000000
112281  -57.830  15.502  27.987 0.0000000000
113270  -58.487  16.061  27.655 0.0000000000
114230  -59.111  16.632  27.424 0.0000000000
115180  -59.504  17.934  26.777 0.0000000000
115147  -59.431  17.688  28.505 0.0000000000
102225  -61.942  5.749  22.840 0.0000000000
102224  -61.277  6.597  23.347 0.0000000000
102206  -58.836  5.197  24.357 0.0000000000
101277  -57.121  4.112  24.376 0.0000000000
102204  -57.123  4.639  24.915 0.0000000000
103183  -57.030  5.400  26.106 0.0000000000
102180  -56.507  5.259  26.231 0.0000000000
102179  -55.891  5.125  26.792 0.0000000000
102178  -55.381  4.684  27.374 0.0000000000
99251  -56.031  1.646  23.827 0.0000000000
100301  -55.706  2.115  24.011 0.0000000000
101255  -55.245  4.555  26.844 0.0000000000
102163  -55.215  4.519  28.182 0.0000000000
101227  -54.448  3.776  29.291 0.0000000000
100240  -53.662  2.666  30.463 0.0000000000
94593  -56.352  -2.290  27.652 0.0000000000
93471  -54.463  -4.225  31.126 0.0000000000
93486  -54.705  -3.829  30.582 0.0000000000
92425  -51.976  -4.815  29.942 0.0000000000
92426  -52.955  -4.367  30.126 0.0000000000
92427  -53.556  -4.192  30.410 0.0000000000
93515  -55.374  -3.028  28.661 0.0000000000
94580  -55.494  -2.682  28.236 0.0000000000
94605  -55.821  -2.122  26.914 0.0000000000
95679  -54.986  -1.898  26.202 0.0000000000
94616  -54.761  -1.958  26.161 0.0000000000
95698  -53.947  -1.533  25.507 0.0000000000
96860  -52.595  -0.540  25.171 0.0000000000
98002  -52.136  0.093  25.224 0.0000000000
99235  -51.742  1.110  25.133 0.0000000000
94599  -50.008  -2.501  26.697 0.0000000000
96842  -50.214  -0.552  26.370 0.0000000000
98000  -50.713  0.315  26.065 0.0000000000
99223  -51.102  1.320  25.694 0.0000000000
100239  -53.007  2.721  29.959 0.0000000000
100232  -53.154  2.359  30.820 0.0000000000
100224  -53.474  2.185  31.452 0.0000000000
100207  -51.056  2.168  34.306 0.0000000000
99174  -49.203  1.549  31.835 0.0000000000
99150  -50.487  1.954  33.467 0.0000000000
101175  -50.815  2.993  35.423 0.0000000000
101160  -50.550  3.780  35.674 0.0000000000
101173  -49.061  3.420  34.359 0.0000000000
101174  -50.141  3.370  35.166 0.0000000000
100414  -58.469  3.508  14.928 0.0000000000
101376  -59.443  4.602  14.745 0.0000000000
101360  -58.791  3.939  14.541 0.0000000000
101359  -58.083  3.802  14.442 0.0000000000
101373  -57.388  4.060  13.938 0.0000000000
101372  -56.502  3.945  13.541 0.0000000000
104221  -60.570  7.343  24.322 0.0000000000
105208  -58.716  7.711  24.350 0.0000000000
105220  -58.899  7.535  23.719 0.0000000000
103236  -58.885  6.566  22.344 0.0000000000
104231  -55.708  6.312  23.653 0.0000000000
103219  -55.902  6.142  23.022 0.0000000000
103234  -56.519  6.138  22.377 0.0000000000
102237  -55.958  5.035  21.016 0.0000000000
103275  -57.230  5.590  20.537 0.0000000000
103295  -57.536  5.577  19.891 0.0000000000
103333  -58.406  6.260  16.804 0.0000000000
104295  -58.566  6.435  15.798 0.0000000000
104324  -58.467  6.677  14.624 0.0000000000
104323  -57.989  6.866  14.588 0.0000000000
103375  -58.380  6.283  13.608 0.0000000000
102334  -57.921  5.517  13.367 0.0000000000
101387  -56.829  4.802  13.277 0.0000000000
101386  -55.963  4.734  12.955 0.0000000000
103361  -54.390  6.058  15.346 0.0000000000
104336  -54.827  6.772  14.212 0.0000000000
103370  -55.041  7.535  12.929 0.0000000000
103380  -51.728  6.126  12.113 0.0000000000
103392  -51.211  6.537  11.882 0.0000000000
104358  -52.006  7.191  11.677 0.0000000000
102125  -55.699  4.169  32.346 0.0000000000
102130  -53.440  4.031  31.921 0.0000000000
102131  -54.539  4.401  32.026 0.0000000000
102139  -54.763  5.041  31.285 0.0000000000
103140  -52.681  5.752  29.788 0.0000000000
104147  -52.253  6.262  29.080 0.0000000000
104139  -49.222  6.518  31.394 0.0000000000
104138  -48.872  7.036  30.752 0.0000000000
103137  -49.704  6.174  29.962 0.0000000000
106152  -48.622  8.609  28.665 0.0000000000
104144  -48.962  7.278  29.488 0.0000000000
104145  -49.593  6.677  29.152 0.0000000000
104183  -50.525  6.963  25.965 0.0000000000
105163  -49.303  7.856  26.085 0.0000000000
105164  -49.865  7.331  25.559 0.0000000000
104198  -50.424  6.843  25.085 0.0000000000
105193  -50.127  7.497  24.015 0.0000000000
104243  -50.659  7.220  22.702 0.0000000000
105228  -50.940  7.749  21.897 0.0000000000
111268  -53.470  13.889  27.656 0.0000000000
110220  -52.844  13.522  26.955 0.0000000000
111290  -54.348  13.780  25.424 0.0000000000
110230  -52.925  13.549  25.886 0.0000000000
110229  -52.123  13.252  26.213 0.0000000000
110239  -51.628  12.523  25.489 0.0000000000
110250  -51.843  12.341  24.767 0.0000000000
111323  -56.198  13.504  22.260 0.0000000000
110264  -55.052  13.100  22.374 0.0000000000
110282  -55.576  12.633  21.277 0.0000000000
110263  -54.563  12.959  22.811 0.0000000000
111309  -52.686  13.009  23.857 0.0000000000
110251  -52.347  12.507  24.244 0.0000000000
109230  -51.217  11.562  24.732 0.0000000000
109239  -51.411  11.142  24.024 0.0000000000
108207  -51.367  10.602  23.462 0.0000000000
107171  -51.257  9.926  22.849 0.0000000000
108217  -52.237  10.962  22.143 0.0000000000
107179  -50.999  9.409  22.649 0.0000000000
106208  -51.062  9.104  22.280 0.0000000000
105229  -51.477  7.628  21.166 0.0000000000
106230  -52.087  8.045  19.778 0.0000000000
107213  -53.070  9.349  19.083 0.0000000000
109289  -54.435  11.467  17.163 0.0000000000
109301  -54.069  11.552  16.564 0.0000000000
108276  -53.329  10.725  16.026 0.0000000000
108285  -52.884  10.358  15.064 0.0000000000
107259  -52.918  9.751  14.251 0.0000000000
107270  -53.209  9.448  13.482 0.0000000000
106281  -53.316  9.712  12.372 0.0000000000
106292  -53.199  9.864  12.046 0.0000000000
106302  -52.448  9.930  11.651 0.0000000000
107287  -52.039  10.321  11.602 0.0000000000
106289  -50.777  8.945  12.367 0.0000000000
109311  -50.689  12.233  15.121 0.0000000000
109310  -49.981  12.101  14.527 0.0000000000
112412  -55.626  15.229  16.807 0.0000000000
113361  -53.763  15.030  18.357 0.0000000000
111367  -53.284  14.133  17.248 0.0000000000
111366  -52.675  13.699  17.674 0.0000000000
110318  -51.501  12.672  18.239 0.0000000000
110317  -50.925  12.264  18.685 0.0000000000
109270  -50.592  11.865  18.844 0.0000000000
109269  -49.834  11.471  19.130 0.0000000000
109262  -49.625  11.895  19.943 0.0000000000
109268  -49.107  11.124  19.375 0.0000000000
108233  -48.308  10.683  20.178 0.0000000000
111321  -47.127  12.532  22.116 0.0000000000
110270  -46.933  12.006  22.370 0.0000000000
112356  -45.151  14.900  21.202 0.0000000000
117929  -51.700  20.959  16.451 0.0000000000
117926  -49.515  20.259  16.716 0.0000000000
117090  -48.366  19.655  16.852 0.0000000000
117912  -48.310  19.978  17.215 0.0000000000
118784  -48.002  21.494  19.099 0.0000000000
117875  -47.963  20.176  18.601 0.0000000000
117081  -47.593  19.331  17.902 0.0000000000
116191  -46.956  18.540  19.023 0.0000000000
116190  -46.209  18.249  19.575 0.0000000000
116189  -45.328  18.061  19.911 0.0000000000
116170  -44.838  18.121  20.502 0.0000000000
116169  -44.263  17.993  20.631 0.0000000000
91259  -50.430  -5.520  30.386 0.0000000000
92399  -54.481  -4.459  32.194 0.0000000000
92423  -49.985  -5.161  29.424 0.0000000000
93516  -55.936  -2.880  28.860 0.0000000000
93528  -55.241  -2.728  28.190 0.0000000000
94590  -53.977  -2.814  27.333 0.0000000000
94615  -54.321  -2.094  26.065 0.0000000000
95667  -57.598  -1.803  27.068 0.0000000000
98045  -60.800  1.136  23.907 0.0000000000
99122  -53.794  2.418  36.617 0.0000000000
99128  -53.137  2.061  35.595 0.0000000000
100174  -52.679  2.668  36.377 0.0000000000
100194  -55.371  3.110  34.400 0.0000000000
100231  -52.528  2.397  30.411 0.0000000000
100234  -54.561  2.623  31.634 0.0000000000
100427  -56.860  3.610  14.093 0.0000000000
101156  -54.171  3.263  37.011 0.0000000000
101179  -55.007  3.256  34.340 0.0000000000
101180  -55.464  3.218  34.193 0.0000000000
101191  -53.356  3.436  33.897 0.0000000000
101194  -55.680  3.267  33.714 0.0000000000
101202  -55.372  3.631  32.990 0.0000000000
101206  -54.183  3.975  32.452 0.0000000000
101207  -54.570  4.114  32.496 0.0000000000
101268  -56.022  4.556  25.641 0.0000000000
101287  -62.098  4.364  23.104 0.0000000000
101361  -59.416  4.032  14.851 0.0000000000
102092  -53.123  4.106  36.237 0.0000000000
102114  -51.070  5.052  33.359 0.0000000000
102122  -52.770  3.749  32.502 0.0000000000
102123  -54.807  4.187  32.523 0.0000000000
102126  -56.097  4.122  32.117 0.0000000000
102128  -51.386  4.630  31.956 0.0000000000
102132  -55.443  4.861  31.822 0.0000000000
102146  -56.531  4.276  29.711 0.0000000000
102221  -53.374  5.048  21.549 0.0000000000
102234  -53.583  4.950  21.103 0.0000000000
102236  -55.259  4.766  21.155 0.0000000000
102260  -54.690  4.898  19.589 0.0000000000
102271  -56.769  5.457  18.432 0.0000000000
102312  -59.650  5.514  15.374 0.0000000000
102321  -58.358  4.979  13.590 0.0000000000
102323  -59.285  5.137  14.228 0.0000000000
102333  -57.204  5.509  12.882 0.0000000000
102336  -58.968  5.360  13.750 0.0000000000
103123  -55.610  5.303  31.255 0.0000000000
103125  -56.236  4.801  31.378 0.0000000000
103128  -50.800  5.093  30.865 0.0000000000
103131  -54.256  5.346  30.527 0.0000000000
103146  -58.043  6.108  29.549 0.0000000000
103150  -57.958  5.566  28.980 0.0000000000
103167  -56.470  5.285  27.283 0.0000000000
103201  -55.215  6.184  23.892 0.0000000000
103351  -57.196  6.205  15.908 0.0000000000
103354  -59.519  6.002  14.928 0.0000000000
103365  -57.697  6.789  14.756 0.0000000000
103366  -59.583  5.664  15.076 0.0000000000
103373  -57.213  7.177  14.252 0.0000000000
103376  -58.850  5.857  13.899 0.0000000000
103387  -58.281  5.953  13.456 0.0000000000
103388  -58.713  5.615  13.677 0.0000000000
103394  -56.470  6.721  12.460 0.0000000000
103395  -56.928  6.563  12.487 0.0000000000
103396  -57.174  6.542  12.547 0.0000000000
104126  -52.474  6.334  35.214 0.0000000000
104130  -49.935  6.336  33.040 0.0000000000
104136  -50.010  5.948  32.984 0.0000000000
104141  -48.909  7.110  30.003 0.0000000000
104142  -49.279  6.502  30.293 0.0000000000
104154  -58.238  6.352  29.358 0.0000000000
104165  -58.250  6.512  28.875 0.0000000000
104174  -56.294  6.863  28.195 0.0000000000
104213  -51.010  6.469  24.541 0.0000000000
104219  -58.064  7.740  24.540 0.0000000000
104235  -60.835  7.324  24.140 0.0000000000
104248  -60.896  7.186  23.396 0.0000000000
104249  -61.050  7.338  23.802 0.0000000000
104255  -50.814  7.389  22.242 0.0000000000
104307  -53.601  6.143  16.194 0.0000000000
104308  -58.311  6.667  15.130 0.0000000000
104309  -59.117  6.372  15.422 0.0000000000
104325  -59.124  6.323  14.653 0.0000000000
104339  -57.795  7.152  14.079 0.0000000000
104340  -58.394  6.613  13.910 0.0000000000
104350  -56.254  7.330  12.645 0.0000000000
104351  -57.512  6.880  12.650 0.0000000000
104352  -58.004  6.688  13.140 0.0000000000
104360  -56.291  7.044  12.525 0.0000000000
104361  -56.633  6.872  12.505 0.0000000000
104362  -57.100  6.776  12.535 0.0000000000
105119  -50.395  7.524  33.235 0.0000000000
105132  -48.819  7.663  29.015 0.0000000000
105139  -55.360  7.193  28.501 0.0000000000
105140  -55.582  7.182  28.326 0.0000000000
105150  -55.264  7.320  28.192 0.0000000000
105162  -48.932  8.053  26.748 0.0000000000
105170  -59.466  7.463  26.005 0.0000000000
105178  -49.470  7.898  25.144 0.0000000000
105179  -49.934  7.352  24.736 0.0000000000
105180  -56.367  7.795  26.578 0.0000000000
105196  -59.312  7.722  24.816 0.0000000000
105197  -60.161  7.474  24.448 0.0000000000
105198  -60.644  7.453  24.084 0.0000000000
105206  -49.962  8.048  23.919 0.0000000000
105210  -60.342  7.542  23.862 0.0000000000
105211  -60.856  7.453  23.804 0.0000000000
105221  -59.664  7.495  23.433 0.0000000000
105222  -60.553  7.434  23.435 0.0000000000
105223  -60.948  7.369  23.619 0.0000000000
105281  -52.228  7.878  15.846 0.0000000000
105292  -56.511  7.454  12.812 0.0000000000
105293  -56.918  7.521  13.063 0.0000000000
105294  -57.503  7.336  13.438 0.0000000000
105295  -57.961  7.161  13.677 0.0000000000
105306  -56.465  7.253  12.650 0.0000000000
105307  -56.846  7.320  12.753 0.0000000000
105316  -56.480  7.064  12.547 0.0000000000
105317  -56.759  7.088  12.570 0.0000000000
105318  -57.142  7.095  12.639 0.0000000000
106124  -54.981  8.488  34.505 0.0000000000
106138  -49.872  8.443  32.370 0.0000000000
106140  -51.369  8.710  33.124 0.0000000000
106145  -48.668  8.464  30.373 0.0000000000
106168  -48.770  8.649  27.078 0.0000000000
106198  -49.881  8.324  24.224 0.0000000000
106214  -50.865  8.236  22.182 0.0000000000
106301  -52.213  9.776  11.592 0.0000000000
107092  -56.984  10.212  34.112 0.0000000000
107109  -53.898  10.393  33.070 0.0000000000
107117  -49.227  9.977  30.081 0.0000000000
107119  -48.804  9.599  29.237 0.0000000000
107120  -49.162  10.167  29.523 0.0000000000
107135  -48.765  9.319  27.424 0.0000000000
107151  -49.742  9.468  25.394 0.0000000000
107160  -50.063  9.306  24.784 0.0000000000
107192  -52.573  9.975  20.649 0.0000000000
107202  -52.421  9.374  20.510 0.0000000000
107214  -53.533  9.711  18.798 0.0000000000
107288  -52.456  10.268  11.777 0.0000000000
108138  -56.011  11.601  32.783 0.0000000000
108143  -50.263  10.374  31.212 0.0000000000
108147  -53.397  10.988  32.370 0.0000000000
108172  -49.260  10.750  27.716 0.0000000000
108182  -49.862  10.904  26.325 0.0000000000
108199  -51.071  10.823  24.178 0.0000000000
108206  -50.792  10.260  23.990 0.0000000000
108228  -54.297  11.066  20.285 0.0000000000
108275  -52.824  10.210  15.642 0.0000000000
108297  -53.017  10.401  14.387 0.0000000000
108311  -49.746  11.048  12.485 0.0000000000
108322  -50.735  10.945  11.170 0.0000000000
109152  -54.562  11.207  33.032 0.0000000000
109160  -53.765  11.193  32.385 0.0000000000
109168  -51.183  11.343  30.885 0.0000000000
109172  -54.055  11.728  32.118 0.0000000000
109173  -55.988  12.042  32.325 0.0000000000
109184  -50.665  11.690  29.492 0.0000000000
109198  -51.891  12.227  29.441 0.0000000000
109206  -50.223  11.727  27.547 0.0000000000
109213  -49.776  11.040  26.627 0.0000000000
109215  -50.844  12.261  26.333 0.0000000000
109231  -51.843  11.977  24.365 0.0000000000
109339  -50.433  11.525  11.361 0.0000000000
109349  -51.923  11.678  11.702 0.0000000000
110176  -54.807  11.954  32.472 0.0000000000
110186  -56.096  12.462  32.323 0.0000000000
110190  -53.914  12.796  31.094 0.0000000000
110195  -52.474  12.373  29.676 0.0000000000
110206  -50.545  12.106  27.912 0.0000000000
110207  -51.002  12.609  28.210 0.0000000000
110231  -54.660  14.060  25.557 0.0000000000
110232  -54.841  14.025  25.380 0.0000000000
110240  -52.447  13.055  25.154 0.0000000000
110242  -54.634  13.832  25.347 0.0000000000
110243  -54.922  13.818  25.125 0.0000000000
110252  -54.716  13.666  25.083 0.0000000000
110253  -54.927  13.628  24.939 0.0000000000
110271  -53.294  12.387  22.671 0.0000000000
110272  -53.937  12.522  22.246 0.0000000000
110274  -55.207  12.868  21.782 0.0000000000
110281  -54.959  12.425  21.484 0.0000000000
110296  -57.325  12.862  20.241 0.0000000000
110307  -56.353  12.580  20.028 0.0000000000
110321  -57.473  12.890  17.989 0.0000000000
110358  -57.556  13.353  16.005 0.0000000000
110373  -49.860  12.159  12.455 0.0000000000
110376  -52.213  13.056  13.235 0.0000000000
110383  -50.300  12.214  11.621 0.0000000000
110390  -50.816  12.198  11.052 0.0000000000
111238  -55.198  13.498  31.349 0.0000000000
111244  -56.626  15.136  29.017 0.0000000000
111253  -51.484  13.014  28.280 0.0000000000
111254  -51.748  13.273  28.174 0.0000000000
111267  -51.477  13.250  27.885 0.0000000000
111270  -56.729  15.083  27.838 0.0000000000
111271  -56.864  15.192  28.133 0.0000000000
111280  -54.413  14.159  25.922 0.0000000000
111289  -53.658  13.584  25.307 0.0000000000
111291  -55.139  14.274  25.400 0.0000000000
111322  -55.486  13.239  22.081 0.0000000000
111357  -57.489  12.845  19.657 0.0000000000
111368  -57.501  12.836  19.332 0.0000000000
111380  -59.158  14.066  16.961 0.0000000000
111403  -58.070  14.110  15.972 0.0000000000
111414  -55.842  14.728  13.509 0.0000000000
111422  -52.594  13.564  13.492 0.0000000000
111424  -55.691  14.834  13.140 0.0000000000
111425  -55.877  14.744  13.061 0.0000000000
112256  -55.580  13.706  31.446 0.0000000000
112262  -56.745  15.113  30.227 0.0000000000
112279  -56.108  14.881  28.343 0.0000000000
112280  -57.214  15.280  28.388 0.0000000000
112289  -53.758  14.315  27.100 0.0000000000
112303  -54.739  14.648  26.627 0.0000000000
112340  -58.110  15.006  23.447 0.0000000000
112349  -57.652  14.288  22.502 0.0000000000
112359  -54.829  16.004  19.559 0.0000000000
112386  -54.488  15.676  19.199 0.0000000000
112387  -54.699  15.713  19.198 0.0000000000
112388  -56.625  15.745  19.076 0.0000000000
112401  -55.640  15.318  17.366 0.0000000000
112424  -58.690  14.538  16.547 0.0000000000
112425  -59.027  14.515  16.884 0.0000000000
112436  -58.302  14.375  16.212 0.0000000000
112446  -55.477  14.992  13.006 0.0000000000
112447  -55.883  15.004  13.003 0.0000000000
113277  -59.229  16.646  26.395 0.0000000000
113329  -55.021  16.165  19.780 0.0000000000
113350  -57.500  16.486  19.616 0.0000000000
113377  -57.576  15.337  17.280 0.0000000000
113379  -58.837  14.798  17.141 0.0000000000
113391  -58.909  14.790  16.854 0.0000000000
113399  -56.216  15.188  15.807 0.0000000000
113406  -55.317  15.341  13.135 0.0000000000
113407  -55.680  15.210  13.201 0.0000000000
113408  -55.737  15.091  12.999 0.0000000000
113413  -55.493  15.186  13.050 0.0000000000
113414  -55.667  15.080  12.872 0.0000000000
113415  -55.958  15.193  12.859 0.0000000000
114231  -59.454  17.255  27.186 0.0000000000
114240  -59.264  16.766  26.791 0.0000000000
114295  -43.722  16.781  19.474 0.0000000000
114309  -60.200  17.497  19.799 0.0000000000
114312  -44.740  16.646  18.441 0.0000000000
114317  -48.539  17.048  18.413 0.0000000000
115165  -59.387  17.809  27.706 0.0000000000
115209  -59.823  18.057  22.908 0.0000000000
115227  -55.169  18.125  20.937 0.0000000000
115241  -55.636  17.792  20.785 0.0000000000
115249  -43.775  16.996  19.156 0.0000000000
115255  -58.060  17.785  19.648 0.0000000000
115286  -47.946  18.379  16.738 0.0000000000
116083  -59.150  18.186  28.295 0.0000000000
116158  -46.096  18.851  21.142 0.0000000000
116160  -54.934  18.194  20.956 0.0000000000
116206  -46.550  18.048  18.669 0.0000000000
116208  -48.389  17.889  17.504 0.0000000000
117057  -59.477  20.161  20.123 0.0000000000
117058  -59.736  19.898  20.375 0.0000000000
117064  -47.009  18.949  19.621 0.0000000000
117856  -59.888  20.312  20.839 0.0000000000
117865  -59.407  20.608  20.219 0.0000000000
117876  -48.308  20.677  18.372 0.0000000000
117900  -57.078  21.094  18.336 0.0000000000
117901  -57.777  21.098  18.811 0.0000000000
118759  -59.057  21.256  20.402 0.0000000000
118775  -58.885  21.144  19.839 0.0000000000
118786  -55.387  21.637  19.104 0.0000000000
118790  -58.350  21.206  19.428 0.0000000000
118791  -58.772  21.090  19.579 0.0000000000
118802  -57.873  21.360  19.126 0.0000000000
118803  -58.114  21.275  19.226 0.0000000000
119773  -57.085  21.822  19.277 0.0000000000
119789  -57.126  21.797  19.019 0.0000000000
146924  -54.575  15.828  19.399 0.0000000000
146925  -54.622  16.041  19.596 0.0000000000
