#!ascii label  , from subject 4098 vox2ras=TkReg
611
18739  -38.553  -68.391  -15.257 0.0000000000
25631  -41.039  -63.137  -19.914 0.0000000000
21458  -42.490  -65.675  -11.434 0.0000000000
20186  -39.952  -66.628  -17.390 0.0000000000
26870  -38.769  -61.364  -14.739 0.0000000000
14724  -43.161  -70.366  -9.886 0.0000000000
15947  -43.094  -69.191  -6.760 0.0000000000
17124  -45.268  -69.141  -1.649 0.0000000000
22793  -40.174  -65.133  -9.471 0.0000000000
24205  -40.293  -63.974  -13.075 0.0000000000
26811  -38.042  -61.957  -11.095 0.0000000000
14655  -45.104  -69.788  -7.853 0.0000000000
13315  -44.677  -71.227  -5.108 0.0000000000
18528  -46.941  -68.134  -2.578 0.0000000000
18559  -46.112  -67.830  -4.545 0.0000000000
17421  -34.785  -67.980  -18.077 0.0000000000
24277  -39.748  -64.224  -17.472 0.0000000000
22909  -35.305  -64.958  -17.576 0.0000000000
26918  -36.323  -62.097  -17.811 0.0000000000
18743  -43.999  -67.308  -13.655 0.0000000000
17407  -39.609  -68.294  -16.710 0.0000000000
24255  -42.555  -63.484  -15.620 0.0000000000
26921  -41.890  -61.740  -17.426 0.0000000000
18664  -44.672  -68.065  -10.369 0.0000000000
18636  -42.449  -66.892  -8.965 0.0000000000
21391  -40.955  -65.348  -7.188 0.0000000000
13260  -43.817  -71.097  -3.137 0.0000000000
17160  -44.484  -69.447  -3.991 0.0000000000
19997  -42.957  -66.738  -4.846 0.0000000000
25382  -42.556  -63.112  -5.782 0.0000000000
18820  -35.816  -67.403  -18.969 0.0000000000
31178  -45.207  -59.191  -20.525 0.0000000000
25694  -43.065  -62.405  -21.763 0.0000000000
28407  -38.833  -60.628  -23.060 0.0000000000
24162  -39.271  -63.341  -8.642 0.0000000000
24186  -38.747  -63.380  -10.472 0.0000000000
18777  -37.182  -68.080  -16.076 0.0000000000
24325  -41.077  -63.607  -18.745 0.0000000000
24302  -38.373  -63.019  -17.665 0.0000000000
25608  -38.704  -62.239  -18.871 0.0000000000
28315  -36.835  -61.147  -18.908 0.0000000000
25629  -39.303  -62.096  -19.684 0.0000000000
20111  -44.182  -66.546  -12.404 0.0000000000
21471  -42.949  -65.352  -13.358 0.0000000000
26845  -39.521  -62.401  -13.799 0.0000000000
24239  -41.251  -63.109  -13.980 0.0000000000
26872  -40.715  -62.285  -14.601 0.0000000000
25565  -42.353  -62.681  -16.759 0.0000000000
26888  -39.733  -61.430  -15.540 0.0000000000
16066  -43.353  -68.794  -11.862 0.0000000000
14704  -44.220  -69.504  -10.207 0.0000000000
15965  -44.418  -69.540  -7.629 0.0000000000
17245  -44.392  -68.648  -8.384 0.0000000000
18619  -42.375  -67.794  -7.723 0.0000000000
20061  -41.041  -65.818  -8.037 0.0000000000
18593  -41.632  -67.129  -6.687 0.0000000000
14552  -44.535  -70.083  -1.919 0.0000000000
14594  -44.653  -70.406  -3.582 0.0000000000
15899  -45.321  -69.498  -3.119 0.0000000000
20000  -45.502  -66.934  -4.908 0.0000000000
18557  -44.386  -67.520  -4.419 0.0000000000
21355  -44.239  -66.184  -4.873 0.0000000000
22717  -42.787  -64.495  -5.436 0.0000000000
18801  -40.154  -67.249  -17.207 0.0000000000
18798  -37.195  -67.743  -18.051 0.0000000000
20184  -37.858  -67.020  -17.764 0.0000000000
21529  -34.574  -65.879  -19.603 0.0000000000
31180  -47.100  -59.418  -20.262 0.0000000000
28383  -44.658  -61.212  -21.463 0.0000000000
28444  -42.570  -60.582  -23.624 0.0000000000
22803  -40.972  -65.439  -10.464 0.0000000000
22823  -41.696  -64.792  -12.001 0.0000000000
22801  -39.991  -64.689  -10.979 0.0000000000
24203  -38.862  -63.707  -12.130 0.0000000000
26825  -38.045  -62.172  -12.281 0.0000000000
13399  -45.011  -70.527  -8.841 0.0000000000
14625  -44.834  -70.721  -6.480 0.0000000000
15936  -44.505  -70.281  -6.010 0.0000000000
17145  -46.312  -68.812  -2.565 0.0000000000
15900  -45.998  -69.096  -3.106 0.0000000000
17164  -47.446  -68.963  -3.516 0.0000000000
18560  -46.832  -68.036  -4.650 0.0000000000
20019  -46.921  -67.134  -5.804 0.0000000000
21508  -39.626  -65.681  -17.282 0.0000000000
21506  -37.400  -66.388  -17.405 0.0000000000
22887  -38.100  -64.720  -16.773 0.0000000000
24300  -35.690  -64.008  -17.168 0.0000000000
25604  -33.742  -63.106  -18.579 0.0000000000
26935  -34.619  -61.955  -18.296 0.0000000000
28331  -34.965  -60.311  -19.359 0.0000000000
29756  -35.493  -59.973  -20.587 0.0000000000
17368  -42.032  -68.199  -14.553 0.0000000000
17386  -39.251  -68.679  -16.181 0.0000000000
18780  -41.624  -67.409  -16.272 0.0000000000
21494  -42.604  -66.300  -16.654 0.0000000000
22850  -42.462  -64.387  -14.076 0.0000000000
22868  -42.811  -64.319  -15.189 0.0000000000
21510  -41.594  -65.744  -17.292 0.0000000000
22914  -42.439  -64.577  -17.288 0.0000000000
22932  -42.216  -63.846  -18.077 0.0000000000
24347  -42.902  -63.080  -18.983 0.0000000000
17336  -43.414  -68.356  -12.457 0.0000000000
18704  -44.359  -67.850  -12.149 0.0000000000
20087  -44.098  -66.987  -10.921 0.0000000000
18640  -45.664  -68.609  -8.890 0.0000000000
18648  -43.529  -67.130  -9.783 0.0000000000
20084  -41.911  -66.143  -10.359 0.0000000000
21446  -41.003  -65.735  -9.402 0.0000000000
22783  -40.360  -65.053  -8.119 0.0000000000
24141  -40.609  -63.968  -7.074 0.0000000000
13278  -44.408  -71.478  -3.627 0.0000000000
14612  -44.543  -70.599  -4.639 0.0000000000
17200  -43.466  -69.035  -5.435 0.0000000000
17161  -45.008  -68.976  -3.803 0.0000000000
17181  -44.006  -68.791  -4.467 0.0000000000
18573  -42.356  -67.378  -5.563 0.0000000000
20015  -41.655  -66.382  -5.963 0.0000000000
24091  -41.402  -64.043  -6.094 0.0000000000
17423  -36.562  -68.272  -17.806 0.0000000000
17437  -35.502  -67.958  -18.716 0.0000000000
20203  -35.937  -66.694  -18.546 0.0000000000
18861  -35.039  -67.110  -20.253 0.0000000000
28306  -39.718  -60.623  -17.395 0.0000000000
28318  -41.891  -61.110  -18.616 0.0000000000
26964  -43.464  -62.068  -19.660 0.0000000000
27002  -44.063  -62.203  -20.620 0.0000000000
25655  -41.989  -62.941  -20.398 0.0000000000
26980  -39.613  -61.804  -21.123 0.0000000000
28358  -38.198  -60.852  -21.587 0.0000000000
24139  -39.842  -63.007  -7.710 0.0000000000
24161  -38.908  -62.448  -8.817 0.0000000000
18776  -36.513  -67.904  -16.269 0.0000000000
18758  -37.722  -68.251  -15.767 0.0000000000
24344  -41.415  -63.352  -19.451 0.0000000000
24324  -39.948  -63.233  -18.712 0.0000000000
25609  -39.674  -62.611  -19.254 0.0000000000
20109  -43.216  -65.894  -11.977 0.0000000000
21465  -43.589  -65.923  -12.881 0.0000000000
21464  -42.903  -65.528  -12.228 0.0000000000
26844  -38.699  -62.062  -13.570 0.0000000000
26871  -39.935  -62.043  -14.411 0.0000000000
26889  -41.047  -62.135  -15.352 0.0000000000
14722  -41.388  -70.648  -10.001 0.0000000000
16026  -42.135  -69.873  -10.593 0.0000000000
16027  -42.965  -69.804  -10.637 0.0000000000
14725  -43.782  -69.930  -9.907 0.0000000000
15963  -43.026  -68.901  -7.362 0.0000000000
17214  -42.571  -68.603  -7.035 0.0000000000
18594  -42.234  -67.967  -6.612 0.0000000000
18504  -45.188  -68.663  -1.533 0.0000000000
18503  -44.474  -68.602  -1.446 0.0000000000
17123  -44.784  -69.172  -1.445 0.0000000000
15859  -44.460  -69.621  -1.594 0.0000000000
15860  -44.931  -69.608  -1.765 0.0000000000
15881  -45.089  -69.771  -2.113 0.0000000000
15882  -45.435  -69.448  -2.448 0.0000000000
21376  -45.192  -66.028  -5.731 0.0000000000
20017  -45.110  -66.169  -5.382 0.0000000000
22718  -43.777  -64.591  -5.592 0.0000000000
21392  -44.849  -65.142  -6.204 0.0000000000
18800  -39.344  -67.435  -17.449 0.0000000000
20185  -38.949  -66.821  -17.600 0.0000000000
28410  -45.922  -60.579  -22.213 0.0000000000
27048  -42.821  -61.324  -22.954 0.0000000000
28445  -43.583  -60.791  -23.324 0.0000000000
22802  -40.512  -65.134  -10.483 0.0000000000
22792  -39.775  -64.655  -10.032 0.0000000000
25477  -38.445  -62.436  -10.353 0.0000000000
24193  -38.893  -63.746  -11.261 0.0000000000
25487  -38.473  -62.898  -11.463 0.0000000000
14635  -44.671  -70.494  -6.530 0.0000000000
14624  -44.631  -70.628  -5.692 0.0000000000
18527  -45.834  -68.261  -2.093 0.0000000000
17163  -46.689  -68.796  -3.284 0.0000000000
17146  -47.472  -68.793  -2.983 0.0000000000
18576  -46.473  -67.458  -5.153 0.0000000000
17445  -33.613  -68.008  -19.602 0.0000000000
22912  -40.574  -64.728  -17.560 0.0000000000
21493  -39.389  -64.923  -17.150 0.0000000000
22888  -38.974  -64.456  -16.943 0.0000000000
25585  -37.672  -62.773  -17.492 0.0000000000
25562  -36.836  -63.567  -16.886 0.0000000000
25583  -35.318  -63.213  -17.534 0.0000000000
26916  -34.885  -62.793  -17.894 0.0000000000
26934  -33.825  -62.545  -18.553 0.0000000000
28333  -36.893  -60.860  -19.440 0.0000000000
28313  -35.313  -60.941  -18.739 0.0000000000
28332  -35.977  -60.343  -19.473 0.0000000000
29739  -34.855  -59.818  -19.992 0.0000000000
28355  -35.934  -60.182  -20.269 0.0000000000
18720  -42.755  -67.835  -13.908 0.0000000000
17367  -41.268  -68.398  -14.902 0.0000000000
20169  -42.462  -66.807  -16.428 0.0000000000
21495  -43.167  -66.225  -16.354 0.0000000000
22822  -40.605  -64.430  -12.439 0.0000000000
22832  -41.481  -64.193  -13.238 0.0000000000
22831  -40.763  -64.117  -13.178 0.0000000000
24241  -42.431  -63.696  -14.843 0.0000000000
22890  -42.790  -64.417  -16.128 0.0000000000
26906  -42.195  -62.209  -17.173 0.0000000000
24306  -42.555  -63.227  -17.427 0.0000000000
25611  -42.769  -62.627  -18.006 0.0000000000
24327  -42.620  -63.287  -18.376 0.0000000000
26922  -42.461  -62.057  -17.741 0.0000000000
17317  -44.266  -68.610  -11.409 0.0000000000
18684  -44.370  -68.146  -11.876 0.0000000000
18685  -44.531  -67.889  -11.563 0.0000000000
20098  -44.365  -66.953  -11.500 0.0000000000
20088  -44.407  -67.335  -10.886 0.0000000000
13357  -45.261  -70.243  -8.030 0.0000000000
14705  -45.338  -69.742  -9.047 0.0000000000
15984  -45.774  -68.829  -8.499 0.0000000000
18637  -43.584  -67.943  -8.531 0.0000000000
18638  -44.335  -68.215  -8.799 0.0000000000
20081  -42.961  -66.650  -10.172 0.0000000000
20080  -42.268  -66.484  -9.880 0.0000000000
20079  -41.559  -66.098  -9.727 0.0000000000
20074  -41.855  -66.262  -9.253 0.0000000000
21436  -40.596  -65.398  -8.432 0.0000000000
21417  -40.695  -65.166  -7.619 0.0000000000
22760  -40.164  -64.361  -7.818 0.0000000000
22761  -40.495  -64.590  -7.574 0.0000000000
15920  -44.548  -70.134  -4.030 0.0000000000
15919  -44.260  -69.925  -4.438 0.0000000000
17162  -45.844  -68.793  -3.426 0.0000000000
17183  -45.625  -68.300  -4.069 0.0000000000
19998  -43.894  -66.727  -4.623 0.0000000000
18556  -43.340  -67.533  -4.786 0.0000000000
18555  -42.848  -67.225  -4.997 0.0000000000
20016  -42.349  -66.371  -5.292 0.0000000000
24092  -42.263  -63.806  -5.638 0.0000000000
22716  -41.806  -64.546  -5.715 0.0000000000
25380  -41.219  -63.564  -6.188 0.0000000000
17387  -40.128  -68.583  -16.065 0.0000000000
17406  -38.585  -68.506  -16.768 0.0000000000
17438  -36.345  -67.896  -18.479 0.0000000000
17446  -34.631  -67.983  -19.732 0.0000000000
17447  -35.273  -67.690  -19.496 0.0000000000
21490  -37.059  -65.737  -17.084 0.0000000000
21505  -36.544  -66.179  -17.511 0.0000000000
21504  -35.770  -65.932  -17.870 0.0000000000
21550  -34.209  -65.958  -20.988 0.0000000000
20239  -34.720  -66.520  -20.298 0.0000000000
28298  -39.218  -60.988  -16.207 0.0000000000
28305  -39.035  -59.999  -17.143 0.0000000000
28336  -42.022  -60.735  -19.221 0.0000000000
26963  -42.895  -61.555  -19.342 0.0000000000
26982  -43.383  -61.522  -20.056 0.0000000000
27026  -44.274  -61.881  -21.492 0.0000000000
28361  -44.427  -61.611  -21.128 0.0000000000
25696  -44.071  -62.340  -21.198 0.0000000000
25677  -43.842  -62.524  -20.825 0.0000000000
25676  -42.988  -62.740  -21.047 0.0000000000
25654  -40.908  -62.577  -21.105 0.0000000000
25674  -41.290  -62.264  -21.719 0.0000000000
27020  -39.519  -61.118  -22.720 0.0000000000
26998  -38.953  -61.217  -21.981 0.0000000000
28381  -38.292  -60.640  -22.272 0.0000000000
22781  -39.652  -64.444  -9.011 0.0000000000
24176  -39.158  -63.902  -9.686 0.0000000000
24175  -38.670  -62.955  -9.513 0.0000000000
26802  -38.078  -61.734  -10.134 0.0000000000
15885  -48.177  -69.088  -3.283 0.0000000000
15922  -48.556  -68.816  -3.901 0.0000000000
17403  -35.654  -68.205  -17.193 0.0000000000
24304  -40.101  -63.929  -17.899 0.0000000000
24276  -39.358  -63.900  -17.359 0.0000000000
24303  -39.099  -63.142  -18.035 0.0000000000
25586  -38.344  -62.626  -18.037 0.0000000000
25606  -37.024  -62.229  -17.744 0.0000000000
26936  -35.808  -61.580  -18.210 0.0000000000
26938  -37.773  -61.655  -18.872 0.0000000000
26939  -38.196  -61.698  -19.285 0.0000000000
26959  -37.696  -61.345  -19.567 0.0000000000
20124  -44.231  -66.847  -13.239 0.0000000000
21466  -43.992  -66.255  -13.304 0.0000000000
21472  -43.597  -65.775  -13.796 0.0000000000
21478  -43.095  -65.279  -14.203 0.0000000000
24218  -39.885  -63.418  -13.222 0.0000000000
24219  -40.749  -63.481  -13.550 0.0000000000
25512  -40.132  -62.735  -13.766 0.0000000000
25535  -41.242  -62.619  -14.501 0.0000000000
25547  -41.561  -62.503  -15.023 0.0000000000
25549  -42.398  -62.920  -16.104 0.0000000000
26890  -41.729  -62.298  -15.863 0.0000000000
26905  -41.666  -62.045  -16.532 0.0000000000
26904  -40.647  -61.590  -16.370 0.0000000000
16051  -44.042  -69.155  -11.093 0.0000000000
17288  -44.573  -68.766  -10.531 0.0000000000
15982  -44.887  -69.135  -8.294 0.0000000000
17233  -43.956  -68.912  -7.901 0.0000000000
18620  -43.022  -68.216  -7.957 0.0000000000
18635  -41.649  -66.247  -8.670 0.0000000000
18618  -41.622  -66.651  -7.910 0.0000000000
20036  -40.950  -66.153  -7.009 0.0000000000
15880  -43.779  -69.962  -1.728 0.0000000000
14575  -44.085  -70.562  -2.401 0.0000000000
13261  -44.260  -70.778  -2.996 0.0000000000
14576  -44.754  -70.228  -2.655 0.0000000000
14595  -44.974  -69.974  -2.986 0.0000000000
15898  -44.739  -69.722  -3.667 0.0000000000
18575  -45.859  -67.245  -4.924 0.0000000000
18558  -45.333  -67.501  -4.523 0.0000000000
19999  -44.911  -66.544  -4.790 0.0000000000
21354  -43.616  -66.039  -4.901 0.0000000000
21353  -42.845  -65.950  -5.022 0.0000000000
21374  -43.290  -65.291  -5.182 0.0000000000
24093  -43.415  -63.614  -5.777 0.0000000000
18778  -40.260  -67.703  -16.841 0.0000000000
17425  -38.917  -68.101  -17.284 0.0000000000
18799  -38.353  -67.630  -17.641 0.0000000000
18821  -36.454  -67.519  -18.429 0.0000000000
21503  -35.159  -65.510  -18.218 0.0000000000
29761  -47.325  -60.080  -20.826 0.0000000000
29784  -46.260  -60.325  -21.213 0.0000000000
29783  -45.276  -60.514  -21.384 0.0000000000
28384  -45.660  -60.572  -21.662 0.0000000000
28409  -44.980  -61.121  -21.949 0.0000000000
27024  -43.045  -61.964  -22.341 0.0000000000
27001  -41.470  -62.083  -22.159 0.0000000000
27047  -41.878  -61.158  -23.247 0.0000000000
27046  -41.048  -61.026  -23.526 0.0000000000
21457  -41.886  -65.367  -11.280 0.0000000000
21463  -42.340  -65.158  -11.798 0.0000000000
22813  -41.236  -65.198  -11.023 0.0000000000
22811  -40.138  -64.698  -11.741 0.0000000000
22821  -39.899  -64.573  -12.175 0.0000000000
24187  -39.287  -64.187  -10.655 0.0000000000
24217  -39.218  -63.440  -12.857 0.0000000000
25496  -38.587  -62.946  -12.703 0.0000000000
13415  -43.986  -70.326  -9.507 0.0000000000
13356  -44.980  -70.592  -7.877 0.0000000000
13333  -44.886  -70.782  -7.037 0.0000000000
14636  -44.773  -70.443  -7.234 0.0000000000
14653  -44.553  -70.184  -7.142 0.0000000000
15949  -44.312  -70.100  -6.557 0.0000000000
15934  -43.403  -69.353  -6.059 0.0000000000
17144  -45.669  -69.032  -1.963 0.0000000000
15883  -45.961  -69.107  -2.853 0.0000000000
17184  -46.486  -68.411  -4.007 0.0000000000
17185  -47.609  -68.709  -4.381 0.0000000000
20018  -45.803  -66.605  -5.609 0.0000000000
20037  -46.172  -66.079  -6.304 0.0000000000
21509  -40.703  -65.741  -17.437 0.0000000000
21507  -38.430  -66.228  -17.296 0.0000000000
21491  -37.851  -65.652  -16.965 0.0000000000
22910  -36.361  -65.045  -17.101 0.0000000000
24321  -33.736  -63.814  -18.784 0.0000000000
26957  -34.416  -61.030  -18.978 0.0000000000
28330  -33.891  -60.318  -19.655 0.0000000000
29738  -34.327  -59.737  -20.198 0.0000000000
17346  -39.975  -68.583  -14.811 0.0000000000
17364  -39.064  -68.695  -15.689 0.0000000000
17366  -40.470  -68.552  -15.285 0.0000000000
17388  -41.066  -68.111  -15.789 0.0000000000
18781  -42.469  -67.313  -15.850 0.0000000000
17409  -40.977  -67.753  -16.250 0.0000000000
18803  -41.364  -67.100  -16.710 0.0000000000
18802  -40.853  -67.132  -16.953 0.0000000000
20187  -40.837  -66.552  -17.266 0.0000000000
22833  -42.322  -64.850  -12.834 0.0000000000
24220  -41.406  -63.610  -13.838 0.0000000000
22891  -43.119  -65.298  -16.365 0.0000000000
21511  -42.299  -65.922  -16.908 0.0000000000
22913  -41.381  -64.838  -17.495 0.0000000000
22930  -41.149  -64.299  -18.001 0.0000000000
24326  -42.076  -63.604  -18.681 0.0000000000
24345  -41.893  -63.381  -19.383 0.0000000000
17348  -41.530  -68.494  -13.986 0.0000000000
17349  -42.380  -68.206  -13.710 0.0000000000
17350  -43.098  -67.862  -13.462 0.0000000000
16065  -43.053  -68.690  -12.075 0.0000000000
17337  -44.106  -68.184  -12.291 0.0000000000
18721  -44.148  -67.481  -12.721 0.0000000000
20125  -44.380  -66.933  -12.576 0.0000000000
20097  -43.896  -66.534  -11.533 0.0000000000
20096  -43.122  -66.175  -11.593 0.0000000000
14727  -44.887  -69.792  -9.389 0.0000000000
16031  -45.168  -69.371  -9.388 0.0000000000
18665  -45.050  -68.618  -9.538 0.0000000000
17246  -45.023  -68.633  -8.707 0.0000000000
18649  -44.421  -67.942  -9.364 0.0000000000
18663  -44.184  -67.408  -10.320 0.0000000000
18662  -43.867  -67.065  -10.466 0.0000000000
20086  -43.486  -66.687  -10.750 0.0000000000
21451  -42.044  -65.822  -10.869 0.0000000000
21450  -41.404  -65.705  -10.396 0.0000000000
21449  -40.745  -65.516  -9.874 0.0000000000
20073  -41.311  -65.874  -8.945 0.0000000000
21445  -40.508  -65.396  -9.042 0.0000000000
22782  -40.180  -64.923  -8.441 0.0000000000
24163  -39.845  -64.026  -8.093 0.0000000000
13296  -44.642  -71.545  -4.330 0.0000000000
14623  -44.387  -70.439  -5.161 0.0000000000
15935  -44.019  -69.977  -5.504 0.0000000000
17182  -44.876  -68.208  -4.215 0.0000000000
18574  -43.157  -68.303  -5.225 0.0000000000
17199  -42.740  -68.672  -6.043 0.0000000000
18572  -41.769  -66.989  -6.035 0.0000000000
21372  -41.340  -65.247  -6.292 0.0000000000
21373  -42.179  -65.414  -5.371 0.0000000000
22715  -41.378  -64.586  -6.234 0.0000000000
22733  -41.029  -64.656  -6.835 0.0000000000
24110  -40.910  -63.917  -6.688 0.0000000000
25398  -40.611  -63.195  -6.812 0.0000000000
17384  -37.949  -68.516  -16.102 0.0000000000
17405  -37.445  -68.380  -16.629 0.0000000000
17422  -35.329  -68.160  -17.717 0.0000000000
17424  -37.859  -68.257  -17.461 0.0000000000
20183  -36.714  -66.980  -18.023 0.0000000000
20204  -36.253  -67.198  -18.541 0.0000000000
21521  -35.352  -66.061  -18.704 0.0000000000
20221  -35.271  -66.565  -19.482 0.0000000000
18840  -35.331  -67.244  -19.774 0.0000000000
25465  -38.575  -61.906  -9.391 0.0000000000
26810  -37.424  -61.515  -11.762 0.0000000000
26824  -37.609  -61.373  -12.947 0.0000000000
26843  -37.919  -61.281  -14.075 0.0000000000
28258  -38.129  -61.045  -14.962 0.0000000000
28281  -39.104  -61.184  -15.647 0.0000000000
26903  -39.906  -61.235  -16.521 0.0000000000
26920  -41.071  -61.515  -17.335 0.0000000000
28316  -40.249  -60.292  -18.209 0.0000000000
28307  -40.515  -61.120  -17.569 0.0000000000
26941  -42.060  -61.467  -18.140 0.0000000000
26942  -42.823  -61.943  -18.477 0.0000000000
25634  -43.142  -62.692  -19.290 0.0000000000
24367  -42.294  -63.106  -19.802 0.0000000000
29758  -44.521  -60.242  -21.088 0.0000000000
28359  -43.714  -61.041  -20.637 0.0000000000
25657  -43.568  -62.488  -20.085 0.0000000000
25656  -42.944  -62.824  -20.160 0.0000000000
25630  -40.036  -62.467  -20.243 0.0000000000
26961  -39.253  -61.833  -20.339 0.0000000000
26979  -38.556  -61.396  -20.886 0.0000000000
28357  -37.616  -60.679  -20.886 0.0000000000
28379  -36.702  -60.229  -21.290 0.0000000000
13334  -44.897  -70.429  -7.657 0.0000000000
13358  -45.388  -70.072  -8.271 0.0000000000
13378  -45.023  -70.313  -8.383 0.0000000000
13379  -45.164  -70.023  -8.595 0.0000000000
13398  -44.783  -70.704  -8.800 0.0000000000
13400  -45.200  -70.099  -8.787 0.0000000000
13414  -43.573  -70.354  -9.654 0.0000000000
13416  -44.584  -70.286  -9.281 0.0000000000
13417  -45.039  -70.264  -9.052 0.0000000000
13418  -45.274  -70.237  -9.023 0.0000000000
14553  -44.866  -69.954  -2.062 0.0000000000
14577  -45.144  -69.813  -2.762 0.0000000000
14611  -44.281  -70.282  -4.897 0.0000000000
14637  -44.891  -70.115  -7.829 0.0000000000
14654  -44.832  -69.849  -7.681 0.0000000000
14656  -45.190  -70.008  -8.138 0.0000000000
14677  -45.263  -69.463  -7.978 0.0000000000
14678  -45.479  -69.105  -8.099 0.0000000000
14679  -45.356  -69.813  -8.747 0.0000000000
14703  -44.005  -69.616  -10.198 0.0000000000
14726  -44.324  -69.708  -9.809 0.0000000000
14728  -45.195  -69.940  -9.096 0.0000000000
15861  -45.322  -69.437  -1.912 0.0000000000
15884  -47.943  -69.096  -3.100 0.0000000000
15897  -44.511  -69.840  -3.988 0.0000000000
15901  -47.888  -69.148  -3.540 0.0000000000
15902  -48.392  -68.988  -3.548 0.0000000000
15948  -43.798  -69.683  -6.661 0.0000000000
15964  -43.575  -69.264  -7.421 0.0000000000
15966  -45.000  -69.457  -8.017 0.0000000000
15967  -45.524  -69.233  -8.316 0.0000000000
15968  -45.479  -69.361  -8.713 0.0000000000
15983  -45.422  -69.076  -8.344 0.0000000000
15985  -45.544  -69.162  -8.975 0.0000000000
16001  -43.944  -69.528  -10.419 0.0000000000
16002  -44.154  -69.416  -10.431 0.0000000000
16003  -45.365  -69.189  -9.117 0.0000000000
16028  -43.782  -69.526  -10.572 0.0000000000
16029  -44.370  -69.319  -10.346 0.0000000000
16030  -44.802  -69.290  -9.919 0.0000000000
16050  -43.616  -69.163  -11.345 0.0000000000
17122  -44.215  -69.263  -1.462 0.0000000000
17147  -48.224  -68.703  -3.077 0.0000000000
17165  -48.743  -68.369  -3.601 0.0000000000
17231  -42.828  -68.462  -7.606 0.0000000000
17232  -43.413  -68.597  -7.835 0.0000000000
17244  -43.874  -68.492  -8.140 0.0000000000
17247  -45.478  -68.729  -8.672 0.0000000000
17248  -45.814  -68.832  -8.856 0.0000000000
17260  -44.698  -68.338  -8.920 0.0000000000
17261  -44.860  -68.234  -9.076 0.0000000000
17262  -45.643  -68.717  -8.893 0.0000000000
17263  -45.511  -68.896  -9.023 0.0000000000
17287  -44.263  -69.102  -10.832 0.0000000000
17289  -45.076  -68.864  -9.937 0.0000000000
17290  -45.292  -68.935  -9.359 0.0000000000
17316  -43.786  -68.642  -11.896 0.0000000000
17318  -44.559  -68.313  -10.985 0.0000000000
17347  -40.731  -68.562  -14.371 0.0000000000
17351  -43.712  -67.711  -13.049 0.0000000000
17365  -39.703  -68.690  -15.572 0.0000000000
17369  -43.316  -67.500  -14.045 0.0000000000
17370  -43.582  -67.463  -13.840 0.0000000000
17385  -38.428  -68.622  -16.088 0.0000000000
17404  -36.148  -68.318  -17.069 0.0000000000
17408  -40.468  -68.029  -16.390 0.0000000000
17426  -39.658  -67.819  -17.139 0.0000000000
17436  -34.448  -67.913  -18.652 0.0000000000
18505  -45.492  -68.796  -1.743 0.0000000000
18639  -45.302  -68.535  -8.947 0.0000000000
18647  -42.824  -66.763  -9.704 0.0000000000
18650  -44.918  -68.382  -9.295 0.0000000000
18651  -45.369  -68.668  -9.041 0.0000000000
18652  -45.410  -68.818  -9.233 0.0000000000
18666  -45.255  -68.720  -9.376 0.0000000000
18705  -44.384  -67.512  -12.213 0.0000000000
18719  -42.560  -67.973  -13.959 0.0000000000
18722  -44.356  -67.183  -12.564 0.0000000000
18740  -39.346  -68.594  -15.197 0.0000000000
18741  -42.547  -67.913  -14.248 0.0000000000
18742  -42.967  -67.590  -14.251 0.0000000000
18759  -38.164  -68.503  -15.830 0.0000000000
18760  -41.911  -67.768  -15.685 0.0000000000
18779  -40.888  -67.496  -16.553 0.0000000000
18839  -34.978  -67.588  -20.164 0.0000000000
18860  -34.640  -67.237  -20.855 0.0000000000
20085  -42.556  -66.327  -10.782 0.0000000000
20099  -44.472  -67.455  -11.266 0.0000000000
20110  -43.517  -66.108  -12.110 0.0000000000
20112  -44.453  -67.191  -12.028 0.0000000000
20168  -41.859  -66.884  -16.667 0.0000000000
20182  -36.238  -66.493  -17.998 0.0000000000
20188  -41.596  -66.571  -16.983 0.0000000000
20189  -42.177  -66.494  -16.740 0.0000000000
20220  -34.865  -66.354  -19.801 0.0000000000
20240  -35.158  -66.871  -19.990 0.0000000000
21435  -40.408  -65.270  -8.639 0.0000000000
21485  -43.591  -65.812  -15.699 0.0000000000
21492  -38.770  -65.323  -16.976 0.0000000000
21512  -42.751  -66.033  -16.684 0.0000000000
21520  -34.774  -65.598  -18.793 0.0000000000
21530  -35.006  -66.047  -19.155 0.0000000000
21539  -34.313  -65.858  -20.303 0.0000000000
22734  -44.460  -64.612  -6.064 0.0000000000
22812  -40.746  -64.841  -11.447 0.0000000000
22824  -42.369  -65.000  -12.185 0.0000000000
22849  -41.809  -63.860  -13.881 0.0000000000
22886  -37.300  -65.095  -16.841 0.0000000000
22889  -39.500  -64.430  -17.257 0.0000000000
22911  -39.881  -64.651  -17.398 0.0000000000
22915  -42.754  -65.627  -16.678 0.0000000000
22931  -41.757  -64.128  -18.052 0.0000000000
24109  -40.697  -63.577  -6.808 0.0000000000
24140  -40.314  -63.689  -7.311 0.0000000000
24194  -39.448  -64.353  -11.644 0.0000000000
24204  -39.664  -64.093  -12.584 0.0000000000
24240  -41.857  -63.362  -14.354 0.0000000000
24305  -40.765  -64.148  -18.067 0.0000000000
24322  -34.243  -64.175  -18.314 0.0000000000
24323  -39.392  -62.788  -18.712 0.0000000000
24328  -42.984  -62.926  -18.811 0.0000000000
24346  -42.652  -63.122  -19.301 0.0000000000
24366  -41.959  -63.186  -19.826 0.0000000000
25381  -41.709  -63.308  -5.850 0.0000000000
25399  -41.056  -62.981  -6.316 0.0000000000
25511  -39.295  -62.872  -13.411 0.0000000000
25513  -40.821  -62.811  -13.946 0.0000000000
25534  -40.587  -62.453  -14.220 0.0000000000
25548  -41.998  -62.645  -15.467 0.0000000000
25563  -37.301  -63.359  -17.002 0.0000000000
25564  -42.103  -62.450  -16.124 0.0000000000
25584  -36.422  -62.963  -17.187 0.0000000000
25587  -42.500  -62.557  -17.424 0.0000000000
25605  -34.261  -63.186  -18.150 0.0000000000
25607  -37.758  -62.129  -18.205 0.0000000000
25610  -40.374  -63.022  -19.380 0.0000000000
25612  -42.972  -62.633  -18.679 0.0000000000
25632  -41.655  -63.222  -19.784 0.0000000000
25633  -43.103  -62.791  -19.712 0.0000000000
25653  -40.201  -62.244  -20.983 0.0000000000
25675  -42.049  -62.501  -21.633 0.0000000000
25678  -44.252  -62.204  -21.096 0.0000000000
25693  -42.583  -62.283  -22.100 0.0000000000
25695  -43.734  -62.403  -21.383 0.0000000000
26869  -38.022  -61.114  -14.655 0.0000000000
26887  -39.016  -61.257  -15.347 0.0000000000
26917  -35.535  -62.406  -17.784 0.0000000000
26919  -40.334  -61.290  -17.063 0.0000000000
26937  -36.899  -61.557  -18.389 0.0000000000
26940  -41.525  -61.438  -17.833 0.0000000000
26943  -43.144  -62.196  -19.071 0.0000000000
26958  -37.229  -61.288  -19.032 0.0000000000
26960  -38.541  -61.661  -19.840 0.0000000000
26962  -42.345  -61.392  -18.773 0.0000000000
26978  -37.937  -61.239  -20.277 0.0000000000
26981  -40.281  -61.999  -21.442 0.0000000000
26983  -43.883  -61.837  -20.409 0.0000000000
26984  -44.265  -61.855  -20.829 0.0000000000
26999  -39.899  -61.564  -22.063 0.0000000000
27003  -44.343  -62.008  -21.046 0.0000000000
27021  -40.318  -61.289  -23.081 0.0000000000
27025  -43.774  -62.031  -21.973 0.0000000000
27050  -44.391  -61.538  -22.180 0.0000000000
28297  -38.613  -60.208  -16.483 0.0000000000
28314  -36.303  -60.961  -18.783 0.0000000000
28356  -36.654  -60.419  -20.328 0.0000000000
28360  -44.312  -61.336  -20.970 0.0000000000
28378  -36.036  -60.253  -20.843 0.0000000000
28382  -44.525  -61.350  -21.234 0.0000000000
29740  -35.485  -60.011  -19.924 0.0000000000
29759  -45.768  -59.903  -20.972 0.0000000000
29782  -44.640  -60.969  -21.305 0.0000000000
29785  -46.856  -60.397  -20.979 0.0000000000
31181  -47.706  -59.369  -20.527 0.0000000000
