#!ascii label  , from subject 4098 vox2ras=TkReg
1421
67002  52.252  -25.716  47.038 0.0000000000
47373  38.986  -42.104  53.692 0.0000000000
43596  23.303  -45.440  54.076 0.0000000000
36209  18.242  -50.674  54.202 0.0000000000
44799  30.915  -43.568  59.062 0.0000000000
47416  30.216  -43.242  50.287 0.0000000000
62103  49.041  -29.333  49.397 0.0000000000
74348  56.080  -19.584  44.257 0.0000000000
64390  45.986  -27.638  54.407 0.0000000000
55322  41.522  -35.679  48.788 0.0000000000
51883  35.970  -38.366  44.022 0.0000000000
43521  22.877  -45.549  58.749 0.0000000000
37492  22.596  -49.700  53.959 0.0000000000
37430  21.358  -49.737  59.447 0.0000000000
43565  27.212  -43.920  56.278 0.0000000000
66804  48.662  -25.042  56.494 0.0000000000
49498  38.245  -39.897  59.635 0.0000000000
51678  41.630  -37.992  56.704 0.0000000000
56433  42.535  -34.833  54.842 0.0000000000
51780  40.659  -38.957  50.644 0.0000000000
52912  39.343  -37.594  46.321 0.0000000000
49666  37.446  -39.912  49.049 0.0000000000
46290  27.210  -43.901  46.444 0.0000000000
47497  30.046  -42.670  45.469 0.0000000000
69557  55.446  -23.131  45.698 0.0000000000
70744  59.403  -22.943  44.137 0.0000000000
43656  23.319  -45.603  48.423 0.0000000000
38765  22.936  -49.411  50.626 0.0000000000
46130  35.466  -43.459  57.506 0.0000000000
47391  34.325  -42.144  52.784 0.0000000000
43603  30.834  -43.811  54.312 0.0000000000
44926  26.819  -43.802  51.770 0.0000000000
63254  50.764  -28.087  50.743 0.0000000000
36142  16.548  -51.131  60.116 0.0000000000
34969  14.458  -52.126  55.460 0.0000000000
71890  54.614  -21.701  49.031 0.0000000000
68227  53.021  -24.266  50.680 0.0000000000
65629  50.503  -26.206  52.710 0.0000000000
65675  46.928  -26.434  50.267 0.0000000000
62122  44.365  -29.037  47.846 0.0000000000
60836  43.755  -30.297  57.215 0.0000000000
59796  42.881  -31.465  51.351 0.0000000000
58763  42.383  -32.956  45.272 0.0000000000
55433  40.796  -35.771  43.146 0.0000000000
49689  33.592  -40.541  47.355 0.0000000000
43499  22.675  -45.292  60.390 0.0000000000
41122  22.418  -47.514  59.171 0.0000000000
42333  21.893  -46.609  61.583 0.0000000000
44787  24.739  -43.984  59.705 0.0000000000
47328  39.031  -41.765  57.381 0.0000000000
49556  40.541  -40.167  55.172 0.0000000000
51723  40.777  -39.039  54.252 0.0000000000
49614  40.276  -40.344  52.208 0.0000000000
50759  39.734  -39.996  49.736 0.0000000000
48561  38.710  -41.043  51.196 0.0000000000
43717  26.781  -45.698  45.134 0.0000000000
45063  28.442  -45.030  44.705 0.0000000000
68291  54.081  -24.122  46.450 0.0000000000
68329  55.257  -24.667  44.406 0.0000000000
65750  53.688  -26.470  45.292 0.0000000000
43619  22.858  -45.540  51.621 0.0000000000
41240  22.658  -47.397  49.580 0.0000000000
39978  22.709  -47.928  52.261 0.0000000000
37483  21.129  -50.675  54.237 0.0000000000
36235  21.792  -50.644  51.951 0.0000000000
37527  19.573  -49.918  51.719 0.0000000000
36236  17.863  -50.695  51.497 0.0000000000
47307  35.144  -42.622  58.638 0.0000000000
44816  32.948  -43.559  58.200 0.0000000000
46158  33.268  -43.513  55.948 0.0000000000
43546  30.950  -44.038  57.244 0.0000000000
44866  24.712  -43.982  55.447 0.0000000000
44877  27.047  -44.088  54.584 0.0000000000
44894  24.878  -43.869  53.324 0.0000000000
44946  24.574  -44.091  50.033 0.0000000000
63256  49.336  -29.078  50.856 0.0000000000
62069  50.343  -30.154  51.213 0.0000000000
60943  49.811  -30.574  50.136 0.0000000000
33802  12.039  -52.861  56.335 0.0000000000
65645  51.634  -25.777  52.361 0.0000000000
66846  51.208  -24.535  53.831 0.0000000000
65590  47.251  -26.455  55.186 0.0000000000
65614  47.682  -25.606  53.653 0.0000000000
64422  46.471  -26.727  52.444 0.0000000000
63269  45.184  -27.942  49.247 0.0000000000
63246  44.842  -28.175  51.035 0.0000000000
55258  41.881  -35.159  51.048 0.0000000000
58660  42.879  -33.065  52.868 0.0000000000
57602  42.100  -33.689  50.482 0.0000000000
59831  42.609  -31.601  48.436 0.0000000000
57647  41.823  -34.004  46.859 0.0000000000
56613  41.704  -34.708  44.420 0.0000000000
55386  41.341  -35.593  45.748 0.0000000000
54171  37.958  -36.925  43.322 0.0000000000
47402  32.081  -42.421  51.387 0.0000000000
48565  33.992  -41.057  50.449 0.0000000000
48579  32.031  -41.499  49.083 0.0000000000
48652  31.112  -41.239  44.521 0.0000000000
77908  57.846  -16.537  42.784 0.0000000000
75488  57.336  -18.737  43.619 0.0000000000
43567  23.312  -45.449  55.882 0.0000000000
41168  22.838  -47.647  54.559 0.0000000000
39935  22.870  -48.343  56.672 0.0000000000
37463  22.244  -50.119  56.611 0.0000000000
36181  21.053  -50.768  57.015 0.0000000000
44783  28.792  -43.436  59.429 0.0000000000
43532  29.217  -43.962  58.010 0.0000000000
44803  27.449  -43.565  58.976 0.0000000000
44837  24.456  -44.184  57.375 0.0000000000
69404  50.795  -23.525  55.529 0.0000000000
64364  46.577  -26.826  56.770 0.0000000000
53914  42.123  -36.738  55.840 0.0000000000
55218  41.413  -36.567  52.761 0.0000000000
52866  41.283  -37.539  49.859 0.0000000000
52910  41.012  -37.341  47.026 0.0000000000
51829  40.487  -38.324  47.979 0.0000000000
50797  38.341  -39.162  47.905 0.0000000000
50799  36.412  -39.663  47.057 0.0000000000
46272  28.800  -43.516  48.340 0.0000000000
47448  30.215  -42.305  48.267 0.0000000000
47499  28.627  -43.105  46.248 0.0000000000
71936  56.559  -21.370  45.594 0.0000000000
73186  58.206  -20.730  44.640 0.0000000000
69568  57.653  -23.212  44.682 0.0000000000
38750  22.743  -49.611  51.763 0.0000000000
47318  37.259  -42.515  58.412 0.0000000000
47351  37.280  -42.708  55.368 0.0000000000
48522  37.120  -41.877  53.434 0.0000000000
46168  34.915  -42.653  54.717 0.0000000000
46185  32.387  -43.361  53.645 0.0000000000
46205  30.552  -43.528  52.417 0.0000000000
43577  29.114  -44.243  55.516 0.0000000000
43615  28.943  -44.166  53.160 0.0000000000
44957  29.058  -43.778  50.521 0.0000000000
44976  27.352  -43.820  48.961 0.0000000000
44995  25.131  -44.464  47.272 0.0000000000
64487  51.653  -27.678  49.011 0.0000000000
64501  51.945  -27.956  47.194 0.0000000000
62102  51.321  -29.280  49.093 0.0000000000
36139  19.592  -50.693  60.427 0.0000000000
36171  18.063  -50.745  57.312 0.0000000000
34934  15.856  -51.664  58.268 0.0000000000
36211  16.274  -51.674  54.346 0.0000000000
71916  55.751  -20.981  47.130 0.0000000000
70714  55.100  -22.502  47.596 0.0000000000
69533  53.904  -23.724  48.186 0.0000000000
68244  52.831  -24.518  49.479 0.0000000000
64458  51.710  -26.869  50.672 0.0000000000
64440  50.567  -27.086  51.650 0.0000000000
64461  49.395  -27.710  51.013 0.0000000000
66832  49.945  -24.828  54.478 0.0000000000
66897  49.029  -25.804  51.515 0.0000000000
64476  48.649  -27.683  49.671 0.0000000000
63300  46.995  -28.792  47.303 0.0000000000
60990  45.674  -30.069  46.085 0.0000000000
63162  44.709  -28.786  56.044 0.0000000000
58639  43.616  -32.382  55.651 0.0000000000
59776  43.688  -31.542  54.384 0.0000000000
62049  44.013  -29.684  53.226 0.0000000000
60946  43.219  -30.476  49.865 0.0000000000
60993  42.757  -31.262  46.338 0.0000000000
54114  40.047  -36.872  45.264 0.0000000000
48563  36.146  -40.997  51.133 0.0000000000
49668  35.695  -40.278  48.341 0.0000000000
50815  34.765  -39.528  46.198 0.0000000000
48624  31.330  -41.079  46.441 0.0000000000
49731  32.909  -40.362  44.890 0.0000000000
43500  22.359  -45.951  60.727 0.0000000000
44762  21.583  -45.418  61.222 0.0000000000
47349  39.377  -42.096  55.661 0.0000000000
49557  39.932  -40.567  55.828 0.0000000000
48500  40.418  -40.925  54.654 0.0000000000
49588  40.555  -40.385  53.560 0.0000000000
48532  39.906  -41.017  52.499 0.0000000000
49616  39.571  -40.842  51.507 0.0000000000
48533  39.139  -41.500  52.533 0.0000000000
67001  52.909  -25.232  46.528 0.0000000000
68331  53.655  -24.904  45.266 0.0000000000
67028  52.421  -25.871  46.212 0.0000000000
42407  23.007  -45.745  52.820 0.0000000000
41203  22.600  -46.884  52.023 0.0000000000
42398  22.820  -46.368  52.739 0.0000000000
36221  20.070  -50.914  54.085 0.0000000000
37507  20.714  -50.492  52.642 0.0000000000
37497  18.854  -50.458  53.228 0.0000000000
37509  18.628  -50.410  52.171 0.0000000000
37498  18.040  -50.455  52.845 0.0000000000
46090  31.140  -43.234  59.950 0.0000000000
46089  32.187  -43.215  59.990 0.0000000000
46107  33.320  -43.241  59.003 0.0000000000
44817  32.002  -43.499  58.362 0.0000000000
43528  32.215  -43.483  57.910 0.0000000000
43514  31.149  -43.617  58.439 0.0000000000
44880  23.964  -44.483  54.257 0.0000000000
44879  25.242  -43.774  54.505 0.0000000000
43608  23.372  -45.199  53.311 0.0000000000
44911  23.898  -44.471  51.739 0.0000000000
63257  49.234  -29.258  50.492 0.0000000000
62080  49.588  -29.838  50.833 0.0000000000
60944  49.441  -30.116  49.789 0.0000000000
70613  51.827  -22.948  53.142 0.0000000000
69440  51.873  -23.697  53.175 0.0000000000
69423  51.331  -23.449  54.245 0.0000000000
64389  46.726  -27.157  54.734 0.0000000000
64403  46.622  -27.032  53.705 0.0000000000
64404  45.838  -27.564  53.319 0.0000000000
64444  45.322  -27.639  51.411 0.0000000000
63210  44.911  -28.044  53.001 0.0000000000
55299  41.648  -35.357  49.708 0.0000000000
56495  42.044  -34.448  50.826 0.0000000000
56519  41.596  -34.927  49.100 0.0000000000
57631  42.137  -33.573  48.497 0.0000000000
56562  41.916  -34.781  47.408 0.0000000000
56583  41.789  -34.731  46.303 0.0000000000
55365  41.580  -35.736  46.800 0.0000000000
47415  30.948  -42.762  50.579 0.0000000000
47414  32.383  -41.911  50.263 0.0000000000
47428  31.293  -42.077  49.285 0.0000000000
76657  57.202  -17.511  44.166 0.0000000000
74347  57.127  -19.458  44.239 0.0000000000
43553  23.202  -45.498  56.832 0.0000000000
42375  23.082  -46.416  56.133 0.0000000000
42362  22.738  -46.506  58.027 0.0000000000
38677  22.006  -48.957  59.135 0.0000000000
38697  22.818  -49.166  57.927 0.0000000000
37440  22.278  -49.611  58.148 0.0000000000
37464  21.752  -50.383  57.036 0.0000000000
37442  21.317  -50.369  58.367 0.0000000000
46094  27.247  -43.197  59.568 0.0000000000
44784  27.852  -43.404  59.391 0.0000000000
44785  26.808  -43.414  59.343 0.0000000000
44806  24.138  -44.250  59.200 0.0000000000
44805  25.154  -44.023  59.008 0.0000000000
44838  23.573  -44.663  57.569 0.0000000000
44854  23.700  -44.655  56.608 0.0000000000
50615  41.056  -38.566  57.459 0.0000000000
52720  41.451  -37.390  58.729 0.0000000000
52719  41.938  -37.200  58.057 0.0000000000
53890  42.396  -36.487  57.636 0.0000000000
52750  41.893  -37.432  56.423 0.0000000000
51749  40.473  -38.947  52.729 0.0000000000
53946  41.377  -37.240  53.429 0.0000000000
52827  41.086  -37.830  51.555 0.0000000000
53984  41.206  -36.957  51.322 0.0000000000
51793  41.134  -38.318  50.223 0.0000000000
51828  40.970  -38.096  48.615 0.0000000000
51794  40.716  -38.884  49.857 0.0000000000
50760  38.946  -40.126  49.200 0.0000000000
50781  38.774  -39.408  48.571 0.0000000000
50782  37.688  -39.617  48.301 0.0000000000
50798  37.616  -39.217  47.255 0.0000000000
50783  36.938  -39.790  47.761 0.0000000000
46273  28.276  -43.594  47.788 0.0000000000
47466  28.450  -43.432  47.302 0.0000000000
46289  28.070  -43.672  46.947 0.0000000000
70723  56.028  -21.796  46.022 0.0000000000
69555  57.219  -22.535  45.115 0.0000000000
69556  56.564  -22.749  45.202 0.0000000000
67052  56.628  -25.323  44.156 0.0000000000
43692  23.750  -46.424  47.213 0.0000000000
42477  23.670  -47.104  47.659 0.0000000000
38724  22.738  -48.840  54.341 0.0000000000
38733  22.735  -48.893  53.424 0.0000000000
37504  22.856  -50.134  53.233 0.0000000000
37544  21.776  -50.769  50.867 0.0000000000
36274  22.135  -50.955  51.122 0.0000000000
46118  35.356  -43.380  58.105 0.0000000000
47306  36.232  -42.311  58.887 0.0000000000
46117  36.212  -43.217  57.868 0.0000000000
47330  37.848  -43.092  57.258 0.0000000000
46140  36.219  -43.297  56.254 0.0000000000
47352  36.513  -42.649  55.147 0.0000000000
46155  35.376  -42.882  55.526 0.0000000000
43588  31.686  -43.701  55.013 0.0000000000
44888  33.004  -43.420  54.732 0.0000000000
44890  31.523  -43.640  54.035 0.0000000000
46186  31.494  -43.488  53.292 0.0000000000
44891  30.855  -43.612  53.602 0.0000000000
43550  27.804  -43.775  57.040 0.0000000000
44835  29.412  -44.226  57.045 0.0000000000
43564  28.060  -44.123  56.273 0.0000000000
44908  27.132  -43.952  52.893 0.0000000000
43607  27.708  -44.101  53.477 0.0000000000
44907  27.786  -43.996  52.724 0.0000000000
44924  28.773  -44.004  51.845 0.0000000000
44943  27.638  -43.675  50.971 0.0000000000
44959  27.433  -43.748  49.960 0.0000000000
44944  26.604  -43.807  50.688 0.0000000000
44947  23.705  -44.653  49.682 0.0000000000
44962  24.459  -44.259  49.014 0.0000000000
44980  23.724  -45.216  47.883 0.0000000000
64474  51.520  -27.413  50.088 0.0000000000
63277  51.496  -28.482  48.586 0.0000000000
63265  51.186  -28.536  49.931 0.0000000000
62068  51.060  -30.454  51.367 0.0000000000
36140  18.521  -50.878  60.302 0.0000000000
36160  18.328  -50.761  58.232 0.0000000000
34924  17.399  -50.968  59.094 0.0000000000
34946  13.908  -52.354  56.998 0.0000000000
34945  14.763  -52.154  57.256 0.0000000000
34955  16.169  -51.746  56.770 0.0000000000
34980  15.180  -51.959  54.807 0.0000000000
35006  15.706  -51.948  53.478 0.0000000000
34992  15.098  -52.017  53.942 0.0000000000
74323  55.597  -19.466  46.041 0.0000000000
71917  55.476  -21.608  47.620 0.0000000000
70700  54.954  -22.113  48.233 0.0000000000
69532  54.587  -23.138  47.920 0.0000000000
69517  54.272  -22.998  49.002 0.0000000000
69487  53.506  -23.562  50.219 0.0000000000
68243  53.293  -24.056  49.865 0.0000000000
68228  52.789  -24.591  50.211 0.0000000000
66953  52.463  -25.167  49.963 0.0000000000
66928  52.582  -25.269  50.823 0.0000000000
65628  51.153  -25.994  52.927 0.0000000000
65646  51.087  -26.498  52.162 0.0000000000
65647  50.256  -26.835  52.280 0.0000000000
64441  49.873  -27.383  51.858 0.0000000000
65648  49.663  -26.796  52.054 0.0000000000
69380  50.227  -23.589  56.162 0.0000000000
66816  50.727  -24.564  55.163 0.0000000000
66817  50.144  -24.832  55.249 0.0000000000
65632  47.278  -25.838  52.209 0.0000000000
66874  48.194  -25.462  52.089 0.0000000000
66899  47.770  -25.843  51.246 0.0000000000
65693  48.527  -26.821  50.124 0.0000000000
65694  47.812  -26.733  49.750 0.0000000000
64489  47.840  -27.631  48.406 0.0000000000
64490  46.719  -27.560  48.671 0.0000000000
63282  44.719  -28.428  48.589 0.0000000000
63302  45.208  -28.543  47.687 0.0000000000
62134  45.069  -29.227  46.798 0.0000000000
62135  44.357  -29.794  46.668 0.0000000000
62004  44.019  -29.628  56.191 0.0000000000
56414  43.315  -34.465  56.498 0.0000000000
56413  43.438  -33.969  56.517 0.0000000000
57557  43.402  -33.835  55.772 0.0000000000
59786  42.674  -32.599  52.405 0.0000000000
58650  43.553  -32.130  54.172 0.0000000000
60900  43.497  -31.083  53.042 0.0000000000
60899  43.770  -30.686  53.731 0.0000000000
60907  43.455  -30.892  52.421 0.0000000000
60929  43.522  -30.141  51.230 0.0000000000
60930  43.254  -30.701  50.806 0.0000000000
59841  42.297  -31.950  47.177 0.0000000000
59858  42.399  -32.340  46.036 0.0000000000
59875  43.026  -31.487  44.864 0.0000000000
58785  42.543  -32.690  44.427 0.0000000000
57730  42.571  -33.333  43.726 0.0000000000
55432  41.398  -35.204  43.647 0.0000000000
56649  41.797  -34.650  42.997 0.0000000000
52911  40.274  -37.521  46.640 0.0000000000
54090  40.352  -37.169  45.987 0.0000000000
54115  39.345  -37.059  44.968 0.0000000000
54200  38.781  -36.222  42.611 0.0000000000
47390  35.514  -41.981  53.139 0.0000000000
48548  36.442  -41.303  51.957 0.0000000000
48549  35.218  -41.500  51.910 0.0000000000
48590  33.275  -40.755  48.752 0.0000000000
49651  34.968  -40.411  49.002 0.0000000000
49688  34.398  -40.030  47.536 0.0000000000
49702  34.877  -39.871  46.966 0.0000000000
49703  34.020  -39.964  46.754 0.0000000000
47481  29.648  -42.467  46.223 0.0000000000
48607  30.669  -41.711  47.237 0.0000000000
48625  30.359  -41.826  46.129 0.0000000000
49719  31.622  -40.719  44.855 0.0000000000
50846  33.231  -39.962  44.410 0.0000000000
70745  58.926  -22.471  44.421 0.0000000000
73208  58.470  -20.652  44.075 0.0000000000
63317  53.143  -28.382  46.642 0.0000000000
43506  22.801  -45.630  59.720 0.0000000000
42356  22.613  -46.555  58.972 0.0000000000
42349  22.548  -46.661  59.801 0.0000000000
41113  22.338  -47.466  60.001 0.0000000000
39887  21.913  -48.332  60.545 0.0000000000
44788  23.888  -44.228  59.907 0.0000000000
48462  38.597  -41.293  58.180 0.0000000000
49497  38.776  -39.718  58.967 0.0000000000
49526  39.563  -40.186  57.395 0.0000000000
49525  40.070  -39.757  56.722 0.0000000000
50648  41.456  -39.101  56.031 0.0000000000
51707  41.576  -38.522  55.579 0.0000000000
50673  40.870  -39.429  54.555 0.0000000000
50688  40.559  -40.026  53.252 0.0000000000
50723  40.351  -39.810  51.850 0.0000000000
50758  40.297  -39.616  50.342 0.0000000000
49645  40.185  -40.076  50.963 0.0000000000
49629  39.199  -40.691  50.960 0.0000000000
49648  37.984  -40.330  49.690 0.0000000000
45040  26.390  -44.845  45.564 0.0000000000
45039  27.552  -44.585  45.166 0.0000000000
43716  27.927  -45.721  44.869 0.0000000000
69558  54.598  -23.764  45.914 0.0000000000
69570  55.602  -23.911  44.770 0.0000000000
68330  54.312  -24.752  44.821 0.0000000000
67054  54.735  -25.468  44.510 0.0000000000
43638  22.864  -45.851  50.089 0.0000000000
42458  22.691  -46.920  49.189 0.0000000000
42431  22.660  -46.342  50.589 0.0000000000
39985  22.592  -47.726  51.184 0.0000000000
38766  22.697  -48.524  50.706 0.0000000000
37493  22.232  -50.025  53.862 0.0000000000
37505  22.277  -50.413  52.743 0.0000000000
37506  21.557  -50.524  52.598 0.0000000000
37526  20.679  -50.258  51.711 0.0000000000
36275  18.013  -50.648  50.249 0.0000000000
46106  34.277  -43.132  58.568 0.0000000000
44814  34.772  -43.617  57.812 0.0000000000
46142  34.560  -43.422  56.569 0.0000000000
44847  33.548  -43.571  56.783 0.0000000000
43559  31.781  -43.831  56.326 0.0000000000
43574  31.226  -44.235  55.670 0.0000000000
43566  26.374  -43.844  56.282 0.0000000000
43580  26.733  -43.992  55.581 0.0000000000
44893  26.093  -43.799  53.668 0.0000000000
44909  25.887  -43.777  52.524 0.0000000000
44927  25.722  -43.889  51.422 0.0000000000
44928  24.691  -44.047  51.079 0.0000000000
44929  23.764  -44.416  50.697 0.0000000000
63255  50.146  -28.711  51.192 0.0000000000
62089  50.712  -29.003  50.715 0.0000000000
63244  49.863  -29.567  51.148 0.0000000000
60928  49.964  -30.449  50.925 0.0000000000
33783  12.439  -52.800  57.940 0.0000000000
33801  12.921  -52.720  56.245 0.0000000000
34982  13.569  -52.246  54.274 0.0000000000
33822  12.102  -52.726  54.683 0.0000000000
68210  52.855  -23.798  51.523 0.0000000000
66895  52.283  -25.329  51.848 0.0000000000
66868  52.205  -24.557  52.498 0.0000000000
66869  51.736  -24.960  52.894 0.0000000000
66870  51.154  -25.381  53.286 0.0000000000
65588  48.354  -25.412  56.210 0.0000000000
66819  48.512  -25.334  54.847 0.0000000000
65601  47.766  -25.713  54.631 0.0000000000
65615  47.135  -26.196  53.170 0.0000000000
64443  46.110  -26.978  51.188 0.0000000000
64463  46.235  -27.073  50.121 0.0000000000
64464  45.490  -27.561  50.614 0.0000000000
63258  44.962  -28.058  50.154 0.0000000000
63270  44.505  -28.608  49.597 0.0000000000
56462  42.359  -34.528  52.762 0.0000000000
56461  42.601  -34.029  53.459 0.0000000000
57576  42.549  -33.797  52.299 0.0000000000
58661  42.497  -33.126  52.030 0.0000000000
58672  42.304  -32.977  51.119 0.0000000000
59820  42.462  -31.865  49.648 0.0000000000
58696  42.335  -32.718  49.002 0.0000000000
58707  42.334  -32.823  47.940 0.0000000000
57668  42.053  -33.767  45.833 0.0000000000
56612  42.221  -34.129  44.159 0.0000000000
56582  41.915  -34.160  45.684 0.0000000000
55405  41.211  -35.433  44.687 0.0000000000
55406  40.944  -35.757  44.016 0.0000000000
52932  38.223  -37.542  45.300 0.0000000000
52951  38.809  -37.202  44.745 0.0000000000
52952  38.063  -37.385  44.168 0.0000000000
52995  37.253  -36.777  42.721 0.0000000000
54224  36.816  -36.470  41.507 0.0000000000
47401  33.432  -41.820  51.393 0.0000000000
48550  34.421  -41.459  51.289 0.0000000000
47413  33.211  -41.493  50.571 0.0000000000
48578  32.688  -41.265  49.431 0.0000000000
48591  32.506  -41.096  48.592 0.0000000000
48639  30.488  -41.820  45.011 0.0000000000
48674  30.944  -42.008  43.820 0.0000000000
77889  57.795  -16.498  43.685 0.0000000000
76674  57.565  -17.568  43.226 0.0000000000
75500  57.530  -18.632  42.736 0.0000000000
43581  23.345  -45.369  54.902 0.0000000000
41190  22.934  -46.780  53.889 0.0000000000
42382  23.016  -46.270  55.214 0.0000000000
39948  22.717  -48.190  54.877 0.0000000000
38714  22.769  -49.070  55.839 0.0000000000
39924  22.873  -48.413  57.646 0.0000000000
38704  22.868  -49.144  56.951 0.0000000000
37472  22.607  -49.595  55.242 0.0000000000
37474  21.671  -50.473  56.078 0.0000000000
36194  20.837  -50.839  55.604 0.0000000000
36195  19.789  -50.999  55.476 0.0000000000
44782  29.714  -43.472  59.528 0.0000000000
43515  30.424  -43.786  58.541 0.0000000000
44801  29.254  -43.647  59.100 0.0000000000
43518  27.991  -43.568  58.489 0.0000000000
43534  27.470  -43.561  57.762 0.0000000000
44786  25.681  -43.608  59.413 0.0000000000
44818  26.190  -43.731  58.262 0.0000000000
43552  26.067  -43.760  56.975 0.0000000000
44853  24.531  -44.165  56.421 0.0000000000
44867  23.814  -44.596  55.587 0.0000000000
62119  48.776  -29.509  48.500 0.0000000000
60974  49.268  -30.795  48.420 0.0000000000
59839  49.161  -31.368  47.654 0.0000000000
70597  50.690  -22.793  54.725 0.0000000000
66791  48.401  -24.931  56.970 0.0000000000
65576  47.746  -25.857  56.725 0.0000000000
65577  47.223  -26.405  56.041 0.0000000000
63176  45.856  -27.696  55.824 0.0000000000
53902  42.955  -35.763  56.935 0.0000000000
55182  42.582  -35.734  55.424 0.0000000000
52766  41.460  -38.008  55.156 0.0000000000
53945  41.719  -36.428  54.164 0.0000000000
55217  41.653  -35.717  53.224 0.0000000000
55239  41.405  -36.234  52.112 0.0000000000
55259  41.517  -36.008  51.177 0.0000000000
54030  41.381  -36.479  49.491 0.0000000000
54067  41.335  -36.646  47.344 0.0000000000
52892  41.171  -37.559  47.893 0.0000000000
52893  40.695  -37.810  47.341 0.0000000000
51846  40.144  -38.055  47.315 0.0000000000
50779  40.236  -39.397  49.562 0.0000000000
51813  39.678  -38.885  48.385 0.0000000000
51848  38.515  -38.021  46.669 0.0000000000
51849  37.639  -38.510  46.457 0.0000000000
51850  36.872  -38.597  45.983 0.0000000000
50829  35.824  -38.810  45.194 0.0000000000
47430  29.241  -43.261  49.320 0.0000000000
47465  28.879  -42.928  47.658 0.0000000000
47482  28.951  -42.671  46.607 0.0000000000
45038  28.724  -44.283  45.008 0.0000000000
46308  29.511  -43.579  45.107 0.0000000000
73167  56.257  -20.705  45.226 0.0000000000
73187  57.350  -20.298  44.742 0.0000000000
71935  57.316  -21.408  45.349 0.0000000000
70733  57.857  -22.219  44.834 0.0000000000
70746  58.367  -22.813  44.599 0.0000000000
69569  56.429  -23.542  44.692 0.0000000000
68327  57.224  -24.357  44.358 0.0000000000
39967  22.728  -48.110  53.214 0.0000000000
38742  22.681  -48.880  52.510 0.0000000000
37542  22.911  -50.202  51.002 0.0000000000
37524  22.362  -50.509  51.842 0.0000000000
36253  22.581  -50.631  51.217 0.0000000000
48463  37.896  -41.430  58.697 0.0000000000
47329  38.495  -42.144  57.623 0.0000000000
47340  38.521  -42.527  56.527 0.0000000000
47361  37.896  -42.425  54.576 0.0000000000
48521  37.773  -41.777  53.331 0.0000000000
47362  36.910  -42.349  54.538 0.0000000000
47363  36.056  -42.533  54.458 0.0000000000
47378  34.496  -42.428  53.595 0.0000000000
46169  34.381  -42.886  54.947 0.0000000000
46183  34.468  -42.600  54.169 0.0000000000
46202  33.177  -42.755  53.266 0.0000000000
47392  32.842  -42.538  52.304 0.0000000000
47403  31.258  -42.967  51.544 0.0000000000
46231  30.693  -43.300  51.292 0.0000000000
43547  30.254  -44.274  57.228 0.0000000000
44863  30.386  -44.479  56.335 0.0000000000
43591  30.172  -44.252  55.170 0.0000000000
43594  27.703  -44.160  54.564 0.0000000000
43605  29.147  -43.908  54.044 0.0000000000
43614  29.578  -43.741  53.492 0.0000000000
43626  29.403  -43.889  52.689 0.0000000000
44940  29.842  -43.855  51.562 0.0000000000
46233  29.525  -43.667  50.491 0.0000000000
46246  28.643  -43.683  49.368 0.0000000000
46260  27.704  -43.757  48.204 0.0000000000
44993  27.024  -43.906  48.181 0.0000000000
44961  25.471  -44.020  49.355 0.0000000000
44977  26.346  -44.031  48.688 0.0000000000
45011  26.196  -44.376  46.460 0.0000000000
45041  25.740  -44.990  45.952 0.0000000000
66985  52.012  -26.281  48.077 0.0000000000
65736  52.024  -26.623  46.678 0.0000000000
64502  51.670  -27.666  47.861 0.0000000000
62088  51.128  -29.587  50.205 0.0000000000
60941  51.667  -30.461  50.147 0.0000000000
59818  49.893  -31.124  49.387 0.0000000000
42335  20.961  -46.507  62.201 0.0000000000
39855  21.413  -47.715  61.780 0.0000000000
37407  21.120  -49.310  60.763 0.0000000000
37409  20.188  -50.089  61.173 0.0000000000
36146  20.905  -50.024  59.758 0.0000000000
36158  20.216  -50.572  58.782 0.0000000000
36170  19.174  -50.747  57.470 0.0000000000
36184  17.976  -50.717  56.256 0.0000000000
34926  16.160  -51.481  59.048 0.0000000000
34943  16.411  -51.678  57.566 0.0000000000
36185  17.163  -51.060  56.185 0.0000000000
36197  17.607  -50.847  55.344 0.0000000000
36223  17.173  -50.934  53.217 0.0000000000
75471  56.014  -18.458  45.458 0.0000000000
71923  56.038  -21.357  46.204 0.0000000000
70724  55.755  -22.129  46.512 0.0000000000
73135  55.310  -20.612  47.866 0.0000000000
69546  55.063  -22.874  47.019 0.0000000000
69547  54.653  -23.482  46.752 0.0000000000
68270  54.043  -23.894  47.396 0.0000000000
68271  53.341  -24.335  47.977 0.0000000000
69505  53.776  -23.479  49.447 0.0000000000
68256  53.445  -23.956  48.915 0.0000000000
68272  52.687  -24.936  48.241 0.0000000000
65705  52.128  -26.249  48.887 0.0000000000
65692  51.947  -26.912  49.939 0.0000000000
65670  52.000  -26.239  51.400 0.0000000000
65671  51.284  -26.812  51.358 0.0000000000
64459  51.024  -27.374  50.988 0.0000000000
64460  50.234  -27.737  51.278 0.0000000000
64475  49.127  -28.481  50.500 0.0000000000
69403  51.158  -23.822  54.974 0.0000000000
66831  50.705  -24.687  54.481 0.0000000000
66849  49.985  -24.929  53.549 0.0000000000
66833  49.235  -25.051  54.308 0.0000000000
66850  49.213  -25.074  53.323 0.0000000000
66896  49.604  -25.999  52.137 0.0000000000
66930  49.265  -26.340  51.321 0.0000000000
64462  48.892  -27.170  50.416 0.0000000000
63278  48.804  -28.711  49.073 0.0000000000
63298  48.628  -28.800  48.123 0.0000000000
62121  47.637  -29.279  47.200 0.0000000000
63281  45.796  -28.069  48.397 0.0000000000
63318  46.602  -29.160  46.818 0.0000000000
63161  45.292  -28.178  56.580 0.0000000000
63177  45.331  -28.298  55.298 0.0000000000
59746  43.520  -31.406  56.702 0.0000000000
58644  43.619  -32.929  54.497 0.0000000000
59765  43.779  -31.558  55.176 0.0000000000
60875  43.772  -30.667  55.600 0.0000000000
62016  44.084  -29.788  55.127 0.0000000000
63194  44.477  -28.881  54.658 0.0000000000
63211  44.400  -28.835  53.646 0.0000000000
63231  44.359  -28.867  52.610 0.0000000000
62082  43.949  -29.463  50.877 0.0000000000
62104  44.008  -29.292  48.928 0.0000000000
59819  42.972  -31.073  49.295 0.0000000000
60962  43.068  -30.776  48.233 0.0000000000
60977  43.478  -30.251  47.729 0.0000000000
60992  43.600  -30.265  46.480 0.0000000000
56628  42.315  -34.140  43.351 0.0000000000
56667  42.585  -34.517  41.755 0.0000000000
54089  40.925  -36.683  46.216 0.0000000000
54113  40.777  -36.119  45.101 0.0000000000
54139  40.308  -36.221  44.097 0.0000000000
54140  39.254  -36.700  44.363 0.0000000000
54169  39.466  -36.322  43.318 0.0000000000
48547  37.564  -41.345  51.796 0.0000000000
49618  37.625  -40.948  51.133 0.0000000000
49649  36.847  -40.212  49.559 0.0000000000
48564  35.153  -41.114  50.782 0.0000000000
49650  35.870  -40.323  49.244 0.0000000000
49667  36.684  -40.073  48.545 0.0000000000
49686  36.283  -40.128  47.777 0.0000000000
50800  35.532  -39.699  46.745 0.0000000000
50830  35.052  -39.116  45.021 0.0000000000
47447  31.045  -41.901  48.503 0.0000000000
48606  31.547  -41.320  47.479 0.0000000000
48623  32.287  -40.942  46.945 0.0000000000
48638  30.970  -41.121  45.424 0.0000000000
49705  32.327  -40.751  46.051 0.0000000000
49704  33.191  -40.633  46.558 0.0000000000
50831  33.913  -39.765  45.354 0.0000000000
50845  34.177  -39.292  44.252 0.0000000000
74360  58.226  -20.314  44.324 0.0000000000
73209  58.153  -20.488  43.591 0.0000000000
73223  57.784  -20.446  43.093 0.0000000000
65751  52.722  -26.587  45.858 0.0000000000
47360  39.070  -42.371  54.437 0.0000000000
48511  39.848  -41.530  54.576 0.0000000000
48510  40.379  -41.017  53.917 0.0000000000
48519  39.546  -41.478  53.498 0.0000000000
48520  38.672  -41.784  53.231 0.0000000000
42397  22.970  -46.099  53.490 0.0000000000
36208  19.533  -50.803  54.380 0.0000000000
37484  19.596  -50.776  53.949 0.0000000000
37485  19.262  -50.629  53.887 0.0000000000
36222  18.042  -50.522  53.387 0.0000000000
44781  30.620  -43.500  59.631 0.0000000000
44780  31.515  -43.504  59.586 0.0000000000
44798  31.784  -43.604  58.924 0.0000000000
62091  49.297  -29.514  50.039 0.0000000000
69441  51.497  -23.130  53.742 0.0000000000
70596  51.200  -22.975  54.318 0.0000000000
55298  41.774  -34.994  49.976 0.0000000000
56542  41.770  -34.947  48.328 0.0000000000
55344  41.633  -35.754  47.827 0.0000000000
75479  56.485  -18.477  44.558 0.0000000000
75478  57.084  -18.522  44.152 0.0000000000
43537  23.010  -45.503  57.779 0.0000000000
42368  22.937  -46.468  57.075 0.0000000000
37429  21.850  -49.423  58.900 0.0000000000
37454  21.507  -50.396  57.795 0.0000000000
37441  21.621  -50.043  58.553 0.0000000000
47290  27.644  -42.940  59.691 0.0000000000
46095  26.161  -43.298  59.521 0.0000000000
44821  23.419  -44.676  58.512 0.0000000000
51679  41.475  -38.177  57.223 0.0000000000
51659  41.294  -37.956  57.947 0.0000000000
51658  41.694  -37.693  57.409 0.0000000000
52735  42.040  -37.233  57.189 0.0000000000
51765  40.607  -38.596  51.853 0.0000000000
51779  40.899  -38.400  51.001 0.0000000000
50761  38.152  -39.806  49.005 0.0000000000
46274  27.357  -43.820  47.441 0.0000000000
70735  56.025  -22.413  45.686 0.0000000000
42457  22.955  -46.546  48.652 0.0000000000
38723  22.884  -48.991  54.982 0.0000000000
38732  22.801  -49.456  53.718 0.0000000000
46129  36.221  -43.430  57.110 0.0000000000
46141  35.302  -43.364  56.672 0.0000000000
43589  31.209  -43.858  54.943 0.0000000000
44876  31.677  -43.660  54.621 0.0000000000
43602  31.224  -43.723  54.469 0.0000000000
44925  27.936  -43.862  52.089 0.0000000000
44963  23.698  -44.919  48.731 0.0000000000
44997  23.765  -45.435  47.522 0.0000000000
63266  50.736  -28.597  50.779 0.0000000000
36130  17.628  -50.611  60.978 0.0000000000
36141  17.281  -50.986  60.044 0.0000000000
36150  17.475  -50.987  59.531 0.0000000000
34915  17.072  -51.097  59.517 0.0000000000
34958  13.629  -52.386  56.127 0.0000000000
34957  14.580  -52.165  56.364 0.0000000000
34968  15.270  -51.914  55.699 0.0000000000
34981  14.390  -52.122  54.555 0.0000000000
75463  55.302  -18.674  46.352 0.0000000000
75453  55.145  -19.152  46.652 0.0000000000
71907  54.600  -21.402  48.930 0.0000000000
71906  55.008  -21.396  48.547 0.0000000000
70684  54.754  -22.008  48.792 0.0000000000
70701  54.629  -22.543  48.586 0.0000000000
66927  52.663  -24.737  51.343 0.0000000000
65630  49.979  -26.358  52.487 0.0000000000
66803  49.803  -24.723  55.909 0.0000000000
65651  47.171  -26.085  51.225 0.0000000000
66875  47.695  -25.735  51.604 0.0000000000
65674  47.937  -26.298  50.419 0.0000000000
65695  46.934  -26.776  49.620 0.0000000000
64477  47.467  -27.102  49.124 0.0000000000
62123  44.095  -29.678  47.274 0.0000000000
61990  43.846  -30.195  56.835 0.0000000000
56421  42.993  -34.592  55.513 0.0000000000
56432  42.854  -34.225  54.825 0.0000000000
59785  42.983  -31.801  52.650 0.0000000000
60918  43.387  -30.924  51.710 0.0000000000
59876  42.570  -32.139  45.062 0.0000000000
57710  42.341  -33.504  44.663 0.0000000000
55462  41.383  -35.301  42.504 0.0000000000
55463  40.911  -35.724  42.271 0.0000000000
52930  39.895  -37.347  45.927 0.0000000000
52931  39.236  -37.395  45.477 0.0000000000
48537  35.172  -41.704  52.704 0.0000000000
49670  33.848  -40.425  48.110 0.0000000000
70757  59.259  -22.265  43.783 0.0000000000
44789  23.162  -44.669  60.108 0.0000000000
42342  22.212  -46.667  61.064 0.0000000000
42350  22.430  -46.714  60.472 0.0000000000
41114  22.287  -47.459  60.665 0.0000000000
39886  22.130  -47.932  60.204 0.0000000000
41105  22.066  -47.412  61.311 0.0000000000
44771  22.962  -44.512  60.467 0.0000000000
44770  23.636  -44.089  60.359 0.0000000000
48477  38.948  -41.525  57.677 0.0000000000
48461  39.157  -40.961  57.796 0.0000000000
48476  39.328  -41.211  57.172 0.0000000000
49539  40.301  -39.932  56.050 0.0000000000
50649  40.806  -39.362  56.423 0.0000000000
50660  40.914  -39.510  55.753 0.0000000000
50659  41.242  -39.288  55.272 0.0000000000
49555  40.780  -39.780  54.615 0.0000000000
49603  40.362  -40.433  52.821 0.0000000000
49587  40.638  -40.055  53.670 0.0000000000
50706  40.434  -40.012  52.532 0.0000000000
49627  40.214  -40.199  51.573 0.0000000000
48560  39.180  -41.091  51.426 0.0000000000
49630  38.270  -40.726  50.700 0.0000000000
68313  54.153  -24.369  45.586 0.0000000000
67027  53.115  -25.585  45.593 0.0000000000
67055  53.858  -25.549  44.870 0.0000000000
65781  54.376  -26.130  44.771 0.0000000000
43630  22.791  -45.620  50.882 0.0000000000
41213  22.532  -46.857  51.122 0.0000000000
38751  22.655  -48.723  51.508 0.0000000000
37482  21.609  -50.390  54.762 0.0000000000
37494  21.593  -50.380  53.603 0.0000000000
37508  19.742  -50.341  52.536 0.0000000000
38753  19.827  -49.697  51.361 0.0000000000
37546  19.571  -49.737  50.768 0.0000000000
36256  17.987  -50.692  50.690 0.0000000000
36276  17.596  -50.900  50.180 0.0000000000
36257  17.238  -50.996  50.883 0.0000000000
47284  33.398  -42.069  59.054 0.0000000000
44796  33.655  -43.477  58.421 0.0000000000
46119  34.537  -43.471  58.199 0.0000000000
44815  33.911  -43.586  57.988 0.0000000000
44830  34.160  -43.613  57.482 0.0000000000
44831  33.027  -43.585  57.623 0.0000000000
43545  31.754  -43.655  57.273 0.0000000000
43560  31.166  -44.262  56.513 0.0000000000
44865  25.833  -43.841  55.502 0.0000000000
44910  24.797  -44.036  52.152 0.0000000000
43629  23.171  -44.936  51.275 0.0000000000
43637  23.131  -45.112  50.321 0.0000000000
63245  49.616  -29.632  51.030 0.0000000000
62070  49.836  -30.001  51.170 0.0000000000
60916  50.262  -30.421  51.181 0.0000000000
60942  50.210  -31.053  50.565 0.0000000000
33790  12.612  -52.809  57.010 0.0000000000
33812  12.432  -52.709  55.545 0.0000000000
68194  52.503  -24.149  52.174 0.0000000000
69456  52.189  -24.078  52.733 0.0000000000
68175  51.598  -24.312  53.513 0.0000000000
66847  51.046  -24.827  53.706 0.0000000000
65589  47.990  -25.737  55.637 0.0000000000
65602  47.209  -26.397  54.183 0.0000000000
63259  44.462  -28.797  50.542 0.0000000000
55238  41.842  -35.292  51.990 0.0000000000
56477  42.245  -34.492  51.710 0.0000000000
57587  42.334  -33.788  51.424 0.0000000000
58684  42.240  -32.808  50.079 0.0000000000
57617  42.026  -33.566  49.454 0.0000000000
57646  42.023  -33.776  47.634 0.0000000000
58723  41.926  -33.644  46.587 0.0000000000
57669  41.934  -33.887  46.239 0.0000000000
56601  41.595  -34.762  45.317 0.0000000000
54138  40.837  -35.912  44.481 0.0000000000
51863  38.059  -37.879  46.061 0.0000000000
52933  37.282  -37.595  44.911 0.0000000000
52996  36.488  -36.894  42.443 0.0000000000
54202  37.234  -36.596  42.247 0.0000000000
53013  36.265  -36.801  41.621 0.0000000000
47427  32.091  -41.691  49.534 0.0000000000
74375  57.686  -19.632  43.294 0.0000000000
41157  22.947  -47.396  56.394 0.0000000000
39947  22.814  -48.224  55.731 0.0000000000
41134  22.648  -47.523  58.278 0.0000000000
37452  22.569  -49.683  57.259 0.0000000000
37462  22.629  -49.689  56.220 0.0000000000
37473  22.285  -50.094  55.365 0.0000000000
36182  20.042  -51.108  56.631 0.0000000000
47289  28.590  -42.953  59.685 0.0000000000
46092  29.203  -43.209  59.637 0.0000000000
46091  30.173  -43.250  59.795 0.0000000000
44802  28.388  -43.563  59.045 0.0000000000
43519  27.083  -43.538  58.367 0.0000000000
44820  24.358  -44.222  58.335 0.0000000000
44819  25.509  -43.888  58.063 0.0000000000
43536  25.845  -43.791  57.485 0.0000000000
44836  25.288  -43.827  57.118 0.0000000000
60975  48.653  -30.450  47.803 0.0000000000
66805  48.162  -25.274  56.898 0.0000000000
66792  47.812  -25.277  57.303 0.0000000000
64363  46.860  -26.387  57.262 0.0000000000
64376  46.547  -27.089  55.734 0.0000000000
50617  39.470  -39.267  58.642 0.0000000000
53903  42.522  -36.414  56.738 0.0000000000
53889  42.813  -35.919  57.331 0.0000000000
55166  42.663  -36.128  56.059 0.0000000000
55165  42.976  -35.475  56.268 0.0000000000
51708  41.381  -38.820  54.962 0.0000000000
53932  41.559  -37.256  54.590 0.0000000000
54006  41.279  -36.772  50.444 0.0000000000
54050  41.386  -36.616  48.364 0.0000000000
52878  41.170  -37.429  48.937 0.0000000000
50780  39.722  -39.555  48.977 0.0000000000
51814  38.950  -38.785  48.090 0.0000000000
51830  39.566  -38.423  47.714 0.0000000000
51831  38.608  -38.533  47.432 0.0000000000
51832  38.108  -38.608  46.942 0.0000000000
50813  36.894  -39.031  46.575 0.0000000000
50814  35.948  -39.021  46.048 0.0000000000
46258  28.883  -43.502  49.020 0.0000000000
47449  29.131  -42.946  48.772 0.0000000000
47483  28.468  -43.255  46.802 0.0000000000
47498  29.063  -42.896  45.804 0.0000000000
46310  27.494  -44.091  45.809 0.0000000000
45037  29.449  -44.302  44.824 0.0000000000
46333  29.957  -44.174  44.688 0.0000000000
68328  56.184  -24.550  44.296 0.0000000000
41257  22.846  -47.349  48.973 0.0000000000
41239  22.974  -47.867  49.166 0.0000000000
41180  22.849  -47.488  53.902 0.0000000000
38741  22.949  -49.646  52.801 0.0000000000
36234  22.041  -50.646  52.002 0.0000000000
36273  22.479  -50.918  50.742 0.0000000000
36272  22.949  -50.882  50.558 0.0000000000
48443  34.706  -41.868  58.862 0.0000000000
48442  35.582  -41.780  59.085 0.0000000000
47305  36.874  -42.177  59.229 0.0000000000
48440  37.249  -41.455  59.331 0.0000000000
47317  38.142  -41.930  58.312 0.0000000000
47341  37.710  -43.036  56.192 0.0000000000
47350  38.310  -42.516  55.475 0.0000000000
47353  35.918  -42.698  55.107 0.0000000000
47364  35.409  -42.624  54.647 0.0000000000
47377  35.213  -42.421  53.821 0.0000000000
46182  34.996  -42.570  54.310 0.0000000000
46157  33.813  -43.457  56.079 0.0000000000
46156  34.541  -43.210  55.837 0.0000000000
46170  33.658  -43.311  55.166 0.0000000000
46184  33.441  -43.079  54.214 0.0000000000
46201  33.970  -42.561  53.626 0.0000000000
46203  32.184  -43.128  52.845 0.0000000000
46187  30.850  -43.517  53.015 0.0000000000
46204  31.284  -43.333  52.514 0.0000000000
46218  30.900  -43.384  51.884 0.0000000000
46219  30.329  -43.629  51.690 0.0000000000
43516  29.650  -43.841  58.608 0.0000000000
43531  30.000  -44.096  58.025 0.0000000000
43563  28.859  -44.259  56.179 0.0000000000
44850  29.852  -44.404  56.568 0.0000000000
43562  29.522  -44.387  56.125 0.0000000000
43576  29.844  -44.366  55.640 0.0000000000
43595  27.066  -44.121  55.018 0.0000000000
43579  27.493  -44.139  55.545 0.0000000000
43606  28.391  -44.140  53.754 0.0000000000
44942  28.558  -43.750  51.123 0.0000000000
44923  29.386  -44.012  51.963 0.0000000000
44941  29.350  -43.869  51.171 0.0000000000
46245  29.220  -43.560  49.814 0.0000000000
44975  28.074  -43.709  49.399 0.0000000000
44945  25.601  -44.002  50.374 0.0000000000
44978  25.322  -44.119  48.317 0.0000000000
44994  26.310  -44.091  47.608 0.0000000000
65724  51.898  -26.809  48.309 0.0000000000
65737  51.795  -26.949  47.457 0.0000000000
62079  50.592  -29.645  51.089 0.0000000000
62078  51.224  -30.167  50.874 0.0000000000
60958  49.548  -30.684  49.219 0.0000000000
59829  49.844  -31.556  48.518 0.0000000000
44764  20.868  -45.652  61.536 0.0000000000
41097  20.662  -47.248  62.046 0.0000000000
38633  20.687  -48.626  61.581 0.0000000000
39870  21.237  -48.336  61.523 0.0000000000
38648  20.963  -49.040  61.276 0.0000000000
36128  19.802  -50.465  60.986 0.0000000000
36138  20.375  -50.260  60.547 0.0000000000
36147  20.286  -50.476  59.710 0.0000000000
36183  18.999  -50.823  56.419 0.0000000000
34935  14.948  -51.944  58.176 0.0000000000
34918  14.805  -51.579  59.882 0.0000000000
34927  15.282  -51.680  59.058 0.0000000000
34917  15.745  -51.483  59.736 0.0000000000
34933  16.649  -51.553  58.350 0.0000000000
34967  15.970  -51.622  55.950 0.0000000000
34966  16.567  -51.413  56.142 0.0000000000
36198  16.898  -51.199  55.527 0.0000000000
36210  16.855  -51.305  54.588 0.0000000000
36224  16.347  -51.725  53.732 0.0000000000
36238  16.060  -51.857  52.538 0.0000000000
34994  13.431  -52.226  53.364 0.0000000000
74334  55.763  -19.591  44.834 0.0000000000
73151  55.788  -20.479  46.530 0.0000000000
71924  55.811  -21.512  46.916 0.0000000000
74311  55.104  -19.542  47.069 0.0000000000
69531  54.884  -22.849  47.531 0.0000000000
68292  53.480  -24.570  46.983 0.0000000000
68257  52.884  -24.518  48.725 0.0000000000
66964  52.405  -25.319  49.076 0.0000000000
66984  52.264  -25.753  48.082 0.0000000000
65691  52.172  -26.273  50.051 0.0000000000
64473  51.891  -26.906  50.167 0.0000000000
64442  49.601  -27.231  51.634 0.0000000000
70577  50.495  -23.043  55.612 0.0000000000
70576  50.994  -23.257  54.969 0.0000000000
66848  50.610  -24.876  53.678 0.0000000000
66834  48.450  -25.249  53.981 0.0000000000
66873  49.114  -25.388  52.432 0.0000000000
66929  49.419  -26.351  51.691 0.0000000000
64488  48.491  -28.165  48.522 0.0000000000
63279  47.594  -28.219  47.784 0.0000000000
63299  48.040  -28.678  47.554 0.0000000000
64479  45.678  -27.550  49.762 0.0000000000
64491  45.947  -27.641  49.076 0.0000000000
63320  45.585  -28.690  47.196 0.0000000000
63301  46.079  -28.479  47.578 0.0000000000
62133  46.197  -29.480  46.465 0.0000000000
62003  44.591  -28.968  56.547 0.0000000000
57549  43.441  -33.358  56.261 0.0000000000
57544  43.297  -33.124  57.080 0.0000000000
58632  43.428  -32.291  56.489 0.0000000000
57568  42.963  -33.465  53.654 0.0000000000
58651  43.433  -32.673  53.850 0.0000000000
60890  43.918  -30.697  54.698 0.0000000000
62032  44.146  -29.791  54.181 0.0000000000
62061  43.928  -29.608  52.302 0.0000000000
60945  43.508  -29.941  50.391 0.0000000000
62092  44.066  -29.366  49.990 0.0000000000
60960  43.674  -29.892  49.591 0.0000000000
59806  42.827  -31.221  50.301 0.0000000000
60978  42.793  -30.881  47.402 0.0000000000
61006  43.255  -30.931  45.502 0.0000000000
59911  43.162  -31.981  43.982 0.0000000000
56600  41.997  -34.158  44.949 0.0000000000
56629  41.893  -34.582  43.723 0.0000000000
55494  41.771  -35.208  41.446 0.0000000000
56668  41.902  -34.731  42.227 0.0000000000
54141  38.652  -37.024  44.224 0.0000000000
54170  38.503  -36.783  43.555 0.0000000000
55464  38.960  -35.855  41.997 0.0000000000
54199  39.734  -35.962  42.153 0.0000000000
48534  38.128  -41.578  52.558 0.0000000000
48535  36.925  -41.616  52.824 0.0000000000
48562  36.978  -40.976  51.344 0.0000000000
49631  37.124  -40.592  50.566 0.0000000000
49632  36.000  -40.481  50.254 0.0000000000
49634  34.313  -40.622  49.560 0.0000000000
49687  35.460  -40.053  47.500 0.0000000000
48605  32.354  -41.077  47.791 0.0000000000
49732  32.411  -40.349  44.338 0.0000000000
49718  32.335  -40.574  45.210 0.0000000000
49717  33.130  -40.411  45.578 0.0000000000
49716  33.678  -40.142  46.075 0.0000000000
50832  33.321  -40.165  45.046 0.0000000000
50860  33.402  -39.390  43.578 0.0000000000
51885  34.665  -39.056  44.046 0.0000000000
79137  57.887  -16.141  42.283 0.0000000000
73165  58.157  -21.004  44.931 0.0000000000
74346  57.920  -20.043  44.458 0.0000000000
64519  51.867  -27.369  47.042 0.0000000000
64518  52.534  -27.613  46.462 0.0000000000
44772  22.376  -45.188  60.728 0.0000000000
43490  22.051  -45.917  61.170 0.0000000000
43491  21.697  -45.999  61.556 0.0000000000
47339  39.211  -41.983  56.845 0.0000000000
48489  39.562  -41.263  56.242 0.0000000000
48501  39.979  -41.130  55.347 0.0000000000
49573  40.631  -40.378  54.281 0.0000000000
48518  40.236  -40.841  53.132 0.0000000000
48531  40.203  -40.697  52.692 0.0000000000
49615  39.979  -40.738  51.934 0.0000000000
48545  39.564  -41.185  51.907 0.0000000000
48546  38.664  -41.393  51.749 0.0000000000
68314  53.475  -24.714  46.021 0.0000000000
42419  22.624  -46.187  51.412 0.0000000000
42408  22.696  -45.929  52.196 0.0000000000
36207  20.453  -50.860  54.502 0.0000000000
37495  20.820  -50.689  53.577 0.0000000000
36220  20.322  -50.855  53.935 0.0000000000
37496  19.893  -50.755  53.571 0.0000000000
37510  17.710  -50.659  52.300 0.0000000000
46088  32.831  -43.131  59.535 0.0000000000
46108  32.411  -43.487  59.341 0.0000000000
44797  32.698  -43.544  58.695 0.0000000000
43529  31.381  -43.633  57.891 0.0000000000
44895  23.949  -44.457  52.852 0.0000000000
43618  23.253  -45.162  52.275 0.0000000000
62081  49.358  -29.490  50.587 0.0000000000
62090  49.474  -29.878  50.359 0.0000000000
33803  11.020  -53.016  56.444 0.0000000000
69422  51.405  -23.911  54.139 0.0000000000
64423  45.562  -27.499  52.234 0.0000000000
63230  44.797  -28.134  51.969 0.0000000000
55278  41.809  -35.046  50.304 0.0000000000
56518  41.772  -34.514  49.866 0.0000000000
56541  41.777  -34.250  48.864 0.0000000000
56561  41.968  -34.274  48.136 0.0000000000
41145  22.812  -47.475  57.348 0.0000000000
39915  22.625  -48.406  58.543 0.0000000000
38688  22.340  -49.058  58.691 0.0000000000
37453  22.054  -50.059  57.579 0.0000000000
46093  28.239  -43.172  59.574 0.0000000000
50616  40.377  -38.713  58.121 0.0000000000
51660  40.590  -37.852  58.672 0.0000000000
52721  40.925  -37.413  59.284 0.0000000000
53876  42.294  -36.422  58.391 0.0000000000
53875  42.727  -35.745  57.892 0.0000000000
52795  40.814  -38.484  53.493 0.0000000000
52782  41.249  -38.170  54.352 0.0000000000
52809  40.934  -38.055  52.531 0.0000000000
53964  41.251  -37.152  52.262 0.0000000000
52846  41.223  -37.685  50.684 0.0000000000
51811  41.057  -38.194  49.408 0.0000000000
51812  40.450  -38.760  48.976 0.0000000000
46309  28.302  -43.714  45.907 0.0000000000
70734  56.592  -21.971  45.589 0.0000000000
67053  55.689  -25.456  44.217 0.0000000000
68349  56.099  -24.889  44.158 0.0000000000
40013  22.810  -48.108  49.602 0.0000000000
39957  22.738  -48.218  54.057 0.0000000000
36255  21.949  -50.796  51.510 0.0000000000
37543  22.306  -50.926  50.541 0.0000000000
47320  35.383  -43.108  58.396 0.0000000000
47319  35.940  -42.878  58.368 0.0000000000
46116  36.972  -43.303  57.539 0.0000000000
46128  37.043  -43.438  56.705 0.0000000000
46139  36.935  -43.281  55.878 0.0000000000
46153  36.756  -42.934  55.520 0.0000000000
46154  36.295  -42.969  55.609 0.0000000000
44875  32.393  -43.555  55.080 0.0000000000
44874  33.065  -43.452  55.083 0.0000000000
44889  32.389  -43.486  54.358 0.0000000000
44906  30.322  -43.470  53.051 0.0000000000
43533  28.378  -43.686  57.894 0.0000000000
43548  29.595  -44.185  57.429 0.0000000000
43549  28.827  -44.082  57.094 0.0000000000
44892  27.022  -44.019  53.986 0.0000000000
43617  27.732  -44.067  52.973 0.0000000000
43616  28.224  -44.174  52.844 0.0000000000
43627  28.862  -44.136  52.446 0.0000000000
43628  28.453  -44.024  52.328 0.0000000000
44958  28.415  -43.714  50.144 0.0000000000
44960  26.476  -43.957  49.668 0.0000000000
44979  24.317  -44.553  48.028 0.0000000000
45012  24.913  -45.220  46.413 0.0000000000
44996  24.127  -45.266  47.212 0.0000000000
43691  24.000  -45.961  46.683 0.0000000000
36129  18.922  -50.692  61.044 0.0000000000
36148  19.360  -50.714  59.563 0.0000000000
36149  18.132  -50.831  59.278 0.0000000000
34931  17.712  -50.888  58.683 0.0000000000
34941  17.666  -51.011  58.072 0.0000000000
33775  13.189  -52.431  58.513 0.0000000000
34944  15.614  -51.895  57.436 0.0000000000
34956  15.412  -51.956  56.587 0.0000000000
34979  15.979  -51.657  54.985 0.0000000000
34991  15.793  -51.837  54.200 0.0000000000
74324  55.350  -19.408  46.656 0.0000000000
74310  55.536  -19.947  47.000 0.0000000000
73117  55.055  -20.943  48.479 0.0000000000
70715  54.798  -22.598  48.098 0.0000000000
69518  54.014  -23.445  48.698 0.0000000000
68126  50.908  -24.188  55.637 0.0000000000
68127  50.493  -24.321  55.700 0.0000000000
65631  47.671  -25.555  52.817 0.0000000000
66898  48.235  -25.735  51.377 0.0000000000
65649  48.611  -25.915  51.075 0.0000000000
63280  46.827  -28.101  47.992 0.0000000000
60991  44.722  -30.086  46.133 0.0000000000
56408  43.340  -34.596  57.122 0.0000000000
56407  43.370  -34.043  56.997 0.0000000000
57556  43.577  -33.105  55.290 0.0000000000
59777  43.478  -31.671  53.660 0.0000000000
60906  43.691  -30.367  52.791 0.0000000000
60917  43.623  -30.267  52.012 0.0000000000
61007  42.750  -31.600  45.553 0.0000000000
59894  42.809  -31.934  44.296 0.0000000000
58807  42.922  -32.375  43.673 0.0000000000
57749  42.796  -33.652  42.840 0.0000000000
54201  37.889  -36.593  42.740 0.0000000000
54222  38.268  -36.153  42.191 0.0000000000
47389  36.177  -41.879  53.053 0.0000000000
48536  35.891  -41.646  52.623 0.0000000000
48577  33.550  -40.837  49.547 0.0000000000
49652  34.124  -40.533  48.857 0.0000000000
49669  34.759  -40.194  48.239 0.0000000000
50816  34.099  -39.844  46.106 0.0000000000
47464  29.752  -42.274  47.031 0.0000000000
49733  31.628  -40.697  44.046 0.0000000000
50847  32.813  -40.135  44.154 0.0000000000
71934  58.188  -21.505  44.744 0.0000000000
63296  52.364  -28.626  47.231 0.0000000000
39901  22.068  -48.370  59.515 0.0000000000
39902  21.792  -48.565  59.926 0.0000000000
38678  21.647  -49.008  59.734 0.0000000000
46097  24.322  -43.904  60.225 0.0000000000
44807  23.270  -44.711  59.401 0.0000000000
49512  38.350  -40.541  58.776 0.0000000000
49511  39.082  -40.244  58.247 0.0000000000
50635  39.776  -39.543  57.957 0.0000000000
49540  39.678  -40.458  56.555 0.0000000000
50634  40.435  -39.243  57.270 0.0000000000
50633  41.334  -38.734  56.754 0.0000000000
50632  41.599  -38.571  56.209 0.0000000000
50647  41.602  -38.787  55.757 0.0000000000
50658  41.536  -38.878  55.431 0.0000000000
49572  40.745  -39.974  54.050 0.0000000000
50687  40.680  -39.734  53.893 0.0000000000
51736  40.580  -39.390  53.439 0.0000000000
51737  40.475  -39.644  52.833 0.0000000000
51750  40.377  -39.392  52.192 0.0000000000
51766  40.449  -39.102  51.406 0.0000000000
50741  40.381  -39.625  51.136 0.0000000000
49646  39.751  -40.250  50.541 0.0000000000
49628  39.821  -40.443  51.271 0.0000000000
49647  39.024  -40.482  50.074 0.0000000000
46291  26.706  -44.060  46.578 0.0000000000
45010  26.908  -44.248  45.801 0.0000000000
42521  27.397  -46.591  45.214 0.0000000000
68312  54.868  -24.057  45.161 0.0000000000
43646  23.029  -45.638  49.369 0.0000000000
42444  22.813  -46.169  49.207 0.0000000000
43647  22.858  -45.967  49.700 0.0000000000
42445  22.736  -46.430  49.643 0.0000000000
41226  22.548  -47.117  50.390 0.0000000000
39996  22.615  -47.944  50.237 0.0000000000
36219  22.317  -50.087  54.025 0.0000000000
37525  21.460  -50.599  51.856 0.0000000000
37545  20.666  -50.016  50.759 0.0000000000
37528  18.627  -50.263  51.190 0.0000000000
37547  18.518  -50.257  50.272 0.0000000000
47309  33.259  -42.898  59.353 0.0000000000
46105  34.981  -43.247  58.411 0.0000000000
44829  34.885  -43.559  57.299 0.0000000000
46143  34.141  -43.510  56.634 0.0000000000
44832  32.389  -43.550  57.442 0.0000000000
44848  32.514  -43.588  56.949 0.0000000000
44862  32.703  -43.606  56.036 0.0000000000
43573  31.752  -43.767  55.505 0.0000000000
43590  30.706  -44.186  55.036 0.0000000000
44878  26.436  -43.946  54.719 0.0000000000
33782  13.243  -52.594  57.527 0.0000000000
33789  13.261  -52.606  56.721 0.0000000000
34970  13.669  -52.269  55.161 0.0000000000
34959  13.108  -52.513  55.602 0.0000000000
34971  12.920  -52.454  54.886 0.0000000000
68211  52.873  -24.097  51.350 0.0000000000
66894  52.429  -24.671  52.025 0.0000000000
68195  52.047  -24.322  52.854 0.0000000000
65627  51.417  -25.540  52.876 0.0000000000
66871  50.604  -25.558  53.202 0.0000000000
66818  49.119  -25.063  55.460 0.0000000000
59731  43.619  -30.402  57.476 0.0000000000
56446  42.326  -34.757  53.826 0.0000000000
56445  42.693  -34.053  54.222 0.0000000000
57575  42.702  -33.736  52.983 0.0000000000
59797  42.565  -32.325  51.756 0.0000000000
59807  42.505  -32.091  50.732 0.0000000000
58722  41.986  -33.147  46.845 0.0000000000
58744  42.131  -33.332  46.004 0.0000000000
57690  42.169  -33.663  45.410 0.0000000000
52913  38.682  -37.660  45.978 0.0000000000
52973  38.012  -37.114  43.572 0.0000000000
52974  37.394  -37.087  43.341 0.0000000000
47400  34.334  -41.721  51.871 0.0000000000
48566  33.141  -41.288  50.073 0.0000000000
48604  33.100  -40.809  47.959 0.0000000000
47515  30.554  -42.648  44.515 0.0000000000
48653  30.753  -41.847  44.196 0.0000000000
48673  31.486  -41.459  43.617 0.0000000000
74376  57.493  -19.648  42.635 0.0000000000
70756  59.529  -22.934  43.908 0.0000000000
42390  22.998  -46.142  54.369 0.0000000000
41179  22.979  -46.964  54.555 0.0000000000
41167  22.962  -47.323  55.361 0.0000000000
38715  22.727  -48.791  55.131 0.0000000000
37480  22.562  -49.582  54.538 0.0000000000
36193  22.295  -49.989  54.759 0.0000000000
36206  21.008  -50.712  54.776 0.0000000000
44800  30.105  -43.667  59.127 0.0000000000
43517  28.823  -43.731  58.582 0.0000000000
43551  26.891  -43.711  56.989 0.0000000000
44804  26.314  -43.682  58.790 0.0000000000
43520  26.526  -43.641  58.319 0.0000000000
43535  26.456  -43.650  57.764 0.0000000000
44852  25.459  -43.819  56.307 0.0000000000
60959  49.025  -30.102  49.068 0.0000000000
70554  50.104  -23.041  56.157 0.0000000000
69381  49.632  -23.671  56.703 0.0000000000
68128  49.389  -24.246  56.574 0.0000000000
68105  49.025  -24.177  56.930 0.0000000000
68129  48.781  -24.653  56.842 0.0000000000
65575  48.241  -25.421  56.530 0.0000000000
64377  46.136  -27.616  55.200 0.0000000000
55151  43.164  -35.186  57.255 0.0000000000
55181  42.828  -35.251  55.665 0.0000000000
51694  41.653  -38.261  56.087 0.0000000000
52765  41.683  -37.763  55.777 0.0000000000
53915  41.663  -37.239  55.312 0.0000000000
53931  41.907  -36.449  55.003 0.0000000000
55200  42.135  -35.631  54.438 0.0000000000
55279  41.628  -35.811  50.350 0.0000000000
51847  39.393  -37.881  47.110 0.0000000000
51864  37.406  -38.044  45.667 0.0000000000
51865  36.474  -38.318  45.061 0.0000000000
47429  29.973  -42.929  49.592 0.0000000000
73189  55.630  -20.193  43.976 0.0000000000
73188  56.325  -20.169  44.409 0.0000000000
73166  57.712  -20.871  45.127 0.0000000000
70732  58.360  -22.031  44.607 0.0000000000
41256  23.494  -47.862  48.576 0.0000000000
41191  22.807  -47.111  53.088 0.0000000000
37523  22.671  -50.220  52.087 0.0000000000
36254  22.262  -50.775  51.362 0.0000000000
37567  23.355  -50.348  49.816 0.0000000000
49499  37.377  -40.377  59.755 0.0000000000
49513  37.744  -40.696  59.166 0.0000000000
47374  38.334  -42.187  53.828 0.0000000000
47375  37.418  -42.157  53.874 0.0000000000
47376  36.422  -42.184  53.603 0.0000000000
47393  31.774  -42.830  52.146 0.0000000000
43530  30.683  -43.890  57.912 0.0000000000
44834  29.770  -44.315  56.964 0.0000000000
44849  30.226  -44.421  56.624 0.0000000000
43561  30.596  -44.394  56.631 0.0000000000
43575  30.552  -44.485  55.889 0.0000000000
43578  28.306  -44.206  55.468 0.0000000000
43593  28.675  -44.099  54.706 0.0000000000
43592  29.517  -44.111  54.921 0.0000000000
43604  30.070  -43.929  54.384 0.0000000000
43613  30.274  -43.625  53.673 0.0000000000
43625  29.873  -43.526  53.035 0.0000000000
44922  29.953  -43.751  52.309 0.0000000000
46232  30.133  -43.597  50.862 0.0000000000
46244  29.825  -43.454  50.195 0.0000000000
46259  28.319  -43.677  48.697 0.0000000000
46275  26.741  -43.982  46.896 0.0000000000
43718  25.666  -45.753  45.682 0.0000000000
42522  26.265  -46.868  45.543 0.0000000000
67003  51.922  -26.318  47.581 0.0000000000
63297  51.714  -28.410  47.721 0.0000000000
60957  51.516  -30.052  49.243 0.0000000000
59817  50.316  -31.775  49.678 0.0000000000
44763  21.156  -45.426  61.315 0.0000000000
42334  21.465  -46.549  61.952 0.0000000000
41096  21.235  -47.193  62.115 0.0000000000
41095  21.694  -47.260  61.830 0.0000000000
39869  21.772  -48.044  61.502 0.0000000000
38665  21.442  -48.980  60.459 0.0000000000
37419  21.213  -49.442  60.117 0.0000000000
38649  20.418  -49.391  61.469 0.0000000000
37408  20.737  -49.665  61.041 0.0000000000
37420  20.840  -49.809  60.425 0.0000000000
36145  21.137  -49.998  59.453 0.0000000000
36157  21.002  -50.346  58.944 0.0000000000
36168  20.942  -50.572  58.119 0.0000000000
36169  20.159  -50.771  57.750 0.0000000000
36159  19.248  -50.654  58.525 0.0000000000
36196  18.724  -50.813  55.350 0.0000000000
34916  16.526  -51.262  59.700 0.0000000000
34925  16.824  -51.287  59.027 0.0000000000
34932  17.218  -51.230  58.475 0.0000000000
34942  17.163  -51.308  57.667 0.0000000000
34954  16.795  -51.410  56.890 0.0000000000
36172  17.370  -50.985  56.897 0.0000000000
36237  16.958  -50.988  51.924 0.0000000000
34993  14.304  -52.142  53.656 0.0000000000
76644  56.416  -17.549  45.097 0.0000000000
74349  55.623  -19.746  44.305 0.0000000000
73134  55.595  -20.488  47.188 0.0000000000
66983  52.846  -25.083  47.466 0.0000000000
70685  54.435  -22.283  49.358 0.0000000000
65723  52.056  -26.266  48.348 0.0000000000
65706  51.974  -26.941  49.388 0.0000000000
63267  49.130  -28.798  50.598 0.0000000000
63268  49.097  -28.847  50.176 0.0000000000
68157  51.255  -24.258  54.246 0.0000000000
68143  50.947  -24.278  55.239 0.0000000000
66815  50.990  -24.554  54.854 0.0000000000
66830  50.878  -24.736  54.319 0.0000000000
66851  48.369  -25.203  53.024 0.0000000000
66872  49.896  -25.647  52.858 0.0000000000
65672  49.442  -26.841  51.417 0.0000000000
65673  48.939  -26.460  50.781 0.0000000000
64503  48.389  -28.407  48.005 0.0000000000
62120  48.246  -29.541  47.596 0.0000000000
64478  46.468  -27.232  49.360 0.0000000000
64365  45.894  -27.420  56.781 0.0000000000
63160  46.010  -27.404  56.343 0.0000000000
63193  45.067  -28.060  54.105 0.0000000000
59732  43.464  -31.061  57.228 0.0000000000
60837  43.673  -30.836  56.834 0.0000000000
57564  43.288  -33.507  54.706 0.0000000000
58643  43.682  -32.465  54.703 0.0000000000
59755  43.601  -31.502  56.015 0.0000000000
60857  43.677  -30.730  56.416 0.0000000000
63178  44.452  -29.019  55.482 0.0000000000
63247  44.321  -28.963  51.555 0.0000000000
62071  43.820  -29.649  51.603 0.0000000000
59830  43.051  -30.940  48.701 0.0000000000
60961  43.479  -30.339  48.808 0.0000000000
62105  43.923  -29.756  48.128 0.0000000000
56648  42.351  -34.248  42.551 0.0000000000
54168  40.191  -36.108  43.028 0.0000000000
49617  38.173  -41.125  51.289 0.0000000000
49633  35.028  -40.583  49.906 0.0000000000
51884  35.192  -38.885  44.096 0.0000000000
48592  31.676  -41.510  48.410 0.0000000000
48593  31.044  -41.773  47.976 0.0000000000
48622  32.968  -40.952  47.294 0.0000000000
49706  31.684  -40.815  45.596 0.0000000000
50844  34.785  -39.079  44.346 0.0000000000
74361  57.995  -19.822  43.971 0.0000000000
64535  53.268  -27.222  45.756 0.0000000000
33800  13.257  -52.570  56.375 0.0000000000
34923  17.747  -50.837  59.048 0.0000000000
34978  16.464  -51.446  55.431 0.0000000000
36127  20.146  -50.334  60.930 0.0000000000
36137  20.699  -50.019  60.250 0.0000000000
36156  21.260  -50.052  59.227 0.0000000000
36192  22.455  -49.835  54.698 0.0000000000
36204  22.442  -49.764  54.163 0.0000000000
36205  22.078  -50.154  54.198 0.0000000000
36218  22.420  -49.884  53.919 0.0000000000
37421  20.584  -50.005  60.835 0.0000000000
37431  21.013  -49.750  59.958 0.0000000000
37481  22.124  -50.055  54.609 0.0000000000
37548  17.964  -50.549  49.833 0.0000000000
38647  21.443  -48.712  61.065 0.0000000000
38752  20.259  -49.843  51.426 0.0000000000
38768  19.818  -49.660  51.116 0.0000000000
39856  20.973  -47.836  61.765 0.0000000000
43493  20.852  -45.942  61.822 0.0000000000
43507  22.574  -46.042  60.269 0.0000000000
43544  32.322  -43.519  57.671 0.0000000000
43669  23.838  -45.669  47.112 0.0000000000
43670  23.553  -45.885  47.539 0.0000000000
44833  30.046  -44.382  56.843 0.0000000000
44845  34.852  -43.493  56.946 0.0000000000
44846  34.426  -43.553  57.002 0.0000000000
44851  29.382  -44.296  56.654 0.0000000000
44861  33.347  -43.523  56.209 0.0000000000
44864  30.086  -44.461  56.204 0.0000000000
46171  33.160  -43.487  55.534 0.0000000000
47394  31.307  -43.162  52.004 0.0000000000
48544  39.874  -40.999  52.090 0.0000000000
49604  40.180  -40.647  52.431 0.0000000000
56422  42.698  -35.108  55.388 0.0000000000
57550  43.459  -33.936  56.287 0.0000000000
57563  43.626  -32.997  54.762 0.0000000000
58745  41.999  -33.490  46.394 0.0000000000
63319  46.084  -28.847  46.915 0.0000000000
64349  46.713  -26.427  57.485 0.0000000000
64504  48.170  -28.114  47.959 0.0000000000
65563  46.892  -26.139  57.501 0.0000000000
65650  48.102  -25.976  50.932 0.0000000000
66802  50.387  -24.639  55.573 0.0000000000
66814  51.068  -24.607  54.660 0.0000000000
66829  51.005  -24.459  54.481 0.0000000000
67075  56.325  -24.973  44.139 0.0000000000
67076  56.118  -25.124  44.110 0.0000000000
68106  48.582  -24.447  57.124 0.0000000000
68142  51.060  -24.400  54.716 0.0000000000
68144  50.753  -24.383  55.400 0.0000000000
68350  55.853  -24.928  44.161 0.0000000000
69379  50.804  -23.968  55.607 0.0000000000
69402  51.325  -24.015  54.772 0.0000000000
69455  52.338  -23.917  52.609 0.0000000000
73168  55.741  -20.281  44.591 0.0000000000
74335  55.372  -20.000  44.423 0.0000000000
