#!ascii label  , from subject 3584 vox2ras=TkReg
375
123005  -17.715  -2.816  -17.456 0.0000000000
115658  -16.026  -7.939  -16.110 0.0000000000
116894  -20.916  -7.252  -15.620 0.0000000000
110655  -18.776  -12.363  -16.421 0.0000000000
138041  -15.831  10.546  -13.221 0.0000000000
133600  -18.035  6.794  -14.420 0.0000000000
127856  -14.553  1.844  -17.016 0.0000000000
105126  -18.273  -16.540  -14.705 0.0000000000
114408  -17.090  -9.521  -16.532 0.0000000000
110612  -16.256  -12.016  -14.706 0.0000000000
135803  -17.555  8.455  -13.780 0.0000000000
133596  -14.650  6.575  -14.642 0.0000000000
121830  -15.214  -3.390  -17.142 0.0000000000
124181  -14.207  -1.451  -15.203 0.0000000000
125345  -16.859  -0.546  -17.619 0.0000000000
129009  -17.084  2.012  -15.787 0.0000000000
125323  -18.601  -0.609  -14.872 0.0000000000
122974  -19.819  -2.536  -14.606 0.0000000000
118085  -13.944  -5.969  -14.966 0.0000000000
119309  -16.662  -5.438  -17.549 0.0000000000
120558  -20.223  -4.787  -16.664 0.0000000000
116921  -18.186  -7.531  -17.059 0.0000000000
114411  -19.872  -9.574  -16.308 0.0000000000
111935  -21.174  -11.730  -15.539 0.0000000000
130088  -13.064  3.433  -14.480 0.0000000000
131261  -16.105  4.022  -15.524 0.0000000000
131227  -18.463  4.504  -13.635 0.0000000000
109290  -16.340  -13.533  -13.734 0.0000000000
107900  -18.100  -14.231  -15.354 0.0000000000
113180  -15.920  -10.397  -14.636 0.0000000000
110598  -15.346  -12.113  -13.006 0.0000000000
134713  -14.277  7.451  -14.332 0.0000000000
132436  -13.008  5.552  -13.914 0.0000000000
123016  -16.889  -2.391  -17.850 0.0000000000
123024  -15.897  -1.768  -18.095 0.0000000000
124190  -17.053  -1.379  -17.373 0.0000000000
125330  -17.485  -0.531  -16.326 0.0000000000
124183  -17.781  -1.349  -15.988 0.0000000000
124171  -19.335  -1.490  -14.559 0.0000000000
121773  -18.869  -3.043  -15.458 0.0000000000
116905  -15.367  -6.862  -16.114 0.0000000000
119301  -15.417  -5.443  -16.676 0.0000000000
118116  -16.531  -6.531  -17.180 0.0000000000
118117  -17.425  -6.713  -17.134 0.0000000000
116919  -16.768  -7.624  -17.178 0.0000000000
111951  -17.393  -10.976  -16.133 0.0000000000
114409  -17.934  -9.658  -16.714 0.0000000000
113220  -19.199  -10.498  -16.481 0.0000000000
113221  -20.272  -10.660  -16.049 0.0000000000
110656  -19.715  -12.197  -16.391 0.0000000000
138024  -14.215  10.115  -13.452 0.0000000000
138013  -14.435  10.132  -12.461 0.0000000000
139208  -16.106  10.820  -12.513 0.0000000000
139194  -16.292  11.403  -12.068 0.0000000000
138043  -18.092  10.301  -12.802 0.0000000000
134699  -18.079  7.649  -14.278 0.0000000000
125335  -13.827  0.097  -16.752 0.0000000000
127850  -13.515  1.448  -15.738 0.0000000000
128997  -13.643  2.386  -15.787 0.0000000000
131277  -14.104  4.264  -16.051 0.0000000000
130126  -15.597  3.277  -16.440 0.0000000000
127844  -18.221  1.501  -14.465 0.0000000000
130092  -17.739  3.341  -14.050 0.0000000000
130074  -19.149  3.464  -13.325 0.0000000000
119302  -20.556  -5.579  -16.261 0.0000000000
120533  -20.416  -4.752  -15.492 0.0000000000
105124  -16.904  -15.893  -14.311 0.0000000000
106484  -17.297  -15.297  -14.624 0.0000000000
107878  -17.523  -14.338  -14.951 0.0000000000
106500  -17.864  -14.908  -15.068 0.0000000000
115624  -15.135  -8.790  -14.695 0.0000000000
115659  -16.404  -8.501  -16.358 0.0000000000
113199  -16.183  -9.954  -15.264 0.0000000000
113200  -16.508  -10.501  -15.542 0.0000000000
110630  -17.291  -12.104  -15.585 0.0000000000
138053  -14.831  9.820  -14.396 0.0000000000
138055  -16.239  9.727  -13.441 0.0000000000
135820  -15.254  8.412  -14.542 0.0000000000
134715  -15.973  7.549  -14.478 0.0000000000
133598  -16.421  6.516  -14.461 0.0000000000
121817  -14.562  -3.388  -16.114 0.0000000000
123013  -14.590  -2.182  -16.512 0.0000000000
124197  -14.944  -1.041  -17.508 0.0000000000
126596  -15.627  0.391  -17.600 0.0000000000
129007  -15.901  2.218  -16.762 0.0000000000
126589  -16.794  0.806  -17.256 0.0000000000
127852  -18.205  0.897  -14.869 0.0000000000
126560  -18.711  0.932  -14.004 0.0000000000
125310  -19.679  -0.458  -14.095 0.0000000000
103905  -19.374  -17.527  -14.191 0.0000000000
105127  -19.152  -16.598  -14.508 0.0000000000
120554  -14.787  -4.506  -15.831 0.0000000000
120563  -15.751  -4.453  -17.196 0.0000000000
121833  -17.722  -3.690  -17.763 0.0000000000
121820  -18.916  -3.810  -16.498 0.0000000000
120566  -18.216  -4.637  -17.664 0.0000000000
119312  -19.131  -5.745  -17.273 0.0000000000
116910  -19.798  -7.376  -16.654 0.0000000000
114427  -17.319  -8.887  -17.165 0.0000000000
115678  -18.999  -8.376  -16.920 0.0000000000
115662  -20.530  -8.807  -16.164 0.0000000000
114413  -21.502  -9.768  -15.961 0.0000000000
113203  -21.501  -10.306  -15.229 0.0000000000
136893  -17.700  9.269  -13.191 0.0000000000
132463  -13.793  4.824  -15.188 0.0000000000
132466  -15.351  5.165  -15.254 0.0000000000
132453  -16.789  5.499  -14.353 0.0000000000
130111  -16.838  2.985  -15.465 0.0000000000
131242  -17.324  4.462  -13.915 0.0000000000
132437  -18.219  5.637  -13.749 0.0000000000
121799  -19.788  -4.087  -15.119 0.0000000000
121776  -21.103  -3.732  -14.561 0.0000000000
109289  -15.738  -13.361  -13.046 0.0000000000
110607  -16.429  -13.051  -14.304 0.0000000000
110614  -17.316  -13.087  -15.340 0.0000000000
109316  -18.392  -13.424  -15.748 0.0000000000
107879  -19.687  -14.846  -15.077 0.0000000000
107902  -19.516  -14.110  -15.439 0.0000000000
109318  -20.088  -13.386  -15.865 0.0000000000
123004  -17.427  -2.074  -17.060 0.0000000000
124182  -17.453  -1.473  -16.661 0.0000000000
122991  -18.102  -2.254  -16.511 0.0000000000
122972  -18.957  -2.375  -15.900 0.0000000000
121797  -18.852  -3.057  -16.281 0.0000000000
115643  -15.123  -8.017  -15.313 0.0000000000
116892  -15.018  -7.343  -15.451 0.0000000000
118102  -16.059  -6.950  -16.702 0.0000000000
116907  -16.212  -7.517  -16.698 0.0000000000
111952  -17.772  -11.415  -16.285 0.0000000000
111953  -18.595  -11.378  -16.472 0.0000000000
111954  -19.433  -11.450  -16.305 0.0000000000
138025  -14.886  10.591  -12.919 0.0000000000
139209  -16.647  10.925  -12.672 0.0000000000
139210  -17.423  10.960  -12.751 0.0000000000
138042  -16.990  10.214  -13.217 0.0000000000
134717  -17.709  7.119  -14.417 0.0000000000
134700  -18.853  7.542  -13.482 0.0000000000
133584  -18.470  6.549  -13.864 0.0000000000
127862  -14.358  1.205  -17.324 0.0000000000
126587  -13.719  0.546  -16.516 0.0000000000
127855  -13.877  1.555  -16.667 0.0000000000
129005  -14.341  2.712  -16.325 0.0000000000
129006  -15.183  2.318  -16.959 0.0000000000
127830  -18.818  1.544  -13.749 0.0000000000
128986  -18.333  2.458  -14.014 0.0000000000
118106  -20.499  -6.635  -16.067 0.0000000000
119303  -21.001  -5.874  -15.625 0.0000000000
118107  -21.172  -6.323  -15.530 0.0000000000
103903  -17.811  -17.144  -14.615 0.0000000000
105125  -17.385  -16.469  -14.424 0.0000000000
106483  -16.545  -15.355  -14.265 0.0000000000
106485  -18.061  -15.610  -14.778 0.0000000000
114377  -15.287  -9.395  -14.398 0.0000000000
114395  -15.850  -9.465  -15.216 0.0000000000
111915  -16.040  -11.456  -14.551 0.0000000000
113181  -16.256  -10.965  -14.930 0.0000000000
111916  -16.431  -11.513  -15.114 0.0000000000
111932  -17.091  -11.446  -15.702 0.0000000000
136904  -13.798  9.380  -14.503 0.0000000000
136906  -15.422  9.133  -14.309 0.0000000000
135819  -14.427  8.453  -14.480 0.0000000000
134714  -14.970  7.544  -14.763 0.0000000000
133597  -15.454  6.569  -14.638 0.0000000000
121829  -14.779  -2.761  -16.880 0.0000000000
125349  -15.968  -1.137  -18.186 0.0000000000
124204  -15.420  -1.271  -17.873 0.0000000000
125344  -16.127  -0.638  -17.980 0.0000000000
126597  -16.627  0.382  -17.541 0.0000000000
127865  -16.465  0.902  -17.273 0.0000000000
125331  -17.898  -0.601  -15.524 0.0000000000
126583  -17.453  0.361  -15.855 0.0000000000
126584  -18.104  0.306  -15.155 0.0000000000
126575  -18.695  0.353  -14.430 0.0000000000
126576  -19.320  -0.014  -14.236 0.0000000000
125324  -19.256  -0.497  -14.461 0.0000000000
122975  -20.910  -2.578  -14.459 0.0000000000
102723  -18.867  -17.960  -14.250 0.0000000000
103891  -19.815  -17.614  -13.934 0.0000000000
119282  -14.216  -5.364  -15.148 0.0000000000
119261  -14.083  -4.914  -14.807 0.0000000000
119300  -14.906  -5.441  -15.864 0.0000000000
119308  -16.007  -5.389  -17.280 0.0000000000
120564  -16.523  -4.482  -17.613 0.0000000000
121832  -17.049  -3.607  -17.964 0.0000000000
120565  -17.302  -4.583  -17.914 0.0000000000
119310  -17.425  -5.632  -17.673 0.0000000000
118103  -17.616  -6.793  -16.904 0.0000000000
119311  -18.271  -5.759  -17.490 0.0000000000
118118  -18.198  -6.642  -17.025 0.0000000000
118119  -19.315  -6.723  -17.032 0.0000000000
115675  -16.974  -8.533  -17.349 0.0000000000
114410  -18.792  -9.372  -16.685 0.0000000000
115660  -18.923  -8.664  -16.778 0.0000000000
115661  -19.574  -8.487  -16.690 0.0000000000
114412  -20.890  -9.712  -16.166 0.0000000000
111934  -20.672  -11.440  -15.811 0.0000000000
113222  -21.167  -10.339  -15.943 0.0000000000
113202  -21.272  -10.871  -15.505 0.0000000000
113182  -21.602  -10.791  -15.128 0.0000000000
136892  -16.918  9.171  -13.568 0.0000000000
130072  -13.331  2.856  -13.962 0.0000000000
131239  -13.097  4.555  -14.631 0.0000000000
131257  -13.486  4.505  -15.359 0.0000000000
131260  -15.484  4.300  -15.863 0.0000000000
131259  -14.516  4.685  -15.901 0.0000000000
131240  -15.691  4.861  -15.165 0.0000000000
132452  -15.822  5.511  -14.709 0.0000000000
131241  -16.249  4.463  -14.873 0.0000000000
129008  -16.562  2.272  -16.291 0.0000000000
130127  -16.103  2.818  -16.405 0.0000000000
128998  -16.804  2.626  -15.754 0.0000000000
131243  -18.042  3.927  -13.864 0.0000000000
131226  -17.851  5.090  -13.663 0.0000000000
120557  -19.454  -4.384  -16.639 0.0000000000
121798  -19.503  -3.560  -15.956 0.0000000000
120532  -20.114  -4.129  -16.122 0.0000000000
121800  -20.437  -4.251  -14.709 0.0000000000
107862  -16.453  -14.483  -13.936 0.0000000000
110606  -15.848  -12.493  -14.145 0.0000000000
109302  -17.192  -13.593  -14.898 0.0000000000
109315  -17.669  -13.565  -15.420 0.0000000000
106486  -18.944  -15.609  -15.001 0.0000000000
109317  -19.182  -13.547  -15.877 0.0000000000
113171  -15.366  -10.259  -13.595 0.0000000000
113159  -15.458  -10.569  -12.931 0.0000000000
111909  -15.479  -11.332  -13.922 0.0000000000
134712  -13.719  7.229  -13.861 0.0000000000
133595  -13.981  6.425  -14.328 0.0000000000
121831  -16.201  -3.457  -17.718 0.0000000000
123015  -15.893  -2.340  -17.904 0.0000000000
124199  -16.619  -1.291  -17.833 0.0000000000
125337  -17.299  -0.531  -17.144 0.0000000000
124170  -18.597  -1.587  -15.502 0.0000000000
122973  -18.855  -2.460  -14.927 0.0000000000
118067  -14.437  -6.811  -14.062 0.0000000000
118086  -14.327  -6.428  -15.172 0.0000000000
118100  -15.080  -6.334  -16.054 0.0000000000
118101  -15.718  -6.393  -16.801 0.0000000000
118115  -16.130  -5.992  -17.420 0.0000000000
116920  -17.392  -7.696  -17.292 0.0000000000
113218  -17.582  -10.451  -16.453 0.0000000000
113219  -18.288  -10.495  -16.704 0.0000000000
111955  -20.107  -11.565  -16.183 0.0000000000
110657  -20.305  -12.070  -16.152 0.0000000000
136876  -13.703  9.686  -12.993 0.0000000000
138026  -15.627  10.854  -12.396 0.0000000000
139196  -18.196  11.474  -12.407 0.0000000000
134698  -17.456  8.069  -14.235 0.0000000000
135804  -18.318  8.414  -13.414 0.0000000000
127841  -13.115  1.028  -14.080 0.0000000000
127842  -13.362  1.371  -14.741 0.0000000000
128984  -13.151  2.360  -15.020 0.0000000000
128983  -13.240  3.038  -15.299 0.0000000000
130123  -13.691  3.912  -15.888 0.0000000000
129004  -14.016  3.394  -16.037 0.0000000000
131279  -15.176  3.837  -16.460 0.0000000000
130109  -15.821  3.711  -16.169 0.0000000000
127843  -17.588  1.898  -14.800 0.0000000000
128985  -17.616  2.485  -14.499 0.0000000000
130073  -18.530  3.374  -13.811 0.0000000000
119283  -20.849  -5.350  -15.380 0.0000000000
106471  -16.097  -15.433  -13.534 0.0000000000
109301  -16.700  -13.614  -14.391 0.0000000000
107877  -16.907  -14.456  -14.545 0.0000000000
106501  -18.467  -14.922  -15.281 0.0000000000
115623  -14.863  -8.360  -14.682 0.0000000000
115644  -15.586  -8.452  -15.391 0.0000000000
115645  -16.067  -8.965  -15.666 0.0000000000
114396  -16.394  -9.466  -15.729 0.0000000000
113217  -17.116  -10.585  -16.090 0.0000000000
110654  -18.218  -11.940  -16.305 0.0000000000
136875  -13.444  9.027  -12.555 0.0000000000
136891  -13.395  9.854  -13.937 0.0000000000
138040  -14.874  10.236  -13.760 0.0000000000
138054  -15.492  9.740  -13.777 0.0000000000
136907  -16.143  9.005  -13.772 0.0000000000
135821  -16.215  8.326  -14.286 0.0000000000
135831  -16.857  8.159  -14.305 0.0000000000
134716  -17.032  7.562  -14.296 0.0000000000
133599  -17.441  6.473  -14.330 0.0000000000
124189  -14.150  -1.376  -16.153 0.0000000000
123014  -15.241  -1.961  -17.278 0.0000000000
124196  -14.613  -1.176  -16.884 0.0000000000
125342  -14.378  -0.291  -17.326 0.0000000000
126595  -14.730  0.476  -17.525 0.0000000000
127863  -15.081  1.385  -17.497 0.0000000000
129015  -15.634  1.826  -17.145 0.0000000000
127864  -15.891  1.207  -17.324 0.0000000000
127858  -16.437  1.308  -16.875 0.0000000000
127859  -17.115  1.326  -16.227 0.0000000000
126590  -17.302  0.501  -17.017 0.0000000000
127851  -17.635  1.348  -15.306 0.0000000000
126561  -19.426  0.453  -13.746 0.0000000000
124155  -19.593  -0.912  -14.299 0.0000000000
103904  -18.439  -17.537  -14.374 0.0000000000
121818  -14.925  -3.966  -16.445 0.0000000000
123017  -17.340  -3.139  -17.757 0.0000000000
121819  -18.466  -3.448  -17.184 0.0000000000
120556  -18.747  -4.312  -16.962 0.0000000000
120567  -18.989  -5.068  -17.166 0.0000000000
120573  -19.185  -5.337  -17.222 0.0000000000
119319  -19.586  -5.359  -17.164 0.0000000000
119313  -19.869  -5.612  -17.043 0.0000000000
118120  -20.067  -6.251  -16.684 0.0000000000
118105  -19.939  -6.744  -16.669 0.0000000000
115676  -17.639  -8.405  -17.330 0.0000000000
114428  -17.741  -9.005  -16.932 0.0000000000
115677  -18.429  -8.542  -16.995 0.0000000000
116922  -19.080  -7.859  -17.047 0.0000000000
116911  -20.355  -7.795  -16.115 0.0000000000
115646  -21.056  -8.142  -15.773 0.0000000000
115663  -21.262  -9.041  -15.905 0.0000000000
136894  -18.541  9.217  -12.729 0.0000000000
131225  -13.137  4.575  -13.567 0.0000000000
132449  -13.602  5.316  -14.632 0.0000000000
132450  -14.384  5.617  -14.697 0.0000000000
131258  -13.939  4.626  -15.621 0.0000000000
132465  -14.822  5.229  -15.462 0.0000000000
132451  -15.050  5.695  -14.739 0.0000000000
133583  -18.036  6.208  -14.258 0.0000000000
130090  -16.356  3.813  -15.268 0.0000000000
130091  -16.933  3.419  -14.863 0.0000000000
132454  -17.552  5.646  -13.894 0.0000000000
121774  -19.306  -3.318  -14.905 0.0000000000
121775  -20.217  -3.432  -14.694 0.0000000000
110613  -16.766  -12.574  -15.052 0.0000000000
110631  -17.805  -12.528  -15.819 0.0000000000
110632  -18.419  -12.901  -16.154 0.0000000000
106502  -19.088  -14.779  -15.379 0.0000000000
107901  -18.789  -14.154  -15.493 0.0000000000
109337  -18.809  -13.129  -16.288 0.0000000000
109338  -19.466  -12.973  -16.395 0.0000000000
109339  -20.108  -12.657  -16.240 0.0000000000
102724  -19.109  -18.120  -14.191 0.0000000000
111933  -17.516  -11.861  -15.811 0.0000000000
113201  -20.847  -10.799  -15.733 0.0000000000
113223  -21.432  -10.206  -15.704 0.0000000000
114429  -18.200  -9.122  -16.801 0.0000000000
116893  -15.363  -7.787  -15.535 0.0000000000
116906  -15.683  -7.392  -16.098 0.0000000000
116908  -17.657  -7.128  -16.851 0.0000000000
116909  -17.932  -7.059  -16.776 0.0000000000
118087  -20.949  -6.713  -15.572 0.0000000000
118104  -17.828  -6.885  -16.823 0.0000000000
119318  -19.395  -5.451  -17.202 0.0000000000
120555  -15.202  -4.535  -16.531 0.0000000000
120568  -19.670  -5.018  -17.138 0.0000000000
120574  -19.389  -5.213  -17.175 0.0000000000
122990  -17.576  -1.985  -16.660 0.0000000000
123023  -15.672  -1.746  -17.907 0.0000000000
124198  -16.191  -1.555  -18.099 0.0000000000
124205  -15.815  -1.406  -18.119 0.0000000000
125341  -13.800  0.081  -17.003 0.0000000000
125343  -15.249  -0.488  -17.779 0.0000000000
125348  -15.706  -0.987  -18.123 0.0000000000
126588  -13.901  0.098  -16.520 0.0000000000
126594  -13.938  0.594  -17.242 0.0000000000
126598  -17.194  0.014  -17.482 0.0000000000
127857  -15.922  1.634  -17.041 0.0000000000
128996  -13.727  3.212  -15.727 0.0000000000
128999  -17.208  2.402  -15.206 0.0000000000
129014  -15.430  1.720  -17.331 0.0000000000
130108  -13.171  3.798  -15.342 0.0000000000
130110  -16.306  3.380  -15.893 0.0000000000
130124  -14.296  3.647  -16.201 0.0000000000
130125  -14.887  3.366  -16.546 0.0000000000
131276  -13.770  4.338  -15.761 0.0000000000
131278  -14.725  4.078  -16.298 0.0000000000
132464  -14.174  5.017  -15.225 0.0000000000
134728  -16.534  7.868  -14.398 0.0000000000
134729  -16.791  7.917  -14.379 0.0000000000
135822  -16.925  8.442  -14.144 0.0000000000
135830  -16.626  8.097  -14.369 0.0000000000
136905  -14.654  9.247  -14.633 0.0000000000
138052  -14.328  9.712  -14.577 0.0000000000
