#!ascii label  , from subject 3584 vox2ras=TkReg
1356
69355  9.201  -46.374  70.756 0.0000000000
67109  5.328  -48.712  52.432 0.0000000000
59824  3.466  -52.198  68.145 0.0000000000
69397  4.758  -45.848  67.543 0.0000000000
78266  7.044  -40.550  65.239 0.0000000000
61240  5.820  -51.250  74.302 0.0000000000
68054  4.459  -47.234  74.908 0.0000000000
69378  13.034  -47.506  67.276 0.0000000000
59808  8.879  -51.507  70.514 0.0000000000
55608  4.843  -54.541  66.132 0.0000000000
78168  4.446  -40.220  71.237 0.0000000000
74247  4.794  -42.836  65.739 0.0000000000
83648  4.249  -35.639  67.598 0.0000000000
59927  2.490  -53.921  61.409 0.0000000000
62809  4.431  -50.654  61.589 0.0000000000
65472  4.297  -49.783  68.385 0.0000000000
74129  3.560  -43.271  73.183 0.0000000000
68261  5.410  -47.098  59.061 0.0000000000
74317  4.558  -43.177  58.065 0.0000000000
79780  6.400  -41.772  57.233 0.0000000000
81101  9.545  -38.177  63.955 0.0000000000
65375  8.472  -48.705  73.486 0.0000000000
68048  7.641  -47.239  74.744 0.0000000000
69371  11.769  -47.422  68.858 0.0000000000
66785  13.580  -48.967  71.270 0.0000000000
65386  10.612  -49.356  72.637 0.0000000000
59794  7.294  -51.363  72.190 0.0000000000
81003  4.380  -37.821  69.475 0.0000000000
58465  3.579  -53.585  64.116 0.0000000000
61335  4.046  -52.321  65.264 0.0000000000
62722  2.965  -51.102  67.946 0.0000000000
72824  6.886  -43.887  75.685 0.0000000000
70529  4.102  -45.782  73.617 0.0000000000
57055  3.741  -54.158  67.239 0.0000000000
54200  4.028  -55.301  63.657 0.0000000000
55636  3.550  -54.147  64.496 0.0000000000
55708  2.661  -54.505  62.220 0.0000000000
66876  3.681  -48.273  64.836 0.0000000000
66927  4.790  -48.669  60.946 0.0000000000
69445  4.132  -46.870  63.126 0.0000000000
75624  5.977  -42.525  64.664 0.0000000000
74267  4.338  -43.308  61.202 0.0000000000
76990  5.328  -42.425  61.000 0.0000000000
77009  4.531  -41.810  58.217 0.0000000000
78313  6.533  -41.877  60.863 0.0000000000
59810  4.350  -51.313  70.864 0.0000000000
64069  2.980  -50.443  71.197 0.0000000000
65373  4.739  -49.109  75.325 0.0000000000
70507  6.376  -45.469  75.158 0.0000000000
66847  15.787  -48.343  66.549 0.0000000000
61310  13.927  -50.202  65.835 0.0000000000
64097  12.716  -49.115  67.939 0.0000000000
59817  9.392  -50.335  68.493 0.0000000000
58439  6.673  -52.503  68.745 0.0000000000
57028  5.125  -53.137  70.126 0.0000000000
75559  3.278  -42.400  69.831 0.0000000000
72942  4.596  -43.617  67.266 0.0000000000
76918  2.932  -41.051  67.795 0.0000000000
79629  4.770  -39.840  67.930 0.0000000000
81063  5.737  -38.824  67.013 0.0000000000
70588  11.165  -44.880  68.310 0.0000000000
64121  19.101  -48.942  64.377 0.0000000000
69408  19.762  -46.726  65.213 0.0000000000
70604  15.095  -47.120  64.384 0.0000000000
70595  13.020  -45.954  66.383 0.0000000000
60015  2.452  -54.441  58.228 0.0000000000
62888  2.724  -52.637  58.339 0.0000000000
62790  3.705  -52.422  61.750 0.0000000000
64130  4.238  -50.431  64.812 0.0000000000
68134  4.251  -47.299  67.679 0.0000000000
66800  3.471  -48.428  71.436 0.0000000000
69366  3.603  -46.433  70.858 0.0000000000
72897  4.516  -43.982  70.549 0.0000000000
76836  3.000  -40.995  72.807 0.0000000000
64238  4.199  -51.033  57.592 0.0000000000
65672  5.846  -50.275  56.677 0.0000000000
68300  6.688  -47.222  55.089 0.0000000000
71821  4.144  -45.019  61.267 0.0000000000
71861  4.216  -44.557  59.332 0.0000000000
70740  5.934  -45.261  54.833 0.0000000000
73092  5.149  -43.237  54.885 0.0000000000
77086  5.062  -41.519  53.720 0.0000000000
85051  3.523  -34.495  66.030 0.0000000000
82329  5.891  -36.606  66.320 0.0000000000
83680  7.752  -35.864  66.017 0.0000000000
79659  7.967  -38.922  64.726 0.0000000000
78326  8.355  -40.730  60.555 0.0000000000
68075  8.697  -47.625  72.552 0.0000000000
68063  8.224  -47.452  73.323 0.0000000000
69345  8.809  -46.630  71.420 0.0000000000
68103  10.400  -47.873  70.297 0.0000000000
68092  11.191  -48.538  71.371 0.0000000000
68083  10.080  -48.472  71.829 0.0000000000
65374  8.859  -48.717  72.637 0.0000000000
65791  4.596  -49.454  51.280 0.0000000000
68343  5.254  -47.285  52.243 0.0000000000
58454  3.258  -53.341  65.337 0.0000000000
61301  3.399  -51.865  67.392 0.0000000000
61287  3.254  -51.629  68.094 0.0000000000
59851  15.006  -49.708  64.322 0.0000000000
57044  3.893  -53.354  67.444 0.0000000000
57066  3.495  -54.356  66.516 0.0000000000
57084  3.347  -53.858  65.452 0.0000000000
57100  3.508  -53.776  64.308 0.0000000000
68149  3.336  -47.524  65.563 0.0000000000
68173  4.186  -47.710  64.058 0.0000000000
70614  4.357  -46.697  65.137 0.0000000000
78267  6.593  -40.872  65.761 0.0000000000
75642  6.026  -42.443  63.141 0.0000000000
76969  6.478  -42.187  63.491 0.0000000000
76989  6.145  -42.220  61.581 0.0000000000
75633  7.275  -41.552  63.448 0.0000000000
59798  5.089  -51.099  72.360 0.0000000000
61250  4.398  -50.607  72.781 0.0000000000
62672  5.293  -49.945  74.702 0.0000000000
69316  7.236  -46.251  74.699 0.0000000000
71674  7.645  -44.556  74.583 0.0000000000
68126  14.596  -47.997  66.917 0.0000000000
65471  14.439  -48.143  66.375 0.0000000000
66815  13.107  -48.098  67.417 0.0000000000
62691  10.948  -49.967  71.277 0.0000000000
61261  11.387  -49.984  70.179 0.0000000000
59807  9.455  -50.826  70.305 0.0000000000
58426  7.522  -51.979  69.568 0.0000000000
59782  7.068  -51.122  73.518 0.0000000000
58414  6.204  -51.859  71.047 0.0000000000
58409  5.834  -51.650  71.777 0.0000000000
58424  4.758  -52.595  70.381 0.0000000000
76878  2.960  -41.247  70.194 0.0000000000
75573  3.800  -41.525  69.334 0.0000000000
78202  3.129  -40.517  69.689 0.0000000000
82296  4.368  -37.765  68.580 0.0000000000
81031  4.475  -38.903  68.452 0.0000000000
81030  4.424  -38.549  67.952 0.0000000000
81042  4.809  -38.900  67.554 0.0000000000
81029  4.705  -37.797  67.571 0.0000000000
69410  16.312  -47.627  63.934 0.0000000000
58561  2.372  -54.426  59.422 0.0000000000
61432  2.296  -53.109  59.463 0.0000000000
59950  2.758  -53.687  60.983 0.0000000000
62742  3.841  -51.181  66.199 0.0000000000
62753  4.129  -51.367  65.275 0.0000000000
64124  3.375  -50.080  65.807 0.0000000000
65503  3.561  -49.097  66.181 0.0000000000
66825  4.231  -48.525  68.117 0.0000000000
65402  2.890  -49.236  73.480 0.0000000000
65431  2.980  -49.250  71.484 0.0000000000
66774  2.455  -47.867  72.877 0.0000000000
72852  4.055  -44.020  73.189 0.0000000000
70539  3.701  -45.666  72.871 0.0000000000
71718  4.084  -44.679  72.142 0.0000000000
70562  3.941  -45.375  70.643 0.0000000000
72875  4.245  -43.777  71.810 0.0000000000
74176  3.857  -42.990  71.336 0.0000000000
75503  3.826  -41.980  72.934 0.0000000000
61313  11.932  -49.878  66.269 0.0000000000
61354  12.370  -49.223  64.741 0.0000000000
57098  5.318  -53.979  65.361 0.0000000000
57120  5.357  -54.191  63.266 0.0000000000
55632  4.737  -54.558  65.188 0.0000000000
54230  3.880  -55.432  62.726 0.0000000000
54229  4.064  -55.483  62.548 0.0000000000
58525  2.492  -54.423  61.374 0.0000000000
57200  2.248  -55.008  59.476 0.0000000000
64204  3.320  -51.788  59.328 0.0000000000
62908  3.073  -51.948  57.286 0.0000000000
64203  3.907  -51.020  59.018 0.0000000000
66964  4.852  -47.968  59.639 0.0000000000
65630  5.214  -49.611  58.662 0.0000000000
66985  5.947  -48.878  57.718 0.0000000000
67035  6.872  -48.963  55.968 0.0000000000
68282  6.519  -47.106  57.867 0.0000000000
72949  4.852  -43.340  65.635 0.0000000000
71797  5.543  -45.011  63.935 0.0000000000
74255  5.460  -43.856  63.686 0.0000000000
74284  4.338  -43.221  59.978 0.0000000000
73013  4.217  -43.952  60.143 0.0000000000
71878  4.281  -44.082  58.574 0.0000000000
70727  6.145  -44.506  56.022 0.0000000000
71894  5.257  -44.120  56.814 0.0000000000
71924  5.222  -44.178  54.307 0.0000000000
73074  5.056  -43.193  56.143 0.0000000000
78362  5.101  -41.521  57.927 0.0000000000
78386  4.852  -41.432  56.494 0.0000000000
79803  5.185  -40.719  55.881 0.0000000000
86423  3.676  -34.534  65.793 0.0000000000
83664  5.321  -35.835  66.349 0.0000000000
83682  5.798  -35.165  65.949 0.0000000000
82365  9.926  -36.545  64.524 0.0000000000
82366  9.119  -36.958  64.690 0.0000000000
82351  7.836  -36.923  65.586 0.0000000000
81102  8.774  -38.772  64.104 0.0000000000
79701  8.508  -39.958  63.338 0.0000000000
81131  8.879  -39.876  62.520 0.0000000000
62669  7.000  -49.298  73.568 0.0000000000
64017  7.193  -48.702  75.019 0.0000000000
66733  7.620  -48.071  74.481 0.0000000000
69379  12.375  -47.323  67.725 0.0000000000
66807  12.463  -48.511  69.186 0.0000000000
68101  11.961  -48.278  69.935 0.0000000000
65400  11.600  -49.296  72.359 0.0000000000
62688  9.752  -49.855  71.849 0.0000000000
59802  7.973  -51.175  71.205 0.0000000000
61244  8.500  -50.237  72.554 0.0000000000
61237  7.828  -50.144  73.194 0.0000000000
80973  3.847  -38.444  71.028 0.0000000000
80988  4.550  -38.849  70.069 0.0000000000
82270  3.946  -37.447  70.397 0.0000000000
83623  4.327  -36.074  69.165 0.0000000000
83638  4.470  -35.301  68.832 0.0000000000
58489  2.257  -53.894  62.614 0.0000000000
59902  2.616  -53.332  63.020 0.0000000000
59879  3.642  -53.329  63.882 0.0000000000
61320  3.812  -52.198  66.504 0.0000000000
64111  3.704  -50.575  67.653 0.0000000000
70508  5.204  -44.760  77.057 0.0000000000
69329  3.734  -46.465  74.232 0.0000000000
71677  5.257  -44.646  75.311 0.0000000000
74105  5.623  -43.803  74.466 0.0000000000
75467  4.846  -42.570  73.990 0.0000000000
75485  4.501  -41.441  73.351 0.0000000000
55575  4.303  -54.417  66.996 0.0000000000
55633  4.104  -55.289  64.883 0.0000000000
55610  4.007  -55.221  65.778 0.0000000000
54173  3.995  -54.933  64.351 0.0000000000
54202  3.627  -54.706  63.651 0.0000000000
54251  3.154  -55.033  61.564 0.0000000000
55686  2.745  -54.209  63.096 0.0000000000
57121  2.463  -54.137  62.910 0.0000000000
65559  4.387  -49.560  62.834 0.0000000000
65586  4.666  -49.714  61.046 0.0000000000
66900  4.443  -48.746  62.376 0.0000000000
66915  4.250  -47.194  61.653 0.0000000000
68211  4.074  -46.564  61.204 0.0000000000
75625  5.578  -42.649  64.936 0.0000000000
74261  5.596  -43.594  62.867 0.0000000000
75636  5.927  -43.029  63.270 0.0000000000
76981  4.694  -42.816  61.464 0.0000000000
75654  4.534  -42.796  59.886 0.0000000000
75671  4.435  -42.481  57.958 0.0000000000
76993  5.233  -42.425  59.903 0.0000000000
78345  5.421  -41.524  59.014 0.0000000000
78344  6.237  -41.550  59.037 0.0000000000
81099  10.654  -37.061  63.506 0.0000000000
78293  9.851  -39.250  62.663 0.0000000000
78323  10.774  -38.722  61.843 0.0000000000
59820  3.215  -52.224  69.043 0.0000000000
61272  3.655  -51.435  69.549 0.0000000000
62693  3.496  -50.588  71.316 0.0000000000
64036  4.027  -49.452  73.211 0.0000000000
66747  4.108  -48.405  75.025 0.0000000000
65368  6.491  -48.670  75.791 0.0000000000
68041  6.130  -47.310  76.266 0.0000000000
68043  5.032  -46.751  76.477 0.0000000000
70502  6.908  -45.035  75.917 0.0000000000
65501  16.147  -48.850  66.339 0.0000000000
61309  15.122  -49.669  65.363 0.0000000000
62729  14.886  -49.425  66.464 0.0000000000
64067  12.422  -49.283  69.967 0.0000000000
61275  11.281  -49.819  68.553 0.0000000000
61298  10.174  -49.837  67.332 0.0000000000
57080  6.163  -53.119  66.741 0.0000000000
57063  5.768  -53.257  67.163 0.0000000000
58420  6.965  -52.137  70.409 0.0000000000
57039  5.967  -52.504  69.285 0.0000000000
57041  4.931  -53.295  68.355 0.0000000000
57033  4.629  -52.954  68.992 0.0000000000
58430  4.122  -52.549  69.413 0.0000000000
72926  4.204  -43.842  68.844 0.0000000000
71776  4.556  -44.516  67.422 0.0000000000
72935  4.541  -43.460  68.256 0.0000000000
74241  4.526  -41.894  68.133 0.0000000000
75597  4.481  -41.703  67.578 0.0000000000
79606  3.911  -39.553  69.010 0.0000000000
78231  4.110  -40.401  68.325 0.0000000000
76940  5.010  -41.608  66.936 0.0000000000
78269  5.684  -40.997  66.995 0.0000000000
79664  5.668  -40.278  66.907 0.0000000000
81087  6.407  -39.094  66.664 0.0000000000
70560  10.032  -45.870  69.801 0.0000000000
64122  17.917  -49.123  64.534 0.0000000000
66821  20.924  -47.607  66.939 0.0000000000
69401  20.103  -46.588  65.973 0.0000000000
66833  19.737  -47.543  66.068 0.0000000000
66859  19.889  -47.919  64.944 0.0000000000
65526  18.838  -48.422  64.450 0.0000000000
65528  17.683  -48.621  65.019 0.0000000000
69395  15.263  -48.001  66.016 0.0000000000
69396  14.305  -47.614  65.952 0.0000000000
70594  13.811  -46.518  65.694 0.0000000000
70584  13.202  -46.846  66.489 0.0000000000
69390  12.361  -46.287  67.773 0.0000000000
69381  11.325  -46.210  68.764 0.0000000000
62845  2.634  -52.488  59.352 0.0000000000
62811  4.019  -51.698  60.994 0.0000000000
61357  3.651  -52.670  63.609 0.0000000000
62772  4.016  -51.620  63.521 0.0000000000
64154  4.395  -50.627  63.181 0.0000000000
65530  4.117  -49.263  64.476 0.0000000000
66849  3.308  -48.259  65.955 0.0000000000
69398  4.721  -46.104  67.799 0.0000000000
64084  4.380  -50.432  69.994 0.0000000000
65444  4.111  -49.582  70.894 0.0000000000
66808  4.199  -48.595  70.608 0.0000000000
69346  2.788  -46.361  72.947 0.0000000000
68104  3.354  -47.491  71.023 0.0000000000
66816  4.445  -48.467  69.438 0.0000000000
68120  4.269  -47.223  69.714 0.0000000000
69391  4.473  -46.331  68.666 0.0000000000
70590  4.451  -45.444  68.593 0.0000000000
72917  4.392  -43.563  70.096 0.0000000000
75531  3.848  -42.121  70.742 0.0000000000
78153  4.453  -41.007  72.379 0.0000000000
76821  3.491  -40.911  73.312 0.0000000000
78136  4.385  -40.421  72.507 0.0000000000
79550  4.323  -39.254  71.522 0.0000000000
55706  5.232  -54.626  61.568 0.0000000000
55685  4.118  -55.199  63.281 0.0000000000
65608  4.521  -50.330  58.787 0.0000000000
64260  4.993  -50.930  56.583 0.0000000000
68340  6.364  -47.612  54.017 0.0000000000
70620  5.482  -46.011  64.868 0.0000000000
70635  3.757  -45.921  62.245 0.0000000000
70660  3.407  -45.477  60.960 0.0000000000
72979  4.494  -44.027  61.090 0.0000000000
71837  4.292  -44.692  60.836 0.0000000000
69509  5.198  -46.341  58.720 0.0000000000
70711  6.038  -45.669  57.104 0.0000000000
70739  6.618  -45.751  55.038 0.0000000000
69576  6.224  -46.512  53.172 0.0000000000
70754  5.431  -45.618  52.754 0.0000000000
75684  4.642  -42.199  56.631 0.0000000000
74379  4.644  -42.710  53.969 0.0000000000
85025  4.187  -34.719  67.633 0.0000000000
86386  3.812  -33.843  67.363 0.0000000000
82332  4.224  -36.129  67.127 0.0000000000
82308  5.053  -36.967  67.285 0.0000000000
82354  5.880  -37.461  66.313 0.0000000000
81086  6.867  -38.859  66.261 0.0000000000
83662  6.898  -35.936  66.320 0.0000000000
81060  7.451  -37.903  66.013 0.0000000000
79660  7.674  -39.250  64.942 0.0000000000
76976  7.661  -40.660  63.041 0.0000000000
78327  7.440  -40.968  60.400 0.0000000000
79748  7.376  -41.429  58.599 0.0000000000
77007  8.179  -41.091  58.648 0.0000000000
68084  9.180  -47.687  71.710 0.0000000000
69354  9.893  -47.328  70.719 0.0000000000
68093  10.247  -48.116  71.189 0.0000000000
68094  9.514  -47.219  71.230 0.0000000000
65767  5.258  -49.529  51.858 0.0000000000
67110  4.888  -48.350  52.005 0.0000000000
59827  3.447  -52.428  67.281 0.0000000000
61308  16.423  -49.459  64.693 0.0000000000
59850  15.817  -49.725  64.012 0.0000000000
59831  15.303  -49.683  64.526 0.0000000000
58440  3.760  -53.003  67.189 0.0000000000
58443  3.419  -53.232  66.355 0.0000000000
69405  4.176  -46.659  66.897 0.0000000000
69412  4.223  -46.942  65.809 0.0000000000
69411  4.321  -46.172  66.442 0.0000000000
76953  6.820  -41.773  64.596 0.0000000000
75623  7.141  -42.008  64.007 0.0000000000
75634  7.027  -42.069  63.378 0.0000000000
76952  7.298  -41.174  64.489 0.0000000000
59790  5.332  -51.567  73.274 0.0000000000
61241  5.207  -51.107  74.010 0.0000000000
62677  5.584  -50.581  74.290 0.0000000000
68127  13.924  -47.669  66.417 0.0000000000
66823  13.996  -47.894  66.463 0.0000000000
66824  13.577  -47.751  66.677 0.0000000000
61264  9.886  -51.164  70.750 0.0000000000
61263  10.175  -50.370  70.341 0.0000000000
59813  8.627  -50.940  69.834 0.0000000000
59819  7.901  -51.350  69.271 0.0000000000
58432  7.415  -52.045  68.810 0.0000000000
59814  8.083  -51.493  70.004 0.0000000000
59783  6.739  -51.409  73.962 0.0000000000
59796  6.135  -51.483  72.594 0.0000000000
59789  6.074  -51.765  73.701 0.0000000000
58410  5.386  -51.389  71.777 0.0000000000
78188  3.170  -40.719  69.987 0.0000000000
78187  3.723  -40.344  70.316 0.0000000000
82295  4.365  -36.754  68.417 0.0000000000
82311  4.234  -38.170  68.279 0.0000000000
82310  4.511  -36.868  67.725 0.0000000000
59951  2.514  -53.847  60.667 0.0000000000
59972  2.422  -53.535  60.343 0.0000000000
64117  3.153  -50.263  66.724 0.0000000000
65487  3.842  -49.528  67.299 0.0000000000
66761  2.974  -48.453  74.437 0.0000000000
66773  2.688  -48.193  73.495 0.0000000000
68066  3.785  -47.489  74.537 0.0000000000
72866  4.051  -44.472  72.925 0.0000000000
72867  3.793  -43.930  72.648 0.0000000000
71728  4.068  -44.636  71.490 0.0000000000
74162  3.735  -42.964  72.250 0.0000000000
74146  3.297  -42.955  72.950 0.0000000000
57082  5.276  -54.399  65.894 0.0000000000
57099  5.114  -54.359  65.579 0.0000000000
54250  3.633  -55.442  61.765 0.0000000000
52839  3.745  -55.821  60.861 0.0000000000
58507  2.327  -54.138  61.828 0.0000000000
57155  2.558  -54.591  61.117 0.0000000000
58508  2.494  -54.176  61.288 0.0000000000
58542  2.145  -54.321  60.077 0.0000000000
62828  4.068  -51.421  60.487 0.0000000000
64220  3.438  -51.613  58.461 0.0000000000
64185  4.225  -51.174  60.008 0.0000000000
68240  5.053  -47.166  59.618 0.0000000000
66963  5.053  -48.382  59.019 0.0000000000
68239  5.223  -47.527  59.046 0.0000000000
68259  6.345  -47.760  57.633 0.0000000000
72955  4.931  -43.379  65.126 0.0000000000
72956  5.217  -44.015  64.619 0.0000000000
74299  4.404  -43.161  59.136 0.0000000000
73031  4.182  -43.592  59.465 0.0000000000
73048  4.417  -43.810  58.475 0.0000000000
73059  4.781  -43.567  57.468 0.0000000000
71908  5.592  -43.837  55.526 0.0000000000
78384  5.848  -41.639  57.061 0.0000000000
78385  5.166  -41.476  56.770 0.0000000000
78411  5.438  -41.017  56.233 0.0000000000
87740  4.418  -33.191  66.598 0.0000000000
86406  4.605  -34.020  66.111 0.0000000000
85050  4.550  -34.526  65.942 0.0000000000
82372  9.686  -37.318  64.204 0.0000000000
82349  9.514  -36.235  65.247 0.0000000000
82373  9.146  -37.799  64.456 0.0000000000
81117  8.822  -39.778  63.142 0.0000000000
81116  9.338  -39.096  63.558 0.0000000000
64020  8.181  -49.144  74.337 0.0000000000
65370  7.917  -48.585  74.794 0.0000000000
66746  7.937  -48.133  73.712 0.0000000000
69327  8.029  -46.354  73.056 0.0000000000
68112  11.945  -47.848  69.103 0.0000000000
69362  11.504  -48.009  69.526 0.0000000000
66788  10.905  -48.504  71.897 0.0000000000
66787  11.917  -48.612  72.033 0.0000000000
65401  11.164  -49.252  72.821 0.0000000000
62680  10.732  -50.298  72.190 0.0000000000
62681  10.174  -49.774  71.999 0.0000000000
61243  9.069  -50.047  72.219 0.0000000000
64033  10.010  -49.368  72.070 0.0000000000
64027  8.668  -49.141  73.067 0.0000000000
64028  8.398  -49.145  73.755 0.0000000000
62676  7.559  -49.739  73.393 0.0000000000
82280  4.468  -36.030  70.195 0.0000000000
83622  4.472  -35.672  69.539 0.0000000000
83637  4.620  -34.896  69.230 0.0000000000
58476  2.755  -53.756  63.300 0.0000000000
59857  3.249  -52.890  65.294 0.0000000000
62730  3.654  -51.148  67.269 0.0000000000
64106  3.820  -50.830  68.487 0.0000000000
71671  6.412  -44.379  76.227 0.0000000000
70518  4.705  -45.057  75.738 0.0000000000
71675  5.886  -44.447  76.343 0.0000000000
74104  5.884  -43.657  74.525 0.0000000000
74116  5.241  -43.330  74.251 0.0000000000
75465  5.763  -42.626  74.190 0.0000000000
76807  5.551  -41.828  73.804 0.0000000000
55576  4.000  -54.546  66.988 0.0000000000
55591  4.131  -54.788  66.437 0.0000000000
55592  3.806  -54.766  66.492 0.0000000000
55612  3.568  -54.350  65.308 0.0000000000
55635  3.843  -54.646  64.888 0.0000000000
54174  3.728  -54.501  64.245 0.0000000000
54203  3.468  -54.280  63.785 0.0000000000
54232  3.132  -54.503  62.988 0.0000000000
55660  3.229  -54.039  63.624 0.0000000000
57111  3.049  -53.907  63.446 0.0000000000
65543  4.121  -48.926  63.363 0.0000000000
65560  4.267  -48.768  62.824 0.0000000000
66886  4.047  -48.226  63.727 0.0000000000
69431  4.452  -47.197  64.209 0.0000000000
68187  4.063  -47.339  62.926 0.0000000000
66929  4.336  -46.900  61.320 0.0000000000
69459  3.687  -46.461  62.144 0.0000000000
76955  5.965  -42.125  66.143 0.0000000000
76979  5.917  -42.367  62.490 0.0000000000
75643  5.898  -42.731  62.586 0.0000000000
76980  5.252  -42.726  61.680 0.0000000000
75651  4.339  -42.861  60.703 0.0000000000
76994  4.765  -42.643  60.342 0.0000000000
76988  7.102  -42.080  61.963 0.0000000000
78314  5.888  -42.191  60.500 0.0000000000
78329  5.962  -41.577  59.896 0.0000000000
78328  6.607  -41.216  60.155 0.0000000000
81114  11.021  -37.351  62.807 0.0000000000
79698  10.387  -38.475  62.667 0.0000000000
79717  11.057  -38.231  62.100 0.0000000000
59815  4.073  -51.728  70.167 0.0000000000
61271  3.993  -51.430  69.957 0.0000000000
61260  4.219  -50.633  71.332 0.0000000000
64030  4.510  -49.643  74.241 0.0000000000
62685  4.001  -50.217  72.723 0.0000000000
64031  4.517  -49.009  73.615 0.0000000000
65377  4.308  -48.715  74.249 0.0000000000
65376  4.133  -49.133  75.043 0.0000000000
66729  7.608  -48.005  75.552 0.0000000000
65367  6.981  -48.394  75.557 0.0000000000
66730  7.379  -47.880  75.940 0.0000000000
68040  6.560  -47.157  75.547 0.0000000000
69305  5.818  -46.331  75.459 0.0000000000
68042  5.489  -47.278  76.361 0.0000000000
69306  5.753  -46.273  76.447 0.0000000000
69300  6.347  -45.608  76.287 0.0000000000
64110  15.410  -49.040  66.265 0.0000000000
65486  15.205  -48.563  66.427 0.0000000000
64096  13.223  -48.899  67.460 0.0000000000
64105  13.945  -49.118  67.074 0.0000000000
62720  13.367  -49.486  67.424 0.0000000000
66797  13.215  -48.641  70.611 0.0000000000
65430  12.948  -49.330  70.638 0.0000000000
61269  10.425  -49.863  69.322 0.0000000000
61268  11.048  -49.934  69.491 0.0000000000
61277  10.153  -50.079  68.543 0.0000000000
61284  10.900  -49.842  67.872 0.0000000000
61286  9.738  -50.498  67.793 0.0000000000
59821  9.651  -50.635  68.050 0.0000000000
59826  7.880  -51.168  67.341 0.0000000000
58438  6.799  -52.544  68.294 0.0000000000
57062  6.353  -52.833  67.657 0.0000000000
57051  6.179  -52.796  68.324 0.0000000000
59793  7.882  -51.185  71.882 0.0000000000
58412  7.364  -51.422  70.737 0.0000000000
59803  7.298  -51.362  71.441 0.0000000000
58422  5.773  -52.274  70.599 0.0000000000
57026  5.831  -52.429  70.317 0.0000000000
57031  5.469  -52.848  69.631 0.0000000000
57040  5.457  -52.935  68.762 0.0000000000
57032  5.045  -53.079  69.299 0.0000000000
57029  4.798  -53.031  69.744 0.0000000000
58425  4.433  -51.921  70.527 0.0000000000
58431  3.559  -52.445  69.140 0.0000000000
72927  4.365  -43.371  69.694 0.0000000000
72936  4.448  -43.069  69.149 0.0000000000
74227  4.303  -42.481  69.738 0.0000000000
76904  2.730  -40.900  68.570 0.0000000000
75585  3.612  -41.326  68.234 0.0000000000
75584  3.475  -41.310  67.732 0.0000000000
76917  3.419  -40.959  67.530 0.0000000000
81004  4.449  -38.473  69.442 0.0000000000
79594  4.164  -39.427  69.481 0.0000000000
79617  4.467  -39.448  68.324 0.0000000000
79618  4.162  -39.602  68.641 0.0000000000
78244  4.802  -40.849  67.823 0.0000000000
76929  4.508  -41.391  67.746 0.0000000000
76956  5.418  -41.488  66.784 0.0000000000
78254  5.284  -40.849  67.521 0.0000000000
81064  5.209  -39.082  67.261 0.0000000000
79640  5.550  -39.576  67.081 0.0000000000
79663  6.091  -39.900  66.611 0.0000000000
70576  10.619  -45.006  68.996 0.0000000000
70577  10.331  -45.160  69.431 0.0000000000
71759  10.762  -44.176  68.644 0.0000000000
62745  19.417  -49.239  64.609 0.0000000000
61326  19.111  -49.563  64.162 0.0000000000
62746  18.594  -49.203  64.247 0.0000000000
70603  20.073  -45.958  65.548 0.0000000000
68131  20.093  -46.943  66.399 0.0000000000
68137  19.811  -47.233  65.787 0.0000000000
66845  19.666  -47.639  65.554 0.0000000000
68146  19.618  -47.354  64.954 0.0000000000
66874  18.429  -48.081  64.386 0.0000000000
65527  18.097  -48.574  64.591 0.0000000000
66875  17.657  -48.431  64.809 0.0000000000
69402  15.274  -48.116  65.116 0.0000000000
69403  14.533  -47.286  65.187 0.0000000000
71773  14.050  -45.776  65.317 0.0000000000
71765  13.707  -46.049  65.569 0.0000000000
69389  12.667  -46.808  67.364 0.0000000000
70585  12.722  -46.180  67.175 0.0000000000
70597  11.687  -45.037  67.445 0.0000000000
70574  11.920  -45.980  68.254 0.0000000000
70575  11.242  -45.589  68.523 0.0000000000
69373  10.695  -46.205  69.390 0.0000000000
58595  2.441  -54.738  57.862 0.0000000000
60034  2.313  -54.128  57.946 0.0000000000
61411  2.676  -52.987  60.149 0.0000000000
61431  2.433  -52.808  59.513 0.0000000000
62812  3.540  -52.423  60.621 0.0000000000
62829  3.130  -52.304  59.865 0.0000000000
61345  3.361  -52.595  64.803 0.0000000000
64123  3.910  -50.447  65.450 0.0000000000
62761  4.152  -51.435  64.401 0.0000000000
64141  4.366  -50.690  64.040 0.0000000000
65529  4.484  -50.048  64.334 0.0000000000
64131  3.982  -49.794  65.331 0.0000000000
66835  4.219  -48.495  66.821 0.0000000000
66848  3.283  -48.567  65.979 0.0000000000
68140  4.093  -47.621  66.370 0.0000000000
62698  4.198  -50.734  70.082 0.0000000000
62704  3.623  -51.002  69.377 0.0000000000
64070  3.316  -50.153  70.768 0.0000000000
66790  2.863  -48.248  72.221 0.0000000000
65458  4.516  -49.901  69.624 0.0000000000
70520  4.312  -45.656  74.393 0.0000000000
69338  2.964  -46.168  73.792 0.0000000000
70549  3.388  -45.483  72.054 0.0000000000
69356  3.162  -46.442  71.529 0.0000000000
68113  3.859  -47.463  70.287 0.0000000000
69374  4.134  -46.356  70.272 0.0000000000
71746  4.400  -44.428  70.438 0.0000000000
70569  4.448  -45.291  70.139 0.0000000000
70578  4.403  -45.345  69.379 0.0000000000
71754  4.536  -44.347  70.027 0.0000000000
72906  4.169  -43.670  70.320 0.0000000000
75518  4.212  -42.216  71.743 0.0000000000
76850  4.384  -41.555  72.260 0.0000000000
76864  3.990  -41.427  71.082 0.0000000000
76820  4.396  -41.081  73.278 0.0000000000
59832  14.541  -49.799  64.965 0.0000000000
59853  13.604  -49.663  65.152 0.0000000000
55683  4.976  -54.421  62.602 0.0000000000
55659  4.009  -55.405  64.133 0.0000000000
57220  2.319  -55.258  58.417 0.0000000000
57238  2.053  -55.543  57.538 0.0000000000
64239  3.662  -51.516  57.619 0.0000000000
62931  3.218  -52.147  56.778 0.0000000000
64287  3.691  -51.813  56.846 0.0000000000
64286  4.249  -51.614  56.738 0.0000000000
65587  4.835  -49.877  60.213 0.0000000000
65607  5.178  -49.529  59.272 0.0000000000
65651  5.756  -49.972  57.256 0.0000000000
65652  5.193  -50.061  57.847 0.0000000000
65698  5.356  -50.714  56.444 0.0000000000
64285  5.175  -51.104  56.025 0.0000000000
65717  6.120  -50.352  55.632 0.0000000000
68280  6.493  -47.622  56.426 0.0000000000
67060  6.939  -48.756  54.997 0.0000000000
68301  6.740  -47.819  55.449 0.0000000000
67083  6.834  -48.597  54.048 0.0000000000
68321  6.661  -47.315  54.863 0.0000000000
71783  4.954  -44.765  66.436 0.0000000000
70613  4.672  -45.946  65.607 0.0000000000
71790  5.646  -45.123  65.195 0.0000000000
72963  4.673  -44.984  62.331 0.0000000000
71798  4.911  -45.534  63.146 0.0000000000
71807  4.280  -45.373  62.208 0.0000000000
70648  3.327  -45.787  61.553 0.0000000000
74264  5.105  -43.313  61.752 0.0000000000
72966  4.944  -43.880  61.683 0.0000000000
72978  4.535  -43.552  61.353 0.0000000000
71850  4.319  -44.495  60.350 0.0000000000
70683  4.447  -45.104  59.933 0.0000000000
70682  4.469  -45.191  59.784 0.0000000000
70696  4.610  -45.336  58.879 0.0000000000
69527  5.812  -45.891  58.168 0.0000000000
70712  5.432  -45.375  57.465 0.0000000000
70726  6.329  -45.575  56.285 0.0000000000
69575  6.332  -46.725  53.963 0.0000000000
70752  6.508  -45.862  54.057 0.0000000000
69577  5.683  -46.411  52.626 0.0000000000
70753  5.986  -45.562  53.411 0.0000000000
73112  4.895  -43.668  53.503 0.0000000000
77017  4.640  -41.838  57.124 0.0000000000
77065  4.955  -41.628  54.432 0.0000000000
77064  4.755  -41.787  54.881 0.0000000000
75725  4.706  -41.982  53.839 0.0000000000
77106  4.437  -41.712  53.354 0.0000000000
87716  4.233  -33.180  67.095 0.0000000000
86394  3.686  -33.953  66.804 0.0000000000
85035  3.769  -34.651  66.990 0.0000000000
83666  4.252  -35.316  66.634 0.0000000000
82331  4.369  -36.329  66.968 0.0000000000
81061  6.800  -38.026  66.295 0.0000000000
85046  8.601  -34.894  65.742 0.0000000000
85047  7.572  -34.630  65.737 0.0000000000
85048  6.573  -34.288  65.748 0.0000000000
83681  6.791  -35.258  66.186 0.0000000000
81083  8.261  -38.475  64.913 0.0000000000
81059  8.004  -37.792  65.651 0.0000000000
81084  8.025  -38.570  65.571 0.0000000000
79683  8.172  -39.521  64.412 0.0000000000
78280  7.979  -40.379  63.727 0.0000000000
78296  8.331  -40.047  64.047 0.0000000000
78311  7.901  -40.617  61.941 0.0000000000
78342  7.899  -41.035  59.205 0.0000000000
79719  9.361  -39.753  62.174 0.0000000000
66745  8.670  -48.164  73.082 0.0000000000
69337  8.408  -46.439  72.129 0.0000000000
70547  9.035  -45.058  71.891 0.0000000000
69363  10.931  -47.764  69.590 0.0000000000
68102  11.016  -48.501  70.276 0.0000000000
66771  10.683  -48.804  72.372 0.0000000000
65387  9.713  -48.932  72.167 0.0000000000
66760  9.393  -48.531  72.286 0.0000000000
67133  4.624  -48.267  51.256 0.0000000000
68363  4.830  -47.203  51.782 0.0000000000
59837  3.600  -52.756  66.423 0.0000000000
62712  3.200  -51.170  68.649 0.0000000000
57056  3.556  -53.794  66.993 0.0000000000
57067  3.385  -53.804  66.423 0.0000000000
68161  3.732  -47.711  65.053 0.0000000000
69420  3.823  -46.985  65.009 0.0000000000
76954  6.339  -41.992  65.082 0.0000000000
75635  5.784  -42.740  63.706 0.0000000000
76970  6.335  -42.348  63.763 0.0000000000
76978  6.475  -42.124  62.640 0.0000000000
59805  4.730  -50.974  71.514 0.0000000000
61255  4.492  -50.448  72.119 0.0000000000
61254  4.713  -50.784  72.501 0.0000000000
62679  4.781  -50.488  74.125 0.0000000000
64025  5.062  -49.784  75.031 0.0000000000
68049  7.493  -46.918  75.203 0.0000000000
69303  7.360  -45.646  74.529 0.0000000000
70506  7.206  -45.263  74.794 0.0000000000
70505  7.760  -44.767  74.413 0.0000000000
66834  14.907  -48.177  67.079 0.0000000000
66814  13.532  -48.076  66.999 0.0000000000
65457  13.181  -48.391  67.407 0.0000000000
64053  11.799  -49.479  71.438 0.0000000000
64068  12.378  -49.440  70.671 0.0000000000
62696  11.148  -49.736  70.703 0.0000000000
59806  9.847  -50.169  69.773 0.0000000000
59812  9.329  -50.035  69.346 0.0000000000
58433  7.074  -52.422  69.116 0.0000000000
59787  7.228  -51.156  72.962 0.0000000000
58407  6.715  -51.569  71.640 0.0000000000
59795  6.672  -51.415  72.406 0.0000000000
58415  5.798  -51.992  70.994 0.0000000000
58423  5.326  -52.547  70.598 0.0000000000
58416  5.322  -51.948  71.098 0.0000000000
58417  4.886  -51.582  71.241 0.0000000000
76890  2.790  -41.420  69.518 0.0000000000
76905  2.588  -40.908  69.132 0.0000000000
78217  2.859  -40.531  69.126 0.0000000000
82283  4.469  -37.552  69.023 0.0000000000
81016  4.416  -38.832  68.844 0.0000000000
81041  5.137  -38.262  67.328 0.0000000000
64120  19.695  -49.138  65.144 0.0000000000
69417  18.948  -46.932  64.436 0.0000000000
68160  16.768  -48.196  64.099 0.0000000000
70596  12.501  -45.308  67.069 0.0000000000
58580  2.512  -54.542  58.711 0.0000000000
59994  2.521  -53.824  59.118 0.0000000000
59973  2.194  -53.770  59.886 0.0000000000
61412  2.270  -53.335  59.971 0.0000000000
61392  3.188  -53.218  61.336 0.0000000000
62741  4.378  -51.866  65.725 0.0000000000
62752  4.322  -51.994  65.405 0.0000000000
62754  3.780  -50.712  65.724 0.0000000000
65403  2.919  -49.511  72.772 0.0000000000
64056  2.879  -49.878  71.668 0.0000000000
65419  2.713  -49.171  72.508 0.0000000000
66789  2.586  -48.466  72.840 0.0000000000
71699  4.388  -44.889  73.755 0.0000000000
71709  4.314  -45.024  73.103 0.0000000000
70540  3.899  -45.211  72.415 0.0000000000
70554  3.466  -45.404  71.197 0.0000000000
71738  4.169  -44.544  70.864 0.0000000000
72887  4.383  -43.830  71.162 0.0000000000
75502  3.020  -41.336  73.169 0.0000000000
59835  12.715  -49.597  66.158 0.0000000000
59854  12.890  -49.497  65.553 0.0000000000
61329  12.279  -49.576  65.579 0.0000000000
55631  5.118  -54.293  64.688 0.0000000000
55657  4.965  -54.533  63.865 0.0000000000
55684  4.438  -54.773  62.967 0.0000000000
57154  2.563  -54.606  61.501 0.0000000000
55764  2.578  -55.126  60.540 0.0000000000
57178  2.446  -54.768  60.558 0.0000000000
57199  2.289  -55.289  58.951 0.0000000000
57221  2.418  -54.883  59.093 0.0000000000
62865  2.817  -52.181  58.741 0.0000000000
62909  2.845  -52.517  57.602 0.0000000000
62887  3.167  -52.136  58.002 0.0000000000
64219  4.028  -50.925  58.196 0.0000000000
66942  5.123  -48.679  59.833 0.0000000000
65606  5.524  -49.017  59.126 0.0000000000
66986  5.692  -48.979  58.540 0.0000000000
67011  6.174  -49.375  56.944 0.0000000000
67036  6.289  -49.656  56.373 0.0000000000
66984  6.251  -48.309  57.048 0.0000000000
68258  6.473  -47.683  57.116 0.0000000000
72950  4.900  -43.749  66.153 0.0000000000
72962  5.177  -44.442  62.855 0.0000000000
74272  4.153  -43.063  60.780 0.0000000000
74273  4.296  -43.525  60.698 0.0000000000
73030  3.879  -43.979  59.178 0.0000000000
71860  4.065  -44.151  58.800 0.0000000000
71879  4.615  -44.372  58.231 0.0000000000
70741  5.396  -44.643  54.978 0.0000000000
73091  5.004  -42.940  55.629 0.0000000000
78363  4.843  -41.649  57.302 0.0000000000
78413  4.653  -40.979  55.839 0.0000000000
78458  4.991  -40.961  54.869 0.0000000000
86408  3.752  -34.071  66.477 0.0000000000
83697  2.843  -34.939  65.051 0.0000000000
83684  3.807  -35.134  65.750 0.0000000000
83695  3.921  -35.014  65.536 0.0000000000
83683  4.678  -35.094  66.023 0.0000000000
83663  6.212  -35.851  66.413 0.0000000000
83679  8.950  -35.733  65.775 0.0000000000
82350  8.604  -36.573  65.417 0.0000000000
82367  8.571  -37.638  65.061 0.0000000000
79682  8.380  -39.241  64.290 0.0000000000
79702  8.417  -39.794  64.039 0.0000000000
79720  8.675  -40.084  61.870 0.0000000000
61234  6.326  -49.915  73.793 0.0000000000
62670  6.076  -49.196  73.502 0.0000000000
64021  7.607  -48.944  74.598 0.0000000000
65365  7.803  -48.415  75.267 0.0000000000
66734  7.823  -47.884  75.297 0.0000000000
68119  12.452  -47.686  67.827 0.0000000000
68118  12.945  -47.825  67.459 0.0000000000
68111  12.277  -48.084  68.721 0.0000000000
68100  12.458  -48.565  69.908 0.0000000000
66786  13.048  -48.805  71.539 0.0000000000
66799  11.742  -48.656  70.910 0.0000000000
66798  12.548  -48.589  70.924 0.0000000000
65399  12.141  -49.254  71.898 0.0000000000
64041  11.319  -50.124  72.216 0.0000000000
62687  10.289  -50.134  71.685 0.0000000000
61258  9.689  -51.094  71.302 0.0000000000
59801  8.896  -51.631  71.217 0.0000000000
61253  8.854  -50.721  71.767 0.0000000000
59785  8.300  -50.832  72.080 0.0000000000
62673  8.764  -49.472  72.687 0.0000000000
62683  8.710  -49.753  72.678 0.0000000000
61245  7.677  -50.736  73.116 0.0000000000
61246  7.346  -50.981  73.404 0.0000000000
61238  7.108  -50.555  73.568 0.0000000000
79564  4.103  -39.325  71.113 0.0000000000
79577  4.236  -39.314  70.501 0.0000000000
80987  4.160  -38.313  70.179 0.0000000000
82281  4.324  -36.535  69.873 0.0000000000
82282  4.274  -37.026  69.345 0.0000000000
83639  4.310  -35.752  68.407 0.0000000000
59926  2.333  -53.499  61.960 0.0000000000
61319  4.363  -52.241  65.977 0.0000000000
69309  4.299  -46.077  75.897 0.0000000000
69319  4.361  -46.507  74.756 0.0000000000
70510  4.449  -45.786  76.065 0.0000000000
71688  4.851  -44.708  75.120 0.0000000000
72828  6.205  -44.470  75.061 0.0000000000
72830  5.396  -44.325  74.592 0.0000000000
71689  4.571  -44.786  74.461 0.0000000000
72841  4.681  -44.052  73.641 0.0000000000
74117  4.781  -43.226  73.827 0.0000000000
74128  4.089  -43.068  73.390 0.0000000000
75477  4.443  -42.327  73.421 0.0000000000
75476  4.719  -41.857  73.594 0.0000000000
55590  4.612  -54.424  66.624 0.0000000000
55609  4.324  -54.915  65.840 0.0000000000
54172  4.015  -55.533  64.552 0.0000000000
55611  3.757  -54.763  65.742 0.0000000000
55634  4.099  -55.157  65.082 0.0000000000
54201  3.915  -55.123  63.632 0.0000000000
54231  3.569  -55.030  62.746 0.0000000000
57135  2.363  -54.249  62.267 0.0000000000
64152  4.460  -50.306  61.997 0.0000000000
64184  4.375  -50.462  60.915 0.0000000000
66898  4.456  -49.651  62.091 0.0000000000
66913  4.609  -48.926  61.800 0.0000000000
66901  4.166  -47.978  62.589 0.0000000000
66914  4.390  -48.092  61.729 0.0000000000
66928  4.496  -47.208  61.073 0.0000000000
68210  4.283  -46.618  60.859 0.0000000000
68223  4.443  -46.604  60.469 0.0000000000
75609  4.962  -42.317  65.793 0.0000000000
74254  5.316  -43.257  64.588 0.0000000000
74260  5.706  -43.174  63.877 0.0000000000
75637  5.593  -43.264  62.249 0.0000000000
75644  5.153  -43.000  61.774 0.0000000000
74283  4.307  -42.977  60.413 0.0000000000
75655  4.484  -42.906  59.342 0.0000000000
75672  4.488  -42.725  58.389 0.0000000000
75661  4.549  -42.484  58.907 0.0000000000
77000  4.794  -42.232  59.314 0.0000000000
78315  5.534  -42.372  60.235 0.0000000000
76999  5.102  -41.861  59.348 0.0000000000
77008  4.862  -41.627  58.800 0.0000000000
78361  5.778  -41.654  58.146 0.0000000000
79750  6.311  -41.666  58.184 0.0000000000
82371  10.350  -36.860  63.965 0.0000000000
81115  9.919  -38.231  63.221 0.0000000000
79699  9.808  -39.054  63.097 0.0000000000
78292  10.123  -39.024  62.567 0.0000000000
79731  11.049  -38.706  61.374 0.0000000000
61278  3.147  -51.639  68.865 0.0000000000
61266  4.105  -50.969  70.155 0.0000000000
62697  3.979  -50.434  70.789 0.0000000000
62689  3.701  -50.348  72.006 0.0000000000
64042  3.332  -49.824  72.631 0.0000000000
65388  3.980  -48.575  73.700 0.0000000000
66748  3.725  -48.360  74.650 0.0000000000
68053  4.498  -47.599  75.400 0.0000000000
64023  6.070  -49.147  74.424 0.0000000000
64019  6.291  -49.312  75.333 0.0000000000
65371  5.933  -48.960  75.832 0.0000000000
68050  7.262  -47.371  75.522 0.0000000000
66732  6.136  -48.187  76.413 0.0000000000
66736  5.516  -48.357  76.134 0.0000000000
68051  5.158  -47.941  76.235 0.0000000000
68052  4.823  -47.502  76.100 0.0000000000
69317  4.641  -47.023  75.849 0.0000000000
69307  5.251  -45.864  76.823 0.0000000000
69302  5.520  -45.121  77.202 0.0000000000
71670  7.028  -44.228  76.084 0.0000000000
70501  7.326  -44.818  75.139 0.0000000000
64116  16.219  -49.237  65.888 0.0000000000
62736  16.235  -49.356  65.271 0.0000000000
62737  15.329  -49.300  65.888 0.0000000000
61292  14.728  -49.906  66.642 0.0000000000
64104  14.564  -49.029  66.589 0.0000000000
61279  14.572  -50.016  67.137 0.0000000000
61293  14.052  -50.168  66.612 0.0000000000
61312  12.477  -49.705  66.374 0.0000000000
61314  10.876  -49.669  66.594 0.0000000000
68110  12.461  -48.174  68.117 0.0000000000
65443  12.546  -48.714  68.633 0.0000000000
64083  12.634  -49.128  68.712 0.0000000000
62694  12.266  -49.637  70.105 0.0000000000
62703  11.964  -49.705  69.088 0.0000000000
62711  12.185  -49.646  68.625 0.0000000000
61283  11.493  -49.784  67.780 0.0000000000
61297  10.951  -49.641  67.227 0.0000000000
61315  9.959  -49.482  66.668 0.0000000000
59825  8.601  -50.672  67.523 0.0000000000
57097  6.059  -53.463  65.840 0.0000000000
57081  5.713  -53.804  66.258 0.0000000000
57064  5.129  -54.064  66.688 0.0000000000
59809  8.110  -51.336  70.601 0.0000000000
58427  7.187  -52.523  69.841 0.0000000000
58434  6.607  -52.504  69.222 0.0000000000
58421  6.253  -52.232  70.477 0.0000000000
58428  6.533  -52.595  69.940 0.0000000000
57052  5.343  -53.349  67.730 0.0000000000
57065  4.813  -54.167  66.856 0.0000000000
57053  4.667  -53.910  67.271 0.0000000000
57042  4.462  -53.402  68.072 0.0000000000
57034  4.284  -52.977  68.551 0.0000000000
58429  4.559  -52.813  69.646 0.0000000000
57043  4.116  -53.291  67.872 0.0000000000
58436  3.812  -52.679  68.320 0.0000000000
70589  4.411  -44.938  68.399 0.0000000000
70606  4.652  -45.463  66.781 0.0000000000
71770  4.454  -44.426  68.206 0.0000000000
74234  4.509  -42.229  68.783 0.0000000000
74233  4.610  -42.689  67.992 0.0000000000
74240  4.472  -42.537  67.386 0.0000000000
74248  4.593  -42.681  66.522 0.0000000000
75610  4.470  -41.981  66.638 0.0000000000
79578  4.379  -39.362  70.051 0.0000000000
78201  3.436  -39.986  69.379 0.0000000000
78216  3.389  -40.165  68.692 0.0000000000
78232  3.774  -40.047  68.502 0.0000000000
76903  3.056  -40.462  67.996 0.0000000000
76939  5.298  -41.983  66.114 0.0000000000
79641  5.291  -39.926  67.416 0.0000000000
78268  6.145  -41.086  66.386 0.0000000000
79662  6.655  -39.746  66.005 0.0000000000
69365  9.570  -45.929  70.260 0.0000000000
70568  10.079  -45.223  69.730 0.0000000000
71745  10.109  -44.596  70.047 0.0000000000
62747  17.319  -49.345  64.687 0.0000000000
66844  19.712  -48.048  65.614 0.0000000000
65513  19.563  -48.516  64.764 0.0000000000
68157  19.496  -47.737  64.733 0.0000000000
65514  18.556  -48.734  64.483 0.0000000000
65515  17.557  -48.892  65.180 0.0000000000
64115  17.142  -49.347  65.369 0.0000000000
65500  16.925  -49.137  65.976 0.0000000000
68148  16.420  -48.383  64.745 0.0000000000
68139  16.155  -48.223  65.971 0.0000000000
68132  14.989  -48.108  66.603 0.0000000000
68133  14.328  -47.580  66.789 0.0000000000
70611  15.634  -46.350  63.465 0.0000000000
70612  14.936  -46.295  64.159 0.0000000000
70605  14.486  -46.403  64.819 0.0000000000
69388  13.366  -47.318  66.804 0.0000000000
69380  11.829  -46.740  68.149 0.0000000000
70586  12.213  -45.725  67.654 0.0000000000
69372  11.300  -46.824  69.280 0.0000000000
69364  10.235  -46.818  70.013 0.0000000000
61450  2.449  -53.195  58.698 0.0000000000
64186  3.589  -51.816  60.093 0.0000000000
61373  2.927  -52.833  62.431 0.0000000000
62773  3.650  -52.219  62.751 0.0000000000
61356  3.862  -52.000  64.055 0.0000000000
62789  4.325  -51.469  62.284 0.0000000000
62788  4.519  -50.858  62.009 0.0000000000
65542  4.507  -49.834  63.746 0.0000000000
65517  3.568  -48.977  65.446 0.0000000000
66862  3.008  -48.388  65.828 0.0000000000
66863  2.881  -48.152  65.465 0.0000000000
64098  3.835  -50.724  69.202 0.0000000000
68076  2.949  -47.295  74.141 0.0000000000
68085  2.563  -47.159  73.370 0.0000000000
68086  2.528  -47.214  72.560 0.0000000000
70548  3.073  -45.938  72.551 0.0000000000
69347  2.790  -46.418  72.234 0.0000000000
68095  2.899  -47.386  71.799 0.0000000000
68128  4.510  -47.392  68.898 0.0000000000
69383  4.404  -46.327  69.553 0.0000000000
70600  4.641  -45.479  68.120 0.0000000000
71761  4.232  -44.417  69.212 0.0000000000
74201  3.936  -42.850  70.350 0.0000000000
74189  4.008  -43.059  70.509 0.0000000000
75545  2.980  -42.329  70.167 0.0000000000
78169  4.307  -41.004  71.443 0.0000000000
75487  3.547  -41.814  73.202 0.0000000000
76835  2.965  -41.001  73.284 0.0000000000
76822  3.087  -40.697  73.203 0.0000000000
78122  4.318  -40.479  72.891 0.0000000000
78137  3.689  -40.808  72.930 0.0000000000
78152  4.414  -40.438  72.165 0.0000000000
78151  4.367  -40.093  72.034 0.0000000000
79563  4.409  -39.701  71.632 0.0000000000
80958  4.274  -38.661  71.543 0.0000000000
70553  9.352  -45.195  70.845 0.0000000000
59874  14.681  -49.754  64.159 0.0000000000
61352  13.779  -49.827  64.092 0.0000000000
61340  13.481  -49.625  64.452 0.0000000000
55658  4.244  -54.893  64.070 0.0000000000
54247  4.535  -55.460  61.309 0.0000000000
61510  2.878  -52.562  56.842 0.0000000000
65588  4.501  -50.407  59.440 0.0000000000
65674  4.645  -50.751  57.430 0.0000000000
64261  4.443  -51.186  57.000 0.0000000000
62954  4.993  -52.062  55.328 0.0000000000
65716  6.671  -49.851  55.284 0.0000000000
67085  5.660  -48.185  52.745 0.0000000000
70621  4.756  -46.442  64.365 0.0000000000
71791  5.206  -45.647  64.223 0.0000000000
70624  4.403  -46.301  63.122 0.0000000000
69471  3.346  -46.231  61.321 0.0000000000
69481  4.328  -46.143  60.498 0.0000000000
72967  4.570  -44.586  61.700 0.0000000000
72994  4.370  -43.970  60.895 0.0000000000
70672  4.169  -45.149  60.743 0.0000000000
69493  4.777  -45.920  60.074 0.0000000000
69508  5.897  -46.349  58.388 0.0000000000
69526  6.306  -46.221  57.539 0.0000000000
69524  6.264  -46.789  56.197 0.0000000000
70725  6.519  -46.074  55.547 0.0000000000
70724  6.552  -46.290  55.340 0.0000000000
69560  6.603  -46.858  54.709 0.0000000000
68341  6.229  -47.492  53.170 0.0000000000
68342  5.832  -47.342  52.549 0.0000000000
69578  5.204  -46.364  52.185 0.0000000000
74333  4.706  -42.839  57.051 0.0000000000
74349  4.812  -42.617  56.020 0.0000000000
74365  4.901  -42.594  55.193 0.0000000000
77028  4.640  -41.613  56.132 0.0000000000
75699  4.690  -42.021  55.470 0.0000000000
74394  4.926  -43.009  52.709 0.0000000000
85015  4.632  -34.580  68.691 0.0000000000
85016  4.390  -34.676  68.256 0.0000000000
86377  4.175  -33.773  67.940 0.0000000000
82309  4.823  -36.938  67.401 0.0000000000
81028  5.089  -37.367  67.336 0.0000000000
83665  4.526  -35.706  66.426 0.0000000000
82330  5.130  -36.748  66.835 0.0000000000
81040  5.547  -37.775  66.968 0.0000000000
81062  6.167  -38.306  66.559 0.0000000000
79661  7.216  -39.507  65.530 0.0000000000
82328  6.640  -36.487  66.038 0.0000000000
82327  7.238  -36.527  65.836 0.0000000000
82352  7.144  -37.143  65.630 0.0000000000
82353  6.477  -37.284  65.838 0.0000000000
81085  7.595  -38.747  66.069 0.0000000000
78265  7.561  -40.257  64.718 0.0000000000
76951  7.526  -40.905  64.100 0.0000000000
76977  7.326  -41.012  62.906 0.0000000000
76987  7.289  -41.032  62.336 0.0000000000
78295  8.130  -40.289  63.260 0.0000000000
76986  7.740  -40.615  62.623 0.0000000000
78312  7.196  -41.401  61.267 0.0000000000
78343  7.057  -41.368  59.321 0.0000000000
79749  6.799  -41.570  58.451 0.0000000000
79700  9.383  -39.324  63.247 0.0000000000
79779  6.864  -41.695  57.316 0.0000000000
54171  4.025  -55.495  64.357 0.0000000000
55574  4.526  -54.297  66.985 0.0000000000
55589  4.868  -54.373  66.472 0.0000000000
57027  5.538  -52.695  70.234 0.0000000000
57030  5.896  -52.522  69.966 0.0000000000
57050  6.478  -52.760  68.095 0.0000000000
57054  4.179  -54.038  67.475 0.0000000000
57083  3.377  -54.301  65.906 0.0000000000
57177  2.634  -54.958  60.902 0.0000000000
58408  6.205  -51.667  71.750 0.0000000000
58411  5.162  -50.969  71.810 0.0000000000
58413  6.730  -51.649  70.915 0.0000000000
58418  4.584  -51.490  71.041 0.0000000000
58419  7.512  -51.773  70.187 0.0000000000
58435  4.064  -52.865  68.528 0.0000000000
58526  2.527  -54.294  60.864 0.0000000000
58579  2.505  -54.785  58.303 0.0000000000
58596  2.381  -54.315  57.821 0.0000000000
59784  6.391  -51.571  74.284 0.0000000000
59786  7.898  -51.044  72.563 0.0000000000
59788  6.580  -51.293  73.214 0.0000000000
59791  4.901  -51.443  73.067 0.0000000000
59792  8.462  -51.098  71.622 0.0000000000
59797  5.649  -51.473  72.602 0.0000000000
59799  4.969  -50.640  72.112 0.0000000000
59800  9.594  -51.626  70.861 0.0000000000
59804  4.923  -50.944  71.653 0.0000000000
59811  9.887  -49.861  69.384 0.0000000000
59816  3.669  -52.008  69.573 0.0000000000
59833  13.755  -49.896  65.375 0.0000000000
59834  13.114  -49.572  65.770 0.0000000000
59852  14.250  -49.788  64.697 0.0000000000
59876  13.399  -49.532  65.047 0.0000000000
60016  2.417  -53.911  58.346 0.0000000000
61233  6.406  -49.617  73.072 0.0000000000
61235  5.884  -50.592  74.141 0.0000000000
61236  8.174  -49.903  73.092 0.0000000000
61239  6.476  -51.048  74.227 0.0000000000
61242  4.779  -50.942  73.651 0.0000000000
61247  5.430  -51.679  73.940 0.0000000000
61248  4.963  -51.447  73.549 0.0000000000
61249  4.592  -51.094  73.057 0.0000000000
61251  9.982  -50.177  71.535 0.0000000000
61252  9.484  -50.185  71.790 0.0000000000
61256  10.668  -49.870  70.999 0.0000000000
61257  10.321  -50.229  71.232 0.0000000000
61259  9.004  -51.220  71.561 0.0000000000
61262  10.942  -49.863  70.477 0.0000000000
61265  4.147  -51.009  70.678 0.0000000000
61267  11.513  -49.964  69.682 0.0000000000
61270  10.059  -49.719  69.022 0.0000000000
61274  11.965  -49.714  68.535 0.0000000000
61276  10.756  -49.924  68.544 0.0000000000
61280  14.091  -49.888  67.082 0.0000000000
61281  12.955  -49.768  67.562 0.0000000000
61285  10.276  -50.388  67.916 0.0000000000
61294  13.112  -49.731  66.805 0.0000000000
61311  13.148  -49.667  66.173 0.0000000000
61318  4.263  -52.292  65.716 0.0000000000
61328  16.108  -49.561  64.313 0.0000000000
61334  4.236  -52.217  65.473 0.0000000000
61336  3.736  -52.607  65.603 0.0000000000
61341  13.003  -49.329  64.946 0.0000000000
61342  11.939  -49.311  65.170 0.0000000000
61344  3.948  -52.194  64.552 0.0000000000
62667  8.190  -49.379  73.750 0.0000000000
62668  7.823  -49.420  73.891 0.0000000000
62671  5.576  -49.853  74.126 0.0000000000
62674  8.437  -49.598  73.174 0.0000000000
62675  8.017  -49.688  73.430 0.0000000000
62678  5.213  -50.451  74.423 0.0000000000
62682  9.262  -49.736  72.240 0.0000000000
62684  4.393  -50.314  73.441 0.0000000000
62686  10.913  -50.438  71.917 0.0000000000
62690  11.375  -49.658  71.195 0.0000000000
62692  10.515  -50.131  71.402 0.0000000000
62695  11.674  -49.828  70.379 0.0000000000
62702  12.271  -49.542  69.411 0.0000000000
62709  12.988  -49.216  67.651 0.0000000000
62710  12.545  -49.499  68.219 0.0000000000
62719  14.414  -49.656  67.042 0.0000000000
62721  12.903  -49.564  67.683 0.0000000000
62735  19.431  -49.507  64.556 0.0000000000
62740  4.375  -52.103  65.623 0.0000000000
62787  4.465  -50.510  61.790 0.0000000000
62810  4.327  -51.000  61.405 0.0000000000
62827  4.139  -51.151  60.737 0.0000000000
62846  2.353  -52.738  59.280 0.0000000000
62866  2.343  -52.617  58.975 0.0000000000
62930  3.922  -52.056  56.608 0.0000000000
62932  2.778  -52.311  57.059 0.0000000000
64016  7.577  -48.615  75.136 0.0000000000
64018  6.739  -49.051  75.086 0.0000000000
64022  6.693  -48.824  74.224 0.0000000000
64024  5.677  -49.615  75.122 0.0000000000
64026  4.623  -49.580  74.899 0.0000000000
64029  4.824  -50.054  74.617 0.0000000000
64032  10.673  -50.034  72.634 0.0000000000
64034  9.084  -49.177  72.324 0.0000000000
64035  4.375  -49.628  73.620 0.0000000000
64040  11.683  -49.512  72.024 0.0000000000
64043  2.924  -49.739  72.314 0.0000000000
64054  11.391  -49.870  71.602 0.0000000000
64055  3.042  -50.265  71.885 0.0000000000
64082  12.652  -48.772  67.894 0.0000000000
64095  13.964  -48.543  66.702 0.0000000000
64153  4.456  -50.464  62.455 0.0000000000
64166  4.444  -50.272  61.516 0.0000000000
64167  4.373  -50.589  61.340 0.0000000000
64168  3.921  -51.583  60.381 0.0000000000
64169  3.740  -51.857  60.496 0.0000000000
64183  4.519  -50.013  61.172 0.0000000000
64262  3.626  -51.656  57.038 0.0000000000
65366  7.497  -48.387  75.520 0.0000000000
65369  8.188  -48.726  74.219 0.0000000000
65372  5.336  -49.050  75.537 0.0000000000
65385  11.158  -49.786  72.884 0.0000000000
65415  13.490  -49.159  70.827 0.0000000000
65416  13.003  -49.261  71.437 0.0000000000
65417  12.491  -49.041  71.995 0.0000000000
65418  2.686  -48.781  73.105 0.0000000000
65429  12.525  -48.851  70.019 0.0000000000
65442  12.657  -48.410  67.820 0.0000000000
65456  13.736  -48.179  66.712 0.0000000000
65502  3.396  -48.774  66.004 0.0000000000
65516  3.215  -48.658  65.777 0.0000000000
65557  4.427  -49.894  61.887 0.0000000000
65558  4.425  -49.864  62.272 0.0000000000
65573  4.516  -49.788  61.496 0.0000000000
65629  5.510  -49.049  58.829 0.0000000000
65631  4.645  -50.360  58.261 0.0000000000
65653  4.481  -50.654  57.845 0.0000000000
65673  5.162  -50.627  56.995 0.0000000000
65696  6.365  -49.894  55.922 0.0000000000
66731  6.793  -48.016  76.348 0.0000000000
66735  7.654  -47.668  75.658 0.0000000000
66737  5.004  -48.423  75.848 0.0000000000
66738  4.552  -48.401  75.469 0.0000000000
66759  10.201  -48.893  72.229 0.0000000000
66770  11.409  -48.961  72.556 0.0000000000
66772  9.525  -48.386  72.086 0.0000000000
66806  12.492  -48.409  68.184 0.0000000000
66860  19.760  -47.609  65.187 0.0000000000
66899  4.480  -49.353  62.236 0.0000000000
66912  4.525  -49.488  61.854 0.0000000000
66926  4.638  -49.318  61.447 0.0000000000
66941  5.293  -48.824  59.287 0.0000000000
66943  4.713  -47.700  60.241 0.0000000000
66962  5.331  -48.746  59.032 0.0000000000
67010  6.426  -48.777  56.554 0.0000000000
67086  5.269  -47.991  52.449 0.0000000000
68039  7.062  -46.873  75.370 0.0000000000
68065  4.163  -47.869  74.867 0.0000000000
68145  19.749  -47.639  64.929 0.0000000000
68199  3.867  -46.898  61.976 0.0000000000
68224  4.097  -46.376  60.733 0.0000000000
68260  5.819  -47.448  58.474 0.0000000000
68281  6.667  -47.136  57.287 0.0000000000
68322  6.738  -47.630  54.734 0.0000000000
69301  5.843  -45.361  76.904 0.0000000000
69308  4.676  -46.345  76.228 0.0000000000
69318  4.567  -46.620  75.460 0.0000000000
69370  12.082  -47.682  68.391 0.0000000000
69382  10.872  -45.744  69.025 0.0000000000
69404  4.660  -45.978  67.178 0.0000000000
69482  3.812  -46.014  60.605 0.0000000000
69494  4.366  -45.396  60.386 0.0000000000
69525  6.482  -46.642  56.740 0.0000000000
69542  6.668  -46.925  55.058 0.0000000000
69543  6.479  -46.774  55.484 0.0000000000
69544  6.331  -46.274  56.152 0.0000000000
69545  6.282  -46.135  56.683 0.0000000000
69559  6.638  -47.077  54.887 0.0000000000
70503  6.413  -44.838  76.511 0.0000000000
70504  5.865  -44.707  76.976 0.0000000000
70509  4.709  -45.261  76.356 0.0000000000
70519  4.489  -45.564  75.428 0.0000000000
70567  10.428  -45.559  69.415 0.0000000000
70587  11.620  -45.423  67.986 0.0000000000
70598  11.389  -44.908  67.850 0.0000000000
70599  4.621  -45.363  67.674 0.0000000000
70738  6.673  -46.240  55.097 0.0000000000
70751  6.605  -46.194  54.557 0.0000000000
71676  5.364  -44.661  76.008 0.0000000000
71686  7.935  -44.176  74.087 0.0000000000
71687  4.930  -44.828  75.787 0.0000000000
71710  4.140  -44.884  72.647 0.0000000000
71752  10.513  -43.973  69.511 0.0000000000
71753  10.252  -44.794  69.525 0.0000000000
71760  4.269  -44.413  68.652 0.0000000000
71849  4.121  -44.178  59.769 0.0000000000
71862  4.257  -44.516  59.848 0.0000000000
72829  5.868  -44.643  74.833 0.0000000000
72840  5.127  -44.147  74.167 0.0000000000
72853  3.512  -43.570  73.056 0.0000000000
73012  4.001  -44.003  59.688 0.0000000000
73029  3.828  -44.050  58.853 0.0000000000
73047  4.014  -43.925  58.720 0.0000000000
73073  5.015  -43.026  55.901 0.0000000000
74145  3.404  -42.681  73.210 0.0000000000
74215  4.149  -42.820  70.093 0.0000000000
74268  4.361  -43.735  60.884 0.0000000000
74298  4.323  -43.481  58.828 0.0000000000
74318  4.495  -42.973  58.524 0.0000000000
74348  4.915  -42.843  55.999 0.0000000000
74364  4.901  -42.722  55.692 0.0000000000
75466  5.175  -42.348  74.133 0.0000000000
75475  4.643  -41.623  73.427 0.0000000000
75486  4.192  -41.538  73.207 0.0000000000
75488  3.484  -42.358  73.209 0.0000000000
75598  4.345  -41.443  67.976 0.0000000000
75621  7.407  -41.420  63.987 0.0000000000
75622  7.223  -41.850  64.026 0.0000000000
75632  7.456  -41.181  63.744 0.0000000000
75640  7.187  -41.390  62.898 0.0000000000
75641  7.092  -41.887  62.795 0.0000000000
75647  7.180  -41.181  62.642 0.0000000000
75648  7.143  -41.541  62.509 0.0000000000
75649  4.335  -42.885  61.238 0.0000000000
75662  4.503  -42.787  58.715 0.0000000000
75698  4.674  -41.908  55.174 0.0000000000
75712  4.722  -42.033  54.971 0.0000000000
75713  4.771  -42.100  54.686 0.0000000000
75736  4.498  -41.922  52.494 0.0000000000
75737  4.326  -42.234  52.935 0.0000000000
76812  4.807  -41.619  73.532 0.0000000000
76819  4.672  -41.408  73.394 0.0000000000
76879  2.937  -40.814  69.849 0.0000000000
76891  2.750  -40.887  69.537 0.0000000000
76967  7.524  -40.898  63.507 0.0000000000
76968  7.324  -41.182  63.142 0.0000000000
76991  4.628  -42.679  61.130 0.0000000000
76997  8.244  -40.942  59.063 0.0000000000
76998  8.123  -41.014  58.881 0.0000000000
77006  8.366  -40.982  58.848 0.0000000000
77044  4.683  -41.784  55.153 0.0000000000
77045  4.732  -41.476  55.201 0.0000000000
78123  3.571  -40.768  73.058 0.0000000000
78167  4.407  -39.977  71.628 0.0000000000
78186  4.217  -39.809  70.516 0.0000000000
78215  3.514  -40.230  68.366 0.0000000000
78264  7.793  -40.482  64.106 0.0000000000
78278  9.369  -39.482  62.887 0.0000000000
78279  9.135  -39.643  62.976 0.0000000000
78281  8.063  -40.013  64.392 0.0000000000
78294  9.398  -39.525  62.688 0.0000000000
78310  9.692  -39.517  62.313 0.0000000000
78324  10.554  -39.064  61.773 0.0000000000
78330  5.546  -42.048  59.759 0.0000000000
78383  6.553  -41.596  56.791 0.0000000000
78412  4.949  -40.864  56.065 0.0000000000
78436  4.868  -40.775  55.417 0.0000000000
78437  4.788  -40.971  55.162 0.0000000000
78459  5.035  -41.277  54.634 0.0000000000
78484  5.245  -41.450  54.186 0.0000000000
79680  9.510  -39.363  63.028 0.0000000000
79681  9.262  -39.498  63.114 0.0000000000
79718  9.880  -39.614  61.977 0.0000000000
79763  6.641  -41.710  57.747 0.0000000000
79764  6.180  -41.774  57.577 0.0000000000
79781  6.145  -41.795  57.239 0.0000000000
79802  5.223  -40.759  56.111 0.0000000000
79822  5.080  -40.666  55.499 0.0000000000
79845  4.967  -40.700  55.059 0.0000000000
81100  10.211  -37.534  63.647 0.0000000000
81129  11.331  -37.660  62.228 0.0000000000
81130  9.006  -39.765  62.946 0.0000000000
82254  4.010  -37.724  71.166 0.0000000000
82370  10.861  -36.351  63.406 0.0000000000
83661  7.117  -36.211  66.136 0.0000000000
83685  3.032  -35.219  65.581 0.0000000000
83696  3.291  -35.104  65.005 0.0000000000
85064  7.355  -33.976  65.579 0.0000000000
85066  3.726  -34.722  65.437 0.0000000000
85067  3.115  -34.573  65.034 0.0000000000
85068  2.826  -34.679  65.495 0.0000000000
86407  4.140  -34.012  66.314 0.0000000000
86424  3.180  -34.308  65.840 0.0000000000
86425  2.979  -34.372  65.971 0.0000000000
87728  4.147  -33.281  66.885 0.0000000000
87741  4.038  -33.488  66.801 0.0000000000
