#!ascii label  , from subject 3584 vox2ras=TkReg
607
110522  23.153  -15.385  -13.388 0.0000000000
122348  28.789  -5.674  -14.354 0.0000000000
177561  24.433  5.363  -15.087 0.0000000000
127928  21.388  -0.425  -16.251 0.0000000000
103075  24.626  -21.337  -12.649 0.0000000000
109137  27.344  -16.678  -12.716 0.0000000000
115302  25.974  -10.936  -16.293 0.0000000000
122386  23.895  -5.508  -17.607 0.0000000000
127916  26.339  -0.502  -15.518 0.0000000000
133559  29.222  4.687  -12.452 0.0000000000
139850  23.858  10.648  -13.836 0.0000000000
106724  24.244  -18.031  -13.045 0.0000000000
105615  25.589  -19.354  -13.114 0.0000000000
109172  25.607  -16.536  -14.524 0.0000000000
119966  22.572  -7.799  -15.189 0.0000000000
122350  21.442  -5.401  -14.324 0.0000000000
131303  23.512  2.577  -17.428 0.0000000000
129060  24.508  0.482  -17.420 0.0000000000
131282  25.237  2.607  -15.273 0.0000000000
131246  27.859  2.492  -12.946 0.0000000000
133561  26.773  4.465  -12.558 0.0000000000
140834  22.399  11.783  -12.524 0.0000000000
139868  22.082  9.818  -14.490 0.0000000000
141888  23.355  12.563  -14.345 0.0000000000
118716  27.150  -8.536  -15.113 0.0000000000
115268  28.187  -11.463  -14.125 0.0000000000
118686  29.938  -8.808  -13.112 0.0000000000
133635  22.162  5.455  -17.077 0.0000000000
124595  29.827  -3.539  -12.965 0.0000000000
114135  22.941  -12.440  -13.963 0.0000000000
112960  24.384  -13.259  -15.346 0.0000000000
116406  23.725  -10.534  -16.016 0.0000000000
119978  25.233  -7.846  -17.172 0.0000000000
122371  26.329  -5.570  -16.653 0.0000000000
125735  23.079  -2.836  -17.052 0.0000000000
125750  25.071  -2.818  -17.572 0.0000000000
125721  27.648  -2.614  -15.125 0.0000000000
129019  28.929  -0.088  -13.361 0.0000000000
137871  21.824  8.050  -16.293 0.0000000000
137847  24.196  8.580  -14.520 0.0000000000
142871  25.423  13.733  -13.743 0.0000000000
140852  26.319  11.660  -13.269 0.0000000000
136800  25.884  7.631  -12.688 0.0000000000
136796  29.422  7.214  -13.006 0.0000000000
112942  27.189  -13.697  -14.734 0.0000000000
110506  22.556  -15.061  -12.834 0.0000000000
109140  22.732  -16.045  -12.609 0.0000000000
109157  23.722  -16.254  -13.567 0.0000000000
107862  24.786  -17.497  -13.916 0.0000000000
110520  24.562  -15.829  -14.264 0.0000000000
133607  23.654  4.032  -16.709 0.0000000000
131297  24.509  2.498  -16.721 0.0000000000
132448  24.660  3.572  -15.184 0.0000000000
133594  25.695  3.595  -13.858 0.0000000000
133581  25.116  5.355  -13.536 0.0000000000
142855  22.554  13.519  -13.819 0.0000000000
141889  22.962  12.346  -13.930 0.0000000000
143861  22.639  14.243  -14.354 0.0000000000
121176  27.784  -6.544  -14.854 0.0000000000
118715  28.193  -8.567  -14.587 0.0000000000
119950  28.925  -7.443  -14.131 0.0000000000
132469  22.008  3.837  -16.932 0.0000000000
133622  21.560  5.440  -16.591 0.0000000000
104412  23.710  -20.421  -12.117 0.0000000000
103076  23.875  -21.430  -12.246 0.0000000000
101698  24.879  -22.342  -11.916 0.0000000000
103059  25.429  -21.405  -11.970 0.0000000000
107847  26.939  -17.531  -12.643 0.0000000000
105601  26.931  -19.196  -11.415 0.0000000000
115271  23.190  -11.416  -14.375 0.0000000000
116377  22.866  -10.452  -14.097 0.0000000000
121200  23.256  -6.463  -16.469 0.0000000000
119980  23.795  -7.509  -16.560 0.0000000000
119992  24.503  -7.177  -17.520 0.0000000000
119977  25.600  -6.880  -17.369 0.0000000000
122384  25.321  -5.307  -17.693 0.0000000000
125724  21.453  -2.464  -15.125 0.0000000000
126849  21.877  -1.440  -16.319 0.0000000000
127926  25.223  -0.457  -16.563 0.0000000000
126862  24.540  -1.557  -17.467 0.0000000000
126860  25.894  -1.720  -16.428 0.0000000000
125732  26.556  -2.551  -16.504 0.0000000000
126837  27.021  -1.753  -15.110 0.0000000000
126827  28.612  -1.605  -14.404 0.0000000000
127901  28.079  -0.597  -14.659 0.0000000000
131233  28.375  2.973  -12.587 0.0000000000
130099  29.361  2.110  -12.647 0.0000000000
139867  22.631  10.424  -14.957 0.0000000000
138841  22.109  9.367  -14.895 0.0000000000
139876  23.077  10.101  -15.604 0.0000000000
137858  23.200  8.366  -15.579 0.0000000000
138839  23.957  9.633  -14.836 0.0000000000
139825  26.461  9.892  -12.523 0.0000000000
138810  28.053  9.280  -12.688 0.0000000000
136798  27.767  7.614  -12.651 0.0000000000
114150  25.357  -12.302  -15.937 0.0000000000
112943  26.029  -13.567  -15.127 0.0000000000
114149  26.222  -12.448  -15.566 0.0000000000
115251  29.399  -11.480  -12.819 0.0000000000
112920  28.608  -13.243  -13.169 0.0000000000
106708  23.034  -18.612  -12.107 0.0000000000
104424  24.795  -20.056  -13.348 0.0000000000
104409  25.333  -20.129  -13.154 0.0000000000
105643  24.978  -18.947  -13.974 0.0000000000
106736  26.008  -18.537  -14.293 0.0000000000
109155  26.796  -17.008  -13.476 0.0000000000
119954  21.767  -7.754  -13.687 0.0000000000
121177  21.863  -6.617  -14.632 0.0000000000
122360  22.322  -5.440  -15.933 0.0000000000
130184  22.534  1.613  -17.572 0.0000000000
127939  22.662  -0.366  -17.175 0.0000000000
130182  24.183  1.470  -17.362 0.0000000000
130171  24.861  1.495  -16.659 0.0000000000
130157  25.853  0.950  -15.099 0.0000000000
129022  26.975  0.875  -14.766 0.0000000000
131263  26.459  2.258  -14.199 0.0000000000
132416  27.184  3.317  -13.294 0.0000000000
133560  28.106  4.602  -12.229 0.0000000000
139828  21.778  10.558  -12.300 0.0000000000
140857  22.136  11.142  -12.745 0.0000000000
140875  22.953  11.196  -13.987 0.0000000000
140873  23.672  11.991  -14.153 0.0000000000
117519  26.829  -9.510  -15.320 0.0000000000
115283  26.812  -11.310  -15.169 0.0000000000
117507  27.613  -9.544  -14.818 0.0000000000
117492  28.788  -9.697  -13.753 0.0000000000
130173  21.644  1.550  -16.037 0.0000000000
131305  22.184  2.561  -17.166 0.0000000000
132468  22.505  4.353  -17.194 0.0000000000
134733  23.706  5.542  -16.674 0.0000000000
104395  26.439  -20.071  -11.580 0.0000000000
123488  29.425  -4.491  -13.820 0.0000000000
121162  29.618  -6.344  -13.338 0.0000000000
112923  23.180  -13.484  -13.901 0.0000000000
111747  24.077  -14.222  -14.775 0.0000000000
112945  23.441  -13.225  -14.467 0.0000000000
114171  24.139  -12.044  -15.979 0.0000000000
115304  24.861  -11.296  -16.476 0.0000000000
117522  23.197  -9.450  -15.385 0.0000000000
117534  24.230  -9.625  -16.564 0.0000000000
117532  25.345  -9.796  -16.759 0.0000000000
118728  26.405  -8.584  -15.806 0.0000000000
121187  26.290  -6.505  -16.081 0.0000000000
122358  27.304  -5.553  -15.122 0.0000000000
123506  22.047  -4.517  -15.615 0.0000000000
123518  23.242  -4.473  -17.296 0.0000000000
126864  23.023  -1.420  -17.553 0.0000000000
125765  23.995  -3.053  -18.082 0.0000000000
124678  24.794  -3.960  -18.521 0.0000000000
123516  25.921  -4.318  -16.651 0.0000000000
124633  26.891  -3.857  -16.107 0.0000000000
123502  28.629  -4.262  -14.678 0.0000000000
124622  29.050  -3.067  -14.883 0.0000000000
126813  29.327  -1.795  -12.883 0.0000000000
129010  28.169  0.880  -13.520 0.0000000000
177578  22.037  6.970  -16.560 0.0000000000
177572  23.524  7.243  -15.890 0.0000000000
177565  24.058  6.825  -15.098 0.0000000000
142872  24.441  13.676  -14.206 0.0000000000
141862  24.656  12.040  -13.652 0.0000000000
141860  26.257  12.703  -13.198 0.0000000000
140853  25.023  11.485  -13.190 0.0000000000
138829  25.111  9.360  -13.210 0.0000000000
137846  24.830  8.191  -13.666 0.0000000000
134682  24.938  6.649  -13.597 0.0000000000
135758  26.227  6.810  -12.657 0.0000000000
135756  28.241  6.658  -12.597 0.0000000000
135755  29.178  6.630  -12.746 0.0000000000
111745  25.518  -14.607  -14.974 0.0000000000
110533  26.619  -15.484  -14.278 0.0000000000
111728  27.559  -14.983  -13.751 0.0000000000
114131  27.844  -12.359  -14.360 0.0000000000
111726  28.335  -13.831  -13.281 0.0000000000
109158  23.184  -16.144  -13.189 0.0000000000
109156  24.600  -16.453  -14.070 0.0000000000
110521  24.119  -15.378  -14.142 0.0000000000
133605  24.093  4.602  -15.513 0.0000000000
132449  23.927  3.636  -15.809 0.0000000000
133595  25.018  4.475  -14.438 0.0000000000
121175  28.522  -6.542  -14.427 0.0000000000
119951  28.309  -7.447  -14.601 0.0000000000
121174  29.140  -6.510  -13.939 0.0000000000
104411  24.432  -20.439  -12.661 0.0000000000
101718  24.411  -21.970  -12.262 0.0000000000
101717  24.782  -21.772  -12.351 0.0000000000
103074  25.035  -21.503  -12.600 0.0000000000
107846  27.368  -17.331  -12.326 0.0000000000
106704  27.132  -17.930  -12.110 0.0000000000
107831  27.577  -17.404  -11.830 0.0000000000
109123  27.983  -16.631  -12.012 0.0000000000
116378  22.431  -10.408  -13.324 0.0000000000
122372  23.393  -5.894  -17.143 0.0000000000
121213  23.828  -6.659  -17.355 0.0000000000
121212  24.542  -6.183  -17.894 0.0000000000
121211  25.166  -5.946  -18.106 0.0000000000
121223  24.824  -5.631  -18.215 0.0000000000
126839  21.446  -1.372  -15.572 0.0000000000
127927  22.072  -0.725  -16.648 0.0000000000
127925  25.726  -0.486  -15.968 0.0000000000
126847  25.632  -1.098  -16.330 0.0000000000
126846  26.219  -1.241  -16.012 0.0000000000
126845  26.877  -1.755  -16.079 0.0000000000
126838  26.607  -1.217  -15.445 0.0000000000
127914  27.513  -1.167  -14.904 0.0000000000
127915  27.205  -0.520  -15.182 0.0000000000
132397  28.693  3.710  -12.416 0.0000000000
132396  29.625  3.709  -12.456 0.0000000000
139866  23.482  10.467  -14.817 0.0000000000
138840  23.422  9.583  -15.395 0.0000000000
139865  24.135  10.255  -14.333 0.0000000000
138827  27.800  9.851  -12.668 0.0000000000
139845  29.039  10.136  -13.707 0.0000000000
138826  28.523  9.415  -13.195 0.0000000000
115285  25.792  -11.846  -15.842 0.0000000000
114148  26.599  -11.885  -15.401 0.0000000000
115239  29.969  -11.421  -12.303 0.0000000000
114112  29.149  -12.427  -13.054 0.0000000000
107848  23.706  -17.588  -12.858 0.0000000000
106707  23.879  -18.441  -12.549 0.0000000000
105617  24.550  -19.406  -12.789 0.0000000000
106706  24.623  -18.667  -12.986 0.0000000000
105629  24.900  -19.361  -13.517 0.0000000000
106723  24.762  -18.270  -13.556 0.0000000000
107874  25.206  -17.315  -14.413 0.0000000000
106737  25.576  -18.300  -14.365 0.0000000000
107873  25.910  -17.514  -14.484 0.0000000000
107872  26.283  -17.653  -13.905 0.0000000000
109171  26.332  -16.496  -14.123 0.0000000000
121178  21.508  -6.517  -13.880 0.0000000000
121190  21.712  -6.114  -14.717 0.0000000000
121201  22.691  -6.091  -16.092 0.0000000000
122361  21.754  -5.440  -15.215 0.0000000000
130183  23.266  1.615  -18.001 0.0000000000
131296  24.879  2.419  -16.081 0.0000000000
130172  24.357  2.002  -16.925 0.0000000000
130158  25.327  1.455  -15.458 0.0000000000
130139  25.536  1.933  -14.944 0.0000000000
130138  26.158  1.444  -14.763 0.0000000000
131264  25.797  2.396  -14.649 0.0000000000
133580  25.706  4.414  -13.342 0.0000000000
133579  26.351  3.656  -13.415 0.0000000000
132398  27.802  3.556  -12.539 0.0000000000
141843  22.271  12.237  -11.912 0.0000000000
140835  21.893  11.591  -11.933 0.0000000000
140874  23.231  11.380  -14.031 0.0000000000
118701  29.031  -8.604  -13.836 0.0000000000
118702  28.535  -9.127  -14.088 0.0000000000
117491  29.460  -9.662  -13.203 0.0000000000
130159  21.334  1.427  -15.291 0.0000000000
131298  21.556  2.658  -16.469 0.0000000000
133621  22.177  4.815  -17.053 0.0000000000
133634  22.723  4.969  -17.233 0.0000000000
133633  23.383  4.683  -17.100 0.0000000000
134734  23.135  5.696  -17.061 0.0000000000
104396  25.609  -20.345  -12.422 0.0000000000
105602  26.280  -19.314  -12.145 0.0000000000
104385  27.310  -20.002  -10.978 0.0000000000
124611  29.643  -3.735  -13.573 0.0000000000
112909  22.189  -12.939  -12.664 0.0000000000
112946  23.055  -13.143  -13.949 0.0000000000
116393  23.610  -11.028  -15.485 0.0000000000
115270  23.543  -11.538  -15.101 0.0000000000
115286  23.756  -11.538  -15.775 0.0000000000
115305  24.212  -11.352  -16.259 0.0000000000
116422  24.460  -10.571  -16.526 0.0000000000
118717  22.295  -8.504  -14.258 0.0000000000
118732  22.817  -8.751  -15.055 0.0000000000
119979  24.462  -7.850  -16.964 0.0000000000
118746  24.125  -8.687  -16.564 0.0000000000
118755  24.437  -9.048  -16.951 0.0000000000
117544  25.075  -9.517  -17.031 0.0000000000
118744  25.311  -8.951  -17.050 0.0000000000
118729  25.779  -8.783  -16.487 0.0000000000
119964  25.680  -8.170  -16.842 0.0000000000
121199  26.039  -6.375  -16.988 0.0000000000
121186  27.092  -6.542  -15.504 0.0000000000
122359  26.586  -5.548  -15.773 0.0000000000
125723  21.980  -2.843  -15.733 0.0000000000
124635  21.803  -3.562  -15.298 0.0000000000
124634  22.368  -3.582  -15.980 0.0000000000
123505  22.620  -4.519  -16.384 0.0000000000
124648  22.935  -3.564  -16.710 0.0000000000
127938  23.382  -0.418  -17.739 0.0000000000
127937  24.165  -0.487  -17.789 0.0000000000
126861  25.246  -1.512  -16.887 0.0000000000
125751  24.233  -2.477  -17.715 0.0000000000
124668  24.139  -3.614  -18.453 0.0000000000
125763  24.975  -3.240  -18.358 0.0000000000
124657  25.242  -3.749  -17.504 0.0000000000
125734  25.349  -3.299  -17.160 0.0000000000
125722  27.421  -2.463  -16.079 0.0000000000
124644  27.147  -3.181  -16.402 0.0000000000
124632  27.539  -3.533  -15.689 0.0000000000
123503  27.846  -4.535  -14.961 0.0000000000
124631  28.342  -3.448  -15.041 0.0000000000
124630  28.948  -3.664  -14.694 0.0000000000
127900  28.691  -0.782  -13.804 0.0000000000
126826  29.113  -1.674  -13.717 0.0000000000
127887  29.210  -0.711  -12.951 0.0000000000
127869  29.337  -1.196  -12.443 0.0000000000
127886  29.763  -0.071  -12.725 0.0000000000
130121  27.762  1.585  -13.645 0.0000000000
138831  21.339  9.369  -13.039 0.0000000000
138842  21.616  9.057  -14.178 0.0000000000
138852  22.625  8.898  -15.455 0.0000000000
137859  22.137  8.018  -14.918 0.0000000000
136824  21.030  7.156  -15.410 0.0000000000
177580  21.277  6.630  -16.140 0.0000000000
177586  21.964  7.870  -16.665 0.0000000000
177573  23.268  8.035  -16.188 0.0000000000
136823  23.770  7.854  -15.045 0.0000000000
177560  24.336  7.354  -14.304 0.0000000000
143870  24.902  14.578  -14.436 0.0000000000
141887  24.228  12.594  -14.142 0.0000000000
141886  24.733  13.252  -13.631 0.0000000000
140872  27.075  11.883  -13.343 0.0000000000
141885  26.878  12.420  -13.689 0.0000000000
139848  25.757  10.382  -13.008 0.0000000000
137831  26.366  8.425  -12.663 0.0000000000
137832  25.629  8.399  -13.100 0.0000000000
136813  25.394  7.561  -13.220 0.0000000000
135759  25.486  6.966  -12.809 0.0000000000
134664  25.670  6.219  -12.882 0.0000000000
136797  28.941  7.714  -12.623 0.0000000000
134661  28.705  5.666  -12.534 0.0000000000
111760  24.264  -13.706  -15.096 0.0000000000
111746  24.732  -14.639  -15.045 0.0000000000
111758  25.065  -14.128  -15.291 0.0000000000
111744  26.444  -14.647  -14.713 0.0000000000
110532  27.078  -15.472  -13.791 0.0000000000
111743  27.205  -14.839  -14.354 0.0000000000
115269  27.483  -11.412  -14.651 0.0000000000
111710  28.544  -14.051  -12.659 0.0000000000
111727  28.072  -14.585  -13.284 0.0000000000
109139  23.412  -16.775  -12.964 0.0000000000
107863  24.163  -17.268  -13.423 0.0000000000
109173  25.116  -16.495  -14.421 0.0000000000
132480  23.775  3.573  -17.126 0.0000000000
131302  24.148  2.580  -17.138 0.0000000000
132467  23.972  3.677  -16.833 0.0000000000
132465  24.686  3.123  -15.786 0.0000000000
132431  25.337  3.210  -14.523 0.0000000000
141863  22.953  13.221  -12.824 0.0000000000
141864  22.875  12.611  -12.996 0.0000000000
142874  22.847  13.529  -14.577 0.0000000000
119952  27.573  -7.533  -15.091 0.0000000000
118714  28.670  -8.019  -14.353 0.0000000000
119941  29.563  -7.512  -13.254 0.0000000000
132451  21.015  3.972  -15.663 0.0000000000
105603  23.249  -19.921  -11.789 0.0000000000
105604  22.483  -19.663  -11.369 0.0000000000
104398  23.264  -20.745  -11.517 0.0000000000
100222  25.144  -23.622  -11.242 0.0000000000
101684  25.560  -22.135  -11.094 0.0000000000
103045  25.817  -21.470  -11.408 0.0000000000
106705  26.483  -18.415  -12.656 0.0000000000
106690  26.819  -18.596  -11.880 0.0000000000
115253  22.621  -11.377  -13.652 0.0000000000
116394  23.310  -10.501  -15.083 0.0000000000
119965  23.163  -7.143  -15.746 0.0000000000
118731  23.435  -8.376  -15.702 0.0000000000
119993  24.039  -7.403  -17.273 0.0000000000
119991  25.099  -6.768  -17.705 0.0000000000
121210  25.595  -6.097  -17.562 0.0000000000
122383  25.876  -5.490  -17.186 0.0000000000
125737  21.853  -2.115  -15.832 0.0000000000
125736  22.438  -2.490  -16.464 0.0000000000
127936  24.805  -0.495  -17.244 0.0000000000
125749  25.729  -2.373  -16.692 0.0000000000
125733  25.878  -3.038  -17.021 0.0000000000
126859  26.384  -1.877  -16.321 0.0000000000
125713  28.371  -2.501  -14.727 0.0000000000
126836  27.778  -1.741  -14.712 0.0000000000
130120  28.584  1.658  -12.942 0.0000000000
131232  29.061  2.841  -12.567 0.0000000000
131231  29.927  2.810  -12.461 0.0000000000
139877  22.802  9.812  -15.591 0.0000000000
137870  22.864  8.106  -16.477 0.0000000000
138851  22.975  9.092  -15.417 0.0000000000
137857  23.514  8.836  -14.938 0.0000000000
140851  27.255  11.360  -13.177 0.0000000000
139847  27.011  10.576  -12.471 0.0000000000
138828  27.248  9.755  -12.419 0.0000000000
137830  27.246  8.443  -12.676 0.0000000000
136799  26.789  7.591  -12.720 0.0000000000
137829  28.166  8.619  -12.678 0.0000000000
137845  28.825  8.570  -12.985 0.0000000000
112959  25.145  -13.351  -15.484 0.0000000000
112958  25.740  -12.992  -15.701 0.0000000000
114133  26.693  -13.054  -15.195 0.0000000000
115252  28.913  -11.512  -13.597 0.0000000000
114113  28.449  -12.404  -13.702 0.0000000000
105619  23.023  -19.293  -11.792 0.0000000000
105618  23.790  -19.487  -12.150 0.0000000000
104410  25.057  -20.592  -13.267 0.0000000000
104423  24.977  -20.005  -13.622 0.0000000000
105628  25.228  -19.602  -13.715 0.0000000000
105627  25.933  -19.265  -14.111 0.0000000000
106738  24.972  -18.222  -14.215 0.0000000000
105641  25.866  -19.065  -14.294 0.0000000000
106722  26.226  -18.563  -13.625 0.0000000000
107861  26.548  -17.710  -13.200 0.0000000000
109138  26.840  -17.192  -12.976 0.0000000000
119953  22.054  -7.284  -14.502 0.0000000000
121188  22.912  -6.513  -15.852 0.0000000000
122373  22.857  -5.484  -16.753 0.0000000000
129052  21.701  0.635  -16.484 0.0000000000
127940  21.910  -0.057  -16.804 0.0000000000
129063  22.292  0.683  -17.127 0.0000000000
129062  22.917  0.620  -17.831 0.0000000000
129061  23.735  0.556  -17.918 0.0000000000
129071  24.951  0.669  -17.252 0.0000000000
129051  25.168  0.389  -15.980 0.0000000000
129038  25.662  0.620  -15.371 0.0000000000
129037  26.460  0.422  -15.178 0.0000000000
129036  27.320  0.337  -15.037 0.0000000000
130137  27.073  1.532  -14.282 0.0000000000
131262  27.149  2.339  -13.673 0.0000000000
132430  26.096  3.017  -14.241 0.0000000000
132429  26.566  2.957  -13.751 0.0000000000
139852  22.169  10.276  -13.618 0.0000000000
140856  22.579  11.436  -13.427 0.0000000000
139851  22.689  10.764  -13.979 0.0000000000
140855  23.509  10.934  -13.883 0.0000000000
116419  26.165  -10.431  -16.161 0.0000000000
116405  26.485  -10.419  -15.459 0.0000000000
116404  27.068  -10.428  -14.815 0.0000000000
116392  27.911  -10.524  -14.508 0.0000000000
117506  28.287  -9.677  -14.317 0.0000000000
116391  28.541  -10.576  -13.949 0.0000000000
116376  29.126  -10.585  -13.342 0.0000000000
129039  21.085  0.554  -15.833 0.0000000000
130185  21.911  1.616  -16.899 0.0000000000
131304  22.847  2.544  -17.554 0.0000000000
132482  22.584  3.154  -17.180 0.0000000000
132481  22.974  3.749  -17.418 0.0000000000
134722  23.700  4.975  -16.306 0.0000000000
134732  24.437  6.009  -16.079 0.0000000000
104397  25.226  -21.029  -12.652 0.0000000000
103058  26.030  -20.906  -11.587 0.0000000000
123489  28.954  -4.839  -14.294 0.0000000000
122347  29.247  -5.533  -13.825 0.0000000000
122332  29.803  -5.384  -13.269 0.0000000000
111730  22.797  -14.445  -13.221 0.0000000000
111729  23.403  -14.206  -13.855 0.0000000000
112961  24.031  -13.375  -14.967 0.0000000000
114134  23.393  -12.233  -14.649 0.0000000000
114152  23.848  -12.507  -15.317 0.0000000000
114151  24.574  -12.600  -15.771 0.0000000000
114170  24.697  -11.927  -16.202 0.0000000000
114169  25.127  -11.757  -16.319 0.0000000000
115303  25.556  -11.365  -16.338 0.0000000000
117508  22.723  -9.564  -14.666 0.0000000000
116407  23.400  -10.003  -15.678 0.0000000000
117521  23.628  -9.455  -16.043 0.0000000000
116421  25.121  -10.587  -16.604 0.0000000000
116420  25.678  -10.482  -16.474 0.0000000000
117520  26.333  -9.582  -16.021 0.0000000000
119963  25.926  -7.580  -16.519 0.0000000000
119962  26.669  -7.539  -15.626 0.0000000000
122349  28.059  -5.627  -14.610 0.0000000000
123477  21.442  -4.374  -13.829 0.0000000000
123491  21.574  -4.475  -14.839 0.0000000000
123530  23.579  -4.929  -17.604 0.0000000000
126848  22.538  -1.421  -16.856 0.0000000000
125753  22.838  -2.151  -17.226 0.0000000000
126863  23.767  -1.486  -17.734 0.0000000000
125752  23.489  -2.561  -17.623 0.0000000000
124658  23.639  -3.536  -18.043 0.0000000000
123529  23.901  -4.468  -18.146 0.0000000000
123528  24.483  -4.813  -18.258 0.0000000000
122397  25.078  -5.139  -18.264 0.0000000000
123527  25.466  -4.600  -17.137 0.0000000000
123526  26.169  -4.919  -16.914 0.0000000000
124645  26.344  -3.573  -16.508 0.0000000000
123515  26.363  -4.615  -16.260 0.0000000000
123504  27.023  -4.582  -15.602 0.0000000000
123490  28.440  -4.972  -14.537 0.0000000000
123501  29.150  -4.148  -14.433 0.0000000000
124621  29.363  -3.466  -14.287 0.0000000000
125701  29.453  -2.764  -13.519 0.0000000000
125712  29.109  -2.486  -14.366 0.0000000000
125687  29.628  -2.669  -12.575 0.0000000000
129021  27.670  0.583  -14.340 0.0000000000
129020  28.285  0.059  -13.717 0.0000000000
129008  29.670  0.382  -13.042 0.0000000000
177585  21.778  6.579  -16.575 0.0000000000
134723  21.941  6.061  -17.037 0.0000000000
177571  22.693  7.027  -16.556 0.0000000000
135835  22.804  6.362  -16.847 0.0000000000
177570  23.818  6.439  -16.260 0.0000000000
177566  24.228  6.042  -14.954 0.0000000000
143873  22.860  14.386  -14.611 0.0000000000
143872  23.258  14.317  -14.713 0.0000000000
143871  23.979  14.343  -14.555 0.0000000000
142873  23.613  13.479  -14.591 0.0000000000
140854  24.077  11.432  -13.699 0.0000000000
142853  26.092  13.273  -13.306 0.0000000000
141861  25.300  12.671  -13.308 0.0000000000
139826  24.271  11.079  -13.274 0.0000000000
139849  24.457  10.531  -13.285 0.0000000000
138830  24.523  9.474  -14.063 0.0000000000
138813  25.970  9.269  -12.759 0.0000000000
177553  24.281  6.543  -14.292 0.0000000000
177558  24.402  5.648  -14.184 0.0000000000
133562  25.803  5.328  -12.936 0.0000000000
134663  26.546  5.848  -12.715 0.0000000000
135757  27.200  6.687  -12.714 0.0000000000
134662  27.583  5.658  -12.450 0.0000000000
134660  29.926  5.836  -12.755 0.0000000000
136811  29.602  7.779  -13.545 0.0000000000
135775  29.773  6.762  -13.343 0.0000000000
110535  24.966  -15.635  -14.576 0.0000000000
110534  25.968  -15.604  -14.655 0.0000000000
109170  26.615  -15.838  -13.823 0.0000000000
109154  26.897  -16.156  -13.449 0.0000000000
110519  27.592  -15.625  -13.112 0.0000000000
114132  27.116  -12.409  -15.035 0.0000000000
112941  27.592  -12.991  -14.559 0.0000000000
112921  28.139  -13.471  -14.024 0.0000000000
112922  27.723  -14.351  -14.106 0.0000000000
110518  28.025  -15.271  -12.812 0.0000000000
110504  28.032  -15.843  -12.489 0.0000000000
101719  24.002  -22.166  -12.213 0.0000000000
105616  25.233  -20.008  -13.447 0.0000000000
105642  25.455  -18.930  -14.204 0.0000000000
105658  25.862  -18.941  -14.375 0.0000000000
105659  25.666  -18.838  -14.325 0.0000000000
106691  22.589  -18.808  -11.624 0.0000000000
106755  26.022  -18.821  -14.384 0.0000000000
106756  25.799  -18.647  -14.377 0.0000000000
109124  27.626  -17.033  -12.245 0.0000000000
109136  27.776  -16.300  -12.467 0.0000000000
110505  27.709  -16.107  -12.696 0.0000000000
110536  24.411  -15.025  -14.752 0.0000000000
111759  24.577  -13.924  -15.265 0.0000000000
112924  22.747  -13.381  -13.416 0.0000000000
112944  25.425  -13.917  -15.213 0.0000000000
115284  26.196  -11.334  -15.773 0.0000000000
117531  25.818  -9.728  -16.443 0.0000000000
117533  24.802  -9.943  -16.810 0.0000000000
117545  24.619  -9.443  -16.920 0.0000000000
117546  24.382  -9.301  -16.790 0.0000000000
118730  25.539  -8.445  -16.939 0.0000000000
118743  25.568  -9.315  -16.710 0.0000000000
118745  24.739  -8.600  -17.071 0.0000000000
118754  24.834  -9.140  -17.162 0.0000000000
118756  24.184  -9.107  -16.711 0.0000000000
119990  25.370  -6.433  -17.718 0.0000000000
121189  22.249  -6.522  -15.386 0.0000000000
121222  24.999  -5.481  -18.304 0.0000000000
122385  24.439  -5.280  -18.062 0.0000000000
122387  23.302  -5.285  -17.356 0.0000000000
122398  24.786  -5.140  -18.311 0.0000000000
123517  23.326  -4.001  -17.920 0.0000000000
123538  25.210  -4.397  -18.038 0.0000000000
123539  24.756  -4.384  -18.437 0.0000000000
123540  24.355  -4.047  -18.508 0.0000000000
123550  25.089  -4.028  -18.380 0.0000000000
123551  24.933  -4.109  -18.508 0.0000000000
124646  25.547  -3.739  -16.822 0.0000000000
124647  23.405  -3.502  -17.403 0.0000000000
124666  25.145  -3.648  -18.259 0.0000000000
124667  24.737  -3.712  -18.509 0.0000000000
124677  24.997  -3.823  -18.498 0.0000000000
125748  26.151  -2.152  -16.453 0.0000000000
125764  24.567  -3.107  -18.272 0.0000000000
127902  27.736  0.022  -14.998 0.0000000000
129050  25.843  0.059  -15.537 0.0000000000
129059  25.071  0.484  -17.050 0.0000000000
129072  24.719  0.697  -17.327 0.0000000000
130100  28.888  2.245  -12.716 0.0000000000
130181  24.793  1.067  -17.212 0.0000000000
130190  24.865  0.898  -17.285 0.0000000000
130191  24.614  0.927  -17.317 0.0000000000
131245  28.540  2.413  -12.704 0.0000000000
132450  23.783  3.719  -16.400 0.0000000000
132466  24.391  3.220  -16.427 0.0000000000
132479  24.273  3.160  -16.953 0.0000000000
133563  25.321  5.866  -13.172 0.0000000000
133593  26.183  3.296  -13.817 0.0000000000
133606  23.504  4.271  -16.253 0.0000000000
133619  23.580  4.631  -16.575 0.0000000000
133620  23.701  4.470  -16.828 0.0000000000
134681  30.191  6.359  -13.271 0.0000000000
134735  22.507  5.898  -17.112 0.0000000000
135833  23.937  6.148  -16.473 0.0000000000
135834  23.298  6.537  -16.514 0.0000000000
135836  22.300  6.714  -16.683 0.0000000000
137872  21.678  7.547  -16.355 0.0000000000
138811  27.560  9.195  -12.594 0.0000000000
138812  26.819  9.259  -12.576 0.0000000000
139824  26.881  9.889  -12.304 0.0000000000
139827  24.044  10.859  -13.206 0.0000000000
139846  28.102  10.738  -13.353 0.0000000000
140822  21.513  11.483  -11.422 0.0000000000
140832  24.034  11.143  -13.355 0.0000000000
140833  23.781  10.992  -13.448 0.0000000000
142852  26.541  13.045  -13.444 0.0000000000
177554  21.886  7.158  -16.511 0.0000000000
177559  24.504  6.845  -14.026 0.0000000000
177577  22.425  7.561  -16.735 0.0000000000
177579  22.109  7.459  -16.659 0.0000000000
177584  22.194  7.927  -16.746 0.0000000000
177588  21.454  7.329  -16.147 0.0000000000
177589  21.653  7.143  -16.357 0.0000000000
177590  21.845  7.594  -16.530 0.0000000000
