#!ascii label  , from subject 3828 vox2ras=TkReg
1928
65986  -30.782  -18.278  82.168 0.0000000000
88759  -47.855  -0.563  63.972 0.0000000000
72288  -41.012  -12.761  68.396 0.0000000000
57855  -6.333  -28.148  79.014 0.0000000000
51991  -22.404  -29.772  79.821 0.0000000000
64727  -6.371  -20.438  82.101 0.0000000000
61173  -6.538  -22.817  88.788 0.0000000000
81802  -43.558  -6.950  67.936 0.0000000000
66054  -5.071  -19.259  74.587 0.0000000000
50804  -5.209  -31.400  85.230 0.0000000000
67348  -31.337  -17.322  75.445 0.0000000000
61281  -28.421  -24.159  81.409 0.0000000000
55500  -29.165  -26.854  82.249 0.0000000000
87607  -51.080  -1.235  61.380 0.0000000000
72322  -43.575  -13.202  66.790 0.0000000000
55550  -16.393  -28.317  77.644 0.0000000000
72146  -4.477  -14.973  79.882 0.0000000000
60107  -9.093  -24.850  82.438 0.0000000000
61304  -10.046  -23.238  78.826 0.0000000000
57887  -7.891  -27.092  76.120 0.0000000000
51917  -11.682  -30.367  87.640 0.0000000000
51885  -7.510  -29.802  89.683 0.0000000000
140873  -37.561  -14.284  71.771 0.0000000000
56638  -26.950  -26.792  84.950 0.0000000000
54419  -24.360  -29.535  76.562 0.0000000000
63549  -6.200  -21.312  85.573 0.0000000000
57769  -6.961  -26.269  85.755 0.0000000000
87537  -44.447  -1.376  66.648 0.0000000000
54282  -13.730  -28.767  84.326 0.0000000000
54342  -14.895  -29.156  80.054 0.0000000000
66009  -5.933  -20.590  78.494 0.0000000000
63692  -9.938  -21.310  76.094 0.0000000000
61141  -8.739  -23.889  90.989 0.0000000000
56588  -5.730  -27.679  88.183 0.0000000000
55491  -3.837  -28.884  82.341 0.0000000000
68568  -32.883  -17.158  80.462 0.0000000000
65993  -30.458  -18.976  80.635 0.0000000000
67318  -31.442  -17.749  79.015 0.0000000000
64733  -29.578  -20.273  82.690 0.0000000000
63606  -28.758  -21.069  80.832 0.0000000000
63565  -30.428  -22.192  84.081 0.0000000000
88769  -48.995  -1.077  62.635 0.0000000000
87586  -43.914  -1.433  62.111 0.0000000000
87602  -45.772  -1.357  61.418 0.0000000000
87632  -47.412  -1.241  59.693 0.0000000000
71085  -42.316  -13.813  67.327 0.0000000000
74712  -37.586  -12.557  68.095 0.0000000000
72320  -39.276  -13.759  66.429 0.0000000000
71132  -40.142  -14.462  64.544 0.0000000000
57830  -7.219  -26.764  81.009 0.0000000000
59032  -8.939  -26.442  79.963 0.0000000000
57865  -7.647  -27.602  78.003 0.0000000000
57905  -7.155  -28.104  74.934 0.0000000000
56711  -5.521  -28.804  76.377 0.0000000000
51944  -10.648  -30.221  85.051 0.0000000000
50800  -8.461  -31.323  86.246 0.0000000000
72239  -35.982  -13.835  73.567 0.0000000000
69813  -32.439  -14.837  75.780 0.0000000000
68643  -32.092  -16.511  72.655 0.0000000000
69836  -33.165  -14.439  73.963 0.0000000000
72253  -34.936  -13.763  71.710 0.0000000000
58903  -27.808  -23.973  87.772 0.0000000000
53240  -28.512  -28.510  77.867 0.0000000000
52037  -27.433  -29.096  78.600 0.0000000000
85332  -50.352  -2.948  56.953 0.0000000000
86517  -50.505  -2.503  56.144 0.0000000000
62398  -6.312  -22.296  87.329 0.0000000000
60056  -6.921  -24.223  85.648 0.0000000000
60035  -6.032  -24.353  87.385 0.0000000000
85251  -43.348  -3.644  67.774 0.0000000000
78243  -43.153  -10.142  63.965 0.0000000000
80691  -41.346  -7.556  65.935 0.0000000000
83020  -40.827  -5.269  65.552 0.0000000000
56609  -15.015  -28.045  85.814 0.0000000000
55443  -16.489  -27.561  85.200 0.0000000000
68530  -5.902  -17.876  83.216 0.0000000000
140672  -5.675  -18.023  80.857 0.0000000000
64750  -5.779  -20.798  80.225 0.0000000000
60171  -10.788  -24.541  76.828 0.0000000000
62536  -10.300  -22.124  77.905 0.0000000000
60178  -11.269  -24.438  75.129 0.0000000000
59996  -10.574  -24.572  90.351 0.0000000000
50779  -5.972  -31.274  87.675 0.0000000000
53079  -5.864  -29.106  88.643 0.0000000000
53098  -5.331  -29.901  86.384 0.0000000000
55448  -4.284  -29.064  85.099 0.0000000000
53115  -3.076  -30.949  84.362 0.0000000000
68603  -31.578  -16.798  77.173 0.0000000000
60032  -28.877  -23.937  86.542 0.0000000000
62418  -30.712  -22.897  85.381 0.0000000000
59013  -29.185  -25.408  82.170 0.0000000000
87636  -51.748  -1.865  59.600 0.0000000000
86494  -49.120  -2.062  57.600 0.0000000000
77044  -43.303  -10.122  66.799 0.0000000000
72366  -41.514  -14.068  63.616 0.0000000000
53269  -20.506  -28.634  76.894 0.0000000000
55524  -19.356  -28.540  78.744 0.0000000000
69795  -5.721  -16.922  77.084 0.0000000000
62451  -7.310  -22.445  82.795 0.0000000000
62481  -7.509  -21.816  80.861 0.0000000000
61270  -10.078  -24.161  80.759 0.0000000000
59046  -10.212  -25.667  78.140 0.0000000000
57899  -9.378  -26.631  74.708 0.0000000000
55418  -11.170  -28.224  88.543 0.0000000000
56584  -9.708  -27.809  89.857 0.0000000000
51900  -9.374  -30.506  89.094 0.0000000000
51912  -6.865  -31.643  87.288 0.0000000000
73481  -39.111  -13.511  70.209 0.0000000000
140882  -36.297  -13.545  69.942 0.0000000000
53157  -25.502  -28.383  81.087 0.0000000000
54290  -28.564  -27.421  83.080 0.0000000000
51996  -26.608  -29.428  80.002 0.0000000000
52049  -23.668  -30.677  78.360 0.0000000000
68531  -6.428  -17.537  84.173 0.0000000000
67248  -6.978  -18.609  85.768 0.0000000000
64720  -6.702  -20.913  83.825 0.0000000000
61221  -7.366  -22.997  84.904 0.0000000000
58966  -8.022  -25.900  84.355 0.0000000000
57799  -6.211  -27.248  82.359 0.0000000000
88733  -45.694  -0.297  64.881 0.0000000000
86432  -41.668  -2.525  64.677 0.0000000000
56594  -14.185  -27.800  88.369 0.0000000000
53113  -12.837  -29.567  85.951 0.0000000000
53126  -10.844  -29.690  82.990 0.0000000000
53171  -18.793  -29.803  80.890 0.0000000000
54317  -17.610  -29.029  81.246 0.0000000000
55492  -17.768  -28.038  82.985 0.0000000000
54314  -14.425  -28.835  82.456 0.0000000000
53185  -11.980  -29.844  80.905 0.0000000000
140712  -5.553  -15.316  81.024 0.0000000000
140703  -5.159  -17.042  79.101 0.0000000000
62559  -5.555  -20.251  76.443 0.0000000000
61301  -7.473  -21.501  79.014 0.0000000000
64788  -7.673  -21.121  77.295 0.0000000000
64820  -7.895  -20.523  75.578 0.0000000000
61139  -7.297  -23.588  89.777 0.0000000000
56571  -8.056  -27.156  90.393 0.0000000000
57706  -6.640  -25.917  89.561 0.0000000000
58906  -5.980  -25.194  88.528 0.0000000000
56607  -6.096  -27.483  86.924 0.0000000000
56642  -5.462  -28.697  83.968 0.0000000000
57812  -4.539  -27.692  80.904 0.0000000000
49667  -4.182  -33.077  81.975 0.0000000000
51982  -3.732  -31.504  80.739 0.0000000000
56697  -5.319  -29.254  78.065 0.0000000000
68558  -33.181  -17.768  81.435 0.0000000000
68538  -32.489  -17.013  82.802 0.0000000000
67293  -31.713  -19.058  81.263 0.0000000000
67300  -31.919  -18.781  80.782 0.0000000000
65976  -30.305  -19.387  82.936 0.0000000000
64745  -29.664  -19.863  82.085 0.0000000000
65977  -30.664  -18.230  83.247 0.0000000000
65968  -29.734  -18.696  84.079 0.0000000000
88768  -47.959  -0.710  62.860 0.0000000000
87576  -45.413  -0.947  63.152 0.0000000000
87587  -44.970  -0.774  62.139 0.0000000000
87589  -47.001  -0.836  62.472 0.0000000000
87604  -47.575  -0.915  61.771 0.0000000000
72302  -41.711  -13.123  67.840 0.0000000000
73515  -42.918  -12.897  68.372 0.0000000000
73514  -42.137  -12.806  68.470 0.0000000000
73525  -38.747  -12.644  67.148 0.0000000000
72312  -40.326  -13.404  66.881 0.0000000000
71083  -41.086  -13.902  66.698 0.0000000000
57845  -7.365  -27.471  80.149 0.0000000000
57856  -7.381  -28.085  79.078 0.0000000000
57864  -6.863  -28.104  78.111 0.0000000000
57885  -6.555  -27.907  76.578 0.0000000000
57873  -5.827  -28.504  77.637 0.0000000000
53116  -9.603  -30.622  83.123 0.0000000000
50816  -8.986  -30.930  84.672 0.0000000000
69814  -33.635  -14.371  75.624 0.0000000000
69824  -33.009  -14.596  74.952 0.0000000000
69825  -33.812  -13.929  74.666 0.0000000000
69837  -34.295  -13.955  73.896 0.0000000000
86496  -50.827  -2.490  57.453 0.0000000000
85345  -50.522  -3.293  56.196 0.0000000000
88815  -51.587  -0.869  56.654 0.0000000000
62388  -6.261  -22.513  87.993 0.0000000000
61194  -6.102  -23.176  87.379 0.0000000000
61183  -6.054  -23.253  88.320 0.0000000000
82987  -43.170  -5.912  67.990 0.0000000000
85235  -44.540  -3.828  68.744 0.0000000000
79452  -41.922  -9.137  66.422 0.0000000000
79469  -41.531  -9.493  65.753 0.0000000000
80656  -42.226  -7.408  67.260 0.0000000000
83003  -41.962  -5.759  67.017 0.0000000000
58961  -15.571  -27.029  84.538 0.0000000000
58972  -16.250  -27.050  83.415 0.0000000000
53155  -23.355  -29.313  81.531 0.0000000000
51957  -22.648  -29.346  80.944 0.0000000000
67355  -4.320  -18.488  74.608 0.0000000000
65970  -6.514  -19.619  82.245 0.0000000000
67289  -6.332  -19.389  81.404 0.0000000000
64738  -6.321  -20.171  81.449 0.0000000000
59086  -10.706  -25.732  74.580 0.0000000000
60177  -11.074  -24.471  75.965 0.0000000000
59087  -11.186  -25.241  74.367 0.0000000000
61174  -10.440  -23.392  89.081 0.0000000000
60012  -10.082  -25.054  89.237 0.0000000000
49645  -4.930  -31.446  86.327 0.0000000000
50781  -5.370  -31.035  86.706 0.0000000000
51918  -4.653  -31.221  86.037 0.0000000000
53111  -4.057  -30.560  85.650 0.0000000000
51940  -4.555  -31.445  84.878 0.0000000000
67319  -31.469  -16.759  78.942 0.0000000000
67331  -31.540  -16.856  78.131 0.0000000000
68597  -31.824  -16.300  77.985 0.0000000000
69799  -32.460  -15.760  77.508 0.0000000000
61247  -29.930  -23.637  82.532 0.0000000000
61237  -30.624  -23.823  83.321 0.0000000000
59027  -28.778  -25.575  81.108 0.0000000000
57848  -28.961  -26.440  80.020 0.0000000000
87621  -51.025  -1.605  60.533 0.0000000000
87619  -48.972  -1.322  60.268 0.0000000000
87662  -48.542  -1.743  58.257 0.0000000000
87634  -49.439  -2.026  59.407 0.0000000000
87635  -50.558  -2.066  59.275 0.0000000000
75924  -43.007  -11.896  66.488 0.0000000000
77035  -44.926  -9.766  68.291 0.0000000000
75916  -44.576  -11.868  68.023 0.0000000000
71113  -41.730  -14.321  66.004 0.0000000000
72344  -40.456  -14.507  64.124 0.0000000000
72347  -42.697  -13.299  65.276 0.0000000000
75941  -42.771  -12.599  65.049 0.0000000000
73333  -4.782  -14.566  79.326 0.0000000000
70989  -5.477  -16.050  77.625 0.0000000000
70988  -5.455  -16.089  78.276 0.0000000000
61240  -8.093  -23.202  82.981 0.0000000000
62483  -8.296  -22.932  81.733 0.0000000000
60106  -9.020  -24.627  81.860 0.0000000000
59055  -9.118  -26.510  77.766 0.0000000000
59045  -9.813  -25.888  78.567 0.0000000000
59066  -9.170  -26.602  76.910 0.0000000000
59067  -9.853  -26.199  76.723 0.0000000000
57888  -8.657  -27.039  75.680 0.0000000000
57897  -8.029  -27.241  75.096 0.0000000000
53090  -12.080  -29.748  89.222 0.0000000000
54251  -10.747  -29.676  89.254 0.0000000000
51909  -10.898  -30.637  88.242 0.0000000000
50799  -7.849  -31.648  86.147 0.0000000000
50792  -8.169  -31.675  86.936 0.0000000000
51932  -6.721  -31.771  86.524 0.0000000000
48547  -5.768  -32.729  87.493 0.0000000000
72273  -38.929  -14.111  71.072 0.0000000000
140877  -36.725  -14.032  72.181 0.0000000000
73468  -35.531  -13.099  70.943 0.0000000000
140878  -37.396  -14.221  71.326 0.0000000000
72286  -37.534  -14.236  69.751 0.0000000000
56624  -26.663  -25.897  84.849 0.0000000000
56657  -26.663  -26.537  83.040 0.0000000000
54322  -26.901  -27.480  81.997 0.0000000000
58963  -29.727  -24.977  84.800 0.0000000000
57766  -29.015  -25.081  85.871 0.0000000000
55488  -29.156  -27.272  82.898 0.0000000000
52067  -25.647  -29.834  77.181 0.0000000000
52017  -27.139  -29.448  79.395 0.0000000000
52051  -25.284  -30.144  77.988 0.0000000000
52015  -25.187  -30.193  79.186 0.0000000000
53253  -23.878  -29.873  77.336 0.0000000000
53251  -21.999  -28.832  76.934 0.0000000000
64693  -7.335  -20.378  86.866 0.0000000000
65941  -7.604  -19.606  86.083 0.0000000000
65940  -7.207  -19.342  85.233 0.0000000000
63558  -6.520  -21.591  84.531 0.0000000000
62430  -6.830  -22.014  84.329 0.0000000000
62431  -6.619  -22.263  84.995 0.0000000000
58954  -7.181  -25.212  85.814 0.0000000000
58964  -7.373  -25.489  85.047 0.0000000000
57778  -7.150  -26.735  84.530 0.0000000000
57789  -7.494  -26.775  83.490 0.0000000000
57788  -7.135  -27.833  83.279 0.0000000000
88716  -45.532  -0.152  65.935 0.0000000000
89875  -46.914  0.585  66.224 0.0000000000
88704  -45.558  -0.228  66.865 0.0000000000
86414  -42.700  -3.154  66.242 0.0000000000
85278  -41.656  -3.360  65.448 0.0000000000
87547  -42.680  -2.030  65.555 0.0000000000
87560  -43.942  -0.790  64.438 0.0000000000
57747  -14.082  -26.444  87.087 0.0000000000
56635  -14.073  -28.805  85.021 0.0000000000
54273  -13.686  -28.451  86.123 0.0000000000
54277  -13.221  -29.012  85.255 0.0000000000
53119  -11.855  -29.840  84.579 0.0000000000
54294  -12.721  -29.328  83.868 0.0000000000
55537  -17.996  -28.694  78.381 0.0000000000
52007  -19.010  -29.230  79.738 0.0000000000
53222  -17.531  -28.622  79.246 0.0000000000
53204  -15.506  -29.122  79.476 0.0000000000
53169  -17.344  -28.843  80.592 0.0000000000
55502  -16.287  -28.508  80.544 0.0000000000
54299  -17.742  -28.583  82.007 0.0000000000
54298  -16.423  -28.574  82.739 0.0000000000
54297  -15.289  -28.433  83.003 0.0000000000
54327  -14.469  -29.202  81.348 0.0000000000
54340  -12.301  -29.487  80.315 0.0000000000
70941  -6.075  -15.190  82.252 0.0000000000
140675  -5.962  -19.344  79.138 0.0000000000
140688  -5.661  -18.219  79.683 0.0000000000
63670  -5.455  -19.692  77.942 0.0000000000
62557  -5.486  -19.790  76.944 0.0000000000
62545  -5.584  -20.216  77.121 0.0000000000
61288  -9.103  -22.404  79.585 0.0000000000
61267  -7.585  -21.437  79.962 0.0000000000
62501  -8.353  -21.758  79.209 0.0000000000
63675  -10.458  -21.728  76.946 0.0000000000
62547  -9.255  -21.544  77.656 0.0000000000
64805  -8.963  -21.033  76.667 0.0000000000
64803  -7.266  -20.446  76.374 0.0000000000
64821  -9.120  -20.421  75.932 0.0000000000
64840  -9.417  -20.837  74.939 0.0000000000
61140  -8.047  -23.652  90.642 0.0000000000
54243  -8.597  -29.286  90.272 0.0000000000
56573  -9.126  -27.135  90.245 0.0000000000
54239  -7.638  -28.568  89.997 0.0000000000
54249  -5.532  -28.643  88.680 0.0000000000
55414  -6.194  -27.682  89.371 0.0000000000
56583  -6.453  -26.940  89.054 0.0000000000
57713  -6.313  -25.831  89.047 0.0000000000
56590  -5.645  -26.737  88.403 0.0000000000
57726  -4.992  -26.413  87.838 0.0000000000
56595  -5.613  -27.408  87.757 0.0000000000
55460  -4.081  -29.073  84.418 0.0000000000
56631  -4.814  -28.748  84.741 0.0000000000
56650  -4.588  -28.785  82.514 0.0000000000
57786  -5.367  -28.554  82.309 0.0000000000
56659  -4.270  -28.353  81.503 0.0000000000
49672  -3.655  -33.417  81.314 0.0000000000
50823  -3.718  -32.370  81.480 0.0000000000
68578  -32.575  -16.478  79.698 0.0000000000
66000  -29.686  -18.345  79.952 0.0000000000
66012  -30.756  -18.926  78.673 0.0000000000
66002  -31.111  -18.445  80.290 0.0000000000
67309  -32.120  -17.407  79.836 0.0000000000
62458  -28.703  -22.421  83.062 0.0000000000
63607  -28.651  -21.350  81.630 0.0000000000
64743  -28.706  -20.089  81.064 0.0000000000
63590  -29.745  -21.266  83.510 0.0000000000
87591  -49.560  -1.336  61.993 0.0000000000
87615  -44.304  -1.896  60.114 0.0000000000
87630  -45.283  -1.346  59.323 0.0000000000
87645  -46.192  -1.396  58.562 0.0000000000
87617  -46.602  -1.269  60.600 0.0000000000
87618  -47.834  -0.877  60.706 0.0000000000
71098  -42.315  -14.011  66.933 0.0000000000
73518  -44.552  -13.095  68.142 0.0000000000
72305  -43.896  -13.369  68.150 0.0000000000
75890  -44.175  -11.517  69.803 0.0000000000
74725  -36.251  -12.386  67.727 0.0000000000
74735  -36.793  -12.456  66.817 0.0000000000
73547  -37.661  -13.174  65.674 0.0000000000
71093  -38.112  -14.222  65.503 0.0000000000
71130  -38.372  -15.096  64.152 0.0000000000
71110  -39.117  -14.494  65.175 0.0000000000
71096  -40.967  -14.308  66.325 0.0000000000
59005  -8.521  -25.632  81.991 0.0000000000
59019  -8.854  -25.748  80.869 0.0000000000
59031  -7.975  -26.512  80.356 0.0000000000
59054  -8.516  -27.125  77.856 0.0000000000
57876  -7.618  -27.053  77.004 0.0000000000
57896  -7.223  -27.443  75.438 0.0000000000
57886  -6.887  -27.193  76.234 0.0000000000
56725  -5.985  -28.515  75.534 0.0000000000
51934  -10.920  -30.192  85.833 0.0000000000
51924  -10.057  -30.882  86.702 0.0000000000
50809  -9.576  -30.266  85.769 0.0000000000
140872  -37.338  -14.995  72.906 0.0000000000
68623  -31.666  -16.498  75.079 0.0000000000
67357  -31.206  -17.144  74.275 0.0000000000
68633  -31.659  -16.294  73.806 0.0000000000
68634  -32.405  -15.487  73.327 0.0000000000
69846  -33.002  -14.452  72.897 0.0000000000
71036  -34.149  -13.805  73.272 0.0000000000
71037  -35.534  -13.942  73.311 0.0000000000
57737  -27.527  -25.065  87.049 0.0000000000
55525  -29.323  -28.027  79.725 0.0000000000
54345  -28.800  -28.136  80.510 0.0000000000
53225  -27.990  -28.631  78.363 0.0000000000
52068  -26.335  -29.345  76.928 0.0000000000
83107  -50.161  -4.003  55.695 0.0000000000
84273  -50.911  -4.508  54.981 0.0000000000
85374  -50.090  -3.541  54.977 0.0000000000
86526  -49.475  -2.734  54.503 0.0000000000
63535  -4.851  -20.770  86.075 0.0000000000
61203  -6.484  -22.532  85.976 0.0000000000
61193  -6.251  -22.383  86.730 0.0000000000
60047  -6.328  -24.241  86.356 0.0000000000
58942  -6.699  -25.511  86.438 0.0000000000
87524  -44.161  -2.198  67.418 0.0000000000
86404  -44.612  -2.682  68.309 0.0000000000
78241  -41.173  -9.857  63.692 0.0000000000
79467  -40.196  -9.073  65.393 0.0000000000
81835  -40.462  -6.676  64.803 0.0000000000
81813  -40.589  -6.261  66.197 0.0000000000
84158  -42.398  -4.855  66.762 0.0000000000
58935  -14.341  -26.757  85.550 0.0000000000
58949  -14.980  -27.033  84.664 0.0000000000
55434  -15.624  -27.777  85.210 0.0000000000
55462  -15.144  -28.306  84.467 0.0000000000
54374  -14.281  -29.098  78.397 0.0000000000
54341  -13.479  -29.435  80.379 0.0000000000
68539  -5.694  -17.201  82.338 0.0000000000
68550  -5.357  -16.759  81.636 0.0000000000
67278  -6.095  -18.541  81.780 0.0000000000
140673  -5.985  -19.175  80.697 0.0000000000
64762  -5.857  -21.019  79.395 0.0000000000
61323  -10.904  -23.584  77.972 0.0000000000
61322  -10.155  -22.533  78.411 0.0000000000
61333  -11.156  -23.396  76.939 0.0000000000
62549  -10.894  -22.634  76.503 0.0000000000
62560  -11.087  -22.747  75.686 0.0000000000
62391  -10.564  -22.342  88.548 0.0000000000
62383  -10.400  -22.985  89.532 0.0000000000
61143  -10.051  -24.077  91.242 0.0000000000
51889  -6.530  -30.264  88.512 0.0000000000
53081  -6.834  -29.650  88.961 0.0000000000
51895  -5.911  -30.450  87.918 0.0000000000
53085  -5.518  -29.765  87.705 0.0000000000
54262  -5.498  -29.267  86.939 0.0000000000
55435  -4.548  -28.942  86.388 0.0000000000
54268  -4.498  -29.617  85.989 0.0000000000
54278  -3.628  -29.750  84.906 0.0000000000
54293  -3.352  -29.955  83.714 0.0000000000
66046  -30.794  -17.489  76.058 0.0000000000
66027  -31.340  -18.553  78.210 0.0000000000
67340  -31.330  -17.256  76.635 0.0000000000
68612  -32.085  -17.009  76.183 0.0000000000
68613  -32.265  -16.073  75.893 0.0000000000
69806  -33.306  -14.766  76.568 0.0000000000
58977  -30.075  -25.251  84.140 0.0000000000
62429  -30.864  -23.062  84.545 0.0000000000
60087  -30.324  -24.605  83.498 0.0000000000
56679  -29.210  -26.716  81.503 0.0000000000
55541  -29.594  -27.788  79.460 0.0000000000
86493  -47.769  -2.177  57.310 0.0000000000
85331  -49.740  -3.009  57.024 0.0000000000
86478  -50.715  -2.502  58.104 0.0000000000
80671  -43.915  -8.271  67.057 0.0000000000
81791  -44.431  -6.597  68.633 0.0000000000
79417  -44.678  -8.692  67.830 0.0000000000
69912  -39.072  -15.286  63.681 0.0000000000
74766  -42.908  -12.602  63.540 0.0000000000
77051  -42.073  -10.821  64.984 0.0000000000
52046  -21.190  -29.697  78.182 0.0000000000
52009  -20.697  -29.693  79.446 0.0000000000
54381  -20.071  -29.439  77.893 0.0000000000
55568  -18.692  -28.323  77.209 0.0000000000
140707  -5.188  -17.608  76.196 0.0000000000
66052  -4.015  -18.916  75.576 0.0000000000
62450  -6.802  -21.681  82.055 0.0000000000
62464  -6.823  -21.395  81.024 0.0000000000
63596  -7.722  -22.038  81.726 0.0000000000
62482  -8.009  -22.435  81.231 0.0000000000
61289  -10.262  -23.969  79.802 0.0000000000
59020  -9.703  -25.729  80.549 0.0000000000
60135  -10.657  -25.264  79.303 0.0000000000
61305  -10.931  -24.242  78.752 0.0000000000
59068  -10.401  -25.514  76.685 0.0000000000
56582  -10.314  -26.885  89.145 0.0000000000
55417  -10.488  -28.100  88.645 0.0000000000
54245  -9.867  -29.221  89.334 0.0000000000
51892  -8.820  -30.222  89.509 0.0000000000
50787  -9.492  -31.132  87.510 0.0000000000
51906  -8.635  -31.285  88.245 0.0000000000
51897  -7.074  -30.932  88.410 0.0000000000
50783  -6.041  -32.231  88.153 0.0000000000
49647  -5.660  -32.066  86.823 0.0000000000
49650  -5.411  -31.770  85.860 0.0000000000
73498  -40.397  -12.911  69.588 0.0000000000
74697  -41.379  -12.658  69.895 0.0000000000
74681  -40.744  -12.930  70.589 0.0000000000
67378  -31.147  -17.906  72.605 0.0000000000
74693  -35.506  -12.705  69.306 0.0000000000
73496  -38.044  -13.767  69.364 0.0000000000
54320  -25.072  -28.052  81.060 0.0000000000
51973  -24.054  -30.021  80.578 0.0000000000
58905  -28.719  -23.863  86.891 0.0000000000
56604  -28.418  -25.023  86.518 0.0000000000
55456  -27.680  -26.530  84.301 0.0000000000
53175  -28.319  -27.897  80.877 0.0000000000
53160  -27.727  -27.793  81.514 0.0000000000
53139  -27.586  -27.571  82.091 0.0000000000
51975  -25.815  -29.155  80.334 0.0000000000
51994  -24.721  -30.306  79.902 0.0000000000
52031  -22.921  -30.295  78.830 0.0000000000
53236  -21.708  -29.519  77.560 0.0000000000
88822  -48.904  -1.069  54.471 0.0000000000
89973  -48.729  0.687  53.688 0.0000000000
91052  -48.716  1.948  53.077 0.0000000000
65951  -6.234  -19.392  83.772 0.0000000000
68522  -6.397  -17.649  85.183 0.0000000000
65952  -6.640  -19.644  84.522 0.0000000000
63567  -6.498  -21.359  83.328 0.0000000000
62441  -6.954  -22.179  83.347 0.0000000000
61232  -7.459  -22.588  83.450 0.0000000000
60090  -8.323  -23.989  83.536 0.0000000000
61211  -6.968  -23.303  85.754 0.0000000000
60076  -7.889  -24.395  84.238 0.0000000000
58980  -8.624  -25.501  83.410 0.0000000000
57801  -7.959  -26.665  82.760 0.0000000000
57815  -6.696  -26.972  81.775 0.0000000000
57828  -5.879  -28.233  80.903 0.0000000000
88734  -46.458  -0.190  64.340 0.0000000000
81859  -41.035  -5.484  63.960 0.0000000000
84186  -40.413  -4.222  63.252 0.0000000000
85296  -40.799  -3.365  62.927 0.0000000000
86442  -42.172  -2.202  63.419 0.0000000000
88756  -45.030  -1.006  64.143 0.0000000000
55422  -13.202  -28.362  89.212 0.0000000000
53097  -12.716  -29.820  88.452 0.0000000000
55426  -14.068  -28.249  87.272 0.0000000000
54266  -13.555  -29.490  87.237 0.0000000000
51927  -12.398  -29.993  86.818 0.0000000000
53118  -10.939  -30.161  83.974 0.0000000000
51969  -20.649  -30.120  80.415 0.0000000000
51954  -20.077  -30.514  80.993 0.0000000000
53132  -19.822  -29.082  81.765 0.0000000000
53206  -17.090  -28.626  79.703 0.0000000000
53149  -18.259  -29.515  81.121 0.0000000000
54319  -19.743  -28.564  82.906 0.0000000000
56662  -19.316  -28.064  82.335 0.0000000000
56661  -17.904  -27.658  82.569 0.0000000000
55479  -16.876  -28.114  83.670 0.0000000000
55477  -15.196  -28.305  83.818 0.0000000000
54296  -14.199  -28.626  83.452 0.0000000000
54326  -13.415  -29.648  81.322 0.0000000000
53168  -13.656  -29.648  82.167 0.0000000000
53147  -12.768  -29.526  82.667 0.0000000000
53146  -11.812  -29.995  82.459 0.0000000000
140711  -5.218  -14.764  80.441 0.0000000000
140681  -4.643  -16.636  80.752 0.0000000000
140694  -4.882  -16.681  80.244 0.0000000000
69763  -5.289  -16.166  79.331 0.0000000000
140690  -5.590  -17.279  78.224 0.0000000000
63688  -5.091  -19.500  75.899 0.0000000000
63707  -5.492  -19.861  75.491 0.0000000000
63612  -6.124  -21.319  80.195 0.0000000000
63626  -6.393  -21.273  79.383 0.0000000000
62532  -6.733  -21.280  78.761 0.0000000000
62534  -8.412  -21.658  78.335 0.0000000000
63640  -7.562  -21.292  78.416 0.0000000000
63654  -6.405  -20.831  78.159 0.0000000000
63672  -6.791  -20.544  77.117 0.0000000000
64819  -6.956  -20.128  75.448 0.0000000000
64837  -6.528  -19.978  74.505 0.0000000000
64838  -7.505  -20.269  74.524 0.0000000000
57711  -9.723  -26.047  89.666 0.0000000000
58891  -9.195  -26.000  90.439 0.0000000000
58889  -8.525  -25.768  90.600 0.0000000000
55411  -7.411  -27.730  89.782 0.0000000000
56577  -7.156  -26.960  90.023 0.0000000000
58894  -7.725  -25.230  90.128 0.0000000000
59990  -6.629  -24.113  89.787 0.0000000000
59989  -5.775  -23.847  90.076 0.0000000000
61171  -5.821  -23.557  89.425 0.0000000000
60022  -5.846  -24.456  88.271 0.0000000000
58928  -5.622  -25.543  87.634 0.0000000000
57756  -6.485  -27.045  86.486 0.0000000000
56617  -5.205  -28.726  85.837 0.0000000000
56632  -5.605  -28.268  85.090 0.0000000000
57777  -6.413  -28.095  84.228 0.0000000000
57787  -6.059  -28.378  82.915 0.0000000000
57813  -5.211  -27.536  81.188 0.0000000000
57842  -5.017  -27.910  79.572 0.0000000000
49659  -4.726  -32.778  84.357 0.0000000000
49668  -4.448  -33.610  82.469 0.0000000000
49658  -4.373  -32.478  83.850 0.0000000000
50819  -4.274  -31.959  83.246 0.0000000000
53142  -3.858  -30.727  83.113 0.0000000000
53162  -3.739  -30.528  82.205 0.0000000000
53199  -4.077  -30.689  80.040 0.0000000000
54338  -3.990  -29.508  80.732 0.0000000000
56678  -3.805  -28.242  80.011 0.0000000000
57852  -4.753  -28.668  79.064 0.0000000000
57862  -5.595  -28.591  78.423 0.0000000000
56703  -5.221  -29.067  77.238 0.0000000000
55576  -5.350  -29.459  76.063 0.0000000000
67294  -32.148  -18.556  81.691 0.0000000000
68548  -32.490  -17.635  82.334 0.0000000000
67288  -31.422  -17.775  82.600 0.0000000000
65985  -30.988  -19.072  81.733 0.0000000000
68537  -31.783  -17.207  83.090 0.0000000000
88767  -47.258  -0.560  63.145 0.0000000000
88760  -48.887  -0.748  63.633 0.0000000000
87577  -46.311  -0.812  63.056 0.0000000000
87578  -46.808  -0.619  63.029 0.0000000000
72289  -41.599  -12.792  68.398 0.0000000000
72287  -40.090  -13.021  68.535 0.0000000000
72300  -40.016  -13.065  67.692 0.0000000000
72301  -40.905  -13.036  67.377 0.0000000000
57844  -6.591  -28.061  80.018 0.0000000000
57863  -6.110  -28.323  78.255 0.0000000000
51950  -9.195  -31.160  83.083 0.0000000000
62389  -6.466  -22.356  88.389 0.0000000000
61184  -6.397  -22.977  88.642 0.0000000000
82976  -43.953  -5.643  68.358 0.0000000000
81790  -43.806  -6.263  68.228 0.0000000000
80657  -43.112  -7.564  67.222 0.0000000000
80669  -42.520  -8.129  66.563 0.0000000000
81801  -42.529  -6.638  67.524 0.0000000000
60084  -16.791  -26.049  81.401 0.0000000000
60071  -16.851  -26.489  81.709 0.0000000000
51958  -23.400  -29.677  81.198 0.0000000000
51971  -22.517  -29.640  80.379 0.0000000000
66064  -4.780  -18.806  74.408 0.0000000000
65971  -6.498  -19.778  81.766 0.0000000000
58909  -9.964  -25.599  88.605 0.0000000000
49649  -4.696  -31.509  86.266 0.0000000000
50795  -4.621  -31.526  86.508 0.0000000000
51931  -4.719  -31.294  85.705 0.0000000000
68587  -31.852  -15.883  79.092 0.0000000000
69791  -32.766  -15.626  78.381 0.0000000000
61262  -29.140  -23.934  81.831 0.0000000000
60116  -29.234  -24.626  81.945 0.0000000000
60131  -28.427  -24.815  81.133 0.0000000000
88790  -51.310  -1.203  60.921 0.0000000000
88789  -49.421  -1.152  60.770 0.0000000000
87620  -49.914  -1.559  60.234 0.0000000000
73537  -43.952  -13.068  66.275 0.0000000000
74728  -43.648  -12.352  67.230 0.0000000000
74742  -43.835  -12.871  67.184 0.0000000000
71115  -42.948  -13.441  66.322 0.0000000000
71134  -41.888  -14.211  65.375 0.0000000000
71136  -42.967  -13.321  65.798 0.0000000000
74752  -43.505  -12.837  65.636 0.0000000000
73301  -4.248  -14.458  80.122 0.0000000000
72157  -4.854  -15.107  79.324 0.0000000000
72158  -5.351  -15.549  78.654 0.0000000000
70987  -5.283  -15.802  79.034 0.0000000000
61241  -8.394  -23.821  82.958 0.0000000000
61253  -8.423  -23.572  82.229 0.0000000000
59065  -8.302  -26.504  76.976 0.0000000000
59073  -8.648  -26.844  76.389 0.0000000000
59074  -9.139  -26.444  76.087 0.0000000000
53101  -11.623  -30.473  87.956 0.0000000000
53095  -11.409  -30.461  88.587 0.0000000000
51916  -11.172  -30.598  87.673 0.0000000000
51933  -7.140  -31.688  86.326 0.0000000000
72262  -38.657  -13.849  72.100 0.0000000000
140866  -39.124  -14.117  72.674 0.0000000000
67347  -30.825  -17.769  75.230 0.0000000000
140879  -36.965  -13.855  71.724 0.0000000000
72261  -38.066  -14.444  71.351 0.0000000000
56612  -26.951  -25.713  85.927 0.0000000000
56625  -26.901  -25.977  84.932 0.0000000000
56637  -26.749  -26.852  84.749 0.0000000000
55468  -27.065  -26.931  83.992 0.0000000000
56658  -29.484  -26.420  83.382 0.0000000000
55473  -29.277  -26.913  83.286 0.0000000000
55489  -29.370  -27.002  82.883 0.0000000000
53255  -25.198  -29.689  76.705 0.0000000000
52066  -24.908  -30.166  77.375 0.0000000000
52065  -24.216  -30.316  77.642 0.0000000000
53254  -24.480  -29.874  76.909 0.0000000000
54418  -23.923  -29.544  76.691 0.0000000000
54438  -23.972  -29.069  76.060 0.0000000000
64692  -7.281  -20.608  86.273 0.0000000000
64703  -7.489  -20.291  86.191 0.0000000000
64702  -7.068  -20.361  85.554 0.0000000000
57770  -6.965  -25.729  86.135 0.0000000000
88703  -44.976  -0.629  66.292 0.0000000000
87536  -43.346  -2.054  66.573 0.0000000000
87535  -42.858  -2.672  66.165 0.0000000000
87549  -44.501  -0.916  65.761 0.0000000000
55461  -14.279  -28.633  84.706 0.0000000000
54281  -12.774  -29.234  84.578 0.0000000000
55551  -17.270  -28.355  77.727 0.0000000000
55536  -17.556  -28.525  78.388 0.0000000000
55535  -16.781  -28.326  78.366 0.0000000000
55521  -15.796  -28.527  80.141 0.0000000000
54328  -15.752  -28.517  80.840 0.0000000000
54316  -16.682  -28.622  81.629 0.0000000000
54315  -15.482  -28.543  81.995 0.0000000000
69730  -6.136  -15.647  82.288 0.0000000000
140684  -5.960  -20.213  79.206 0.0000000000
140676  -5.882  -19.051  78.869 0.0000000000
140687  -5.827  -20.498  77.785 0.0000000000
61303  -9.404  -22.468  78.676 0.0000000000
63676  -10.565  -22.113  76.136 0.0000000000
63674  -9.568  -21.256  77.029 0.0000000000
63691  -9.390  -20.973  76.443 0.0000000000
64822  -9.563  -21.001  75.534 0.0000000000
63708  -9.966  -21.428  75.168 0.0000000000
140662  -9.476  -23.495  91.074 0.0000000000
53077  -7.910  -29.445  89.948 0.0000000000
54240  -8.369  -28.866  90.348 0.0000000000
55419  -5.489  -27.996  88.580 0.0000000000
55420  -5.611  -27.779  89.083 0.0000000000
56589  -5.893  -27.092  88.476 0.0000000000
55490  -3.626  -29.156  83.219 0.0000000000
55475  -3.971  -28.842  83.354 0.0000000000
48611  -3.713  -34.866  80.347 0.0000000000
49683  -3.349  -33.707  80.529 0.0000000000
68569  -33.158  -16.341  80.375 0.0000000000
65992  -29.745  -18.784  80.384 0.0000000000
66001  -30.299  -18.314  79.735 0.0000000000
67301  -32.593  -18.155  80.648 0.0000000000
62476  -28.079  -22.227  82.221 0.0000000000
63588  -28.845  -21.113  82.490 0.0000000000
65984  -30.231  -19.426  81.470 0.0000000000
64744  -29.094  -20.137  81.614 0.0000000000
65983  -29.764  -19.365  80.998 0.0000000000
64756  -29.123  -19.470  80.796 0.0000000000
64734  -29.699  -20.550  83.359 0.0000000000
63589  -29.369  -21.422  83.271 0.0000000000
87579  -50.510  -1.454  63.076 0.0000000000
88770  -49.810  -1.386  62.683 0.0000000000
87574  -43.010  -1.482  62.871 0.0000000000
87585  -42.999  -1.730  61.903 0.0000000000
87601  -44.680  -1.500  61.233 0.0000000000
87616  -45.518  -1.551  60.421 0.0000000000
87631  -46.345  -1.256  59.588 0.0000000000
88776  -48.184  -0.928  62.113 0.0000000000
88787  -48.254  -0.751  61.460 0.0000000000
88777  -48.887  -1.181  61.704 0.0000000000
71086  -42.963  -13.606  67.750 0.0000000000
71076  -42.887  -13.788  67.994 0.0000000000
74714  -42.694  -12.544  68.903 0.0000000000
74715  -43.331  -12.675  68.735 0.0000000000
74699  -43.476  -12.161  69.212 0.0000000000
74711  -36.922  -12.400  68.499 0.0000000000
74726  -37.162  -12.452  67.540 0.0000000000
73535  -38.736  -13.133  66.379 0.0000000000
73534  -37.995  -13.175  66.103 0.0000000000
72319  -38.377  -13.938  66.104 0.0000000000
72318  -37.906  -13.746  65.542 0.0000000000
71094  -38.787  -14.449  65.913 0.0000000000
71084  -41.614  -14.048  66.993 0.0000000000
71097  -41.636  -14.228  66.604 0.0000000000
59018  -7.979  -26.230  81.272 0.0000000000
59043  -7.969  -26.892  79.138 0.0000000000
57875  -6.989  -27.648  77.152 0.0000000000
57884  -5.960  -28.351  76.855 0.0000000000
56712  -6.228  -28.238  76.124 0.0000000000
56724  -5.597  -29.026  75.562 0.0000000000
50803  -10.533  -30.311  86.036 0.0000000000
50818  -9.954  -30.075  85.410 0.0000000000
71038  -37.079  -14.504  73.272 0.0000000000
68624  -32.283  -15.464  74.684 0.0000000000
57721  -27.218  -24.939  87.611 0.0000000000
57722  -27.825  -24.736  87.218 0.0000000000
54382  -29.329  -28.617  78.592 0.0000000000
53211  -28.707  -28.670  78.863 0.0000000000
53226  -28.600  -28.572  78.205 0.0000000000
85344  -50.027  -3.496  56.491 0.0000000000
84260  -49.748  -4.098  55.719 0.0000000000
84241  -50.125  -3.819  55.918 0.0000000000
85346  -51.146  -3.928  55.634 0.0000000000
85360  -50.272  -3.460  55.375 0.0000000000
85375  -50.747  -3.983  54.891 0.0000000000
86515  -49.639  -2.825  55.078 0.0000000000
87670  -50.364  -1.749  55.767 0.0000000000
63525  -6.126  -21.589  86.485 0.0000000000
62407  -5.644  -22.056  86.250 0.0000000000
62397  -5.791  -21.852  86.360 0.0000000000
58941  -6.622  -25.190  86.407 0.0000000000
58929  -5.933  -25.280  86.928 0.0000000000
86403  -43.843  -2.897  67.782 0.0000000000
77068  -42.587  -10.713  63.593 0.0000000000
80714  -41.420  -8.570  65.761 0.0000000000
78225  -41.292  -9.733  64.834 0.0000000000
79468  -41.070  -9.048  65.550 0.0000000000
80713  -41.017  -8.135  65.281 0.0000000000
80690  -40.790  -7.219  65.087 0.0000000000
81837  -40.610  -6.880  66.225 0.0000000000
84143  -42.621  -5.231  67.568 0.0000000000
85250  -42.738  -4.323  67.358 0.0000000000
85268  -42.769  -3.666  67.153 0.0000000000
58960  -15.419  -26.240  84.921 0.0000000000
140588  -16.492  -27.450  85.252 0.0000000000
56622  -15.995  -27.603  85.213 0.0000000000
55442  -16.245  -27.551  85.312 0.0000000000
55441  -15.751  -27.864  85.015 0.0000000000
55452  -15.720  -27.974  84.867 0.0000000000
54373  -12.981  -28.799  78.140 0.0000000000
65978  -6.185  -19.758  80.988 0.0000000000
140682  -6.120  -19.518  80.611 0.0000000000
140698  -6.080  -19.621  80.188 0.0000000000
61341  -11.118  -23.549  75.875 0.0000000000
61342  -11.371  -23.604  75.030 0.0000000000
61158  -10.811  -24.184  89.750 0.0000000000
61157  -10.959  -23.848  89.956 0.0000000000
61144  -10.862  -23.922  90.927 0.0000000000
59995  -10.224  -24.683  90.931 0.0000000000
51896  -6.278  -30.970  88.027 0.0000000000
51901  -5.471  -30.524  86.863 0.0000000000
51894  -5.573  -30.190  87.523 0.0000000000
53091  -5.525  -29.763  87.263 0.0000000000
53099  -5.135  -29.392  86.158 0.0000000000
53104  -4.734  -30.273  85.874 0.0000000000
51929  -3.194  -31.019  85.100 0.0000000000
54274  -3.738  -30.140  85.431 0.0000000000
53114  -3.068  -30.431  84.619 0.0000000000
54292  -3.250  -29.680  84.185 0.0000000000
53122  -3.089  -30.166  84.054 0.0000000000
66045  -29.973  -17.765  75.798 0.0000000000
66037  -30.585  -17.773  77.150 0.0000000000
66013  -31.042  -18.154  79.296 0.0000000000
68596  -31.535  -16.867  77.758 0.0000000000
67330  -31.471  -17.447  77.850 0.0000000000
68604  -32.081  -16.235  76.890 0.0000000000
69805  -32.351  -15.317  76.771 0.0000000000
62493  -28.000  -22.113  80.301 0.0000000000
61210  -29.937  -23.562  85.284 0.0000000000
61220  -30.662  -23.942  84.789 0.0000000000
63566  -30.056  -21.030  84.638 0.0000000000
60101  -29.743  -24.555  82.860 0.0000000000
58999  -29.645  -25.321  82.943 0.0000000000
57822  -29.147  -25.999  82.250 0.0000000000
56686  -29.345  -27.061  80.362 0.0000000000
57836  -29.181  -26.235  81.259 0.0000000000
55571  -29.988  -27.709  77.922 0.0000000000
87646  -47.184  -1.470  58.763 0.0000000000
87660  -47.031  -1.521  57.768 0.0000000000
87661  -48.031  -1.524  57.985 0.0000000000
86505  -48.278  -2.819  56.736 0.0000000000
86506  -49.052  -2.900  56.719 0.0000000000
87649  -50.743  -2.309  58.551 0.0000000000
87650  -51.419  -2.105  58.395 0.0000000000
78200  -43.810  -9.369  66.949 0.0000000000
79434  -44.017  -8.635  67.087 0.0000000000
78183  -44.422  -9.128  67.392 0.0000000000
77036  -45.206  -9.779  68.523 0.0000000000
79419  -45.243  -8.832  68.550 0.0000000000
73502  -44.615  -12.647  68.421 0.0000000000
74716  -44.612  -12.181  68.495 0.0000000000
71131  -39.243  -14.741  64.337 0.0000000000
69911  -38.789  -15.198  63.876 0.0000000000
72365  -40.619  -14.504  63.663 0.0000000000
71177  -40.971  -14.171  63.019 0.0000000000
73570  -42.537  -13.147  63.656 0.0000000000
75932  -42.156  -12.058  65.652 0.0000000000
75940  -42.902  -11.928  64.673 0.0000000000
75931  -42.124  -11.291  65.773 0.0000000000
78199  -42.963  -9.540  66.686 0.0000000000
52045  -20.788  -29.546  78.228 0.0000000000
53249  -20.291  -29.265  77.210 0.0000000000
71001  -5.555  -15.490  77.339 0.0000000000
71002  -5.412  -16.094  77.014 0.0000000000
67346  -4.493  -18.290  75.899 0.0000000000
66043  -4.480  -18.748  76.074 0.0000000000
62466  -7.960  -22.459  82.156 0.0000000000
61269  -8.900  -23.481  80.909 0.0000000000
57846  -9.101  -26.152  80.391 0.0000000000
57831  -9.346  -26.020  80.466 0.0000000000
57832  -9.681  -26.151  80.292 0.0000000000
60148  -10.405  -25.534  78.612 0.0000000000
60136  -11.156  -24.885  79.004 0.0000000000
60149  -10.759  -25.187  78.421 0.0000000000
60162  -10.734  -24.786  77.666 0.0000000000
59057  -10.310  -25.609  77.527 0.0000000000
59075  -9.772  -26.112  75.693 0.0000000000
57895  -7.015  -27.856  75.407 0.0000000000
57906  -7.684  -27.685  74.545 0.0000000000
56587  -10.617  -27.433  88.607 0.0000000000
54247  -10.857  -28.536  88.619 0.0000000000
53087  -9.886  -30.132  89.284 0.0000000000
54250  -10.330  -29.881  89.368 0.0000000000
51893  -9.329  -30.173  89.443 0.0000000000
53084  -9.290  -29.787  89.739 0.0000000000
51914  -9.808  -31.062  87.232 0.0000000000
50794  -9.395  -31.184  87.123 0.0000000000
51913  -7.810  -31.543  87.678 0.0000000000
50785  -8.397  -31.525  87.619 0.0000000000
51905  -7.759  -31.364  88.110 0.0000000000
51898  -7.974  -30.777  88.618 0.0000000000
51904  -6.686  -31.406  87.931 0.0000000000
48549  -5.887  -32.637  86.640 0.0000000000
48546  -5.732  -32.852  87.425 0.0000000000
48548  -5.759  -32.097  86.174 0.0000000000
73497  -39.219  -13.396  69.371 0.0000000000
74696  -40.779  -12.828  70.321 0.0000000000
73482  -40.298  -13.326  70.810 0.0000000000
67368  -31.299  -17.132  73.087 0.0000000000
140886  -35.463  -13.050  70.199 0.0000000000
73494  -36.379  -12.931  69.609 0.0000000000
73480  -38.465  -13.719  69.896 0.0000000000
55498  -26.700  -27.347  81.831 0.0000000000
55486  -26.648  -26.670  82.347 0.0000000000
51959  -24.097  -29.529  81.032 0.0000000000
51960  -24.897  -28.716  80.435 0.0000000000
56639  -28.825  -26.176  84.246 0.0000000000
56616  -28.865  -25.102  86.034 0.0000000000
55446  -28.084  -26.069  84.684 0.0000000000
56628  -28.074  -25.554  85.396 0.0000000000
55457  -28.152  -26.540  84.008 0.0000000000
53210  -28.175  -28.641  79.172 0.0000000000
53193  -28.461  -28.451  80.167 0.0000000000
52018  -27.813  -28.849  79.599 0.0000000000
52016  -26.243  -29.949  79.280 0.0000000000
51997  -27.550  -28.817  80.245 0.0000000000
51977  -27.490  -28.437  80.695 0.0000000000
51976  -26.904  -28.661  80.725 0.0000000000
51962  -26.709  -28.408  81.169 0.0000000000
52033  -24.186  -31.300  78.825 0.0000000000
52014  -24.633  -31.079  79.498 0.0000000000
52013  -23.742  -31.038  79.487 0.0000000000
52032  -23.432  -30.994  78.933 0.0000000000
52047  -21.950  -29.765  78.226 0.0000000000
53237  -22.490  -29.635  77.810 0.0000000000
53271  -22.172  -27.945  76.456 0.0000000000
87674  -49.604  -1.667  54.879 0.0000000000
87673  -48.952  -1.706  54.361 0.0000000000
88823  -49.294  -0.736  54.607 0.0000000000
91053  -49.210  1.718  53.598 0.0000000000
67269  -6.098  -18.371  83.945 0.0000000000
67268  -5.864  -18.826  83.357 0.0000000000
67257  -5.935  -19.042  84.165 0.0000000000
67236  -6.795  -18.402  86.661 0.0000000000
64711  -6.533  -20.655  84.587 0.0000000000
65963  -6.603  -20.060  83.756 0.0000000000
63568  -6.791  -21.380  83.898 0.0000000000
61231  -7.620  -22.729  84.097 0.0000000000
60088  -8.228  -22.948  83.991 0.0000000000
60075  -7.952  -23.348  84.334 0.0000000000
61212  -6.730  -22.625  85.692 0.0000000000
58965  -7.729  -25.542  84.493 0.0000000000
60064  -7.454  -24.906  84.607 0.0000000000
58978  -7.796  -25.080  84.027 0.0000000000
58979  -8.168  -25.544  83.982 0.0000000000
57791  -8.691  -25.915  83.181 0.0000000000
57790  -8.333  -26.247  83.598 0.0000000000
57800  -7.267  -27.201  82.574 0.0000000000
57829  -6.829  -27.924  81.181 0.0000000000
57814  -5.833  -27.173  81.555 0.0000000000
89891  -46.849  0.246  65.143 0.0000000000
83034  -40.472  -5.716  65.174 0.0000000000
81858  -40.662  -5.989  64.355 0.0000000000
84168  -41.049  -4.578  65.236 0.0000000000
85288  -41.347  -3.263  64.840 0.0000000000
85287  -41.052  -3.405  64.128 0.0000000000
86441  -41.438  -2.851  63.672 0.0000000000
87559  -43.012  -1.539  64.253 0.0000000000
88732  -44.901  -0.676  64.794 0.0000000000
88731  -44.516  -0.763  64.489 0.0000000000
88757  -45.946  -0.694  63.862 0.0000000000
57720  -13.041  -27.347  88.516 0.0000000000
54253  -12.685  -29.281  89.081 0.0000000000
54254  -13.617  -28.894  88.830 0.0000000000
56608  -14.180  -28.017  85.729 0.0000000000
57748  -13.931  -27.143  85.988 0.0000000000
56601  -13.876  -27.938  86.278 0.0000000000
54272  -13.435  -29.337  86.307 0.0000000000
54267  -14.137  -29.051  86.779 0.0000000000
53109  -13.034  -30.042  86.459 0.0000000000
51928  -12.737  -30.149  86.642 0.0000000000
51937  -12.584  -29.777  86.436 0.0000000000
51936  -12.023  -29.574  86.491 0.0000000000
51946  -11.880  -29.242  85.970 0.0000000000
53125  -10.083  -30.201  82.711 0.0000000000
52027  -20.416  -29.139  79.005 0.0000000000
51989  -20.638  -30.074  79.952 0.0000000000
52008  -20.034  -29.149  79.635 0.0000000000
53191  -18.854  -29.563  80.601 0.0000000000
51968  -19.813  -30.223  80.645 0.0000000000
53172  -19.435  -30.313  81.100 0.0000000000
53151  -19.787  -30.057  81.451 0.0000000000
54376  -16.434  -28.690  78.791 0.0000000000
53220  -16.270  -28.978  79.137 0.0000000000
53170  -17.711  -29.171  80.797 0.0000000000
53130  -18.279  -29.294  81.387 0.0000000000
53131  -18.932  -29.156  81.459 0.0000000000
54300  -19.000  -28.565  82.127 0.0000000000
55494  -19.592  -28.297  82.684 0.0000000000
55480  -18.048  -28.182  82.572 0.0000000000
56660  -17.104  -27.711  83.476 0.0000000000
55478  -16.006  -28.349  83.554 0.0000000000
54356  -12.608  -29.284  79.397 0.0000000000
53186  -12.762  -29.694  80.926 0.0000000000
53167  -12.571  -29.827  81.716 0.0000000000
53148  -13.554  -28.999  82.864 0.0000000000
53166  -11.507  -30.223  81.544 0.0000000000
140713  -5.621  -14.437  81.413 0.0000000000
70975  -5.321  -15.599  80.429 0.0000000000
140697  -4.894  -17.600  81.184 0.0000000000
140692  -4.971  -16.635  81.313 0.0000000000
140674  -4.401  -16.964  81.091 0.0000000000
140689  -4.737  -17.127  80.210 0.0000000000
140701  -5.205  -16.529  79.742 0.0000000000
140702  -5.334  -16.505  78.753 0.0000000000
62558  -5.433  -20.028  76.674 0.0000000000
63687  -5.381  -19.416  76.507 0.0000000000
63705  -5.263  -19.667  76.101 0.0000000000
63706  -5.238  -19.644  75.707 0.0000000000
62571  -5.429  -20.081  75.927 0.0000000000
61286  -7.370  -21.385  79.286 0.0000000000
61266  -7.152  -21.236  79.525 0.0000000000
62499  -7.023  -21.575  79.043 0.0000000000
62515  -6.694  -21.432  79.057 0.0000000000
62516  -7.143  -21.533  78.932 0.0000000000
61321  -9.599  -22.334  78.445 0.0000000000
62535  -9.364  -21.984  78.223 0.0000000000
63673  -8.740  -21.361  77.277 0.0000000000
63656  -8.045  -21.294  77.794 0.0000000000
63655  -7.284  -20.946  77.799 0.0000000000
64787  -7.404  -20.808  77.052 0.0000000000
61155  -6.541  -23.294  89.838 0.0000000000
56585  -9.943  -27.667  89.516 0.0000000000
57712  -9.785  -26.098  89.131 0.0000000000
56580  -9.750  -27.282  89.716 0.0000000000
56572  -8.570  -27.100  90.389 0.0000000000
57704  -9.380  -26.301  90.226 0.0000000000
57703  -8.944  -26.469  90.429 0.0000000000
58890  -8.903  -25.893  90.585 0.0000000000
57702  -8.328  -26.406  90.500 0.0000000000
53074  -6.244  -28.839  88.893 0.0000000000
54238  -7.055  -28.427  89.467 0.0000000000
54237  -6.408  -28.355  89.310 0.0000000000
56576  -6.698  -26.879  89.636 0.0000000000
57707  -7.094  -26.043  90.014 0.0000000000
59991  -7.606  -24.339  89.979 0.0000000000
58893  -7.078  -25.032  89.716 0.0000000000
58900  -6.028  -24.830  89.162 0.0000000000
58892  -6.317  -24.735  89.512 0.0000000000
61154  -5.264  -23.344  90.089 0.0000000000
60011  -5.826  -24.367  89.013 0.0000000000
61182  -5.820  -23.918  88.801 0.0000000000
58917  -5.465  -25.397  88.074 0.0000000000
57725  -5.406  -26.838  87.688 0.0000000000
57742  -5.981  -26.562  87.338 0.0000000000
57797  -5.008  -28.271  81.599 0.0000000000
57827  -5.082  -27.572  80.337 0.0000000000
48556  -4.947  -33.370  83.885 0.0000000000
49673  -4.082  -33.998  81.832 0.0000000000
49664  -4.373  -32.781  82.872 0.0000000000
51963  -3.722  -31.381  81.754 0.0000000000
51951  -3.927  -31.355  82.738 0.0000000000
53180  -3.952  -30.064  80.383 0.0000000000
55509  -3.730  -29.567  79.780 0.0000000000
55510  -3.559  -29.055  79.978 0.0000000000
56691  -4.822  -29.088  78.800 0.0000000000
57853  -5.126  -28.457  79.072 0.0000000000
57861  -5.217  -28.872  78.580 0.0000000000
57872  -5.496  -28.877  77.849 0.0000000000
68559  -33.277  -16.721  81.133 0.0000000000
68549  -32.952  -16.934  82.066 0.0000000000
65994  -31.213  -19.161  80.977 0.0000000000
64732  -29.330  -20.344  82.223 0.0000000000
65975  -30.242  -19.599  82.189 0.0000000000
67277  -31.226  -17.580  83.548 0.0000000000
88761  -49.747  -1.266  63.466 0.0000000000
87588  -46.036  -1.116  62.319 0.0000000000
87603  -46.792  -1.195  61.578 0.0000000000
87590  -47.640  -0.823  62.282 0.0000000000
71074  -42.089  -13.660  67.477 0.0000000000
71075  -42.663  -13.633  67.705 0.0000000000
72303  -42.467  -13.344  68.020 0.0000000000
74727  -37.942  -12.578  67.401 0.0000000000
73526  -39.314  -12.943  67.615 0.0000000000
73536  -39.347  -12.988  66.797 0.0000000000
72321  -39.928  -13.567  66.534 0.0000000000
71095  -40.099  -13.928  66.151 0.0000000000
71082  -40.820  -13.555  66.706 0.0000000000
71072  -41.194  -13.546  66.901 0.0000000000
57874  -6.410  -28.179  77.394 0.0000000000
51943  -9.840  -30.342  84.336 0.0000000000
51942  -9.273  -30.902  83.744 0.0000000000
51941  -8.815  -31.285  83.469 0.0000000000
71030  -34.996  -13.896  74.198 0.0000000000
60009  -27.951  -23.330  87.618 0.0000000000
53258  -27.239  -28.983  76.438 0.0000000000
85333  -50.537  -2.750  56.874 0.0000000000
86507  -50.703  -2.379  56.829 0.0000000000
62399  -6.447  -22.136  87.836 0.0000000000
60023  -5.842  -23.804  87.855 0.0000000000
84144  -43.326  -4.825  68.202 0.0000000000
85252  -44.149  -3.418  68.315 0.0000000000
84126  -44.133  -4.940  68.509 0.0000000000
84127  -44.552  -4.603  68.752 0.0000000000
78212  -42.039  -9.905  65.811 0.0000000000
78226  -42.516  -10.081  64.585 0.0000000000
80692  -41.791  -8.423  66.133 0.0000000000
80668  -41.689  -7.490  67.050 0.0000000000
81814  -41.267  -6.644  66.769 0.0000000000
81800  -41.813  -7.032  67.371 0.0000000000
82986  -42.580  -5.873  67.527 0.0000000000
140594  -16.459  -27.548  84.366 0.0000000000
54306  -23.902  -28.373  81.387 0.0000000000
67354  -3.997  -18.281  75.159 0.0000000000
67364  -4.248  -17.928  74.616 0.0000000000
67279  -6.460  -19.312  81.792 0.0000000000
65979  -6.391  -19.843  81.443 0.0000000000
64737  -6.080  -20.553  81.164 0.0000000000
59076  -10.667  -25.479  75.694 0.0000000000
59077  -11.178  -25.205  75.203 0.0000000000
60001  -10.489  -24.337  89.616 0.0000000000
60000  -10.381  -24.604  89.706 0.0000000000
50782  -5.709  -31.347  86.957 0.0000000000
51902  -5.592  -30.849  87.262 0.0000000000
50789  -5.274  -31.333  86.346 0.0000000000
50788  -4.725  -31.533  86.590 0.0000000000
51910  -5.081  -30.884  86.402 0.0000000000
51930  -3.862  -31.225  85.485 0.0000000000
51939  -3.522  -31.356  84.530 0.0000000000
64755  -28.466  -19.939  80.535 0.0000000000
62449  -30.466  -22.859  83.245 0.0000000000
87622  -51.955  -1.602  60.572 0.0000000000
87633  -48.422  -1.553  59.634 0.0000000000
87647  -48.098  -1.539  58.847 0.0000000000
87648  -48.830  -1.984  58.773 0.0000000000
86476  -49.502  -2.207  58.725 0.0000000000
86477  -50.128  -2.327  58.399 0.0000000000
86467  -49.850  -2.281  58.997 0.0000000000
75923  -43.015  -11.260  66.571 0.0000000000
77033  -43.667  -10.533  67.153 0.0000000000
75914  -43.568  -11.006  67.138 0.0000000000
75902  -44.357  -10.977  67.997 0.0000000000
77022  -44.941  -10.333  68.614 0.0000000000
71133  -41.140  -14.636  65.073 0.0000000000
72345  -41.361  -14.394  64.418 0.0000000000
72346  -42.147  -13.777  64.675 0.0000000000
73558  -42.676  -13.059  64.473 0.0000000000
74759  -42.848  -12.912  65.069 0.0000000000
75933  -43.005  -12.505  65.700 0.0000000000
72168  -5.538  -15.411  78.145 0.0000000000
140706  -5.649  -16.622  77.982 0.0000000000
62452  -7.702  -22.778  82.868 0.0000000000
61252  -8.115  -23.032  82.366 0.0000000000
60121  -9.694  -24.785  81.130 0.0000000000
59044  -8.919  -26.350  78.826 0.0000000000
59056  -9.778  -26.138  77.599 0.0000000000
57889  -9.157  -26.682  75.405 0.0000000000
57898  -8.734  -27.020  74.820 0.0000000000
57907  -8.381  -27.551  74.265 0.0000000000
54252  -11.458  -29.117  88.916 0.0000000000
53089  -11.546  -30.060  89.330 0.0000000000
53088  -10.754  -30.216  89.264 0.0000000000
53094  -10.407  -30.472  88.625 0.0000000000
50793  -8.794  -31.378  87.016 0.0000000000
51922  -7.509  -31.708  86.886 0.0000000000
51911  -7.060  -31.786  87.118 0.0000000000
50791  -6.012  -32.018  87.575 0.0000000000
50798  -6.232  -31.720  86.811 0.0000000000
49652  -5.881  -32.261  86.607 0.0000000000
72274  -39.484  -13.620  71.477 0.0000000000
71050  -35.959  -13.685  72.252 0.0000000000
72260  -36.180  -13.576  71.812 0.0000000000
72272  -37.435  -14.283  70.544 0.0000000000
72285  -37.129  -14.099  69.512 0.0000000000
56636  -26.401  -26.463  84.416 0.0000000000
55487  -26.961  -26.845  82.610 0.0000000000
58940  -29.301  -24.494  85.854 0.0000000000
58939  -29.108  -24.763  86.141 0.0000000000
57776  -29.272  -25.239  84.999 0.0000000000
56649  -29.161  -26.391  83.798 0.0000000000
54291  -28.904  -27.451  82.915 0.0000000000
52052  -26.102  -29.796  77.790 0.0000000000
52036  -26.648  -29.731  78.546 0.0000000000
52035  -25.733  -30.079  78.572 0.0000000000
52034  -25.048  -30.888  78.735 0.0000000000
52050  -24.526  -30.548  78.182 0.0000000000
52064  -23.734  -29.993  77.976 0.0000000000
54399  -22.812  -29.437  77.384 0.0000000000
54400  -23.396  -29.541  77.167 0.0000000000
53252  -22.676  -28.433  76.495 0.0000000000
83154  -50.074  -4.340  54.770 0.0000000000
63557  -6.904  -21.601  84.001 0.0000000000
57779  -7.843  -26.284  84.212 0.0000000000
88715  -44.978  -0.551  65.433 0.0000000000
89890  -46.158  0.245  65.702 0.0000000000
89874  -46.124  0.268  66.554 0.0000000000
85267  -42.342  -3.828  66.349 0.0000000000
85266  -41.537  -4.081  65.660 0.0000000000
86424  -42.415  -2.982  65.692 0.0000000000
87548  -43.718  -1.283  65.478 0.0000000000
88714  -44.370  -0.709  65.054 0.0000000000
56598  -14.314  -27.192  88.256 0.0000000000
55440  -14.569  -28.559  85.458 0.0000000000
55432  -14.193  -28.022  86.268 0.0000000000
55439  -13.632  -28.560  85.713 0.0000000000
53112  -12.683  -29.330  85.523 0.0000000000
53120  -12.299  -29.515  85.339 0.0000000000
54276  -12.725  -29.236  85.192 0.0000000000
54280  -12.318  -29.411  84.130 0.0000000000
53127  -12.022  -29.593  83.485 0.0000000000
54379  -18.748  -28.564  78.541 0.0000000000
53209  -19.374  -28.800  79.425 0.0000000000
54361  -18.326  -28.722  79.331 0.0000000000
53207  -17.966  -28.782  79.637 0.0000000000
53219  -15.696  -29.313  79.131 0.0000000000
53205  -16.241  -28.839  79.376 0.0000000000
53188  -15.994  -28.688  79.702 0.0000000000
54329  -17.067  -28.692  80.839 0.0000000000
54339  -11.662  -29.689  80.383 0.0000000000
53184  -10.975  -30.110  80.496 0.0000000000
140717  -6.004  -15.184  81.672 0.0000000000
140677  -5.934  -19.003  80.180 0.0000000000
140678  -4.809  -17.465  80.478 0.0000000000
62543  -5.457  -19.836  77.322 0.0000000000
62544  -5.452  -19.975  77.112 0.0000000000
63671  -5.953  -20.574  76.942 0.0000000000
61268  -8.198  -22.129  80.358 0.0000000000
61287  -8.078  -21.620  79.562 0.0000000000
62500  -8.036  -21.535  79.198 0.0000000000
63658  -10.381  -21.946  77.494 0.0000000000
63657  -9.918  -21.704  77.605 0.0000000000
64804  -8.084  -21.039  76.685 0.0000000000
64839  -8.560  -20.554  74.717 0.0000000000
55413  -9.365  -28.184  90.093 0.0000000000
56579  -9.464  -27.548  90.025 0.0000000000
54241  -8.866  -28.378  90.264 0.0000000000
54235  -8.496  -28.166  90.280 0.0000000000
55412  -7.828  -27.765  90.165 0.0000000000
54242  -5.774  -28.438  89.196 0.0000000000
58907  -5.918  -25.914  88.545 0.0000000000
58918  -5.325  -25.826  88.359 0.0000000000
57727  -5.269  -26.327  88.365 0.0000000000
57741  -5.690  -27.138  87.525 0.0000000000
56641  -4.595  -28.720  83.693 0.0000000000
56651  -5.213  -28.743  83.045 0.0000000000
56671  -4.005  -27.986  80.704 0.0000000000
50821  -3.953  -32.184  82.379 0.0000000000
50829  -3.593  -32.597  80.572 0.0000000000
55520  -4.407  -29.464  79.317 0.0000000000
64768  -29.126  -18.759  79.930 0.0000000000
64782  -29.940  -18.647  79.096 0.0000000000
64769  -29.756  -18.453  79.614 0.0000000000
67308  -31.715  -18.049  80.016 0.0000000000
61261  -28.342  -23.433  82.152 0.0000000000
64726  -29.591  -20.040  83.985 0.0000000000
63578  -29.931  -21.148  83.780 0.0000000000
63577  -30.203  -21.816  83.216 0.0000000000
62459  -29.870  -22.527  82.753 0.0000000000
61246  -29.134  -23.388  82.812 0.0000000000
87606  -50.026  -1.227  61.217 0.0000000000
87593  -51.229  -1.417  62.411 0.0000000000
87592  -50.357  -1.398  62.142 0.0000000000
87600  -43.486  -1.692  61.071 0.0000000000
86458  -43.498  -2.304  60.021 0.0000000000
88788  -48.825  -0.817  60.992 0.0000000000
88778  -49.320  -1.094  61.240 0.0000000000
71099  -43.002  -13.607  67.127 0.0000000000
72323  -43.907  -13.026  67.403 0.0000000000
71087  -43.344  -13.462  67.873 0.0000000000
72306  -44.658  -13.674  68.028 0.0000000000
73501  -44.443  -12.913  68.436 0.0000000000
72304  -43.213  -13.358  68.139 0.0000000000
73500  -43.887  -12.808  68.802 0.0000000000
74736  -37.572  -12.630  66.704 0.0000000000
73533  -37.337  -12.778  66.124 0.0000000000
71108  -37.611  -13.876  64.808 0.0000000000
71109  -38.237  -14.535  64.987 0.0000000000
71112  -40.993  -14.680  65.739 0.0000000000
71114  -42.303  -13.829  66.309 0.0000000000
58991  -8.920  -25.297  82.400 0.0000000000
59006  -9.105  -25.125  82.252 0.0000000000
56714  -6.804  -27.376  75.775 0.0000000000
56727  -6.867  -27.666  75.630 0.0000000000
56713  -6.609  -27.657  75.942 0.0000000000
56726  -6.668  -28.108  75.524 0.0000000000
56740  -6.502  -28.463  74.927 0.0000000000
51926  -11.739  -30.067  87.079 0.0000000000
51925  -10.847  -30.491  86.571 0.0000000000
50802  -10.077  -30.433  86.193 0.0000000000
50801  -9.291  -30.822  86.471 0.0000000000
50808  -8.846  -30.724  85.605 0.0000000000
50807  -8.077  -31.428  85.199 0.0000000000
140876  -37.398  -14.680  72.516 0.0000000000
140867  -38.501  -14.515  73.267 0.0000000000
140865  -37.796  -14.560  73.326 0.0000000000
68644  -32.765  -15.762  72.331 0.0000000000
69853  -33.215  -15.028  71.967 0.0000000000
71044  -33.801  -13.619  72.447 0.0000000000
71045  -35.661  -13.947  72.545 0.0000000000
57736  -26.925  -25.210  87.241 0.0000000000
56626  -27.022  -25.875  85.064 0.0000000000
55513  -29.147  -27.743  80.554 0.0000000000
54332  -28.943  -27.820  80.847 0.0000000000
54346  -28.963  -28.221  80.101 0.0000000000
53194  -28.718  -28.515  79.516 0.0000000000
52054  -27.212  -28.665  77.523 0.0000000000
52053  -26.746  -29.273  77.678 0.0000000000
53274  -24.674  -29.292  76.291 0.0000000000
83136  -49.925  -4.429  54.940 0.0000000000
84242  -51.756  -4.030  56.100 0.0000000000
83123  -50.884  -4.205  55.236 0.0000000000
84289  -50.382  -4.197  54.882 0.0000000000
85386  -49.723  -3.944  54.095 0.0000000000
86527  -49.514  -3.491  54.232 0.0000000000
87669  -49.751  -2.260  55.229 0.0000000000
87666  -50.888  -1.349  56.344 0.0000000000
63537  -6.738  -21.073  86.437 0.0000000000
63548  -5.051  -21.252  85.714 0.0000000000
62421  -5.574  -21.795  85.815 0.0000000000
62420  -4.774  -21.729  85.803 0.0000000000
62408  -6.084  -22.230  86.150 0.0000000000
61202  -6.469  -22.934  86.471 0.0000000000
57758  -6.820  -25.691  86.327 0.0000000000
87538  -45.175  -0.849  67.121 0.0000000000
85253  -44.612  -3.300  68.540 0.0000000000
78242  -42.324  -9.869  63.925 0.0000000000
80689  -40.556  -6.984  64.841 0.0000000000
81836  -40.422  -6.555  65.479 0.0000000000
83019  -40.460  -5.846  65.878 0.0000000000
83002  -41.010  -5.773  66.261 0.0000000000
84157  -41.666  -4.900  66.064 0.0000000000
86415  -42.867  -2.976  66.974 0.0000000000
58947  -14.747  -25.934  85.881 0.0000000000
58948  -14.761  -26.732  85.136 0.0000000000
57762  -14.776  -27.323  85.122 0.0000000000
57773  -15.321  -27.326  84.735 0.0000000000
56610  -15.384  -27.905  85.450 0.0000000000
55451  -14.872  -28.411  84.967 0.0000000000
55565  -16.041  -28.287  76.749 0.0000000000
55549  -15.450  -28.507  77.632 0.0000000000
54375  -15.374  -28.894  78.554 0.0000000000
54392  -14.655  -28.880  78.082 0.0000000000
54358  -14.940  -29.325  79.160 0.0000000000
54357  -13.843  -29.172  79.267 0.0000000000
69729  -5.647  -15.795  82.639 0.0000000000
61332  -10.770  -22.749  77.775 0.0000000000
62548  -10.741  -22.382  77.310 0.0000000000
63693  -10.872  -21.900  75.430 0.0000000000
62372  -10.216  -23.402  90.263 0.0000000000
62359  -10.076  -23.470  90.844 0.0000000000
61142  -9.322  -24.185  91.153 0.0000000000
51890  -7.340  -30.223  89.183 0.0000000000
53076  -7.152  -29.350  89.600 0.0000000000
53080  -6.360  -29.445  88.713 0.0000000000
51888  -5.989  -29.803  88.405 0.0000000000
53086  -5.585  -29.582  88.148 0.0000000000
54257  -5.499  -29.080  88.193 0.0000000000
54256  -5.503  -29.000  87.677 0.0000000000
55425  -5.822  -28.233  87.953 0.0000000000
55429  -5.351  -28.484  87.027 0.0000000000
55436  -4.297  -28.978  86.582 0.0000000000
54275  -3.938  -29.759  85.558 0.0000000000
54279  -4.011  -29.419  84.986 0.0000000000
55459  -3.607  -29.362  84.386 0.0000000000
55474  -3.583  -29.173  83.871 0.0000000000
64796  -30.046  -18.759  78.294 0.0000000000
60033  -29.431  -23.647  86.150 0.0000000000
57796  -29.710  -25.820  83.448 0.0000000000
62440  -31.026  -23.186  83.817 0.0000000000
61230  -31.159  -24.018  84.026 0.0000000000
60074  -30.539  -24.669  84.124 0.0000000000
57808  -29.673  -25.929  82.858 0.0000000000
56674  -29.236  -26.526  82.299 0.0000000000
55514  -29.272  -27.257  80.972 0.0000000000
55540  -29.897  -28.397  79.092 0.0000000000
56692  -29.287  -27.240  79.096 0.0000000000
55556  -30.215  -27.881  78.738 0.0000000000
86504  -47.318  -2.957  56.671 0.0000000000
85343  -49.223  -3.443  56.514 0.0000000000
86495  -50.197  -2.600  57.600 0.0000000000
87664  -52.049  -1.588  58.054 0.0000000000
80670  -43.582  -8.195  66.863 0.0000000000
81803  -44.001  -7.516  68.272 0.0000000000
80658  -43.883  -8.066  67.615 0.0000000000
80645  -44.521  -8.145  68.428 0.0000000000
78184  -44.944  -9.246  67.897 0.0000000000
74729  -44.365  -12.488  67.759 0.0000000000
74717  -44.731  -11.575  68.845 0.0000000000
75952  -43.090  -11.499  63.641 0.0000000000
74758  -43.088  -12.405  64.362 0.0000000000
77059  -43.183  -10.713  64.242 0.0000000000
77058  -43.106  -10.214  64.507 0.0000000000
78198  -42.346  -9.618  66.427 0.0000000000
79432  -42.603  -9.043  66.598 0.0000000000
52011  -22.329  -29.673  79.349 0.0000000000
52010  -21.457  -29.611  79.372 0.0000000000
52029  -21.384  -29.455  78.780 0.0000000000
53224  -20.330  -29.394  78.432 0.0000000000
54380  -19.479  -29.069  78.403 0.0000000000
55554  -19.480  -28.867  77.373 0.0000000000
55553  -19.042  -28.804  77.624 0.0000000000
54395  -18.831  -29.072  78.056 0.0000000000
55552  -18.171  -28.662  77.857 0.0000000000
55566  -16.962  -28.392  76.855 0.0000000000
66053  -4.115  -19.102  74.886 0.0000000000
63579  -6.343  -21.308  82.179 0.0000000000
62465  -7.442  -21.858  81.747 0.0000000000
63613  -7.654  -22.145  81.220 0.0000000000
59033  -9.926  -26.168  79.794 0.0000000000
60122  -10.143  -25.008  80.274 0.0000000000
61290  -10.836  -24.596  79.252 0.0000000000
56586  -10.232  -27.516  89.086 0.0000000000
55416  -10.056  -28.238  89.110 0.0000000000
54246  -10.471  -28.817  88.781 0.0000000000
55415  -9.699  -28.349  89.748 0.0000000000
54244  -9.172  -29.043  90.236 0.0000000000
53083  -8.569  -29.666  90.008 0.0000000000
51886  -7.868  -29.971  89.647 0.0000000000
51915  -10.364  -30.816  87.335 0.0000000000
51907  -9.614  -30.826  88.120 0.0000000000
50786  -9.085  -31.333  87.628 0.0000000000
51899  -8.776  -30.775  88.907 0.0000000000
50780  -5.988  -31.953  88.110 0.0000000000
50784  -6.042  -32.207  87.765 0.0000000000
49643  -5.847  -32.416  87.680 0.0000000000
49642  -6.021  -31.812  87.453 0.0000000000
49646  -5.819  -31.776  86.662 0.0000000000
49653  -5.400  -31.971  84.788 0.0000000000
73499  -41.445  -12.754  69.006 0.0000000000
73469  -40.711  -13.432  71.377 0.0000000000
67367  -31.209  -18.000  73.705 0.0000000000
67379  -32.026  -17.583  72.082 0.0000000000
74710  -35.944  -12.356  68.663 0.0000000000
74695  -36.492  -12.485  69.180 0.0000000000
73511  -37.547  -12.674  68.596 0.0000000000
73512  -38.277  -12.841  68.318 0.0000000000
73513  -39.196  -13.134  68.575 0.0000000000
56646  -26.364  -26.424  83.602 0.0000000000
56656  -26.371  -26.425  82.345 0.0000000000
53156  -24.115  -28.800  81.204 0.0000000000
51972  -23.381  -29.941  80.612 0.0000000000
58904  -28.350  -23.896  87.393 0.0000000000
58927  -28.907  -24.638  86.483 0.0000000000
57724  -28.859  -24.688  86.593 0.0000000000
57738  -27.992  -24.902  86.721 0.0000000000
56603  -27.809  -25.157  86.552 0.0000000000
56627  -27.516  -25.658  85.383 0.0000000000
55455  -27.170  -26.712  84.722 0.0000000000
54324  -28.826  -27.391  81.527 0.0000000000
54323  -28.561  -27.488  81.589 0.0000000000
54310  -28.528  -27.431  82.390 0.0000000000
51998  -28.023  -28.672  80.118 0.0000000000
53174  -27.841  -28.067  80.848 0.0000000000
53141  -28.251  -27.512  82.250 0.0000000000
54308  -27.867  -27.433  82.745 0.0000000000
54288  -27.699  -27.065  83.280 0.0000000000
54287  -27.388  -26.856  83.466 0.0000000000
53138  -27.155  -27.641  81.941 0.0000000000
53158  -26.552  -28.100  81.475 0.0000000000
51961  -26.093  -28.734  81.008 0.0000000000
51995  -25.531  -29.720  79.753 0.0000000000
51974  -24.747  -29.485  80.161 0.0000000000
51993  -24.011  -30.527  80.068 0.0000000000
52012  -23.034  -30.352  79.357 0.0000000000
52030  -22.224  -29.511  78.793 0.0000000000
53250  -21.020  -29.096  77.127 0.0000000000
54416  -22.347  -29.284  77.241 0.0000000000
86525  -49.068  -2.374  54.183 0.0000000000
88826  -48.631  -0.644  54.246 0.0000000000
88832  -47.858  -0.265  53.667 0.0000000000
69716  -6.269  -16.700  83.501 0.0000000000
65962  -6.313  -19.444  83.005 0.0000000000
64719  -6.331  -20.349  83.056 0.0000000000
67258  -6.562  -18.595  84.713 0.0000000000
62442  -7.271  -22.466  83.369 0.0000000000
61239  -7.846  -22.810  83.598 0.0000000000
62422  -6.254  -22.111  85.585 0.0000000000
61222  -6.986  -22.677  85.121 0.0000000000
60063  -7.475  -24.173  84.855 0.0000000000
60077  -8.171  -24.788  83.728 0.0000000000
58990  -8.829  -25.475  82.785 0.0000000000
57817  -8.171  -26.361  82.234 0.0000000000
57816  -7.675  -26.743  81.912 0.0000000000
88758  -46.847  -0.330  63.653 0.0000000000
88735  -48.278  -0.373  64.625 0.0000000000
89912  -47.055  -0.011  64.379 0.0000000000
74713  -41.997  -12.567  69.177 0.0000000000
81868  -40.993  -5.517  63.348 0.0000000000
85277  -41.121  -3.808  65.007 0.0000000000
83042  -41.112  -5.036  63.643 0.0000000000
83046  -41.144  -4.898  62.571 0.0000000000
84189  -41.018  -4.152  62.262 0.0000000000
85301  -41.448  -3.370  61.948 0.0000000000
86446  -41.619  -2.725  62.690 0.0000000000
88755  -44.399  -0.864  64.099 0.0000000000
87575  -44.166  -0.887  63.351 0.0000000000
55421  -12.175  -28.391  89.030 0.0000000000
53096  -12.349  -30.075  88.841 0.0000000000
53102  -12.115  -30.288  87.820 0.0000000000
58934  -14.621  -26.340  86.252 0.0000000000
57733  -14.158  -27.309  86.979 0.0000000000
55424  -14.162  -28.251  88.093 0.0000000000
54261  -14.414  -28.810  87.046 0.0000000000
54260  -13.883  -28.857  87.771 0.0000000000
54265  -13.185  -29.999  87.463 0.0000000000
53108  -12.798  -30.265  87.105 0.0000000000
51935  -11.460  -29.758  86.265 0.0000000000
53117  -10.037  -30.184  83.474 0.0000000000
51990  -21.468  -29.978  79.844 0.0000000000
51970  -21.515  -29.800  80.304 0.0000000000
51955  -20.723  -29.868  80.866 0.0000000000
51988  -19.993  -29.535  80.264 0.0000000000
53152  -20.659  -29.323  81.214 0.0000000000
54284  -20.366  -28.378  82.640 0.0000000000
53221  -17.035  -28.556  79.311 0.0000000000
53190  -18.131  -29.189  80.293 0.0000000000
53189  -17.036  -28.684  80.155 0.0000000000
53150  -18.899  -29.838  81.262 0.0000000000
54301  -20.021  -28.917  82.810 0.0000000000
55465  -20.208  -28.346  83.122 0.0000000000
55482  -19.935  -28.257  83.263 0.0000000000
56643  -19.983  -27.742  83.032 0.0000000000
55493  -18.723  -28.152  82.425 0.0000000000
140592  -18.388  -26.889  81.820 0.0000000000
140591  -17.129  -27.476  83.225 0.0000000000
140587  -16.467  -27.498  84.847 0.0000000000
55463  -15.972  -28.180  84.256 0.0000000000
55476  -14.521  -28.276  83.981 0.0000000000
53129  -13.525  -28.913  83.345 0.0000000000
54295  -13.375  -29.066  83.819 0.0000000000
53128  -12.990  -29.187  83.323 0.0000000000
53145  -10.861  -30.372  82.224 0.0000000000
73303  -5.037  -13.826  80.507 0.0000000000
140705  -4.929  -15.391  80.014 0.0000000000
69742  -6.127  -15.983  82.196 0.0000000000
69741  -5.726  -16.184  81.509 0.0000000000
140708  -5.365  -16.100  80.725 0.0000000000
140671  -4.389  -17.125  80.677 0.0000000000
140683  -4.615  -16.758  80.428 0.0000000000
140709  -5.221  -16.154  80.254 0.0000000000
70974  -5.129  -15.582  79.619 0.0000000000
64802  -5.399  -18.387  76.951 0.0000000000
64816  -4.580  -19.258  75.931 0.0000000000
64835  -4.757  -19.521  75.238 0.0000000000
64836  -5.632  -19.700  74.731 0.0000000000
63594  -6.176  -21.241  81.140 0.0000000000
62480  -6.957  -21.176  80.033 0.0000000000
64775  -6.158  -21.024  78.875 0.0000000000
62518  -8.668  -22.050  78.783 0.0000000000
62517  -7.925  -21.515  78.855 0.0000000000
62546  -8.732  -21.592  77.880 0.0000000000
62533  -7.015  -21.196  78.468 0.0000000000
63690  -6.368  -20.474  76.184 0.0000000000
63689  -5.719  -20.389  76.015 0.0000000000
64818  -6.085  -20.110  75.380 0.0000000000
64855  -7.048  -20.071  73.409 0.0000000000
64856  -8.099  -20.364  73.581 0.0000000000
62380  -6.732  -22.426  89.097 0.0000000000
58901  -9.913  -25.496  89.222 0.0000000000
58899  -9.994  -25.308  89.725 0.0000000000
58898  -9.961  -25.274  90.253 0.0000000000
56574  -9.454  -27.004  89.967 0.0000000000
57710  -9.650  -25.848  90.104 0.0000000000
59994  -9.521  -24.793  91.243 0.0000000000
59993  -8.782  -24.704  91.118 0.0000000000
55410  -6.854  -27.654  89.493 0.0000000000
57701  -7.897  -26.731  90.425 0.0000000000
57708  -7.714  -26.220  90.411 0.0000000000
58895  -8.312  -25.360  90.568 0.0000000000
59992  -8.169  -24.502  90.655 0.0000000000
61138  -6.072  -23.397  90.162 0.0000000000
62354  -5.341  -23.041  90.274 0.0000000000
62378  -5.199  -23.056  89.844 0.0000000000
61172  -6.402  -23.236  88.943 0.0000000000
60034  -6.023  -25.122  87.987 0.0000000000
57743  -6.285  -25.741  86.870 0.0000000000
57757  -6.635  -25.978  86.519 0.0000000000
57768  -6.449  -27.463  85.431 0.0000000000
56606  -5.396  -27.753  86.896 0.0000000000
56618  -5.826  -27.824  86.167 0.0000000000
57798  -5.660  -27.706  81.881 0.0000000000
57843  -5.704  -28.080  79.797 0.0000000000
50812  -4.984  -31.824  84.387 0.0000000000
48578  -4.152  -34.393  82.268 0.0000000000
49665  -4.680  -33.192  83.349 0.0000000000
50811  -4.367  -31.694  84.065 0.0000000000
51948  -3.917  -31.304  83.598 0.0000000000
54313  -3.914  -29.850  83.024 0.0000000000
54325  -3.826  -29.606  81.677 0.0000000000
53181  -4.079  -30.351  80.872 0.0000000000
55501  -4.006  -28.798  80.973 0.0000000000
56685  -4.240  -28.746  79.404 0.0000000000
57826  -4.341  -27.674  80.080 0.0000000000
57854  -5.616  -28.206  79.007 0.0000000000
55588  -5.526  -29.442  75.415 0.0000000000
48550  -5.791  -32.616  86.965 0.0000000000
49640  -5.836  -31.849  87.951 0.0000000000
49641  -5.772  -32.141  88.075 0.0000000000
49644  -6.074  -32.907  87.700 0.0000000000
49648  -5.833  -32.390  87.584 0.0000000000
50790  -6.825  -31.885  86.988 0.0000000000
50796  -4.938  -31.439  86.063 0.0000000000
50797  -6.719  -31.689  86.919 0.0000000000
50810  -10.262  -30.174  85.703 0.0000000000
50817  -9.558  -30.304  85.139 0.0000000000
51887  -8.298  -30.015  89.675 0.0000000000
51891  -8.161  -30.393  89.327 0.0000000000
51903  -6.157  -31.805  88.004 0.0000000000
51908  -10.486  -30.637  87.976 0.0000000000
51919  -4.812  -31.323  86.300 0.0000000000
51920  -6.948  -31.824  86.994 0.0000000000
51921  -6.951  -31.723  86.895 0.0000000000
51938  -3.068  -31.027  84.716 0.0000000000
51947  -12.286  -29.429  86.147 0.0000000000
51956  -21.585  -29.388  80.721 0.0000000000
51967  -19.327  -29.769  80.612 0.0000000000
51986  -18.517  -29.269  79.927 0.0000000000
51987  -19.136  -29.461  80.202 0.0000000000
51992  -23.296  -30.099  79.901 0.0000000000
52006  -18.503  -29.110  79.733 0.0000000000
52028  -20.747  -29.430  78.824 0.0000000000
52048  -22.955  -29.834  78.302 0.0000000000
52070  -27.013  -28.656  76.763 0.0000000000
53075  -6.730  -28.978  89.034 0.0000000000
53078  -8.150  -29.762  89.796 0.0000000000
53082  -8.324  -29.354  90.179 0.0000000000
53092  -5.492  -29.456  87.830 0.0000000000
53093  -9.796  -30.476  88.798 0.0000000000
53100  -4.958  -29.206  86.124 0.0000000000
53103  -12.724  -30.005  87.978 0.0000000000
53105  -5.096  -29.706  85.980 0.0000000000
53106  -4.966  -29.426  86.013 0.0000000000
53107  -12.287  -30.105  87.209 0.0000000000
53110  -3.456  -30.511  85.362 0.0000000000
53121  -12.358  -29.370  85.821 0.0000000000
53123  -3.360  -30.641  83.835 0.0000000000
53140  -27.981  -27.592  82.178 0.0000000000
53159  -27.178  -28.042  81.420 0.0000000000
53161  -28.190  -27.626  81.654 0.0000000000
53173  -27.461  -28.161  81.007 0.0000000000
53187  -15.423  -28.893  79.726 0.0000000000
53192  -28.092  -28.419  80.446 0.0000000000
53198  -3.830  -30.143  80.197 0.0000000000
53208  -18.636  -28.902  79.521 0.0000000000
53223  -20.021  -28.831  79.024 0.0000000000
53234  -20.221  -29.468  77.368 0.0000000000
53235  -20.636  -29.577  77.663 0.0000000000
53238  -23.283  -29.602  77.739 0.0000000000
53239  -28.021  -28.495  77.675 0.0000000000
53259  -27.376  -28.553  76.712 0.0000000000
54234  -8.089  -28.236  90.273 0.0000000000
54236  -8.767  -28.030  90.222 0.0000000000
54248  -5.574  -28.612  88.299 0.0000000000
54255  -13.863  -28.559  88.411 0.0000000000
54258  -12.721  -29.676  88.691 0.0000000000
54259  -13.169  -29.529  88.217 0.0000000000
54263  -5.255  -29.125  86.471 0.0000000000
54264  -4.984  -28.995  86.244 0.0000000000
54269  -4.486  -29.298  86.299 0.0000000000
54270  -4.596  -29.101  86.427 0.0000000000
54271  -13.337  -30.019  86.863 0.0000000000
54283  -20.007  -28.807  83.144 0.0000000000
54289  -28.110  -27.317  83.196 0.0000000000
54307  -27.411  -27.159  82.752 0.0000000000
54309  -28.241  -27.491  82.686 0.0000000000
54311  -28.812  -27.256  82.300 0.0000000000
54312  -3.445  -29.514  83.576 0.0000000000
54318  -19.492  -28.360  82.463 0.0000000000
54321  -26.197  -27.817  81.503 0.0000000000
54330  -17.482  -29.027  80.977 0.0000000000
54331  -28.673  -27.842  80.899 0.0000000000
54337  -3.653  -29.794  80.208 0.0000000000
54343  -15.632  -28.592  79.989 0.0000000000
54344  -16.362  -28.532  80.092 0.0000000000
54359  -15.937  -28.556  79.962 0.0000000000
54360  -16.145  -28.529  80.030 0.0000000000
54362  -18.818  -28.361  79.162 0.0000000000
54363  -19.495  -28.468  78.986 0.0000000000
54364  -29.212  -28.467  79.313 0.0000000000
54377  -17.198  -28.522  78.890 0.0000000000
54378  -18.022  -28.679  78.904 0.0000000000
54393  -14.962  -28.727  77.963 0.0000000000
54394  -18.325  -28.689  78.324 0.0000000000
54396  -19.701  -29.250  77.579 0.0000000000
54397  -20.187  -29.451  77.553 0.0000000000
54398  -22.315  -29.482  77.520 0.0000000000
54401  -28.419  -28.458  77.652 0.0000000000
54417  -23.044  -29.109  76.718 0.0000000000
54439  -24.276  -29.330  76.354 0.0000000000
55407  -8.270  -27.703  90.326 0.0000000000
55408  -8.709  -27.677  90.275 0.0000000000
55409  -9.054  -27.836  90.174 0.0000000000
55423  -13.889  -28.275  88.784 0.0000000000
55427  -13.832  -28.293  86.534 0.0000000000
55428  -14.713  -28.187  86.348 0.0000000000
55430  -4.882  -28.796  86.490 0.0000000000
55431  -4.592  -28.914  86.607 0.0000000000
55433  -15.095  -28.072  85.672 0.0000000000
55437  -4.318  -28.981  86.771 0.0000000000
55438  -13.649  -28.220  85.672 0.0000000000
55444  -27.195  -26.017  84.873 0.0000000000
55445  -27.544  -26.040  84.817 0.0000000000
55447  -28.467  -26.206  84.397 0.0000000000
55449  -13.779  -28.472  85.480 0.0000000000
55450  -13.880  -28.722  84.888 0.0000000000
55453  -16.230  -27.576  84.797 0.0000000000
55454  -26.979  -27.042  84.793 0.0000000000
55458  -28.601  -26.592  83.818 0.0000000000
55464  -20.058  -28.849  83.375 0.0000000000
55466  -20.696  -28.083  82.354 0.0000000000
55469  -27.440  -26.768  83.898 0.0000000000
55470  -27.875  -26.799  83.607 0.0000000000
55471  -28.370  -26.983  83.480 0.0000000000
55472  -28.926  -27.070  83.412 0.0000000000
55481  -19.900  -28.589  83.160 0.0000000000
55497  -26.227  -27.131  81.418 0.0000000000
55499  -29.003  -27.092  82.239 0.0000000000
55503  -16.502  -28.528  80.422 0.0000000000
55504  -29.065  -27.281  81.428 0.0000000000
55505  -29.158  -26.941  81.700 0.0000000000
55511  -15.935  -28.512  80.330 0.0000000000
55512  -16.198  -28.518  80.273 0.0000000000
55522  -16.031  -28.524  80.150 0.0000000000
55523  -19.199  -28.276  78.872 0.0000000000
55526  -29.289  -27.578  80.177 0.0000000000
55533  -14.318  -28.986  77.904 0.0000000000
55538  -18.939  -28.237  78.774 0.0000000000
55539  -19.155  -28.472  78.626 0.0000000000
55555  -29.901  -28.322  78.236 0.0000000000
55569  -19.302  -28.523  77.235 0.0000000000
56575  -9.708  -26.721  89.656 0.0000000000
56578  -7.632  -27.112  90.244 0.0000000000
56581  -9.964  -26.899  89.401 0.0000000000
56596  -5.258  -26.899  88.152 0.0000000000
56597  -5.404  -26.654  88.368 0.0000000000
56599  -14.433  -27.601  87.649 0.0000000000
56600  -13.929  -27.831  86.507 0.0000000000
56602  -27.226  -25.349  86.620 0.0000000000
56605  -28.721  -25.121  86.548 0.0000000000
56613  -27.423  -25.532  86.008 0.0000000000
56614  -28.013  -25.310  86.057 0.0000000000
56615  -28.651  -25.122  86.174 0.0000000000
56619  -13.929  -28.121  85.690 0.0000000000
56620  -14.013  -28.519  85.677 0.0000000000
56621  -14.267  -28.735  85.004 0.0000000000
56623  -16.533  -27.503  85.478 0.0000000000
56629  -28.689  -25.466  85.202 0.0000000000
56630  -29.028  -25.359  85.112 0.0000000000
56633  -13.832  -28.221  85.519 0.0000000000
56634  -13.963  -28.589  85.318 0.0000000000
56640  -29.071  -25.698  84.571 0.0000000000
56644  -20.682  -27.785  82.371 0.0000000000
56647  -26.667  -26.707  83.885 0.0000000000
56648  -28.899  -26.586  83.772 0.0000000000
56652  -19.749  -28.193  83.080 0.0000000000
56667  -29.513  -26.453  82.833 0.0000000000
57705  -9.619  -26.362  89.887 0.0000000000
57709  -8.185  -25.926  90.536 0.0000000000
57715  -6.008  -26.226  88.576 0.0000000000
57716  -5.799  -26.360  88.511 0.0000000000
57717  -6.115  -26.100  88.496 0.0000000000
57723  -28.450  -24.639  86.803 0.0000000000
57728  -5.646  -26.166  88.519 0.0000000000
57732  -14.461  -26.881  87.498 0.0000000000
57739  -28.821  -24.930  86.583 0.0000000000
57740  -29.005  -24.926  86.667 0.0000000000
57749  -14.711  -27.849  85.513 0.0000000000
57750  -15.033  -27.886  85.704 0.0000000000
57754  -28.969  -25.102  86.482 0.0000000000
57755  -28.954  -24.894  86.424 0.0000000000
57759  -13.588  -27.905  85.736 0.0000000000
57760  -13.883  -27.808  85.675 0.0000000000
57761  -14.375  -26.988  85.300 0.0000000000
57763  -15.213  -27.676  85.260 0.0000000000
57767  -29.125  -25.146  85.522 0.0000000000
57771  -13.721  -28.126  85.839 0.0000000000
57772  -13.940  -28.013  85.547 0.0000000000
57780  -8.191  -26.071  84.175 0.0000000000
57785  -29.529  -25.695  84.151 0.0000000000
57802  -8.527  -26.139  82.775 0.0000000000
57841  -4.463  -28.193  79.457 0.0000000000
57847  -9.436  -26.267  80.200 0.0000000000
57883  -5.517  -28.697  77.165 0.0000000000
58896  -8.912  -25.398  91.006 0.0000000000
58897  -9.475  -25.466  90.614 0.0000000000
58908  -6.081  -26.095  88.585 0.0000000000
58910  -9.950  -24.993  88.628 0.0000000000
58914  -28.116  -24.319  87.402 0.0000000000
58915  -28.760  -24.269  86.647 0.0000000000
58919  -5.695  -25.864  88.489 0.0000000000
58926  -28.926  -24.674  86.609 0.0000000000
58952  -29.202  -24.922  85.804 0.0000000000
58953  -29.329  -24.695  85.615 0.0000000000
58955  -6.906  -25.454  86.263 0.0000000000
58989  -29.908  -25.218  83.529 0.0000000000
59004  -8.036  -26.256  81.834 0.0000000000
59999  -5.781  -24.107  89.648 0.0000000000
60020  -28.882  -23.636  86.953 0.0000000000
60045  -29.085  -24.452  86.231 0.0000000000
60046  -29.389  -23.957  85.882 0.0000000000
60055  -29.787  -24.172  85.040 0.0000000000
60062  -30.207  -24.616  84.578 0.0000000000
60070  -16.388  -26.362  82.256 0.0000000000
60078  -8.404  -25.103  83.535 0.0000000000
60089  -8.239  -23.367  83.902 0.0000000000
60091  -8.833  -24.610  83.013 0.0000000000
60092  -9.086  -25.072  82.585 0.0000000000
61137  -5.499  -23.272  90.231 0.0000000000
61175  -10.435  -24.043  89.470 0.0000000000
61192  -29.705  -23.120  86.397 0.0000000000
61201  -6.200  -22.313  86.435 0.0000000000
61238  -8.042  -22.872  84.187 0.0000000000
61285  -7.083  -21.381  79.196 0.0000000000
61302  -7.745  -21.460  79.185 0.0000000000
62355  -5.591  -23.071  90.254 0.0000000000
62368  -5.200  -22.873  90.095 0.0000000000
62379  -5.704  -22.960  89.701 0.0000000000
62396  -4.735  -21.590  86.365 0.0000000000
62406  -4.393  -21.886  86.094 0.0000000000
62409  -6.305  -22.426  86.098 0.0000000000
62419  -4.197  -21.688  85.772 0.0000000000
62467  -8.174  -22.965  82.116 0.0000000000
62498  -6.855  -21.362  79.264 0.0000000000
62569  -5.378  -19.786  76.438 0.0000000000
62570  -5.367  -19.939  76.174 0.0000000000
63523  -4.221  -20.856  86.107 0.0000000000
63524  -4.948  -21.048  86.376 0.0000000000
63534  -3.938  -21.354  86.393 0.0000000000
63536  -5.221  -20.919  85.981 0.0000000000
63546  -3.909  -21.389  85.926 0.0000000000
63547  -4.333  -21.269  85.679 0.0000000000
63595  -7.580  -22.000  81.405 0.0000000000
63614  -7.769  -22.188  81.536 0.0000000000
63639  -6.459  -21.209  78.877 0.0000000000
63641  -7.970  -21.428  78.386 0.0000000000
64676  -3.953  -21.172  86.450 0.0000000000
64677  -4.284  -20.891  86.436 0.0000000000
64689  -3.921  -20.839  86.399 0.0000000000
64690  -4.327  -20.773  86.174 0.0000000000
64691  -4.589  -20.758  85.960 0.0000000000
64699  -3.885  -20.986  86.097 0.0000000000
64700  -4.117  -20.859  85.820 0.0000000000
64701  -4.602  -20.912  85.756 0.0000000000
64728  -6.439  -20.077  81.674 0.0000000000
64817  -4.922  -19.454  75.629 0.0000000000
64834  -4.044  -19.384  75.376 0.0000000000
68620  -3.900  -17.422  74.924 0.0000000000
69778  -5.593  -16.370  77.634 0.0000000000
69779  -5.561  -16.306  77.300 0.0000000000
70951  -6.440  -15.718  82.009 0.0000000000
71073  -41.513  -13.597  67.149 0.0000000000
71092  -37.859  -14.055  65.337 0.0000000000
71100  -43.588  -13.208  67.453 0.0000000000
71135  -42.440  -13.609  65.666 0.0000000000
71155  -39.475  -14.968  63.759 0.0000000000
72159  -5.497  -15.843  78.066 0.0000000000
72169  -5.502  -15.764  77.613 0.0000000000
72290  -43.803  -13.126  68.419 0.0000000000
72291  -44.078  -13.109  68.492 0.0000000000
72311  -39.798  -13.255  66.961 0.0000000000
72313  -43.480  -13.436  68.120 0.0000000000
72314  -43.987  -13.199  67.959 0.0000000000
72332  -43.539  -13.349  66.003 0.0000000000
72348  -43.196  -13.203  65.615 0.0000000000
73516  -43.497  -12.910  68.518 0.0000000000
73517  -44.689  -13.487  68.060 0.0000000000
73527  -44.238  -12.957  67.606 0.0000000000
73538  -43.952  -13.067  66.998 0.0000000000
73548  -43.481  -13.105  65.632 0.0000000000
73557  -42.184  -13.473  63.940 0.0000000000
73559  -42.938  -13.037  65.278 0.0000000000
73569  -42.082  -13.480  63.363 0.0000000000
74682  -40.991  -12.822  70.604 0.0000000000
74694  -35.820  -12.578  69.278 0.0000000000
74701  -44.626  -11.972  68.735 0.0000000000
74702  -44.906  -11.807  69.048 0.0000000000
74709  -35.380  -12.665  68.976 0.0000000000
74737  -38.230  -12.706  66.639 0.0000000000
74738  -42.153  -11.473  66.157 0.0000000000
74739  -42.327  -11.827  66.343 0.0000000000
74740  -42.584  -12.111  66.223 0.0000000000
74741  -43.661  -12.676  66.380 0.0000000000
74749  -42.067  -11.441  65.965 0.0000000000
74750  -41.842  -11.896  66.088 0.0000000000
74751  -42.144  -12.304  66.166 0.0000000000
75903  -44.565  -11.243  68.434 0.0000000000
75904  -44.942  -10.917  68.963 0.0000000000
75915  -44.003  -11.308  67.557 0.0000000000
75921  -42.268  -10.989  66.105 0.0000000000
75922  -42.403  -11.234  66.169 0.0000000000
75930  -42.206  -11.193  65.988 0.0000000000
77021  -44.502  -10.568  68.183 0.0000000000
77034  -44.255  -9.894  67.613 0.0000000000
77043  -42.449  -10.462  66.200 0.0000000000
77045  -43.811  -9.910  67.068 0.0000000000
77052  -42.479  -11.447  64.825 0.0000000000
77069  -43.150  -10.698  63.845 0.0000000000
78185  -45.239  -9.355  68.367 0.0000000000
78227  -43.273  -10.169  64.233 0.0000000000
79406  -44.780  -8.566  68.158 0.0000000000
79407  -44.978  -8.712  68.111 0.0000000000
79433  -43.334  -8.776  66.701 0.0000000000
80655  -41.870  -7.347  67.303 0.0000000000
80688  -40.393  -7.084  64.693 0.0000000000
80711  -40.533  -7.220  64.758 0.0000000000
80712  -40.352  -7.572  64.746 0.0000000000
80715  -41.534  -8.935  66.154 0.0000000000
81815  -41.859  -6.496  67.249 0.0000000000
81834  -40.400  -6.854  64.646 0.0000000000
83001  -40.604  -5.932  66.155 0.0000000000
83035  -40.825  -5.198  64.599 0.0000000000
83108  -50.572  -3.986  55.854 0.0000000000
83122  -49.879  -4.306  55.402 0.0000000000
83124  -51.972  -5.057  55.306 0.0000000000
83137  -51.136  -4.434  55.059 0.0000000000
83138  -51.980  -4.950  54.976 0.0000000000
83155  -50.699  -4.296  54.957 0.0000000000
84179  -40.759  -4.372  64.322 0.0000000000
84240  -49.591  -3.896  56.023 0.0000000000
84243  -51.885  -4.154  55.588 0.0000000000
84259  -49.337  -4.444  55.644 0.0000000000
84261  -51.946  -4.689  55.506 0.0000000000
84262  -52.078  -4.578  55.266 0.0000000000
84272  -50.321  -4.029  54.718 0.0000000000
84274  -52.088  -4.650  54.908 0.0000000000
85234  -43.959  -4.204  68.533 0.0000000000
85236  -45.019  -3.270  68.870 0.0000000000
85358  -49.571  -2.870  54.934 0.0000000000
85359  -49.756  -3.218  55.132 0.0000000000
85361  -51.680  -4.072  55.396 0.0000000000
85373  -49.651  -3.055  55.021 0.0000000000
85376  -51.957  -4.297  55.057 0.0000000000
86402  -43.373  -3.003  67.465 0.0000000000
86431  -41.418  -2.958  64.152 0.0000000000
86451  -42.316  -1.969  61.547 0.0000000000
86466  -49.598  -2.248  59.062 0.0000000000
87523  -43.476  -2.581  67.276 0.0000000000
87605  -49.437  -1.225  61.555 0.0000000000
87614  -43.563  -2.008  60.437 0.0000000000
88814  -51.120  -1.023  56.366 0.0000000000
89913  -47.361  -0.249  64.209 0.0000000000
140589  -19.721  -27.889  82.610 0.0000000000
140668  -9.818  -23.347  90.898 0.0000000000
140669  -9.676  -23.154  90.970 0.0000000000
140679  -4.478  -16.713  81.144 0.0000000000
140680  -4.924  -16.516  81.120 0.0000000000
140685  -4.380  -16.862  81.199 0.0000000000
140686  -4.586  -16.867  81.282 0.0000000000
140691  -4.648  -16.658  81.229 0.0000000000
140693  -5.140  -16.380  80.466 0.0000000000
140695  -5.246  -16.549  79.263 0.0000000000
140696  -6.017  -20.678  78.139 0.0000000000
140699  -5.021  -16.843  81.437 0.0000000000
140700  -5.379  -16.298  81.064 0.0000000000
140704  -5.279  -16.617  81.444 0.0000000000
140710  -5.400  -15.420  80.590 0.0000000000
140862  -37.825  -14.353  73.476 0.0000000000
140874  -37.632  -14.363  71.237 0.0000000000
140883  -38.331  -14.514  73.382 0.0000000000
140885  -38.106  -14.492  73.485 0.0000000000
140887  -36.771  -13.746  72.022 0.0000000000
140888  -36.206  -13.713  72.231 0.0000000000
140889  -36.553  -13.658  72.053 0.0000000000
