#!ascii label  , from subject 3828 vox2ras=TkReg
1011
125357  42.016  40.002  43.200 0.0000000000
126025  45.537  40.583  49.733 0.0000000000
121088  47.547  32.885  43.774 0.0000000000
123877  37.997  37.103  45.128 0.0000000000
121864  39.204  34.112  41.032 0.0000000000
129103  44.558  44.288  49.391 0.0000000000
126764  40.940  41.736  50.923 0.0000000000
130487  43.340  47.363  53.070 0.0000000000
118915  50.118  30.849  47.667 0.0000000000
116290  45.605  27.696  45.668 0.0000000000
126802  47.907  40.666  45.894 0.0000000000
122561  45.118  35.594  40.298 0.0000000000
124600  44.853  37.811  43.476 0.0000000000
121057  45.248  33.246  46.697 0.0000000000
131974  41.413  48.149  47.335 0.0000000000
130521  47.553  45.880  50.423 0.0000000000
119628  42.104  31.553  45.623 0.0000000000
124614  39.198  39.219  42.963 0.0000000000
122524  39.048  35.498  44.300 0.0000000000
123897  41.396  37.133  42.920 0.0000000000
126061  43.314  41.016  46.129 0.0000000000
126105  40.201  40.494  44.350 0.0000000000
130542  39.894  46.063  49.699 0.0000000000
117216  50.589  28.720  49.209 0.0000000000
117237  51.168  27.745  46.592 0.0000000000
115337  51.071  25.985  47.603 0.0000000000
132790  44.741  49.564  42.671 0.0000000000
125273  48.720  39.702  48.091 0.0000000000
125353  47.905  39.438  43.088 0.0000000000
125329  46.674  39.328  46.238 0.0000000000
122480  41.040  35.215  48.156 0.0000000000
122503  42.920  35.034  46.533 0.0000000000
121030  44.614  32.837  48.311 0.0000000000
120275  47.490  32.740  49.169 0.0000000000
129059  44.927  44.178  51.634 0.0000000000
130509  44.341  46.019  51.487 0.0000000000
128287  46.621  43.541  51.735 0.0000000000
126786  46.930  41.489  49.593 0.0000000000
121122  46.614  33.679  41.494 0.0000000000
120364  43.623  33.374  42.266 0.0000000000
120326  44.769  32.316  44.113 0.0000000000
121114  36.352  33.384  42.642 0.0000000000
120333  37.606  32.354  44.191 0.0000000000
129841  47.031  46.101  46.757 0.0000000000
130566  43.168  46.451  46.617 0.0000000000
125991  43.170  40.931  51.155 0.0000000000
125278  43.592  39.636  48.422 0.0000000000
134088  39.677  51.708  53.796 0.0000000000
133403  42.225  50.588  53.403 0.0000000000
129792  42.334  45.254  50.889 0.0000000000
119617  49.097  31.704  45.968 0.0000000000
119608  45.792  31.041  46.612 0.0000000000
117240  47.965  28.958  46.881 0.0000000000
145376  48.877  26.721  43.854 0.0000000000
126126  44.964  40.484  43.484 0.0000000000
124624  43.468  38.657  40.898 0.0000000000
125387  46.153  39.314  41.204 0.0000000000
123916  46.096  36.998  40.568 0.0000000000
122541  46.133  34.827  42.145 0.0000000000
123867  43.301  37.639  45.735 0.0000000000
122522  44.398  34.726  44.580 0.0000000000
121809  47.073  33.364  44.862 0.0000000000
120299  49.190  33.169  47.230 0.0000000000
119592  50.465  31.974  49.883 0.0000000000
132023  42.603  49.100  44.228 0.0000000000
131985  44.360  48.931  46.474 0.0000000000
131249  44.486  47.015  49.288 0.0000000000
131956  47.523  47.512  48.282 0.0000000000
129801  47.358  44.948  49.664 0.0000000000
126793  45.496  41.418  47.744 0.0000000000
122555  42.016  35.174  41.796 0.0000000000
121079  40.736  32.856  43.473 0.0000000000
118947  39.456  30.470  45.841 0.0000000000
118159  43.515  29.805  46.337 0.0000000000
126150  40.576  39.826  42.796 0.0000000000
124602  40.028  38.141  42.966 0.0000000000
124627  41.091  38.931  41.977 0.0000000000
126103  42.716  40.111  44.492 0.0000000000
126062  41.794  40.849  46.133 0.0000000000
126104  41.515  40.194  44.114 0.0000000000
126131  39.409  40.261  43.401 0.0000000000
117218  49.519  28.218  50.033 0.0000000000
116249  51.038  27.584  48.825 0.0000000000
115323  49.330  26.390  48.459 0.0000000000
118958  36.247  30.186  44.869 0.0000000000
125259  47.146  40.192  49.216 0.0000000000
125293  48.159  39.505  47.589 0.0000000000
125275  46.643  39.523  48.628 0.0000000000
121033  41.807  33.719  48.901 0.0000000000
121032  42.437  33.638  48.457 0.0000000000
127491  44.616  42.329  51.388 0.0000000000
129058  45.695  44.068  51.922 0.0000000000
145555  45.920  42.124  50.410 0.0000000000
126023  47.011  41.429  49.835 0.0000000000
121104  46.934  33.326  42.109 0.0000000000
120362  45.790  32.842  42.361 0.0000000000
120343  46.536  32.672  43.788 0.0000000000
123199  36.460  35.790  46.409 0.0000000000
122514  37.966  35.378  45.354 0.0000000000
122536  39.145  34.728  43.248 0.0000000000
121837  37.292  34.121  43.173 0.0000000000
121850  38.661  33.997  42.068 0.0000000000
120352  37.315  32.721  43.300 0.0000000000
120367  38.752  33.356  42.763 0.0000000000
130551  46.164  46.020  48.099 0.0000000000
130564  45.464  46.648  46.435 0.0000000000
129829  44.393  45.569  48.220 0.0000000000
124591  37.678  38.300  44.699 0.0000000000
124579  36.954  38.265  45.313 0.0000000000
127494  41.941  42.013  51.339 0.0000000000
126009  42.607  40.761  50.600 0.0000000000
125993  41.452  40.695  51.211 0.0000000000
129075  41.008  44.595  50.124 0.0000000000
130527  41.084  46.141  50.461 0.0000000000
128314  41.418  43.467  50.215 0.0000000000
128303  42.690  42.896  51.043 0.0000000000
119607  49.767  31.626  46.920 0.0000000000
118931  48.451  30.807  46.787 0.0000000000
118144  49.135  29.513  47.860 0.0000000000
116270  51.780  26.865  45.427 0.0000000000
116272  50.431  27.226  45.693 0.0000000000
115389  49.957  26.900  42.862 0.0000000000
126099  46.314  40.577  44.313 0.0000000000
125370  45.223  40.043  42.464 0.0000000000
126145  47.471  40.338  42.990 0.0000000000
124599  45.687  38.455  43.258 0.0000000000
124609  46.864  38.866  42.259 0.0000000000
124610  45.656  38.199  42.056 0.0000000000
123240  46.290  35.831  41.188 0.0000000000
123233  45.053  36.419  42.544 0.0000000000
124534  42.405  38.894  47.709 0.0000000000
124552  44.188  39.044  47.108 0.0000000000
124568  43.024  37.729  46.438 0.0000000000
121800  43.855  34.007  46.497 0.0000000000
123205  43.371  35.463  45.136 0.0000000000
121812  44.662  34.071  45.577 0.0000000000
121823  45.648  34.140  44.417 0.0000000000
121811  46.262  33.373  45.623 0.0000000000
121056  48.189  33.295  45.585 0.0000000000
121042  47.947  33.275  46.773 0.0000000000
121006  49.189  33.204  50.582 0.0000000000
121018  50.074  33.349  49.698 0.0000000000
132765  41.880  49.198  46.047 0.0000000000
132763  43.138  49.324  45.555 0.0000000000
131986  43.332  48.479  46.473 0.0000000000
132663  43.310  49.342  54.091 0.0000000000
132698  42.116  49.584  52.144 0.0000000000
131922  43.071  47.863  52.313 0.0000000000
129791  45.994  45.733  50.919 0.0000000000
130524  44.573  46.160  50.612 0.0000000000
130538  46.090  46.670  49.920 0.0000000000
131259  46.340  47.683  48.785 0.0000000000
131246  47.455  47.016  49.347 0.0000000000
130550  48.239  46.098  48.580 0.0000000000
129799  48.356  44.726  49.986 0.0000000000
126044  47.489  40.818  48.092 0.0000000000
126775  46.327  41.857  49.599 0.0000000000
126803  46.200  40.824  46.576 0.0000000000
126058  45.452  40.686  45.996 0.0000000000
123926  43.938  37.501  40.521 0.0000000000
123241  42.755  36.587  41.222 0.0000000000
122553  43.304  35.539  41.084 0.0000000000
120328  42.661  32.700  44.156 0.0000000000
120347  42.285  33.161  43.399 0.0000000000
119645  41.160  32.231  44.792 0.0000000000
120317  40.022  32.162  45.042 0.0000000000
118946  40.492  30.546  45.972 0.0000000000
118157  45.516  29.314  46.557 0.0000000000
118936  43.904  31.038  46.630 0.0000000000
116278  44.839  27.994  46.097 0.0000000000
124590  38.414  38.297  44.155 0.0000000000
123207  38.415  36.262  44.938 0.0000000000
123888  39.326  36.968  44.005 0.0000000000
123228  40.107  36.719  43.759 0.0000000000
122534  41.067  35.687  43.040 0.0000000000
127521  43.588  42.767  48.486 0.0000000000
125359  38.755  39.581  43.366 0.0000000000
118133  50.502  29.770  48.380 0.0000000000
118143  50.222  29.668  47.692 0.0000000000
117227  50.977  28.486  48.024 0.0000000000
115336  52.221  26.365  46.985 0.0000000000
126042  48.819  40.558  46.725 0.0000000000
126143  49.219  40.059  44.046 0.0000000000
145547  49.470  39.756  45.502 0.0000000000
124586  47.708  39.531  45.179 0.0000000000
124588  45.944  38.644  44.606 0.0000000000
123189  41.312  36.286  47.331 0.0000000000
123188  41.840  35.941  46.726 0.0000000000
122491  42.246  35.160  47.114 0.0000000000
121786  43.327  34.085  47.119 0.0000000000
121044  44.747  33.109  47.495 0.0000000000
120288  46.752  32.531  48.125 0.0000000000
120276  46.375  32.704  49.102 0.0000000000
121021  47.129  32.875  50.046 0.0000000000
120995  49.012  33.912  51.416 0.0000000000
131963  40.765  48.617  48.180 0.0000000000
129768  43.454  45.989  51.928 0.0000000000
130497  43.485  46.736  52.236 0.0000000000
129766  44.875  45.506  52.416 0.0000000000
129765  45.999  45.130  52.477 0.0000000000
129779  47.668  44.197  51.982 0.0000000000
129056  48.547  43.694  50.813 0.0000000000
126745  47.080  43.129  50.613 0.0000000000
126036  47.700  40.968  48.734 0.0000000000
122560  46.020  35.373  40.162 0.0000000000
121135  44.081  34.492  40.704 0.0000000000
121105  45.329  33.392  41.698 0.0000000000
120345  44.717  32.803  43.294 0.0000000000
119643  42.881  32.105  44.929 0.0000000000
116318  45.933  27.450  43.698 0.0000000000
116303  44.303  28.019  44.371 0.0000000000
121116  34.691  33.589  42.950 0.0000000000
121826  37.333  34.264  44.047 0.0000000000
121852  36.352  33.705  42.907 0.0000000000
120370  35.449  33.038  42.597 0.0000000000
120335  35.564  32.347  43.951 0.0000000000
119650  35.864  31.594  44.726 0.0000000000
119633  37.207  31.208  45.296 0.0000000000
130572  46.809  46.465  45.126 0.0000000000
130574  44.597  46.876  45.599 0.0000000000
126760  44.471  41.442  50.560 0.0000000000
125261  45.082  40.093  49.156 0.0000000000
126027  43.386  40.604  49.523 0.0000000000
125264  42.152  39.775  49.198 0.0000000000
125280  41.490  39.294  48.625 0.0000000000
123844  41.167  37.377  47.718 0.0000000000
123177  40.727  36.073  47.875 0.0000000000
134777  41.271  51.747  53.924 0.0000000000
132665  41.417  49.945  53.627 0.0000000000
131205  42.142  47.709  52.708 0.0000000000
130498  42.737  46.822  52.326 0.0000000000
129073  42.863  44.476  51.141 0.0000000000
127492  43.610  42.322  51.416 0.0000000000
121087  48.084  32.628  44.261 0.0000000000
120342  47.201  32.139  44.883 0.0000000000
119618  47.776  31.333  46.093 0.0000000000
118933  46.834  30.284  46.800 0.0000000000
116276  47.250  27.925  46.313 0.0000000000
117252  49.337  28.071  46.663 0.0000000000
116287  48.409  27.568  45.937 0.0000000000
115368  47.370  26.611  44.933 0.0000000000
125341  43.258  39.669  43.829 0.0000000000
125372  42.690  39.629  41.937 0.0000000000
125371  43.834  39.461  42.140 0.0000000000
125388  44.819  39.117  41.247 0.0000000000
124649  45.781  38.013  39.675 0.0000000000
125368  47.623  39.585  42.427 0.0000000000
124635  47.111  38.661  40.153 0.0000000000
123924  46.307  37.230  39.797 0.0000000000
123246  46.550  35.377  40.802 0.0000000000
122540  46.584  34.679  41.504 0.0000000000
121833  46.898  33.955  42.529 0.0000000000
125296  44.837  39.575  47.509 0.0000000000
124576  44.780  38.562  45.362 0.0000000000
123874  44.116  37.888  44.714 0.0000000000
123868  42.451  37.232  45.753 0.0000000000
123217  43.097  36.830  44.727 0.0000000000
123225  44.066  36.414  43.783 0.0000000000
122531  45.321  34.754  43.401 0.0000000000
121835  46.020  34.136  43.700 0.0000000000
145419  47.223  33.262  43.596 0.0000000000
145429  48.280  33.150  44.484 0.0000000000
120298  49.703  33.114  46.516 0.0000000000
119606  50.247  32.028  47.424 0.0000000000
120286  48.567  32.743  48.418 0.0000000000
120284  49.916  32.687  47.860 0.0000000000
118906  50.299  30.925  48.510 0.0000000000
118123  50.134  29.997  50.393 0.0000000000
132780  43.561  49.336  44.027 0.0000000000
132761  45.024  49.633  45.119 0.0000000000
131997  46.346  48.867  45.623 0.0000000000
131229  43.269  46.997  51.569 0.0000000000
131262  42.755  47.486  48.503 0.0000000000
131960  44.224  48.192  47.724 0.0000000000
131970  45.800  48.557  47.286 0.0000000000
131982  47.343  48.017  46.631 0.0000000000
130554  47.829  46.460  47.420 0.0000000000
129826  47.776  45.824  47.987 0.0000000000
129802  46.551  44.897  49.611 0.0000000000
128324  47.472  43.582  50.239 0.0000000000
129087  45.875  43.934  49.888 0.0000000000
128327  44.618  43.371  49.365 0.0000000000
126794  44.550  41.631  47.439 0.0000000000
126080  44.207  40.557  45.284 0.0000000000
123918  42.084  37.765  41.644 0.0000000000
123235  41.936  36.583  42.360 0.0000000000
121848  40.357  34.193  41.621 0.0000000000
121126  42.724  34.086  41.230 0.0000000000
121109  41.133  34.103  42.444 0.0000000000
121110  40.165  33.393  42.213 0.0000000000
120350  39.333  32.614  43.573 0.0000000000
119632  38.146  31.151  45.298 0.0000000000
145417  45.010  31.593  45.210 0.0000000000
119626  43.984  31.575  45.854 0.0000000000
118944  42.346  30.735  46.137 0.0000000000
117266  43.658  28.167  45.062 0.0000000000
118166  40.961  29.620  45.861 0.0000000000
114456  49.025  25.511  47.313 0.0000000000
114472  50.214  25.448  45.639 0.0000000000
126129  41.334  39.986  43.034 0.0000000000
125374  40.761  39.239  42.339 0.0000000000
126149  41.386  39.691  42.305 0.0000000000
125342  42.448  39.736  43.723 0.0000000000
116250  49.843  27.209  48.829 0.0000000000
126024  46.437  40.666  49.823 0.0000000000
125260  46.113  40.067  49.225 0.0000000000
126759  45.355  41.716  50.509 0.0000000000
127490  45.348  42.177  50.971 0.0000000000
126005  45.899  41.004  50.244 0.0000000000
145552  46.492  41.050  50.182 0.0000000000
121089  47.019  33.411  42.976 0.0000000000
120361  46.583  32.865  42.668 0.0000000000
123208  37.624  36.411  45.586 0.0000000000
122515  36.985  35.316  45.922 0.0000000000
122547  39.024  34.442  42.302 0.0000000000
121112  38.736  33.731  42.226 0.0000000000
129817  44.837  45.118  48.914 0.0000000000
129828  45.144  45.577  48.363 0.0000000000
129818  44.072  45.028  48.811 0.0000000000
123890  37.850  37.607  44.883 0.0000000000
124578  37.318  38.071  45.168 0.0000000000
123878  37.343  37.569  45.412 0.0000000000
123209  36.640  36.635  46.018 0.0000000000
126763  41.552  41.762  51.214 0.0000000000
126750  41.997  41.455  51.328 0.0000000000
126751  41.144  41.182  51.249 0.0000000000
127503  40.715  42.486  50.296 0.0000000000
127502  41.773  42.453  50.869 0.0000000000
118916  49.266  30.827  47.228 0.0000000000
115358  50.737  26.496  44.039 0.0000000000
145550  47.064  40.551  44.673 0.0000000000
126124  46.862  40.530  43.734 0.0000000000
126123  47.934  40.375  44.238 0.0000000000
123894  45.059  37.662  42.670 0.0000000000
123907  44.971  37.037  42.532 0.0000000000
124553  42.949  38.525  47.345 0.0000000000
124554  42.003  37.730  47.372 0.0000000000
121799  44.960  33.645  46.082 0.0000000000
121824  45.246  34.157  45.080 0.0000000000
121068  45.972  33.041  46.409 0.0000000000
145415  46.547  32.918  47.031 0.0000000000
120263  49.412  33.431  51.045 0.0000000000
131988  41.460  48.561  46.521 0.0000000000
132753  42.744  49.049  46.177 0.0000000000
131987  42.245  48.395  46.690 0.0000000000
131895  43.584  48.431  53.685 0.0000000000
132680  43.732  48.863  53.553 0.0000000000
131203  43.586  47.632  53.086 0.0000000000
129790  46.810  45.447  51.046 0.0000000000
130523  45.548  46.121  50.446 0.0000000000
130522  46.534  46.144  50.492 0.0000000000
130537  47.146  46.738  50.001 0.0000000000
130536  47.936  46.349  49.512 0.0000000000
130520  48.214  45.329  50.131 0.0000000000
126791  47.531  40.569  46.962 0.0000000000
126792  46.917  40.847  47.669 0.0000000000
126078  46.231  40.627  45.285 0.0000000000
123249  44.596  36.583  40.411 0.0000000000
123250  43.428  36.785  40.766 0.0000000000
122562  43.966  35.649  40.792 0.0000000000
119644  41.915  32.089  44.800 0.0000000000
119629  41.113  31.517  45.452 0.0000000000
117265  45.718  28.152  46.179 0.0000000000
117256  45.128  28.528  46.404 0.0000000000
116277  45.325  28.033  46.180 0.0000000000
124603  38.983  38.377  43.394 0.0000000000
123900  39.064  37.579  43.751 0.0000000000
123898  40.565  37.545  43.079 0.0000000000
123227  40.899  36.483  43.389 0.0000000000
122535  40.133  35.515  43.645 0.0000000000
126795  43.771  41.742  47.314 0.0000000000
127527  43.080  42.502  47.614 0.0000000000
126806  43.275  41.580  46.611 0.0000000000
126083  40.975  40.715  45.462 0.0000000000
126063  41.272  41.011  46.120 0.0000000000
125375  39.597  39.643  42.872 0.0000000000
125358  39.185  39.890  43.084 0.0000000000
125376  39.150  39.509  43.007 0.0000000000
125343  38.297  38.834  43.950 0.0000000000
115321  51.590  26.694  47.955 0.0000000000
115335  52.486  26.115  45.861 0.0000000000
114471  51.457  25.536  45.750 0.0000000000
132799  44.832  49.520  41.783 0.0000000000
126035  48.746  40.325  47.852 0.0000000000
125338  49.683  39.901  45.746 0.0000000000
125272  49.163  39.527  46.716 0.0000000000
125315  47.541  39.543  46.615 0.0000000000
125339  47.654  39.488  45.701 0.0000000000
125328  46.910  39.219  45.856 0.0000000000
124575  46.074  39.120  45.818 0.0000000000
122492  41.555  35.196  47.563 0.0000000000
121031  43.587  33.227  48.484 0.0000000000
121046  43.030  33.606  47.927 0.0000000000
121045  43.717  33.538  47.505 0.0000000000
120289  45.562  32.673  48.395 0.0000000000
120290  45.107  32.616  48.650 0.0000000000
121022  45.930  33.084  49.759 0.0000000000
121008  46.694  33.720  50.680 0.0000000000
121007  48.011  33.370  50.778 0.0000000000
120996  47.619  34.197  51.260 0.0000000000
129045  44.326  45.034  52.126 0.0000000000
129767  44.101  45.837  52.049 0.0000000000
128288  46.081  43.783  51.873 0.0000000000
129043  46.306  44.211  52.253 0.0000000000
129764  46.962  44.353  52.182 0.0000000000
129042  47.243  43.814  52.132 0.0000000000
128286  47.549  43.292  51.556 0.0000000000
125258  48.181  40.280  48.904 0.0000000000
126022  47.966  40.635  48.894 0.0000000000
121132  46.384  34.021  40.815 0.0000000000
121133  45.711  34.103  40.617 0.0000000000
121123  45.950  33.673  41.155 0.0000000000
120344  45.721  32.616  43.378 0.0000000000
120327  43.755  32.576  44.165 0.0000000000
119642  43.864  31.910  44.886 0.0000000000
121098  34.641  33.603  43.404 0.0000000000
121839  35.421  33.738  43.451 0.0000000000
122513  38.401  35.481  44.842 0.0000000000
121813  38.154  34.853  44.662 0.0000000000
121851  37.368  33.784  42.748 0.0000000000
121115  35.464  33.408  42.746 0.0000000000
120354  35.495  32.758  43.090 0.0000000000
120369  36.325  32.979  42.647 0.0000000000
120334  36.591  32.278  44.090 0.0000000000
119649  36.907  31.793  44.827 0.0000000000
119634  36.429  31.241  45.195 0.0000000000
130562  47.303  46.657  46.259 0.0000000000
130563  46.520  46.505  46.169 0.0000000000
130565  44.316  46.479  46.518 0.0000000000
126748  43.897  41.581  51.227 0.0000000000
126776  44.053  41.335  50.146 0.0000000000
126762  43.138  41.005  50.490 0.0000000000
126028  42.571  40.564  49.633 0.0000000000
124536  40.523  38.573  48.566 0.0000000000
123845  40.359  37.199  48.303 0.0000000000
134797  40.697  52.014  53.452 0.0000000000
134087  40.749  51.668  53.851 0.0000000000
131898  41.398  49.230  53.020 0.0000000000
131897  42.062  48.739  53.307 0.0000000000
129793  41.605  45.562  50.538 0.0000000000
129783  42.172  45.935  51.098 0.0000000000
130499  42.190  47.321  51.903 0.0000000000
129782  42.771  45.689  51.575 0.0000000000
127493  42.558  42.325  51.357 0.0000000000
128302  43.265  43.251  51.103 0.0000000000
120309  48.465  32.207  44.876 0.0000000000
145424  48.121  31.798  45.204 0.0000000000
119625  48.501  31.734  45.404 0.0000000000
118917  48.387  30.252  47.394 0.0000000000
118932  47.831  30.545  46.855 0.0000000000
118146  47.510  29.411  47.217 0.0000000000
117241  47.129  28.831  47.155 0.0000000000
117254  47.517  28.371  46.710 0.0000000000
117226  51.440  27.948  47.206 0.0000000000
117238  50.282  28.362  47.328 0.0000000000
117251  50.280  27.678  46.436 0.0000000000
145375  49.548  26.829  44.792 0.0000000000
116273  49.279  27.415  45.838 0.0000000000
115359  48.372  27.095  45.308 0.0000000000
115360  47.425  27.128  45.426 0.0000000000
115377  48.139  26.628  44.369 0.0000000000
116317  47.235  27.211  43.865 0.0000000000
116316  48.276  26.954  43.396 0.0000000000
125355  44.074  39.784  43.370 0.0000000000
125354  44.720  40.224  43.061 0.0000000000
125369  46.698  39.836  42.214 0.0000000000
124623  45.695  38.903  40.846 0.0000000000
124637  45.235  38.521  40.322 0.0000000000
124636  46.288  38.848  40.498 0.0000000000
125367  48.819  39.727  43.269 0.0000000000
123905  46.311  38.006  41.090 0.0000000000
124621  47.456  38.752  40.790 0.0000000000
123915  46.828  37.858  40.225 0.0000000000
123247  46.204  35.980  40.352 0.0000000000
123232  45.603  35.933  41.989 0.0000000000
122552  46.544  35.105  41.344 0.0000000000
121845  46.706  34.230  42.385 0.0000000000
125262  44.050  39.886  49.233 0.0000000000
126039  45.130  39.723  48.516 0.0000000000
124567  43.859  38.402  46.295 0.0000000000
124577  43.888  38.021  45.441 0.0000000000
123198  42.437  36.242  46.073 0.0000000000
123216  43.526  36.027  44.438 0.0000000000
123886  43.618  37.118  44.307 0.0000000000
122532  44.269  35.513  43.813 0.0000000000
123224  44.595  35.888  43.127 0.0000000000
121810  46.397  33.663  44.736 0.0000000000
121822  46.639  33.585  43.973 0.0000000000
121077  46.835  33.605  43.446 0.0000000000
121821  47.778  33.341  44.226 0.0000000000
145428  47.927  33.398  44.740 0.0000000000
121041  48.826  33.228  46.513 0.0000000000
120287  47.804  32.669  48.529 0.0000000000
120301  47.625  32.790  47.716 0.0000000000
121017  50.388  33.259  49.851 0.0000000000
120272  50.024  32.694  49.302 0.0000000000
119598  50.382  31.977  48.729 0.0000000000
118901  50.217  30.949  49.581 0.0000000000
132013  41.497  48.851  44.887 0.0000000000
132014  40.489  48.774  44.597 0.0000000000
132024  41.480  48.715  43.863 0.0000000000
132022  43.119  49.208  43.902 0.0000000000
132762  44.071  49.308  45.475 0.0000000000
132751  44.806  49.372  45.881 0.0000000000
131998  45.549  49.397  45.609 0.0000000000
131984  45.487  49.113  46.461 0.0000000000
130496  44.255  46.013  52.041 0.0000000000
130510  43.567  46.448  51.828 0.0000000000
130541  43.427  46.638  50.234 0.0000000000
131250  43.102  46.822  49.629 0.0000000000
131261  44.026  47.603  48.480 0.0000000000
131266  43.472  47.915  47.769 0.0000000000
131957  47.055  48.111  48.281 0.0000000000
131958  46.062  48.103  48.045 0.0000000000
131969  46.824  48.365  47.432 0.0000000000
131968  47.529  47.761  47.541 0.0000000000
131269  47.856  47.212  46.807 0.0000000000
131265  47.871  46.975  47.855 0.0000000000
129814  47.856  45.523  49.093 0.0000000000
129815  46.991  45.570  48.736 0.0000000000
145560  47.603  43.273  50.508 0.0000000000
129084  48.037  43.759  50.328 0.0000000000
145554  46.849  42.840  50.201 0.0000000000
126788  46.006  41.602  48.769 0.0000000000
127510  45.697  42.578  49.600 0.0000000000
128326  45.214  43.289  49.636 0.0000000000
127519  45.213  42.209  48.700 0.0000000000
127525  44.737  42.029  48.131 0.0000000000
126079  45.108  40.640  45.220 0.0000000000
126101  44.646  40.508  44.419 0.0000000000
126102  43.772  40.173  44.343 0.0000000000
124625  42.984  38.520  41.055 0.0000000000
125390  42.292  39.286  41.634 0.0000000000
122554  42.696  35.633  41.411 0.0000000000
123234  42.426  36.357  41.768 0.0000000000
122543  42.126  35.838  41.950 0.0000000000
122544  41.524  35.570  42.424 0.0000000000
121847  41.492  34.582  42.036 0.0000000000
121125  43.785  33.861  40.834 0.0000000000
121107  43.156  33.673  41.644 0.0000000000
120348  41.544  33.233  43.442 0.0000000000
121092  41.808  33.668  42.879 0.0000000000
121093  41.034  33.225  43.002 0.0000000000
121094  40.435  32.914  42.986 0.0000000000
120365  39.930  32.868  42.999 0.0000000000
120349  40.096  32.678  43.616 0.0000000000
119631  39.033  31.251  45.564 0.0000000000
118948  38.477  30.425  45.580 0.0000000000
145411  46.034  31.902  46.220 0.0000000000
145410  45.374  32.071  45.803 0.0000000000
145408  44.862  32.115  46.667 0.0000000000
118943  43.076  30.911  46.629 0.0000000000
118164  42.773  29.777  46.213 0.0000000000
116320  43.797  27.906  43.529 0.0000000000
117277  43.655  28.114  44.183 0.0000000000
124613  39.816  38.834  42.690 0.0000000000
124612  40.796  38.291  42.373 0.0000000000
123910  41.015  37.651  42.560 0.0000000000
126081  43.205  40.559  45.525 0.0000000000
126821  42.987  41.136  46.128 0.0000000000
126082  42.124  40.530  45.290 0.0000000000
126130  40.484  40.211  43.395 0.0000000000
126151  39.971  40.081  42.991 0.0000000000
117217  50.372  28.295  50.000 0.0000000000
116237  50.533  28.109  49.388 0.0000000000
116238  50.128  27.870  49.425 0.0000000000
115322  50.562  26.498  48.447 0.0000000000
125274  47.759  39.607  48.441 0.0000000000
125294  47.081  39.176  47.745 0.0000000000
125316  46.183  39.509  46.773 0.0000000000
121777  41.398  34.377  48.467 0.0000000000
121776  42.069  34.202  48.070 0.0000000000
121023  44.612  32.822  49.404 0.0000000000
128301  44.343  43.248  51.371 0.0000000000
128300  45.592  43.155  51.511 0.0000000000
145559  45.851  42.604  50.915 0.0000000000
145557  46.595  42.776  50.930 0.0000000000
120378  46.606  33.009  41.949 0.0000000000
120325  45.553  32.249  44.131 0.0000000000
121825  38.243  34.599  43.701 0.0000000000
121836  38.244  34.318  42.755 0.0000000000
121113  37.398  33.457  42.724 0.0000000000
120368  36.935  32.951  42.845 0.0000000000
121095  37.954  33.277  42.908 0.0000000000
120351  38.417  32.783  43.397 0.0000000000
129827  47.036  45.876  47.564 0.0000000000
130555  46.298  46.154  47.051 0.0000000000
130556  45.151  46.172  47.593 0.0000000000
130557  43.874  45.974  47.399 0.0000000000
124592  36.833  38.961  44.826 0.0000000000
123879  36.398  37.728  45.828 0.0000000000
126749  42.951  41.499  51.462 0.0000000000
125992  42.352  40.853  51.193 0.0000000000
126010  41.672  40.458  50.734 0.0000000000
129803  40.189  45.760  49.700 0.0000000000
130528  40.311  46.599  50.212 0.0000000000
129074  42.038  44.483  50.427 0.0000000000
128312  43.005  43.782  50.880 0.0000000000
128313  42.492  43.408  50.689 0.0000000000
118930  48.735  31.208  46.504 0.0000000000
116271  51.290  27.263  45.891 0.0000000000
117250  50.872  27.522  46.164 0.0000000000
116285  51.157  26.823  45.252 0.0000000000
145377  50.327  26.668  44.660 0.0000000000
116314  49.499  26.770  43.506 0.0000000000
126100  45.514  40.620  44.369 0.0000000000
126147  45.610  40.452  43.093 0.0000000000
126125  45.926  40.564  43.620 0.0000000000
126146  46.328  40.446  42.937 0.0000000000
124598  47.160  39.036  43.800 0.0000000000
123906  45.422  37.037  41.686 0.0000000000
122542  45.330  35.577  42.649 0.0000000000
125298  43.232  39.354  47.810 0.0000000000
125297  43.917  39.319  47.782 0.0000000000
122502  43.461  34.632  46.291 0.0000000000
122512  43.093  35.651  45.817 0.0000000000
122511  43.646  34.798  45.784 0.0000000000
145416  46.841  33.396  45.275 0.0000000000
145420  47.213  33.374  45.290 0.0000000000
121020  48.315  33.113  49.919 0.0000000000
120274  48.522  32.810  49.203 0.0000000000
121019  49.358  33.321  49.761 0.0000000000
121005  50.109  33.506  50.167 0.0000000000
132003  40.582  48.815  45.542 0.0000000000
132002  41.564  49.025  45.812 0.0000000000
132012  42.156  49.035  45.239 0.0000000000
132773  42.799  49.331  45.027 0.0000000000
132764  42.281  49.236  45.750 0.0000000000
132000  43.443  49.136  45.996 0.0000000000
131999  43.902  49.016  46.073 0.0000000000
133402  42.949  50.104  54.000 0.0000000000
132682  42.459  50.217  52.831 0.0000000000
132681  43.096  49.429  53.318 0.0000000000
131909  43.073  48.840  52.689 0.0000000000
130508  45.242  45.841  51.201 0.0000000000
130539  45.030  46.523  49.857 0.0000000000
131248  45.639  47.168  49.332 0.0000000000
131260  45.259  47.576  48.590 0.0000000000
131247  46.686  47.276  49.464 0.0000000000
131258  47.240  47.612  48.932 0.0000000000
131257  47.714  46.900  48.791 0.0000000000
131245  47.701  46.758  49.196 0.0000000000
130535  48.201  45.576  49.462 0.0000000000
129813  48.094  45.285  49.531 0.0000000000
126037  47.286  40.985  48.399 0.0000000000
126774  46.716  41.748  49.712 0.0000000000
126787  46.868  41.331  48.962 0.0000000000
124638  43.914  38.438  40.541 0.0000000000
123917  42.720  37.619  41.124 0.0000000000
123927  43.278  37.496  40.680 0.0000000000
122563  43.145  36.022  40.943 0.0000000000
120346  43.458  32.937  43.135 0.0000000000
121091  42.730  33.469  42.551 0.0000000000
120329  41.588  32.795  44.130 0.0000000000
120330  40.587  32.570  44.321 0.0000000000
120316  40.586  32.025  45.085 0.0000000000
119630  40.020  31.438  45.546 0.0000000000
118934  45.904  29.961  46.501 0.0000000000
118921  44.720  30.885  47.074 0.0000000000
118935  45.008  30.179  46.560 0.0000000000
118158  44.439  29.513  46.485 0.0000000000
117257  43.933  28.593  46.106 0.0000000000
123889  38.525  37.453  44.384 0.0000000000
123219  39.062  36.451  44.480 0.0000000000
123218  39.652  36.108  44.211 0.0000000000
123899  39.690  37.595  43.532 0.0000000000
122523  39.642  35.696  44.110 0.0000000000
122546  39.836  34.615  42.486 0.0000000000
128336  43.953  43.510  48.885 0.0000000000
129104  43.545  44.391  48.760 0.0000000000
128339  42.504  43.551  47.764 0.0000000000
126807  42.400  41.555  46.401 0.0000000000
126132  38.499  40.347  43.811 0.0000000000
129804  39.621  45.535  49.552 0.0000000000
129089  40.147  44.859  49.590 0.0000000000
128315  40.164  43.584  49.834 0.0000000000
116248  51.723  27.299  47.603 0.0000000000
116263  51.938  27.258  46.517 0.0000000000
116262  52.298  26.601  45.945 0.0000000000
115351  52.018  26.235  44.993 0.0000000000
145546  48.964  40.562  45.486 0.0000000000
126122  48.892  40.385  44.380 0.0000000000
126121  49.573  40.273  45.092 0.0000000000
125365  49.588  39.966  44.650 0.0000000000
125352  48.542  39.588  44.021 0.0000000000
145544  48.331  39.578  46.112 0.0000000000
145548  48.589  39.577  45.304 0.0000000000
124597  47.773  39.517  44.630 0.0000000000
124589  44.902  38.197  44.225 0.0000000000
123857  41.768  36.882  47.239 0.0000000000
121787  42.601  34.311  47.482 0.0000000000
121801  43.155  34.368  46.908 0.0000000000
121058  44.363  33.477  47.041 0.0000000000
121043  45.630  32.793  47.578 0.0000000000
129044  45.358  44.728  52.336 0.0000000000
130495  45.169  45.862  52.120 0.0000000000
129781  46.005  45.457  51.659 0.0000000000
129780  46.959  44.953  51.889 0.0000000000
129789  47.820  44.683  50.991 0.0000000000
129057  48.291  43.702  51.462 0.0000000000
145558  48.113  43.228  50.903 0.0000000000
126043  47.868  40.549  47.418 0.0000000000
121870  44.583  34.936  40.610 0.0000000000
121134  44.771  34.296  40.677 0.0000000000
121124  44.966  33.709  40.971 0.0000000000
121106  44.222  33.503  41.591 0.0000000000
120363  44.558  33.208  42.420 0.0000000000
116302  45.220  27.520  44.589 0.0000000000
121117  33.783  33.583  43.009 0.0000000000
121814  37.446  34.331  45.182 0.0000000000
121838  36.356  33.913  43.413 0.0000000000
121853  35.507  33.780  43.026 0.0000000000
120371  34.467  32.988  42.588 0.0000000000
120355  34.620  32.662  42.886 0.0000000000
120353  36.370  32.640  43.253 0.0000000000
118951  35.940  30.965  45.158 0.0000000000
130573  45.733  46.800  45.412 0.0000000000
129830  43.360  45.319  48.157 0.0000000000
126006  45.054  41.288  49.955 0.0000000000
126026  44.383  40.841  49.631 0.0000000000
126778  42.867  41.135  49.941 0.0000000000
125263  43.064  39.951  49.035 0.0000000000
125279  42.542  39.371  48.149 0.0000000000
134086  41.459  51.453  53.836 0.0000000000
133385  41.217  50.963  53.955 0.0000000000
133384  42.189  50.358  53.835 0.0000000000
132664  42.618  49.537  53.994 0.0000000000
131896  43.014  48.537  54.073 0.0000000000
131204  42.814  47.490  53.146 0.0000000000
130513  40.732  47.066  51.012 0.0000000000
131216  41.797  47.614  51.795 0.0000000000
129061  43.468  45.132  51.814 0.0000000000
129060  43.838  44.241  51.323 0.0000000000
129072  43.298  43.963  50.961 0.0000000000
126747  44.813  41.813  51.020 0.0000000000
145425  48.066  32.325  44.566 0.0000000000
145413  46.274  31.118  46.518 0.0000000000
118156  46.329  29.409  46.748 0.0000000000
117255  46.383  28.481  46.541 0.0000000000
117264  46.115  28.009  46.030 0.0000000000
117239  48.871  28.724  47.294 0.0000000000
117253  48.396  28.306  46.712 0.0000000000
116275  47.991  27.904  46.343 0.0000000000
116289  46.725  27.581  45.772 0.0000000000
116301  46.481  27.161  44.799 0.0000000000
125356  42.837  39.385  42.963 0.0000000000
126128  42.046  40.051  42.447 0.0000000000
125389  43.522  38.986  41.146 0.0000000000
125407  43.872  38.756  40.795 0.0000000000
123925  45.241  37.556  40.018 0.0000000000
126144  48.555  40.205  43.344 0.0000000000
125386  47.259  39.635  41.103 0.0000000000
124620  48.305  38.843  40.238 0.0000000000
125404  47.005  39.484  40.610 0.0000000000
123934  46.490  38.127  39.666 0.0000000000
123936  45.975  37.671  39.581 0.0000000000
123248  45.727  36.348  39.957 0.0000000000
122559  46.518  35.068  40.562 0.0000000000
121858  46.729  34.376  40.957 0.0000000000
122551  46.739  34.855  41.084 0.0000000000
121844  46.901  34.138  41.860 0.0000000000
125276  45.566  39.726  48.617 0.0000000000
125295  45.834  39.627  47.887 0.0000000000
125317  45.462  39.557  47.171 0.0000000000
124566  45.051  39.195  46.582 0.0000000000
124565  45.746  39.301  46.363 0.0000000000
123856  42.270  37.214  46.698 0.0000000000
123206  42.814  36.401  45.235 0.0000000000
123887  43.213  37.213  44.786 0.0000000000
123896  44.136  37.004  43.844 0.0000000000
123895  44.590  36.972  43.251 0.0000000000
122521  45.033  34.464  44.093 0.0000000000
122530  46.009  34.564  42.863 0.0000000000
121834  46.558  34.124  43.067 0.0000000000
121090  46.911  33.536  43.240 0.0000000000
145423  47.390  33.110  43.614 0.0000000000
145427  47.929  33.147  43.896 0.0000000000
120308  49.042  32.646  45.565 0.0000000000
119616  49.750  32.289  46.391 0.0000000000
145414  46.983  32.637  47.594 0.0000000000
120300  48.585  32.969  47.658 0.0000000000
120273  49.358  32.859  49.165 0.0000000000
120285  49.335  32.752  48.241 0.0000000000
118129  50.335  29.881  49.414 0.0000000000
117202  50.474  29.069  50.304 0.0000000000
132779  44.564  49.523  43.619 0.0000000000
132781  43.117  49.366  44.531 0.0000000000
132771  44.339  49.572  44.550 0.0000000000
132770  45.255  49.568  44.200 0.0000000000
132760  45.931  49.426  44.842 0.0000000000
131953  41.055  48.578  48.959 0.0000000000
131962  41.530  48.070  48.266 0.0000000000
131214  43.347  47.347  52.339 0.0000000000
131215  43.011  47.529  51.829 0.0000000000
130525  43.540  46.419  50.872 0.0000000000
131263  41.952  47.663  48.678 0.0000000000
131961  42.204  47.812  48.108 0.0000000000
131270  43.251  47.930  47.100 0.0000000000
131972  43.914  48.337  47.115 0.0000000000
131971  44.779  48.669  47.225 0.0000000000
131959  45.016  48.121  47.880 0.0000000000
131983  46.552  48.640  46.576 0.0000000000
131996  47.068  48.344  45.933 0.0000000000
129840  47.455  46.186  47.182 0.0000000000
129816  45.793  45.234  48.943 0.0000000000
129102  45.215  44.764  49.485 0.0000000000
129070  48.515  44.101  50.505 0.0000000000
129085  47.596  44.086  49.957 0.0000000000
145561  46.710  43.591  50.033 0.0000000000
129086  46.907  44.187  49.929 0.0000000000
129088  45.019  43.744  49.692 0.0000000000
127520  44.388  42.639  48.775 0.0000000000
127526  43.959  42.118  48.048 0.0000000000
126805  44.206  41.327  46.671 0.0000000000
126804  45.065  40.981  46.807 0.0000000000
126059  44.642  40.785  46.025 0.0000000000
126060  43.818  40.904  46.082 0.0000000000
126164  41.845  39.656  41.759 0.0000000000
124611  41.372  38.198  42.079 0.0000000000
123909  41.588  37.695  42.171 0.0000000000
123908  42.390  37.162  41.815 0.0000000000
123226  41.348  36.213  42.796 0.0000000000
122533  41.312  35.830  42.732 0.0000000000
122545  40.898  34.741  42.860 0.0000000000
121871  44.018  34.932  40.778 0.0000000000
121859  43.424  34.844  41.121 0.0000000000
121846  42.191  34.420  41.720 0.0000000000
121108  42.153  34.012  42.029 0.0000000000
121861  42.037  34.728  41.779 0.0000000000
121136  39.773  33.639  40.859 0.0000000000
121111  39.324  33.473  42.237 0.0000000000
120332  38.595  32.283  44.265 0.0000000000
120331  39.553  32.266  44.430 0.0000000000
119647  38.765  31.815  45.010 0.0000000000
119648  37.869  31.780  44.857 0.0000000000
118949  37.519  30.480  45.417 0.0000000000
120324  45.791  31.968  44.679 0.0000000000
119641  44.832  31.752  44.736 0.0000000000
120315  43.950  32.285  46.833 0.0000000000
119627  42.991  31.651  45.787 0.0000000000
116291  44.525  27.849  45.388 0.0000000000
117258  43.205  29.164  46.123 0.0000000000
117278  42.997  28.142  44.451 0.0000000000
117267  42.730  28.777  45.525 0.0000000000
118165  41.957  29.651  45.963 0.0000000000
118945  41.495  30.605  45.980 0.0000000000
118167  39.956  29.649  45.631 0.0000000000
115338  49.832  25.859  47.911 0.0000000000
114455  50.137  25.659  46.959 0.0000000000
114473  49.256  25.377  46.557 0.0000000000
114452  52.300  25.824  45.406 0.0000000000
114453  52.156  25.710  46.041 0.0000000000
114454  51.377  25.524  46.607 0.0000000000
115320  51.964  26.764  47.568 0.0000000000
115369  46.963  26.952  45.286 0.0000000000
115378  47.464  26.832  44.414 0.0000000000
116274  48.685  27.820  46.339 0.0000000000
116286  50.916  27.047  45.495 0.0000000000
116288  47.701  27.548  45.843 0.0000000000
116300  47.128  26.943  44.500 0.0000000000
117242  46.630  28.980  47.045 0.0000000000
117291  43.653  28.053  43.869 0.0000000000
117292  43.383  27.954  43.912 0.0000000000
118145  48.233  29.471  47.386 0.0000000000
118147  46.897  29.426  47.172 0.0000000000
118918  47.628  30.006  47.264 0.0000000000
118919  47.205  29.793  47.160 0.0000000000
118920  45.713  30.662  46.573 0.0000000000
118922  44.058  31.410  47.369 0.0000000000
118923  44.008  31.750  47.515 0.0000000000
118937  43.699  31.808  47.365 0.0000000000
118938  44.144  32.101  47.363 0.0000000000
119609  45.373  31.341  46.752 0.0000000000
119610  44.448  31.597  47.306 0.0000000000
119619  43.440  31.913  46.589 0.0000000000
119620  43.282  31.904  47.038 0.0000000000
119646  39.467  31.832  45.194 0.0000000000
120267  50.527  32.967  50.262 0.0000000000
120269  49.443  33.071  50.884 0.0000000000
120277  45.405  32.556  49.068 0.0000000000
120278  44.899  32.585  48.861 0.0000000000
120302  44.888  32.037  47.025 0.0000000000
120366  39.338  33.130  42.899 0.0000000000
120373  33.307  33.407  42.935 0.0000000000
120379  46.174  33.215  41.665 0.0000000000
121004  50.437  33.454  50.056 0.0000000000
121029  45.107  32.824  47.925 0.0000000000
121078  41.098  32.953  43.633 0.0000000000
121096  37.358  33.070  42.862 0.0000000000
121097  35.106  33.627  43.570 0.0000000000
121118  33.401  33.549  43.056 0.0000000000
121127  40.064  33.592  41.144 0.0000000000
121128  39.557  33.569  41.368 0.0000000000
121129  39.135  33.874  41.238 0.0000000000
121137  39.492  33.760  40.852 0.0000000000
121138  39.320  33.986  40.828 0.0000000000
121788  41.865  34.494  47.862 0.0000000000
121840  34.941  33.806  43.132 0.0000000000
121849  39.401  34.337  41.542 0.0000000000
121854  35.103  33.893  43.049 0.0000000000
121860  42.506  34.779  41.510 0.0000000000
121862  39.884  33.860  40.842 0.0000000000
121863  39.583  34.126  40.913 0.0000000000
121868  46.265  34.581  40.457 0.0000000000
121869  45.477  34.788  40.397 0.0000000000
121872  39.659  33.810  40.708 0.0000000000
121873  39.504  33.992  40.702 0.0000000000
121874  39.393  34.196  40.728 0.0000000000
123239  46.626  35.292  41.073 0.0000000000
123875  43.454  37.571  45.010 0.0000000000
123876  42.895  37.230  45.140 0.0000000000
123885  44.332  37.524  43.970 0.0000000000
123923  46.711  37.996  39.729 0.0000000000
123935  46.296  37.881  39.613 0.0000000000
124551  44.653  39.296  47.056 0.0000000000
124574  46.628  39.162  45.609 0.0000000000
124587  46.960  39.188  45.139 0.0000000000
124601  40.392  37.976  42.722 0.0000000000
124619  48.507  38.925  40.117 0.0000000000
124622  46.027  39.026  40.843 0.0000000000
124626  41.767  38.451  41.697 0.0000000000
124633  48.329  38.895  39.995 0.0000000000
124634  47.923  38.779  39.989 0.0000000000
124639  43.287  37.956  40.643 0.0000000000
124647  46.614  38.373  39.846 0.0000000000
124648  46.137  38.299  39.833 0.0000000000
125277  44.675  39.761  48.453 0.0000000000
125340  43.697  39.842  43.852 0.0000000000
125350  49.690  39.885  45.116 0.0000000000
125351  49.360  39.728  44.724 0.0000000000
125366  49.273  39.866  44.135 0.0000000000
125373  41.202  39.414  42.172 0.0000000000
125384  48.412  39.106  40.198 0.0000000000
125385  48.163  39.277  40.652 0.0000000000
125391  41.416  39.319  41.916 0.0000000000
125392  40.992  39.134  42.091 0.0000000000
125402  48.144  39.157  39.977 0.0000000000
125403  47.581  39.260  40.179 0.0000000000
125405  46.490  39.240  40.817 0.0000000000
125406  44.222  38.758  40.752 0.0000000000
126007  44.478  41.343  49.990 0.0000000000
126008  43.186  40.810  50.856 0.0000000000
126034  49.408  40.230  46.367 0.0000000000
126038  45.379  39.712  48.508 0.0000000000
126045  45.513  39.683  48.314 0.0000000000
126046  45.232  39.747  48.225 0.0000000000
126127  44.363  40.282  43.904 0.0000000000
126142  49.499  40.043  44.434 0.0000000000
126148  42.038  39.968  41.830 0.0000000000
126161  48.021  39.409  40.256 0.0000000000
126162  47.384  39.553  40.436 0.0000000000
126163  47.126  39.699  40.683 0.0000000000
126165  41.664  39.711  41.923 0.0000000000
126176  47.973  39.327  40.029 0.0000000000
126177  47.596  39.650  40.327 0.0000000000
126178  47.213  39.752  40.479 0.0000000000
126746  45.154  41.892  50.870 0.0000000000
126761  43.596  41.191  50.724 0.0000000000
126777  43.469  41.284  49.961 0.0000000000
126822  42.540  40.796  46.027 0.0000000000
127500  45.527  42.016  50.622 0.0000000000
127501  42.380  42.750  51.017 0.0000000000
127511  44.978  42.786  49.283 0.0000000000
128325  47.159  43.650  50.137 0.0000000000
129041  47.798  43.707  52.083 0.0000000000
129046  43.865  45.522  51.968 0.0000000000
129071  48.580  44.073  50.849 0.0000000000
129763  47.499  43.959  52.196 0.0000000000
129788  48.326  44.489  50.423 0.0000000000
129794  40.763  45.609  50.025 0.0000000000
129800  48.000  44.691  49.731 0.0000000000
130488  43.067  47.308  53.152 0.0000000000
130511  42.373  46.324  51.522 0.0000000000
130540  43.995  46.570  50.059 0.0000000000
130549  48.162  45.670  49.173 0.0000000000
130552  45.565  45.787  48.243 0.0000000000
131194  43.608  47.707  53.532 0.0000000000
131195  43.257  47.751  53.627 0.0000000000
131196  42.697  47.988  53.521 0.0000000000
131206  41.635  48.084  52.145 0.0000000000
131267  42.737  47.807  47.626 0.0000000000
131271  42.722  47.925  46.954 0.0000000000
131282  44.476  47.008  45.220 0.0000000000
131908  43.436  48.352  52.938 0.0000000000
131973  42.111  47.957  47.465 0.0000000000
132001  41.996  49.145  45.616 0.0000000000
132662  43.756  49.071  53.815 0.0000000000
132666  40.806  50.672  53.669 0.0000000000
132697  42.782  49.088  52.522 0.0000000000
132752  44.292  49.173  45.971 0.0000000000
132754  42.034  49.031  46.291 0.0000000000
132755  41.735  48.998  46.175 0.0000000000
132772  43.501  49.465  44.856 0.0000000000
132811  44.372  49.309  41.518 0.0000000000
133383  42.911  49.899  54.212 0.0000000000
134778  41.028  51.844  53.803 0.0000000000
145372  50.560  26.785  45.048 0.0000000000
145373  49.077  27.208  45.277 0.0000000000
145407  44.418  32.272  47.076 0.0000000000
145409  46.227  32.083  45.602 0.0000000000
145412  48.064  33.343  44.444 0.0000000000
145418  48.034  33.321  44.284 0.0000000000
145421  48.069  33.238  44.121 0.0000000000
145422  47.641  33.413  45.112 0.0000000000
145426  48.227  33.179  44.226 0.0000000000
145469  41.019  32.964  43.352 0.0000000000
145545  49.070  40.503  45.912 0.0000000000
145549  48.461  40.538  44.885 0.0000000000
145551  48.861  40.551  45.123 0.0000000000
145553  46.183  41.411  50.256 0.0000000000
145556  46.531  43.426  49.993 0.0000000000
