#!ascii label  , from subject 3828 vox2ras=TkReg
344
20471  33.638  -59.199  25.147 0.0000000000
21587  39.294  -58.720  21.281 0.0000000000
16530  38.990  -63.382  25.662 0.0000000000
25585  38.811  -56.411  23.305 0.0000000000
18423  44.835  -61.402  24.564 0.0000000000
17429  41.424  -62.366  25.563 0.0000000000
15612  44.058  -64.830  27.349 0.0000000000
23657  39.723  -56.740  21.008 0.0000000000
23692  34.840  -56.739  19.494 0.0000000000
18427  36.471  -61.147  24.851 0.0000000000
20465  39.378  -59.615  25.623 0.0000000000
21544  42.421  -58.674  24.405 0.0000000000
20508  43.428  -59.196  22.425 0.0000000000
17489  45.703  -62.659  21.050 0.0000000000
20449  31.322  -59.234  25.906 0.0000000000
17414  33.559  -62.910  26.113 0.0000000000
14745  35.862  -65.490  26.597 0.0000000000
24674  34.116  -55.451  20.909 0.0000000000
15608  42.765  -65.354  27.942 0.0000000000
22632  40.251  -57.288  21.057 0.0000000000
22635  37.784  -57.488  19.883 0.0000000000
17433  37.953  -62.497  25.304 0.0000000000
18405  38.913  -61.686  25.296 0.0000000000
18400  43.981  -61.737  24.835 0.0000000000
19401  42.487  -60.404  24.863 0.0000000000
20483  43.841  -59.533  24.385 0.0000000000
22583  43.110  -57.754  23.189 0.0000000000
20506  44.935  -59.607  23.115 0.0000000000
17492  43.496  -63.019  21.992 0.0000000000
15618  33.266  -64.906  26.689 0.0000000000
15635  34.563  -64.364  26.374 0.0000000000
14730  34.457  -65.970  26.835 0.0000000000
23610  37.660  -57.379  24.671 0.0000000000
24653  36.365  -56.097  22.444 0.0000000000
24730  35.505  -55.358  17.935 0.0000000000
24726  34.388  -54.831  18.966 0.0000000000
15630  39.823  -64.737  26.785 0.0000000000
16528  40.235  -63.232  25.893 0.0000000000
16506  41.383  -63.734  26.574 0.0000000000
16504  43.428  -63.653  26.449 0.0000000000
16526  44.497  -63.475  25.411 0.0000000000
25629  39.405  -56.560  22.221 0.0000000000
23637  37.222  -56.542  21.771 0.0000000000
23678  37.419  -57.295  20.632 0.0000000000
22649  36.311  -57.911  19.183 0.0000000000
20533  38.711  -59.682  21.577 0.0000000000
19409  34.662  -60.286  25.179 0.0000000000
21523  38.194  -58.809  25.425 0.0000000000
23585  39.391  -57.879  24.993 0.0000000000
19403  40.595  -60.489  25.329 0.0000000000
21520  40.723  -58.852  24.955 0.0000000000
144398  40.753  -57.217  24.158 0.0000000000
23635  41.642  -57.268  23.078 0.0000000000
22614  41.698  -57.986  21.932 0.0000000000
21566  41.689  -58.806  22.230 0.0000000000
18448  45.398  -61.332  22.799 0.0000000000
18449  44.859  -61.225  22.438 0.0000000000
18451  42.974  -61.278  22.934 0.0000000000
19451  40.908  -60.433  22.936 0.0000000000
22554  31.276  -57.511  25.751 0.0000000000
20473  32.165  -59.157  25.683 0.0000000000
18390  32.667  -61.037  26.088 0.0000000000
18410  33.716  -61.133  25.696 0.0000000000
17436  35.192  -62.169  25.410 0.0000000000
16511  36.296  -63.562  25.759 0.0000000000
15632  37.709  -64.816  26.209 0.0000000000
14728  37.037  -66.158  26.890 0.0000000000
14743  38.161  -65.570  26.557 0.0000000000
24696  34.861  -55.959  20.799 0.0000000000
21528  33.420  -58.421  25.094 0.0000000000
23590  33.702  -56.824  24.725 0.0000000000
22551  34.073  -57.689  24.895 0.0000000000
22616  39.886  -57.909  21.195 0.0000000000
22633  39.135  -57.747  20.556 0.0000000000
16531  38.103  -63.332  25.578 0.0000000000
17432  38.690  -62.691  25.455 0.0000000000
18399  44.491  -61.660  24.729 0.0000000000
18425  43.803  -60.989  24.591 0.0000000000
19421  44.682  -60.466  24.244 0.0000000000
21554  44.329  -58.926  23.640 0.0000000000
20494  45.022  -60.214  23.697 0.0000000000
16615  43.415  -63.542  21.055 0.0000000000
14747  34.016  -64.912  26.567 0.0000000000
25586  38.212  -56.583  23.416 0.0000000000
24612  37.299  -56.636  23.623 0.0000000000
24635  37.245  -56.294  22.928 0.0000000000
25696  35.390  -54.294  17.875 0.0000000000
15629  40.844  -64.453  26.943 0.0000000000
15615  41.400  -65.084  27.454 0.0000000000
15606  43.616  -65.127  27.674 0.0000000000
16492  42.925  -64.188  27.150 0.0000000000
15626  43.996  -64.206  26.905 0.0000000000
16527  43.969  -63.333  25.598 0.0000000000
16503  44.164  -63.758  26.287 0.0000000000
25647  39.537  -56.657  21.786 0.0000000000
24671  38.601  -56.497  21.296 0.0000000000
24695  38.665  -56.621  20.809 0.0000000000
22665  36.336  -57.491  18.234 0.0000000000
23707  35.915  -56.754  18.124 0.0000000000
19408  35.747  -60.473  24.733 0.0000000000
20469  35.500  -59.406  24.977 0.0000000000
19407  36.715  -60.521  25.052 0.0000000000
22546  38.863  -58.147  25.264 0.0000000000
22545  39.651  -58.270  25.168 0.0000000000
17410  41.063  -62.965  26.240 0.0000000000
17430  40.433  -62.660  25.671 0.0000000000
18403  40.963  -61.492  25.238 0.0000000000
20462  42.031  -59.479  24.875 0.0000000000
21519  41.499  -58.735  24.702 0.0000000000
22568  40.939  -58.136  24.610 0.0000000000
22567  41.571  -57.879  24.265 0.0000000000
23625  41.381  -57.297  23.586 0.0000000000
22584  42.101  -57.614  23.420 0.0000000000
21564  43.799  -58.662  22.580 0.0000000000
22596  41.939  -57.652  22.443 0.0000000000
21584  42.122  -58.346  22.252 0.0000000000
21585  41.631  -58.370  22.000 0.0000000000
20509  42.331  -59.127  22.326 0.0000000000
13917  43.576  -66.193  21.370 0.0000000000
16613  45.505  -63.169  20.757 0.0000000000
15703  45.367  -64.118  21.263 0.0000000000
16592  45.946  -62.970  21.378 0.0000000000
17472  45.342  -62.409  22.090 0.0000000000
17473  44.607  -62.136  22.236 0.0000000000
17475  42.595  -62.602  22.746 0.0000000000
18452  41.727  -61.462  23.122 0.0000000000
19450  42.138  -60.157  23.114 0.0000000000
22530  30.746  -57.732  26.222 0.0000000000
21501  31.034  -58.378  26.088 0.0000000000
21530  31.751  -58.378  25.691 0.0000000000
16515  32.745  -63.508  26.682 0.0000000000
17415  32.503  -62.283  26.404 0.0000000000
18411  33.005  -61.659  25.928 0.0000000000
17438  33.309  -62.078  25.774 0.0000000000
17437  34.156  -62.139  25.541 0.0000000000
15634  35.534  -64.469  26.343 0.0000000000
16512  35.113  -63.669  25.990 0.0000000000
15633  36.611  -64.645  26.267 0.0000000000
12935  36.679  -67.654  27.522 0.0000000000
13805  37.804  -66.940  27.559 0.0000000000
14727  37.541  -66.175  27.000 0.0000000000
23680  35.222  -56.888  20.543 0.0000000000
23661  36.170  -56.617  21.489 0.0000000000
24713  34.322  -55.193  19.535 0.0000000000
23674  40.596  -56.976  21.079 0.0000000000
23676  39.154  -56.861  20.628 0.0000000000
17434  36.905  -62.479  25.338 0.0000000000
18407  36.794  -61.375  25.066 0.0000000000
18406  37.832  -61.508  25.090 0.0000000000
19404  39.652  -60.542  25.522 0.0000000000
17428  42.383  -62.438  25.418 0.0000000000
18402  41.960  -61.421  25.143 0.0000000000
18401  43.052  -61.451  24.913 0.0000000000
20484  42.965  -59.495  24.529 0.0000000000
21543  43.530  -58.763  24.144 0.0000000000
22566  42.776  -58.081  23.848 0.0000000000
21555  43.584  -58.308  23.568 0.0000000000
21563  44.234  -58.841  22.951 0.0000000000
20507  44.352  -59.419  22.642 0.0000000000
17491  44.304  -62.753  21.799 0.0000000000
17512  43.986  -63.120  21.426 0.0000000000
16593  42.668  -63.235  22.052 0.0000000000
16514  33.481  -63.690  26.454 0.0000000000
16513  34.186  -63.633  26.225 0.0000000000
15636  33.765  -64.280  26.468 0.0000000000
14746  34.755  -65.262  26.606 0.0000000000
24636  36.331  -55.874  23.195 0.0000000000
24673  35.339  -55.897  21.685 0.0000000000
23708  35.558  -56.217  18.644 0.0000000000
24725  34.892  -55.539  18.961 0.0000000000
26636  35.053  -53.471  18.110 0.0000000000
16508  39.351  -63.974  26.215 0.0000000000
16529  39.846  -63.323  25.758 0.0000000000
16507  40.368  -63.613  26.324 0.0000000000
17409  41.868  -63.098  26.102 0.0000000000
16505  42.403  -63.898  26.692 0.0000000000
17408  42.767  -63.244  25.957 0.0000000000
17427  43.391  -62.796  25.358 0.0000000000
17426  44.496  -62.383  25.037 0.0000000000
25609  38.739  -56.251  22.922 0.0000000000
25631  38.076  -56.384  22.675 0.0000000000
24651  38.145  -56.599  22.018 0.0000000000
23660  37.178  -56.845  21.212 0.0000000000
22637  35.659  -57.925  20.272 0.0000000000
23677  38.302  -57.014  20.477 0.0000000000
21602  36.215  -58.113  19.702 0.0000000000
22650  35.365  -57.745  19.597 0.0000000000
23718  35.709  -56.172  17.973 0.0000000000
24729  36.034  -55.271  17.374 0.0000000000
20532  39.712  -59.134  22.002 0.0000000000
20470  34.509  -59.326  24.997 0.0000000000
21527  34.340  -58.460  24.976 0.0000000000
22569  39.041  -57.777  24.972 0.0000000000
23609  39.335  -57.481  24.528 0.0000000000
20464  40.292  -59.588  25.469 0.0000000000
19402  41.525  -60.434  25.100 0.0000000000
20463  41.131  -59.544  25.132 0.0000000000
21521  39.990  -58.822  25.383 0.0000000000
22544  40.408  -58.226  24.841 0.0000000000
23608  40.511  -57.749  24.522 0.0000000000
144405  39.785  -56.913  23.708 0.0000000000
25608  39.782  -56.558  22.908 0.0000000000
144408  40.452  -56.686  22.626 0.0000000000
24668  40.706  -56.806  21.601 0.0000000000
23656  40.962  -56.944  21.412 0.0000000000
22615  40.977  -57.523  21.499 0.0000000000
21586  40.504  -58.422  21.701 0.0000000000
16525  45.155  -63.353  24.865 0.0000000000
14816  44.553  -64.943  21.325 0.0000000000
17462  45.657  -62.456  23.103 0.0000000000
18439  45.448  -61.429  23.555 0.0000000000
19446  45.411  -60.474  23.160 0.0000000000
19447  45.082  -60.277  22.604 0.0000000000
19448  44.255  -60.183  22.510 0.0000000000
17474  43.716  -62.202  22.472 0.0000000000
18450  44.026  -61.172  22.551 0.0000000000
19449  43.265  -60.116  22.667 0.0000000000
20510  41.303  -59.346  22.547 0.0000000000
20511  40.224  -59.678  22.505 0.0000000000
20512  39.248  -59.811  22.420 0.0000000000
24594  31.510  -55.699  24.891 0.0000000000
23592  31.738  -56.727  25.132 0.0000000000
22553  32.173  -57.595  25.295 0.0000000000
21529  32.587  -58.382  25.404 0.0000000000
20472  32.904  -59.098  25.420 0.0000000000
17416  31.466  -62.453  27.081 0.0000000000
19391  31.888  -60.151  25.898 0.0000000000
19390  32.739  -60.261  25.662 0.0000000000
19389  33.174  -60.189  25.510 0.0000000000
19410  33.708  -60.080  25.373 0.0000000000
18409  34.862  -61.289  25.198 0.0000000000
18408  35.896  -61.451  24.784 0.0000000000
17413  34.613  -62.937  25.786 0.0000000000
17412  35.571  -62.915  25.643 0.0000000000
17435  36.074  -62.286  25.152 0.0000000000
16532  37.300  -63.203  25.510 0.0000000000
16509  38.376  -64.064  25.983 0.0000000000
14744  37.015  -65.651  26.606 0.0000000000
15631  38.756  -64.746  26.470 0.0000000000
23638  36.648  -56.357  22.031 0.0000000000
24672  36.143  -56.211  21.945 0.0000000000
24712  34.772  -55.905  19.959 0.0000000000
24697  34.030  -55.369  20.301 0.0000000000
13806  36.708  -66.616  27.086 0.0000000000
13820  36.804  -66.147  26.819 0.0000000000
13916  44.210  -65.629  21.210 0.0000000000
14720  44.126  -65.443  27.200 0.0000000000
14722  42.526  -65.458  27.965 0.0000000000
14731  33.759  -65.690  26.849 0.0000000000
14817  44.093  -65.630  21.560 0.0000000000
15607  43.126  -65.214  27.878 0.0000000000
15613  43.464  -64.533  27.397 0.0000000000
15614  42.521  -64.851  27.569 0.0000000000
15625  44.298  -64.483  26.441 0.0000000000
15637  33.122  -64.191  26.600 0.0000000000
15702  45.721  -63.626  21.684 0.0000000000
15717  45.709  -63.436  21.000 0.0000000000
15718  45.088  -64.031  20.615 0.0000000000
16493  42.586  -64.311  27.172 0.0000000000
16510  37.371  -63.980  25.827 0.0000000000
16573  42.487  -63.125  22.521 0.0000000000
16612  45.922  -62.920  20.845 0.0000000000
17407  43.207  -63.304  25.893 0.0000000000
17411  36.196  -62.836  25.488 0.0000000000
17425  45.066  -62.695  24.959 0.0000000000
17490  45.031  -62.507  21.350 0.0000000000
17509  45.716  -62.850  20.793 0.0000000000
17510  45.287  -62.821  20.815 0.0000000000
18389  33.201  -60.558  25.684 0.0000000000
18422  45.236  -61.429  24.235 0.0000000000
18424  44.369  -61.097  24.527 0.0000000000
18426  36.731  -61.020  25.003 0.0000000000
19411  33.096  -59.773  25.405 0.0000000000
19412  32.536  -59.704  25.586 0.0000000000
19420  45.006  -60.848  24.180 0.0000000000
19422  44.141  -60.299  24.450 0.0000000000
19423  43.400  -60.336  24.620 0.0000000000
19424  36.552  -60.887  24.895 0.0000000000
19425  36.284  -60.910  24.742 0.0000000000
19435  45.206  -60.666  23.747 0.0000000000
19436  44.927  -60.389  23.911 0.0000000000
20482  44.446  -59.601  24.187 0.0000000000
20495  44.827  -59.847  23.747 0.0000000000
20505  45.164  -60.099  23.477 0.0000000000
20529  42.611  -58.742  22.329 0.0000000000
20530  42.161  -58.630  22.243 0.0000000000
20531  40.561  -58.941  22.293 0.0000000000
21542  44.151  -59.102  24.161 0.0000000000
21565  42.914  -58.459  22.475 0.0000000000
21567  41.171  -58.673  22.185 0.0000000000
21603  36.017  -58.211  19.935 0.0000000000
21611  35.902  -58.128  19.649 0.0000000000
21612  35.682  -58.131  19.878 0.0000000000
22543  41.052  -58.302  24.644 0.0000000000
22547  37.973  -58.101  25.351 0.0000000000
22570  38.470  -57.722  25.044 0.0000000000
22582  43.869  -58.278  23.107 0.0000000000
22594  43.879  -58.419  22.812 0.0000000000
22595  43.379  -58.093  22.714 0.0000000000
22597  41.265  -57.235  21.785 0.0000000000
22631  40.680  -57.199  21.113 0.0000000000
22636  36.648  -57.921  20.007 0.0000000000
22638  34.914  -57.599  20.097 0.0000000000
22639  34.554  -57.516  20.033 0.0000000000
22651  34.543  -57.365  19.784 0.0000000000
22652  34.381  -57.177  20.212 0.0000000000
23583  40.235  -58.028  24.782 0.0000000000
23584  39.891  -57.953  24.861 0.0000000000
23607  40.941  -57.394  24.019 0.0000000000
23636  37.843  -56.598  21.442 0.0000000000
23658  39.349  -56.610  20.925 0.0000000000
23659  38.002  -56.669  20.917 0.0000000000
23662  35.397  -56.350  21.189 0.0000000000
23675  39.921  -57.008  20.873 0.0000000000
23679  36.353  -57.443  20.887 0.0000000000
23681  34.759  -57.300  20.301 0.0000000000
23682  34.507  -57.403  20.245 0.0000000000
23691  35.969  -57.002  19.049 0.0000000000
23693  34.516  -56.988  20.208 0.0000000000
23694  34.604  -57.231  20.123 0.0000000000
24611  38.640  -56.851  23.794 0.0000000000
24650  40.474  -56.724  22.194 0.0000000000
24652  37.285  -56.439  22.358 0.0000000000
24669  40.090  -56.759  21.514 0.0000000000
24670  39.353  -56.576  21.289 0.0000000000
24692  40.588  -56.804  21.273 0.0000000000
24693  40.248  -56.821  21.095 0.0000000000
24694  39.066  -56.492  20.918 0.0000000000
25610  38.076  -56.353  23.154 0.0000000000
25630  38.868  -56.372  22.444 0.0000000000
25646  39.861  -56.695  22.114 0.0000000000
25648  38.992  -56.516  21.841 0.0000000000
25691  34.753  -54.527  18.362 0.0000000000
26647  35.635  -53.680  17.696 0.0000000000
144397  40.395  -57.316  24.031 0.0000000000
144399  40.302  -57.132  23.775 0.0000000000
144400  41.073  -57.294  23.810 0.0000000000
144401  40.695  -57.079  23.631 0.0000000000
144402  41.145  -57.198  23.616 0.0000000000
144403  39.634  -56.651  23.361 0.0000000000
144404  41.083  -56.983  21.994 0.0000000000
144406  40.718  -57.264  23.889 0.0000000000
144407  41.044  -56.782  22.816 0.0000000000
144409  39.342  -56.585  23.449 0.0000000000
