#!ascii label  , from subject 3430 vox2ras=TkReg
1102
63706  -7.170  -33.359  78.751 0.0000000000
78110  -29.317  -22.089  68.065 0.0000000000
80915  -34.106  -20.442  61.250 0.0000000000
71973  -25.929  -27.185  73.485 0.0000000000
87485  -44.783  -14.478  54.486 0.0000000000
84912  -36.676  -16.636  57.536 0.0000000000
79467  -30.811  -21.288  73.333 0.0000000000
76777  -25.278  -22.962  71.471 0.0000000000
88648  -49.445  -13.962  59.172 0.0000000000
93272  -56.112  -10.208  59.404 0.0000000000
103187  -54.403  -3.020  52.364 0.0000000000
87315  -35.369  -14.860  64.902 0.0000000000
84860  -33.866  -17.302  59.075 0.0000000000
87373  -38.562  -14.228  62.084 0.0000000000
86119  -41.376  -16.008  61.014 0.0000000000
68544  -20.328  -30.347  71.290 0.0000000000
61540  -4.297  -35.844  81.244 0.0000000000
78164  -32.815  -22.959  65.672 0.0000000000
83446  -36.857  -18.110  67.601 0.0000000000
67341  -23.765  -31.386  69.198 0.0000000000
69766  -26.144  -29.355  67.664 0.0000000000
95698  -49.732  -8.221  49.576 0.0000000000
98207  -45.853  -5.904  48.536 0.0000000000
87461  -40.782  -15.618  55.027 0.0000000000
87415  -45.908  -15.458  60.069 0.0000000000
64879  -10.174  -32.624  74.817 0.0000000000
58189  -1.971  -39.587  77.089 0.0000000000
89843  -52.977  -13.353  59.606 0.0000000000
87351  -36.760  -14.527  63.483 0.0000000000
69753  -18.701  -28.819  68.580 0.0000000000
62610  -5.826  -34.373  80.245 0.0000000000
76847  -30.270  -23.388  64.179 0.0000000000
78148  -30.897  -22.978  66.380 0.0000000000
68529  -25.370  -30.060  71.740 0.0000000000
67366  -24.595  -31.087  67.943 0.0000000000
70839  -26.119  -27.963  70.387 0.0000000000
78075  -27.645  -21.402  69.769 0.0000000000
76792  -24.242  -23.138  68.979 0.0000000000
78107  -26.017  -22.266  67.514 0.0000000000
70798  -25.217  -27.837  74.685 0.0000000000
68508  -23.985  -29.529  72.862 0.0000000000
87441  -55.165  -15.090  57.043 0.0000000000
98162  -57.365  -6.474  52.869 0.0000000000
100727  -48.730  -4.284  53.059 0.0000000000
84883  -35.037  -16.507  58.100 0.0000000000
86227  -38.895  -16.874  56.285 0.0000000000
86148  -44.175  -15.892  60.597 0.0000000000
68505  -14.422  -28.975  73.377 0.0000000000
67268  -12.686  -30.565  74.535 0.0000000000
66038  -11.427  -30.720  76.800 0.0000000000
66065  -11.399  -31.777  73.699 0.0000000000
58172  -3.430  -38.945  76.806 0.0000000000
78063  -30.047  -21.513  70.749 0.0000000000
78095  -32.305  -22.040  69.500 0.0000000000
79484  -33.541  -20.923  72.440 0.0000000000
76734  -27.073  -23.184  75.655 0.0000000000
75604  -26.075  -24.297  72.915 0.0000000000
79464  -26.545  -21.585  73.871 0.0000000000
80818  -27.951  -20.955  72.627 0.0000000000
87451  -47.526  -14.272  56.743 0.0000000000
88671  -50.120  -13.758  57.136 0.0000000000
88663  -53.842  -14.142  58.471 0.0000000000
92120  -57.241  -11.294  58.092 0.0000000000
99463  -56.646  -5.692  54.196 0.0000000000
99436  -56.471  -6.256  56.716 0.0000000000
83496  -35.440  -17.968  63.493 0.0000000000
83525  -34.408  -18.484  61.138 0.0000000000
86091  -34.590  -15.944  62.661 0.0000000000
87403  -36.396  -14.776  60.934 0.0000000000
86167  -38.208  -14.516  59.173 0.0000000000
84865  -39.587  -15.942  59.189 0.0000000000
86093  -40.597  -14.170  61.214 0.0000000000
69697  -18.453  -28.006  73.475 0.0000000000
69729  -16.062  -28.172  70.950 0.0000000000
98289  -47.564  -6.122  42.092 0.0000000000
61537  -2.296  -35.424  81.989 0.0000000000
76882  -31.924  -23.407  61.837 0.0000000000
78195  -34.011  -22.189  63.216 0.0000000000
78133  -33.711  -21.829  68.151 0.0000000000
79558  -35.137  -21.093  65.740 0.0000000000
82176  -35.859  -19.534  64.382 0.0000000000
84758  -36.307  -16.958  65.872 0.0000000000
74475  -25.453  -25.370  70.537 0.0000000000
67272  -22.205  -28.951  73.787 0.0000000000
67339  -21.846  -31.374  69.397 0.0000000000
100753  -51.938  -5.092  51.333 0.0000000000
95685  -44.756  -8.045  50.535 0.0000000000
96960  -45.274  -7.416  44.471 0.0000000000
96947  -48.420  -6.593  45.653 0.0000000000
62668  -6.727  -35.015  74.797 0.0000000000
61612  -6.136  -35.868  76.925 0.0000000000
87483  -42.893  -14.740  54.467 0.0000000000
84890  -41.264  -16.415  58.417 0.0000000000
86216  -43.350  -15.965  57.831 0.0000000000
87449  -45.538  -15.061  56.597 0.0000000000
87417  -47.832  -14.673  59.584 0.0000000000
63724  -8.413  -32.492  76.631 0.0000000000
60418  -4.856  -36.760  78.417 0.0000000000
59258  -2.770  -37.387  78.639 0.0000000000
60432  -1.283  -36.900  78.757 0.0000000000
62625  -6.641  -34.021  79.080 0.0000000000
78146  -28.833  -22.602  66.057 0.0000000000
78147  -29.846  -22.849  66.190 0.0000000000
78129  -30.133  -22.407  67.196 0.0000000000
69717  -25.631  -29.205  72.115 0.0000000000
69732  -25.907  -29.095  70.717 0.0000000000
71980  -26.132  -27.164  72.505 0.0000000000
78091  -28.487  -21.682  68.881 0.0000000000
78090  -27.292  -21.673  68.802 0.0000000000
78109  -28.233  -22.022  67.939 0.0000000000
78145  -27.825  -22.387  65.911 0.0000000000
73230  -26.059  -26.055  75.161 0.0000000000
73221  -25.982  -26.301  76.284 0.0000000000
70808  -25.477  -27.851  73.798 0.0000000000
69699  -25.257  -29.457  73.118 0.0000000000
96845  -58.131  -7.793  55.053 0.0000000000
79584  -33.838  -21.685  61.561 0.0000000000
80914  -33.694  -20.577  60.640 0.0000000000
84911  -35.657  -16.787  57.238 0.0000000000
84938  -35.337  -17.046  56.103 0.0000000000
84963  -37.773  -16.914  56.190 0.0000000000
68522  -13.200  -29.684  71.793 0.0000000000
67282  -13.065  -29.962  74.079 0.0000000000
67281  -12.338  -30.229  73.439 0.0000000000
67267  -12.034  -31.098  74.108 0.0000000000
67298  -11.331  -31.256  71.781 0.0000000000
79496  -30.268  -21.507  71.602 0.0000000000
78065  -31.823  -21.785  71.025 0.0000000000
79483  -32.549  -21.335  72.269 0.0000000000
79438  -26.522  -21.172  75.848 0.0000000000
78037  -26.614  -22.180  74.286 0.0000000000
80789  -26.937  -20.359  75.195 0.0000000000
79452  -30.030  -21.107  74.269 0.0000000000
79451  -28.983  -20.876  73.866 0.0000000000
79466  -29.768  -21.283  73.217 0.0000000000
79495  -29.354  -21.315  71.467 0.0000000000
88657  -48.659  -14.115  58.361 0.0000000000
88670  -49.001  -13.756  57.309 0.0000000000
88658  -49.683  -13.811  58.182 0.0000000000
90973  -54.715  -12.645  59.751 0.0000000000
88653  -53.311  -13.834  59.019 0.0000000000
89845  -55.128  -12.991  59.298 0.0000000000
89852  -56.003  -13.317  58.536 0.0000000000
92116  -56.820  -10.749  58.630 0.0000000000
94473  -57.189  -9.426  57.970 0.0000000000
95621  -56.856  -8.479  58.252 0.0000000000
84791  -35.170  -16.985  64.042 0.0000000000
84807  -34.802  -16.986  63.083 0.0000000000
86074  -34.847  -16.144  63.593 0.0000000000
87352  -38.008  -14.270  63.198 0.0000000000
87389  -36.300  -14.780  61.890 0.0000000000
87390  -37.446  -14.367  61.388 0.0000000000
86140  -36.598  -14.698  59.972 0.0000000000
86115  -38.030  -14.059  60.543 0.0000000000
86116  -38.997  -14.131  60.466 0.0000000000
87374  -39.961  -13.970  62.113 0.0000000000
68507  -20.383  -29.340  73.495 0.0000000000
68492  -19.887  -28.773  74.097 0.0000000000
68524  -19.656  -29.389  72.615 0.0000000000
69742  -17.047  -28.202  69.565 0.0000000000
99567  -49.160  -5.765  42.625 0.0000000000
100830  -50.164  -3.877  42.372 0.0000000000
61539  -3.594  -35.984  81.589 0.0000000000
78177  -31.426  -23.417  64.564 0.0000000000
76863  -31.561  -23.669  63.011 0.0000000000
76864  -32.303  -23.477  63.476 0.0000000000
78194  -33.122  -23.084  63.249 0.0000000000
78179  -33.631  -22.511  64.548 0.0000000000
78097  -33.666  -21.601  69.977 0.0000000000
78114  -32.999  -21.992  68.816 0.0000000000
79517  -34.301  -21.290  69.494 0.0000000000
82140  -36.557  -19.139  68.293 0.0000000000
80873  -35.629  -20.411  67.362 0.0000000000
80874  -36.189  -19.797  66.908 0.0000000000
80887  -35.625  -20.213  65.080 0.0000000000
82168  -36.423  -18.797  65.603 0.0000000000
83467  -36.352  -17.869  65.216 0.0000000000
83457  -36.660  -17.980  66.285 0.0000000000
68602  -25.572  -30.383  67.872 0.0000000000
76766  -25.905  -22.914  72.718 0.0000000000
74467  -25.569  -25.263  71.670 0.0000000000
75614  -25.221  -24.357  71.211 0.0000000000
74496  -24.980  -25.546  67.989 0.0000000000
68495  -23.114  -28.626  74.296 0.0000000000
67323  -23.401  -31.157  71.111 0.0000000000
67322  -22.373  -31.228  70.905 0.0000000000
67340  -22.767  -31.413  69.149 0.0000000000
67363  -22.051  -31.557  67.335 0.0000000000
100720  -56.270  -4.328  53.327 0.0000000000
100747  -55.607  -4.562  52.074 0.0000000000
101947  -54.268  -3.606  51.997 0.0000000000
99491  -46.131  -5.121  51.192 0.0000000000
98159  -46.951  -5.886  52.612 0.0000000000
98205  -44.533  -6.534  49.526 0.0000000000
96894  -43.576  -7.568  47.654 0.0000000000
96913  -45.298  -6.815  47.438 0.0000000000
96945  -46.825  -7.306  45.568 0.0000000000
96915  -47.129  -6.778  46.877 0.0000000000
83544  -34.138  -18.007  60.148 0.0000000000
83543  -33.452  -18.841  59.680 0.0000000000
87482  -41.636  -14.850  54.190 0.0000000000
87462  -41.338  -15.420  55.004 0.0000000000
86145  -40.790  -16.213  60.043 0.0000000000
84866  -40.378  -16.388  59.165 0.0000000000
86169  -40.974  -16.457  59.321 0.0000000000
86173  -44.948  -15.637  59.953 0.0000000000
86195  -43.534  -15.846  58.751 0.0000000000
86196  -44.436  -15.534  58.963 0.0000000000
87434  -43.846  -15.626  57.362 0.0000000000
87435  -45.025  -15.469  57.915 0.0000000000
87436  -46.354  -15.085  57.650 0.0000000000
87416  -46.981  -15.132  59.710 0.0000000000
66046  -10.769  -31.472  75.615 0.0000000000
64844  -9.679  -31.571  77.275 0.0000000000
64832  -9.362  -31.830  77.829 0.0000000000
64852  -8.969  -32.298  75.958 0.0000000000
63750  -8.608  -33.450  75.193 0.0000000000
64877  -9.095  -33.504  74.490 0.0000000000
60462  -5.276  -37.380  75.833 0.0000000000
61611  -5.477  -36.582  77.415 0.0000000000
59299  -4.676  -37.716  76.140 0.0000000000
57123  -3.017  -39.863  76.885 0.0000000000
58155  -3.145  -38.425  77.355 0.0000000000
58153  -2.469  -38.153  77.884 0.0000000000
60414  -2.124  -37.087  79.369 0.0000000000
58169  -1.865  -38.462  77.581 0.0000000000
80773  -27.980  -20.334  75.876 0.0000000000
89828  -51.661  -13.057  60.988 0.0000000000
89841  -51.484  -13.555  59.015 0.0000000000
89836  -53.260  -12.669  60.473 0.0000000000
87350  -35.729  -14.922  63.707 0.0000000000
68562  -20.108  -30.561  69.993 0.0000000000
69744  -19.149  -29.082  70.074 0.0000000000
62582  -6.057  -34.668  82.300 0.0000000000
61541  -5.015  -35.410  80.960 0.0000000000
76846  -29.641  -23.182  64.415 0.0000000000
78162  -30.573  -23.247  65.150 0.0000000000
78163  -31.714  -23.229  65.488 0.0000000000
84728  -36.916  -17.099  67.858 0.0000000000
68563  -24.595  -31.123  69.859 0.0000000000
67342  -24.348  -31.172  68.740 0.0000000000
68564  -25.094  -30.713  69.482 0.0000000000
68565  -25.819  -30.005  69.638 0.0000000000
69745  -26.032  -29.068  69.519 0.0000000000
79505  -26.283  -21.263  70.841 0.0000000000
76785  -24.573  -23.002  70.044 0.0000000000
78073  -24.941  -22.091  69.367 0.0000000000
78088  -25.002  -22.442  68.224 0.0000000000
78143  -25.768  -22.798  65.406 0.0000000000
69674  -24.295  -28.120  75.318 0.0000000000
68497  -24.152  -28.513  74.610 0.0000000000
68509  -24.525  -29.218  73.571 0.0000000000
68528  -24.828  -30.215  72.311 0.0000000000
87454  -53.874  -15.366  56.335 0.0000000000
99498  -55.153  -5.734  50.632 0.0000000000
103173  -52.794  -2.121  52.767 0.0000000000
101932  -51.635  -3.345  52.583 0.0000000000
84861  -34.448  -16.571  58.628 0.0000000000
86249  -38.365  -16.407  54.767 0.0000000000
86236  -39.149  -16.492  55.463 0.0000000000
86096  -42.882  -15.824  61.887 0.0000000000
86120  -42.478  -16.019  61.097 0.0000000000
86122  -44.476  -15.912  61.459 0.0000000000
69679  -15.396  -28.486  73.741 0.0000000000
68491  -14.556  -28.882  74.505 0.0000000000
67248  -12.764  -30.447  76.488 0.0000000000
67247  -12.108  -30.662  76.124 0.0000000000
66056  -11.482  -31.467  74.848 0.0000000000
66055  -10.817  -32.212  74.550 0.0000000000
64894  -10.199  -32.870  73.882 0.0000000000
64910  -10.137  -33.118  72.637 0.0000000000
78092  -29.553  -21.856  69.010 0.0000000000
78111  -30.339  -22.169  68.203 0.0000000000
78079  -31.620  -21.953  70.199 0.0000000000
78067  -33.184  -21.648  71.008 0.0000000000
73242  -26.238  -25.526  74.362 0.0000000000
73262  -26.006  -25.804  73.026 0.0000000000
75586  -26.988  -24.077  74.048 0.0000000000
76756  -26.155  -22.641  73.163 0.0000000000
79478  -26.286  -21.180  72.723 0.0000000000
80790  -28.141  -20.515  74.630 0.0000000000
80817  -27.233  -20.609  72.988 0.0000000000
79492  -26.436  -20.963  71.676 0.0000000000
79493  -27.536  -20.960  71.398 0.0000000000
78076  -28.798  -21.390  69.765 0.0000000000
75571  -27.036  -24.197  76.053 0.0000000000
87466  -45.938  -14.613  55.634 0.0000000000
88716  -46.081  -14.267  54.036 0.0000000000
88685  -47.386  -14.202  55.917 0.0000000000
88702  -48.904  -13.553  55.369 0.0000000000
88689  -50.852  -13.948  56.429 0.0000000000
88660  -51.466  -13.837  58.328 0.0000000000
88673  -51.865  -14.268  57.499 0.0000000000
88692  -52.778  -14.774  57.145 0.0000000000
88677  -54.947  -14.641  57.628 0.0000000000
89853  -56.645  -12.843  58.254 0.0000000000
92126  -57.538  -10.874  57.530 0.0000000000
95650  -58.021  -8.848  56.192 0.0000000000
95649  -57.503  -8.365  56.660 0.0000000000
98130  -56.973  -6.733  56.452 0.0000000000
101923  -56.698  -4.035  54.412 0.0000000000
99435  -56.142  -5.660  57.105 0.0000000000
103165  -55.927  -2.705  53.375 0.0000000000
82200  -35.166  -19.068  62.720 0.0000000000
82214  -34.604  -19.431  61.770 0.0000000000
82215  -34.778  -18.518  61.906 0.0000000000
83545  -34.346  -17.747  60.920 0.0000000000
84841  -34.353  -16.800  60.803 0.0000000000
87388  -35.293  -15.176  62.262 0.0000000000
87402  -35.556  -15.110  61.407 0.0000000000
86138  -34.416  -16.376  59.697 0.0000000000
86164  -35.099  -15.842  58.957 0.0000000000
86191  -36.513  -15.057  58.740 0.0000000000
84885  -37.016  -15.724  58.608 0.0000000000
84886  -38.184  -16.076  58.721 0.0000000000
84864  -39.026  -15.061  58.878 0.0000000000
86144  -40.140  -15.142  59.917 0.0000000000
86094  -41.303  -15.025  61.383 0.0000000000
87355  -41.676  -14.840  62.883 0.0000000000
86075  -42.350  -15.379  62.388 0.0000000000
69696  -17.379  -27.983  73.211 0.0000000000
69730  -18.761  -28.079  70.569 0.0000000000
70818  -17.528  -27.580  71.593 0.0000000000
69695  -16.315  -28.175  72.982 0.0000000000
69711  -15.250  -28.460  71.480 0.0000000000
78209  -33.490  -22.508  62.091 0.0000000000
79574  -34.704  -21.175  63.028 0.0000000000
78131  -32.093  -22.445  67.608 0.0000000000
78150  -32.932  -22.582  66.829 0.0000000000
78165  -33.748  -22.363  65.978 0.0000000000
79549  -34.485  -21.705  66.409 0.0000000000
79557  -34.511  -21.816  65.216 0.0000000000
79565  -34.548  -21.697  64.054 0.0000000000
79575  -34.976  -21.089  63.784 0.0000000000
80903  -35.017  -19.819  62.790 0.0000000000
82185  -35.876  -19.003  63.656 0.0000000000
84792  -35.670  -17.545  64.122 0.0000000000
86050  -35.598  -16.113  65.556 0.0000000000
86038  -36.227  -16.099  67.318 0.0000000000
86037  -36.035  -15.914  66.724 0.0000000000
73261  -25.964  -26.025  72.289 0.0000000000
71997  -26.204  -26.927  70.522 0.0000000000
72005  -26.140  -27.222  69.626 0.0000000000
75624  -24.596  -24.153  69.689 0.0000000000
73296  -25.521  -26.422  68.198 0.0000000000
67259  -21.720  -28.720  74.375 0.0000000000
67284  -21.304  -30.249  73.351 0.0000000000
67287  -23.319  -29.149  73.399 0.0000000000
67302  -21.816  -30.966  72.349 0.0000000000
67320  -20.807  -30.854  71.112 0.0000000000
67362  -21.202  -31.209  68.432 0.0000000000
99465  -56.709  -5.797  53.343 0.0000000000
100757  -55.325  -5.223  51.369 0.0000000000
98187  -51.763  -6.281  50.515 0.0000000000
99472  -50.103  -4.876  52.501 0.0000000000
98183  -48.716  -6.731  51.622 0.0000000000
95688  -47.500  -7.991  50.289 0.0000000000
94544  -43.749  -9.617  48.007 0.0000000000
96971  -43.389  -8.307  44.301 0.0000000000
96973  -44.886  -7.571  43.451 0.0000000000
98264  -46.624  -7.076  42.893 0.0000000000
98266  -48.369  -6.679  43.265 0.0000000000
62647  -6.461  -34.015  76.872 0.0000000000
62646  -6.191  -34.819  77.707 0.0000000000
61628  -6.117  -35.362  75.633 0.0000000000
82238  -33.377  -19.590  59.811 0.0000000000
87484  -43.984  -14.650  54.543 0.0000000000
84915  -39.481  -16.698  57.898 0.0000000000
84916  -40.169  -16.513  57.582 0.0000000000
86213  -40.652  -16.348  57.173 0.0000000000
86171  -42.841  -16.085  59.428 0.0000000000
86193  -41.814  -16.300  57.994 0.0000000000
86230  -41.898  -15.847  56.199 0.0000000000
87447  -43.096  -15.550  56.489 0.0000000000
87464  -43.582  -15.124  55.459 0.0000000000
87465  -44.789  -14.727  55.460 0.0000000000
87450  -46.679  -14.630  56.518 0.0000000000
88656  -47.817  -14.358  58.162 0.0000000000
88647  -48.595  -14.236  59.430 0.0000000000
63691  -7.920  -32.861  79.334 0.0000000000
63692  -8.672  -32.453  79.011 0.0000000000
63723  -7.577  -32.939  77.155 0.0000000000
62659  -7.141  -33.765  75.762 0.0000000000
63762  -7.977  -34.317  74.281 0.0000000000
61576  -5.742  -35.431  78.806 0.0000000000
61575  -5.073  -36.093  79.073 0.0000000000
61574  -4.487  -36.256  79.537 0.0000000000
59279  -3.965  -37.894  77.519 0.0000000000
60434  -3.683  -37.368  78.459 0.0000000000
60402  -3.484  -36.660  79.830 0.0000000000
61553  -2.912  -36.087  80.885 0.0000000000
60399  -1.992  -36.174  80.665 0.0000000000
58188  -1.717  -38.842  77.088 0.0000000000
60447  -0.911  -37.394  77.619 0.0000000000
63690  -7.149  -33.250  79.625 0.0000000000
78128  -29.092  -22.310  67.053 0.0000000000
70819  -25.838  -28.072  72.857 0.0000000000
78127  -28.023  -22.288  66.929 0.0000000000
73241  -26.076  -26.355  74.048 0.0000000000
71962  -25.790  -27.128  74.491 0.0000000000
93284  -58.226  -10.650  56.545 0.0000000000
79594  -33.961  -21.116  61.382 0.0000000000
79593  -33.613  -21.224  60.706 0.0000000000
84939  -36.414  -16.908  56.402 0.0000000000
84962  -37.282  -16.804  55.651 0.0000000000
84940  -37.352  -16.816  56.702 0.0000000000
68521  -12.382  -30.039  71.635 0.0000000000
68503  -12.567  -29.860  72.469 0.0000000000
67299  -11.817  -30.343  72.238 0.0000000000
79481  -30.512  -21.473  72.455 0.0000000000
79482  -31.495  -21.459  72.479 0.0000000000
79468  -31.850  -21.171  73.297 0.0000000000
80772  -26.999  -20.375  76.372 0.0000000000
79453  -31.187  -20.944  74.198 0.0000000000
79424  -26.633  -21.167  76.961 0.0000000000
88649  -50.263  -13.623  58.947 0.0000000000
92111  -55.900  -10.682  59.657 0.0000000000
90974  -55.233  -12.159  59.702 0.0000000000
92114  -55.720  -11.689  59.507 0.0000000000
90975  -55.950  -12.263  59.159 0.0000000000
93275  -56.567  -10.203  58.889 0.0000000000
94469  -56.724  -9.409  58.567 0.0000000000
95606  -56.447  -8.746  58.761 0.0000000000
86061  -35.206  -16.178  64.408 0.0000000000
87349  -35.185  -15.522  63.865 0.0000000000
87372  -37.197  -14.578  62.475 0.0000000000
87391  -38.478  -13.960  61.167 0.0000000000
68525  -20.021  -30.021  72.636 0.0000000000
68543  -19.682  -29.503  71.872 0.0000000000
99568  -50.325  -5.212  43.038 0.0000000000
100820  -49.832  -4.764  42.391 0.0000000000
100821  -50.494  -4.361  42.926 0.0000000000
61525  -4.879  -35.421  81.746 0.0000000000
61524  -4.374  -35.603  82.234 0.0000000000
61523  -3.553  -35.741  82.651 0.0000000000
78178  -32.469  -23.306  64.435 0.0000000000
76849  -31.783  -23.522  63.888 0.0000000000
79518  -35.008  -20.957  69.923 0.0000000000
82152  -36.473  -19.184  67.446 0.0000000000
82160  -36.504  -18.941  66.617 0.0000000000
80882  -36.193  -19.658  65.920 0.0000000000
67364  -23.008  -31.626  67.489 0.0000000000
95706  -48.769  -9.351  49.143 0.0000000000
101935  -55.711  -3.610  52.801 0.0000000000
101949  -55.385  -3.741  52.419 0.0000000000
101946  -53.480  -3.509  51.905 0.0000000000
99503  -45.654  -5.431  50.364 0.0000000000
99490  -45.303  -5.503  50.799 0.0000000000
98206  -44.992  -6.124  48.901 0.0000000000
96896  -44.893  -6.474  48.196 0.0000000000
98219  -45.412  -6.292  48.149 0.0000000000
96914  -46.528  -6.792  47.046 0.0000000000
98220  -46.113  -6.288  47.702 0.0000000000
84840  -34.202  -17.109  59.933 0.0000000000
83559  -33.644  -18.114  59.443 0.0000000000
84859  -33.465  -17.772  58.711 0.0000000000
86237  -40.187  -15.955  55.252 0.0000000000
86251  -39.888  -15.688  54.488 0.0000000000
87481  -40.515  -15.381  54.353 0.0000000000
86238  -41.129  -15.763  55.542 0.0000000000
87414  -45.392  -15.493  59.762 0.0000000000
87424  -45.307  -15.428  59.259 0.0000000000
87425  -46.141  -15.248  58.867 0.0000000000
64866  -10.210  -32.051  75.532 0.0000000000
64854  -10.092  -31.347  76.428 0.0000000000
64853  -9.521  -31.799  76.216 0.0000000000
64865  -9.651  -32.518  75.401 0.0000000000
64864  -9.134  -32.988  75.238 0.0000000000
64878  -9.667  -33.079  74.579 0.0000000000
57122  -2.467  -39.559  77.169 0.0000000000
58171  -2.898  -39.047  77.441 0.0000000000
58170  -2.224  -38.664  77.531 0.0000000000
59296  -1.925  -38.259  77.837 0.0000000000
88597  -37.234  -13.919  65.069 0.0000000000
68580  -19.636  -29.967  69.367 0.0000000000
62583  -6.611  -33.948  82.025 0.0000000000
62596  -5.619  -34.391  81.279 0.0000000000
62595  -5.419  -35.054  81.763 0.0000000000
61542  -5.407  -35.047  80.419 0.0000000000
78175  -29.037  -22.911  64.327 0.0000000000
78149  -31.961  -22.923  66.608 0.0000000000
68547  -25.083  -30.670  70.902 0.0000000000
78074  -26.191  -21.533  69.931 0.0000000000
78089  -26.071  -21.913  68.595 0.0000000000
78106  -25.103  -22.780  67.193 0.0000000000
78125  -25.934  -22.471  66.471 0.0000000000
78144  -26.800  -22.331  65.686 0.0000000000
71953  -25.538  -27.185  75.642 0.0000000000
70790  -25.111  -27.735  75.436 0.0000000000
70789  -24.735  -27.765  75.816 0.0000000000
70797  -24.871  -28.051  75.110 0.0000000000
69684  -24.892  -28.565  74.234 0.0000000000
69716  -25.316  -29.791  72.356 0.0000000000
68546  -24.354  -31.054  70.963 0.0000000000
87440  -54.433  -15.169  57.084 0.0000000000
84882  -33.986  -17.046  57.982 0.0000000000
84910  -34.535  -17.073  57.023 0.0000000000
86235  -38.183  -16.789  55.724 0.0000000000
86077  -44.183  -15.595  62.830 0.0000000000
86097  -43.843  -15.796  62.065 0.0000000000
86124  -45.939  -15.562  61.389 0.0000000000
67269  -13.361  -30.135  74.904 0.0000000000
67257  -12.811  -30.570  75.520 0.0000000000
66064  -10.718  -32.406  73.204 0.0000000000
78077  -29.832  -21.499  69.856 0.0000000000
78078  -30.741  -21.797  70.031 0.0000000000
78055  -32.507  -21.536  71.718 0.0000000000
78066  -32.673  -21.712  71.206 0.0000000000
79498  -33.323  -21.378  71.455 0.0000000000
74446  -26.554  -24.812  74.622 0.0000000000
74453  -26.395  -24.892  73.839 0.0000000000
79450  -26.500  -21.281  74.728 0.0000000000
78044  -26.164  -22.038  73.209 0.0000000000
79463  -26.519  -21.178  73.406 0.0000000000
80774  -29.152  -20.536  75.506 0.0000000000
79465  -28.803  -21.102  72.951 0.0000000000
80806  -27.980  -20.797  73.501 0.0000000000
80827  -26.700  -20.680  72.546 0.0000000000
80828  -27.299  -20.692  72.170 0.0000000000
80829  -27.962  -21.013  71.946 0.0000000000
79508  -29.108  -21.279  70.630 0.0000000000
75578  -27.058  -24.112  75.063 0.0000000000
73231  -26.232  -25.314  74.910 0.0000000000
87467  -46.707  -14.383  55.602 0.0000000000
88687  -49.383  -13.537  56.308 0.0000000000
88688  -50.231  -13.555  56.188 0.0000000000
89842  -52.164  -13.484  59.429 0.0000000000
88651  -51.929  -13.789  58.791 0.0000000000
88662  -52.971  -14.271  58.337 0.0000000000
88674  -52.567  -14.515  57.601 0.0000000000
88675  -53.279  -14.743  57.539 0.0000000000
87438  -53.296  -15.040  57.134 0.0000000000
88676  -54.136  -14.661  57.675 0.0000000000
92119  -56.813  -11.812  58.475 0.0000000000
90980  -57.387  -11.997  57.796 0.0000000000
93278  -57.385  -10.309  57.739 0.0000000000
94476  -57.552  -9.581  57.312 0.0000000000
96805  -56.942  -7.616  57.727 0.0000000000
96815  -57.206  -7.599  56.934 0.0000000000
100718  -56.333  -4.846  54.635 0.0000000000
100714  -56.243  -4.871  55.441 0.0000000000
103163  -56.756  -3.241  54.286 0.0000000000
83512  -34.920  -17.847  62.450 0.0000000000
84824  -34.542  -16.838  62.045 0.0000000000
83526  -34.544  -17.708  61.550 0.0000000000
87371  -36.056  -14.885  62.829 0.0000000000
86139  -35.217  -15.301  60.305 0.0000000000
86141  -37.626  -14.350  59.837 0.0000000000
86166  -37.155  -14.831  59.079 0.0000000000
84862  -37.374  -15.188  58.838 0.0000000000
84863  -37.857  -15.175  58.900 0.0000000000
86117  -39.987  -14.331  60.421 0.0000000000
86118  -40.796  -15.061  60.588 0.0000000000
87376  -41.670  -15.074  62.061 0.0000000000
86076  -43.269  -15.550  62.638 0.0000000000
69698  -19.200  -28.543  73.800 0.0000000000
69682  -18.450  -28.285  74.576 0.0000000000
69754  -19.166  -29.296  68.923 0.0000000000
69743  -18.709  -28.598  69.498 0.0000000000
69741  -16.341  -28.316  69.836 0.0000000000
70837  -17.286  -28.033  70.189 0.0000000000
70828  -16.628  -27.985  71.332 0.0000000000
69713  -17.142  -27.836  72.259 0.0000000000
69712  -16.247  -28.028  71.887 0.0000000000
69694  -15.231  -28.363  72.613 0.0000000000
62594  -1.924  -35.163  82.184 0.0000000000
76881  -30.856  -23.639  62.076 0.0000000000
78210  -34.105  -21.760  62.371 0.0000000000
78094  -31.452  -22.047  69.308 0.0000000000
78112  -31.299  -22.197  68.369 0.0000000000
78113  -32.191  -22.143  68.571 0.0000000000
78132  -32.965  -22.208  67.853 0.0000000000
78151  -33.768  -22.125  67.137 0.0000000000
79550  -35.077  -21.029  66.867 0.0000000000
80895  -35.166  -20.179  63.565 0.0000000000
83482  -36.107  -17.853  64.382 0.0000000000
84774  -35.678  -16.957  64.779 0.0000000000
86020  -36.947  -16.247  68.541 0.0000000000
84743  -36.434  -16.500  67.341 0.0000000000
86028  -36.445  -16.111  67.825 0.0000000000
87306  -35.664  -14.710  66.774 0.0000000000
67365  -23.784  -31.638  67.423 0.0000000000
74461  -26.019  -25.040  72.990 0.0000000000
74460  -25.740  -25.159  72.355 0.0000000000
73269  -26.038  -26.123  71.086 0.0000000000
73276  -26.013  -26.291  70.042 0.0000000000
67271  -21.523  -29.075  73.743 0.0000000000
67304  -23.485  -30.372  72.776 0.0000000000
67303  -22.756  -30.954  72.553 0.0000000000
67321  -21.490  -31.149  70.996 0.0000000000
67338  -21.038  -31.335  69.981 0.0000000000
96829  -57.546  -7.709  55.980 0.0000000000
98145  -57.617  -6.988  55.025 0.0000000000
98149  -57.147  -6.432  54.664 0.0000000000
100746  -54.803  -4.398  51.752 0.0000000000
100731  -56.347  -5.281  52.959 0.0000000000
100755  -53.675  -5.078  51.184 0.0000000000
99496  -53.361  -5.696  50.638 0.0000000000
99494  -51.411  -5.712  51.113 0.0000000000
100728  -49.909  -4.193  52.928 0.0000000000
100729  -50.814  -3.971  52.691 0.0000000000
96864  -45.644  -7.098  51.688 0.0000000000
98173  -47.218  -6.542  52.402 0.0000000000
96874  -46.106  -7.696  51.224 0.0000000000
96876  -48.532  -7.381  50.764 0.0000000000
95687  -46.550  -8.146  50.521 0.0000000000
94518  -45.324  -9.231  49.503 0.0000000000
94517  -44.438  -8.847  49.516 0.0000000000
96928  -44.071  -7.476  46.149 0.0000000000
95728  -43.100  -8.362  46.326 0.0000000000
96959  -44.265  -7.575  44.448 0.0000000000
96972  -43.859  -7.998  43.730 0.0000000000
98263  -45.766  -7.339  42.697 0.0000000000
96974  -45.964  -7.377  43.616 0.0000000000
96946  -47.817  -7.104  45.647 0.0000000000
96962  -47.612  -7.273  44.613 0.0000000000
96963  -48.588  -6.946  44.980 0.0000000000
98267  -49.262  -6.364  43.445 0.0000000000
98242  -49.115  -6.182  45.107 0.0000000000
62658  -6.517  -34.461  75.659 0.0000000000
61613  -6.031  -34.854  76.276 0.0000000000
82239  -33.884  -19.433  60.562 0.0000000000
84887  -39.124  -16.315  58.709 0.0000000000
84914  -38.638  -16.789  57.921 0.0000000000
84889  -40.648  -16.445  58.299 0.0000000000
84917  -40.652  -16.391  57.717 0.0000000000
86192  -41.098  -16.319  57.790 0.0000000000
86147  -43.152  -15.991  60.388 0.0000000000
86194  -42.660  -16.171  58.383 0.0000000000
86215  -42.532  -16.009  57.197 0.0000000000
86231  -42.500  -15.742  56.511 0.0000000000
87433  -43.208  -15.770  57.225 0.0000000000
87448  -44.318  -15.284  56.543 0.0000000000
87426  -47.216  -14.819  58.614 0.0000000000
87427  -48.012  -14.425  58.838 0.0000000000
63708  -8.671  -32.187  77.929 0.0000000000
63707  -7.831  -32.796  78.369 0.0000000000
62648  -7.199  -33.377  76.416 0.0000000000
63736  -7.938  -33.233  75.990 0.0000000000
63763  -8.580  -33.926  74.410 0.0000000000
63777  -7.950  -34.671  73.720 0.0000000000
61596  -5.992  -35.457  78.036 0.0000000000
60436  -4.998  -36.993  77.740 0.0000000000
61595  -5.516  -36.215  78.091 0.0000000000
60417  -4.320  -36.930  78.956 0.0000000000
58190  -3.403  -39.228  75.857 0.0000000000
58173  -3.680  -38.601  76.125 0.0000000000
59277  -2.748  -37.795  78.085 0.0000000000
59278  -3.347  -37.803  77.802 0.0000000000
60416  -3.451  -37.124  79.039 0.0000000000
60401  -2.849  -36.626  80.084 0.0000000000
60433  -1.764  -37.370  78.740 0.0000000000
60413  -1.708  -36.438  80.045 0.0000000000
61551  -1.806  -35.584  80.970 0.0000000000
58207  -1.754  -38.932  76.041 0.0000000000
62624  -6.091  -34.648  79.389 0.0000000000
78160  -28.569  -22.606  65.083 0.0000000000
78130  -31.131  -22.542  67.405 0.0000000000
68548  -25.663  -30.081  70.809 0.0000000000
70831  -26.068  -28.123  71.693 0.0000000000
78108  -27.106  -22.056  67.774 0.0000000000
78126  -26.954  -22.230  66.726 0.0000000000
74437  -26.300  -25.591  76.026 0.0000000000
69685  -25.176  -28.256  74.008 0.0000000000
69700  -25.448  -28.654  73.402 0.0000000000
88678  -55.940  -14.509  57.442 0.0000000000
98150  -57.870  -6.995  54.342 0.0000000000
78218  -33.359  -22.268  60.897 0.0000000000
84884  -35.967  -16.220  58.213 0.0000000000
86234  -37.709  -16.695  55.463 0.0000000000
86226  -38.456  -16.900  56.232 0.0000000000
68504  -13.354  -29.559  73.082 0.0000000000
67280  -11.581  -31.042  73.001 0.0000000000
66074  -11.094  -31.880  72.494 0.0000000000
66092  -11.240  -32.426  71.285 0.0000000000
78064  -30.956  -21.671  70.884 0.0000000000
78053  -31.183  -21.616  71.706 0.0000000000
78054  -32.042  -21.607  71.743 0.0000000000
76746  -27.025  -23.066  74.595 0.0000000000
78029  -26.622  -22.173  75.269 0.0000000000
80791  -29.219  -20.694  74.652 0.0000000000
79479  -28.672  -21.167  72.118 0.0000000000
79480  -29.560  -21.329  72.309 0.0000000000
78018  -26.842  -22.292  76.453 0.0000000000
88669  -48.073  -14.129  57.411 0.0000000000
89844  -54.116  -13.273  59.569 0.0000000000
89851  -54.948  -13.649  58.803 0.0000000000
88664  -54.614  -14.198  58.279 0.0000000000
89846  -55.592  -12.693  59.181 0.0000000000
90978  -56.496  -12.315  58.609 0.0000000000
93276  -57.034  -10.232  58.351 0.0000000000
98114  -56.663  -6.728  57.241 0.0000000000
87404  -37.220  -14.394  60.553 0.0000000000
86142  -38.542  -14.259  59.784 0.0000000000
86092  -39.456  -13.824  61.227 0.0000000000
68506  -19.720  -29.179  73.254 0.0000000000
69715  -19.257  -28.685  72.634 0.0000000000
70846  -18.243  -28.361  68.987 0.0000000000
69728  -15.342  -28.611  70.431 0.0000000000
99566  -48.435  -5.857  42.274 0.0000000000
99586  -47.889  -4.652  41.066 0.0000000000
99577  -49.045  -4.984  41.938 0.0000000000
100839  -48.993  -3.950  41.211 0.0000000000
102037  -49.551  -3.205  41.185 0.0000000000
61538  -2.902  -35.831  81.797 0.0000000000
76848  -31.068  -23.560  63.891 0.0000000000
76862  -30.464  -23.586  63.150 0.0000000000
78193  -32.377  -23.436  62.752 0.0000000000
78096  -33.069  -21.902  69.717 0.0000000000
78115  -33.677  -21.650  69.104 0.0000000000
79527  -34.355  -21.350  68.504 0.0000000000
80864  -36.180  -19.860  67.852 0.0000000000
80881  -35.665  -20.389  66.309 0.0000000000
80888  -36.155  -19.434  65.092 0.0000000000
82177  -36.236  -18.710  64.578 0.0000000000
87287  -36.536  -15.441  68.340 0.0000000000
68583  -25.303  -30.512  68.468 0.0000000000
75603  -25.772  -24.215  72.283 0.0000000000
76801  -24.416  -23.413  67.859 0.0000000000
75638  -24.413  -24.349  68.528 0.0000000000
67273  -22.760  -28.742  74.109 0.0000000000
68527  -24.061  -30.608  72.101 0.0000000000
100721  -56.395  -4.676  53.688 0.0000000000
100730  -56.115  -4.506  52.922 0.0000000000
100745  -53.977  -4.383  51.704 0.0000000000
100744  -53.121  -4.282  51.538 0.0000000000
99469  -47.344  -5.321  52.832 0.0000000000
99482  -46.136  -5.309  52.082 0.0000000000
98182  -44.860  -6.035  50.988 0.0000000000
96872  -44.453  -7.435  50.661 0.0000000000
95705  -43.756  -7.783  49.153 0.0000000000
96895  -44.209  -7.020  48.459 0.0000000000
96912  -44.232  -7.279  47.145 0.0000000000
96929  -45.012  -7.340  46.365 0.0000000000
96944  -45.711  -7.407  45.480 0.0000000000
96930  -46.115  -7.220  46.449 0.0000000000
96931  -47.176  -7.077  46.443 0.0000000000
96932  -47.876  -6.783  46.187 0.0000000000
62678  -7.215  -35.678  74.109 0.0000000000
83558  -33.194  -18.314  58.817 0.0000000000
87497  -40.805  -15.117  53.385 0.0000000000
87463  -42.328  -15.366  55.422 0.0000000000
84844  -39.986  -15.839  59.661 0.0000000000
84867  -40.998  -16.504  58.871 0.0000000000
86172  -43.818  -15.666  59.704 0.0000000000
86217  -44.055  -15.720  58.165 0.0000000000
66037  -10.747  -30.986  76.622 0.0000000000
64845  -10.321  -31.289  77.470 0.0000000000
64843  -8.979  -31.819  77.005 0.0000000000
63737  -8.604  -32.876  75.768 0.0000000000
64892  -8.980  -33.888  73.940 0.0000000000
60450  -5.785  -36.812  76.159 0.0000000000
60449  -5.107  -37.101  76.809 0.0000000000
60448  -4.459  -37.458  77.388 0.0000000000
57124  -3.185  -39.686  76.228 0.0000000000
58154  -2.735  -38.254  77.586 0.0000000000
59257  -2.459  -37.354  78.920 0.0000000000
59276  -2.145  -37.815  78.356 0.0000000000
59275  -1.657  -37.555  78.443 0.0000000000
80755  -27.857  -20.148  76.935 0.0000000000
79440  -30.592  -20.727  75.208 0.0000000000
89833  -50.858  -13.464  59.524 0.0000000000
89834  -51.570  -13.347  59.973 0.0000000000
89835  -52.368  -13.097  60.297 0.0000000000
92110  -55.360  -11.087  60.096 0.0000000000
94468  -56.221  -9.357  59.136 0.0000000000
87331  -35.359  -15.174  64.396 0.0000000000
87332  -36.089  -14.325  64.552 0.0000000000
87333  -37.506  -14.139  64.149 0.0000000000
87353  -39.373  -14.102  63.119 0.0000000000
68561  -19.696  -29.694  70.658 0.0000000000
78161  -29.528  -23.024  65.098 0.0000000000
76835  -29.956  -23.269  64.731 0.0000000000
78176  -30.847  -23.427  64.458 0.0000000000
84727  -36.848  -17.459  67.470 0.0000000000
68584  -25.813  -29.857  68.665 0.0000000000
69755  -26.075  -29.154  68.464 0.0000000000
78062  -25.643  -21.652  71.120 0.0000000000
76776  -24.926  -22.956  70.677 0.0000000000
78061  -25.046  -22.222  70.497 0.0000000000
68485  -23.912  -28.251  75.165 0.0000000000
87469  -52.297  -14.633  55.711 0.0000000000
98198  -52.465  -6.692  49.863 0.0000000000
103185  -53.065  -2.674  52.432 0.0000000000
103186  -53.871  -2.864  52.235 0.0000000000
103184  -52.524  -2.887  52.373 0.0000000000
101931  -50.488  -3.175  53.236 0.0000000000
98208  -46.385  -5.597  47.965 0.0000000000
86163  -34.417  -16.460  59.076 0.0000000000
84881  -33.343  -17.692  58.245 0.0000000000
86121  -43.506  -15.985  61.261 0.0000000000
86149  -45.070  -15.899  60.828 0.0000000000
86174  -45.402  -15.637  60.443 0.0000000000
87406  -46.916  -15.260  60.683 0.0000000000
68490  -13.700  -29.413  74.230 0.0000000000
68476  -13.913  -29.464  75.236 0.0000000000
66047  -11.393  -30.916  75.823 0.0000000000
67256  -12.095  -30.871  75.153 0.0000000000
57142  -2.407  -40.114  76.365 0.0000000000
78093  -30.534  -21.984  69.149 0.0000000000
78080  -32.456  -21.945  70.372 0.0000000000
78081  -33.176  -21.747  70.512 0.0000000000
79469  -32.822  -20.877  73.282 0.0000000000
73252  -26.067  -26.390  73.164 0.0000000000
73253  -26.155  -25.684  73.581 0.0000000000
75594  -26.376  -24.181  73.377 0.0000000000
76757  -26.453  -22.995  73.548 0.0000000000
76767  -26.120  -23.723  72.972 0.0000000000
78052  -25.768  -21.868  72.198 0.0000000000
80805  -26.956  -20.798  73.892 0.0000000000
80816  -26.704  -20.833  73.177 0.0000000000
79506  -27.016  -21.160  70.690 0.0000000000
79507  -28.091  -21.186  70.598 0.0000000000
79494  -28.452  -21.147  71.363 0.0000000000
74428  -26.589  -24.945  76.422 0.0000000000
74438  -26.509  -24.987  75.471 0.0000000000
88698  -45.526  -14.417  54.743 0.0000000000
88715  -45.254  -14.361  53.879 0.0000000000
88699  -46.382  -14.300  54.883 0.0000000000
88700  -47.188  -14.161  55.025 0.0000000000
88686  -48.303  -13.894  56.333 0.0000000000
88701  -48.014  -13.934  55.234 0.0000000000
89840  -50.930  -13.509  58.781 0.0000000000
88659  -50.662  -13.672  58.153 0.0000000000
88672  -51.077  -14.011  57.370 0.0000000000
88652  -52.600  -13.842  58.924 0.0000000000
88661  -52.218  -14.169  58.281 0.0000000000
88690  -51.591  -14.220  56.646 0.0000000000
88706  -51.940  -14.370  56.190 0.0000000000
87452  -52.550  -14.752  56.360 0.0000000000
87453  -52.999  -15.026  56.640 0.0000000000
88665  -55.333  -14.140  58.211 0.0000000000
89857  -56.456  -13.853  57.813 0.0000000000
89858  -56.884  -13.325  57.758 0.0000000000
92121  -57.498  -11.809  57.597 0.0000000000
92127  -57.812  -11.453  57.152 0.0000000000
94477  -58.052  -9.710  56.739 0.0000000000
93283  -57.790  -10.427  57.190 0.0000000000
95634  -57.705  -9.008  56.878 0.0000000000
98144  -57.116  -6.652  55.541 0.0000000000
95633  -57.277  -8.583  57.394 0.0000000000
99460  -56.491  -5.776  55.076 0.0000000000
101925  -56.220  -3.827  53.403 0.0000000000
101926  -56.590  -3.790  53.893 0.0000000000
95620  -56.410  -8.120  58.682 0.0000000000
98098  -56.514  -6.979  57.899 0.0000000000
99451  -56.146  -5.198  56.536 0.0000000000
101917  -56.569  -4.149  55.084 0.0000000000
103166  -56.457  -3.197  53.770 0.0000000000
103174  -54.812  -2.577  52.615 0.0000000000
104385  -53.695  -2.104  52.568 0.0000000000
82199  -34.901  -19.669  62.432 0.0000000000
87370  -35.129  -15.306  63.173 0.0000000000
86114  -34.760  -15.759  61.588 0.0000000000
86189  -35.557  -15.956  58.540 0.0000000000
86165  -35.990  -14.895  59.154 0.0000000000
84913  -37.672  -16.620  57.759 0.0000000000
86168  -38.874  -14.353  59.192 0.0000000000
84842  -39.431  -14.840  59.190 0.0000000000
84843  -39.642  -15.158  59.346 0.0000000000
87375  -41.025  -14.469  62.069 0.0000000000
87337  -41.215  -14.524  63.710 0.0000000000
86095  -41.946  -15.682  61.697 0.0000000000
69731  -19.418  -28.594  71.299 0.0000000000
69714  -18.429  -27.603  72.054 0.0000000000
70838  -18.110  -28.087  69.897 0.0000000000
70830  -17.943  -27.539  70.829 0.0000000000
68523  -14.292  -29.111  72.016 0.0000000000
68542  -14.691  -29.033  70.950 0.0000000000
100831  -50.623  -3.655  42.908 0.0000000000
102026  -49.945  -3.229  41.669 0.0000000000
78217  -32.719  -22.963  61.262 0.0000000000
79585  -34.316  -21.115  61.983 0.0000000000
79539  -35.036  -20.958  67.911 0.0000000000
79538  -34.412  -21.508  67.492 0.0000000000
79566  -35.104  -21.088  64.561 0.0000000000
80894  -34.914  -20.574  63.012 0.0000000000
80902  -34.750  -20.316  62.468 0.0000000000
82186  -36.037  -18.288  63.940 0.0000000000
84773  -35.335  -16.723  64.421 0.0000000000
86062  -35.406  -16.222  64.952 0.0000000000
86049  -35.303  -15.559  65.007 0.0000000000
84742  -36.668  -17.137  66.994 0.0000000000
87297  -36.217  -15.451  67.849 0.0000000000
86027  -36.142  -15.735  67.437 0.0000000000
87316  -35.449  -14.791  65.726 0.0000000000
71989  -26.224  -27.056  71.426 0.0000000000
70847  -26.110  -28.211  69.076 0.0000000000
75613  -24.950  -23.656  70.589 0.0000000000
75625  -25.064  -24.512  70.384 0.0000000000
74474  -25.100  -24.992  69.820 0.0000000000
74485  -24.920  -25.109  69.033 0.0000000000
74497  -25.254  -25.695  68.654 0.0000000000
74486  -25.492  -25.770  69.358 0.0000000000
73284  -25.917  -26.595  69.150 0.0000000000
72016  -25.980  -27.382  68.528 0.0000000000
68494  -21.225  -28.648  74.540 0.0000000000
67270  -20.974  -29.415  73.553 0.0000000000
67283  -20.625  -30.147  73.154 0.0000000000
67300  -20.558  -30.314  72.531 0.0000000000
68496  -23.618  -28.721  74.103 0.0000000000
67274  -23.243  -28.714  73.952 0.0000000000
67286  -22.813  -29.686  73.378 0.0000000000
67285  -22.129  -30.094  73.427 0.0000000000
67301  -20.993  -30.607  72.172 0.0000000000
67319  -20.602  -30.681  70.976 0.0000000000
67337  -20.563  -30.877  70.494 0.0000000000
67361  -20.618  -31.056  69.478 0.0000000000
96830  -58.061  -8.345  55.641 0.0000000000
98153  -57.283  -6.415  53.804 0.0000000000
99473  -56.183  -5.335  52.278 0.0000000000
99474  -56.729  -5.936  52.473 0.0000000000
99497  -54.250  -5.689  50.604 0.0000000000
98197  -51.403  -6.730  50.043 0.0000000000
101945  -52.508  -3.418  51.959 0.0000000000
100742  -51.398  -4.498  52.035 0.0000000000
99485  -51.351  -5.222  51.631 0.0000000000
99471  -49.393  -5.245  52.648 0.0000000000
99483  -49.732  -5.740  52.115 0.0000000000
98176  -49.827  -6.068  51.691 0.0000000000
98185  -50.316  -6.363  50.991 0.0000000000
96877  -49.772  -7.016  50.527 0.0000000000
96884  -49.017  -7.886  49.940 0.0000000000
94520  -47.366  -9.282  49.348 0.0000000000
94528  -45.696  -9.842  48.694 0.0000000000
93358  -44.256  -10.190  46.513 0.0000000000
94543  -43.144  -8.741  48.172 0.0000000000
94560  -43.268  -9.270  46.145 0.0000000000
94585  -43.673  -9.373  44.529 0.0000000000
98277  -46.305  -6.648  42.188 0.0000000000
98278  -47.171  -6.507  42.411 0.0000000000
96975  -47.001  -7.278  43.713 0.0000000000
98265  -47.523  -6.824  43.069 0.0000000000
98279  -48.126  -6.211  42.531 0.0000000000
98280  -48.766  -6.323  42.912 0.0000000000
99557  -49.502  -6.072  43.091 0.0000000000
98268  -49.918  -5.892  44.105 0.0000000000
63722  -7.070  -33.370  77.876 0.0000000000
62637  -6.528  -34.009  78.153 0.0000000000
61639  -6.506  -35.916  74.802 0.0000000000
61627  -6.112  -36.307  75.622 0.0000000000
80935  -33.736  -20.218  60.620 0.0000000000
80934  -33.356  -20.419  59.977 0.0000000000
84941  -38.275  -16.857  56.738 0.0000000000
84942  -39.179  -16.853  57.132 0.0000000000
84888  -39.912  -16.415  58.488 0.0000000000
84943  -39.704  -16.674  57.308 0.0000000000
86228  -39.916  -16.508  56.610 0.0000000000
86229  -40.895  -16.128  56.298 0.0000000000
86146  -42.061  -16.165  60.190 0.0000000000
86170  -41.708  -16.455  59.101 0.0000000000
86214  -41.498  -16.173  57.104 0.0000000000
86239  -41.677  -15.601  55.536 0.0000000000
87437  -47.269  -14.550  57.517 0.0000000000
63749  -7.970  -33.870  75.125 0.0000000000
62669  -7.330  -34.389  74.987 0.0000000000
64893  -9.378  -33.514  73.453 0.0000000000
62636  -6.177  -34.746  78.540 0.0000000000
61557  -5.523  -35.233  79.648 0.0000000000
61556  -4.919  -35.640  79.955 0.0000000000
61555  -4.261  -36.114  80.250 0.0000000000
59315  -4.252  -38.284  75.851 0.0000000000
59298  -4.119  -38.025  76.753 0.0000000000
60435  -4.261  -37.409  78.086 0.0000000000
59297  -3.533  -38.169  77.219 0.0000000000
60403  -4.025  -36.691  79.573 0.0000000000
61554  -3.546  -36.187  80.629 0.0000000000
61552  -2.371  -35.870  81.067 0.0000000000
60400  -2.295  -36.434  80.374 0.0000000000
57141  -1.879  -39.757  76.292 0.0000000000
59295  -1.567  -37.978  77.851 0.0000000000
59259  -3.153  -37.429  78.356 0.0000000000
60415  -2.836  -37.054  79.311 0.0000000000
61536  -1.926  -35.217  81.760 0.0000000000
68526  -20.549  -30.365  72.071 0.0000000000
68545  -20.703  -30.536  71.675 0.0000000000
70816  -16.612  -28.004  71.646 0.0000000000
70817  -16.912  -27.882  71.647 0.0000000000
70829  -17.155  -27.721  71.045 0.0000000000
70836  -16.704  -28.042  70.685 0.0000000000
70845  -17.579  -28.188  69.320 0.0000000000
70856  -17.758  -28.491  68.464 0.0000000000
70857  -18.314  -28.594  68.363 0.0000000000
71943  -25.079  -27.455  76.371 0.0000000000
71952  -25.129  -27.584  75.826 0.0000000000
76834  -29.717  -23.196  64.754 0.0000000000
78045  -26.468  -22.184  73.717 0.0000000000
78082  -33.591  -21.523  70.459 0.0000000000
79497  -32.766  -21.502  71.665 0.0000000000
80804  -26.734  -20.925  73.492 0.0000000000
83497  -35.891  -17.900  63.936 0.0000000000
86143  -39.387  -14.574  59.593 0.0000000000
86150  -45.682  -15.614  60.915 0.0000000000
86190  -35.952  -15.370  58.501 0.0000000000
86212  -40.259  -16.465  57.120 0.0000000000
87439  -53.658  -15.135  57.130 0.0000000000
87446  -42.466  -15.639  56.146 0.0000000000
87480  -39.724  -15.579  53.990 0.0000000000
88650  -51.634  -13.718  58.708 0.0000000000
88691  -52.330  -14.574  56.725 0.0000000000
89848  -51.088  -13.595  58.454 0.0000000000
89849  -51.250  -13.602  58.644 0.0000000000
89850  -54.395  -13.840  58.799 0.0000000000
90979  -57.107  -12.387  58.054 0.0000000000
92115  -56.342  -11.242  59.095 0.0000000000
93345  -44.399  -10.155  47.283 0.0000000000
93346  -45.129  -10.286  47.462 0.0000000000
94516  -44.089  -8.583  49.479 0.0000000000
94519  -46.385  -9.352  49.434 0.0000000000
94525  -43.320  -8.487  48.560 0.0000000000
94526  -43.695  -8.705  48.994 0.0000000000
94527  -44.565  -9.476  48.862 0.0000000000
94545  -44.827  -9.989  48.060 0.0000000000
94546  -45.568  -10.206  47.926 0.0000000000
94553  -43.095  -9.098  47.177 0.0000000000
94554  -43.688  -9.782  46.847 0.0000000000
94561  -43.803  -9.915  45.917 0.0000000000
94574  -43.456  -9.406  45.250 0.0000000000
94575  -44.076  -10.035  44.978 0.0000000000
95684  -44.442  -7.886  50.388 0.0000000000
95686  -45.580  -8.173  50.615 0.0000000000
95693  -44.204  -8.165  49.910 0.0000000000
95694  -45.002  -8.631  50.111 0.0000000000
95695  -45.975  -8.739  50.039 0.0000000000
95696  -47.026  -8.687  49.871 0.0000000000
95697  -48.387  -8.614  49.635 0.0000000000
95699  -50.442  -8.104  49.362 0.0000000000
95704  -43.405  -8.025  48.385 0.0000000000
95719  -43.156  -8.211  47.431 0.0000000000
95734  -43.167  -8.695  45.417 0.0000000000
95745  -43.350  -8.813  44.685 0.0000000000
96804  -56.511  -7.555  58.313 0.0000000000
96844  -57.598  -7.279  55.408 0.0000000000
96863  -44.909  -7.056  51.360 0.0000000000
96865  -46.642  -7.158  51.897 0.0000000000
96866  -47.680  -7.087  51.737 0.0000000000
96867  -48.284  -6.941  51.612 0.0000000000
96873  -45.177  -7.663  51.123 0.0000000000
96875  -47.163  -7.603  51.099 0.0000000000
96878  -50.334  -6.834  50.365 0.0000000000
96883  -44.182  -7.225  49.707 0.0000000000
96885  -49.512  -7.550  50.071 0.0000000000
96886  -50.594  -7.441  49.773 0.0000000000
96911  -43.503  -7.705  46.780 0.0000000000
96927  -43.495  -7.801  45.980 0.0000000000
96941  -43.208  -7.993  45.387 0.0000000000
96942  -43.812  -7.627  45.300 0.0000000000
96943  -44.662  -7.474  45.361 0.0000000000
96957  -43.206  -8.293  44.837 0.0000000000
96958  -43.510  -7.854  44.611 0.0000000000
96961  -46.390  -7.349  44.576 0.0000000000
96976  -47.850  -7.134  43.697 0.0000000000
98158  -46.614  -5.832  52.470 0.0000000000
98160  -47.743  -5.950  52.826 0.0000000000
98161  -48.582  -5.882  52.736 0.0000000000
98170  -44.892  -6.741  51.355 0.0000000000
98171  -45.221  -6.505  51.482 0.0000000000
98172  -46.234  -6.182  52.185 0.0000000000
98174  -48.216  -6.542  52.248 0.0000000000
98175  -49.159  -6.173  52.128 0.0000000000
98181  -44.654  -6.695  51.140 0.0000000000
98184  -49.390  -6.623  51.293 0.0000000000
98186  -51.066  -6.259  50.669 0.0000000000
98192  -44.501  -6.576  50.383 0.0000000000
98193  -44.943  -5.768  50.105 0.0000000000
98194  -45.763  -5.644  49.499 0.0000000000
98196  -50.726  -6.683  50.327 0.0000000000
98233  -47.453  -6.697  46.610 0.0000000000
98253  -48.615  -7.076  44.024 0.0000000000
98269  -50.249  -5.571  44.435 0.0000000000
99452  -56.368  -5.771  56.110 0.0000000000
99468  -46.703  -5.448  52.479 0.0000000000
99470  -48.234  -5.209  53.082 0.0000000000
99481  -45.539  -5.710  51.544 0.0000000000
99484  -50.531  -5.473  51.898 0.0000000000
99486  -56.018  -5.495  51.663 0.0000000000
99493  -50.818  -5.915  51.137 0.0000000000
99495  -52.416  -5.830  50.690 0.0000000000
99502  -45.245  -5.522  50.435 0.0000000000
99506  -53.084  -6.071  50.005 0.0000000000
99558  -49.884  -5.811  43.386 0.0000000000
99576  -47.972  -5.528  41.753 0.0000000000
100724  -46.768  -5.130  52.493 0.0000000000
100725  -46.982  -4.976  52.587 0.0000000000
100738  -46.630  -5.009  52.355 0.0000000000
100741  -50.569  -4.614  52.449 0.0000000000
100743  -52.276  -4.351  51.616 0.0000000000
100750  -46.399  -4.785  51.981 0.0000000000
100751  -46.774  -4.457  51.586 0.0000000000
100754  -52.793  -5.015  51.084 0.0000000000
100756  -54.541  -5.112  51.235 0.0000000000
100758  -55.726  -5.382  51.534 0.0000000000
100828  -48.630  -4.549  41.414 0.0000000000
100829  -49.464  -4.156  41.728 0.0000000000
101933  -52.230  -2.987  52.364 0.0000000000
101934  -55.261  -3.244  52.581 0.0000000000
101944  -51.900  -3.843  51.927 0.0000000000
101948  -54.970  -3.563  52.204 0.0000000000
102025  -49.403  -3.588  41.321 0.0000000000
103172  -52.229  -2.397  52.746 0.0000000000
103175  -55.404  -2.738  52.876 0.0000000000
104386  -54.203  -2.399  52.477 0.0000000000
