#!ascii label  , from subject 3430 vox2ras=TkReg
1833
83358  -33.649  -18.266  78.908 0.0000000000
96758  -54.646  -7.436  61.373 0.0000000000
89745  -40.648  -13.300  67.354 0.0000000000
71971  -2.449  -28.454  73.261 0.0000000000
68424  -21.060  -27.984  78.154 0.0000000000
79404  -1.692  -20.948  77.956 0.0000000000
77913  -3.986  -22.680  86.575 0.0000000000
88585  -47.397  -13.963  65.278 0.0000000000
84692  -4.867  -17.941  70.236 0.0000000000
63661  -1.122  -34.080  81.517 0.0000000000
79511  -34.962  -20.783  70.899 0.0000000000
80755  -27.857  -20.148  76.935 0.0000000000
76661  -26.905  -22.508  80.462 0.0000000000
106761  -55.322  0.109  54.856 0.0000000000
88559  -43.779  -13.957  66.004 0.0000000000
69669  -16.504  -28.350  75.118 0.0000000000
88470  -4.361  -14.331  76.675 0.0000000000
74436  -6.593  -25.261  76.067 0.0000000000
75610  -5.643  -23.945  71.080 0.0000000000
72012  -3.005  -27.923  68.797 0.0000000000
63610  -8.332  -33.399  84.884 0.0000000000
65938  -4.292  -32.098  87.661 0.0000000000
90881  -37.775  -12.605  69.276 0.0000000000
75508  -24.251  -23.893  82.647 0.0000000000
69673  -23.784  -28.096  75.476 0.0000000000
77939  -3.668  -20.783  81.709 0.0000000000
73184  -4.785  -26.300  80.103 0.0000000000
90935  -51.265  -12.075  63.951 0.0000000000
64788  -10.432  -31.941  81.308 0.0000000000
67226  -12.821  -30.284  78.378 0.0000000000
82093  -1.499  -19.492  73.288 0.0000000000
78123  -6.012  -22.743  67.626 0.0000000000
74314  -6.269  -25.440  90.620 0.0000000000
70695  -2.488  -28.590  85.101 0.0000000000
68430  -0.145  -30.471  78.211 0.0000000000
83367  -34.963  -17.713  77.358 0.0000000000
80759  -32.052  -19.929  76.159 0.0000000000
80794  -34.201  -19.799  74.398 0.0000000000
80730  -30.536  -19.878  78.380 0.0000000000
80775  -29.916  -20.733  75.511 0.0000000000
80704  -29.818  -19.336  80.241 0.0000000000
101891  -54.967  -3.544  58.304 0.0000000000
90963  -52.907  -12.086  61.305 0.0000000000
94457  -54.931  -9.188  60.612 0.0000000000
99415  -55.834  -5.634  58.166 0.0000000000
89763  -42.402  -13.414  66.599 0.0000000000
88553  -37.953  -13.653  66.495 0.0000000000
88599  -39.339  -14.190  64.589 0.0000000000
87337  -41.215  -14.524  63.710 0.0000000000
73238  -4.624  -26.872  74.604 0.0000000000
73259  -5.420  -26.888  72.550 0.0000000000
71993  -2.840  -28.474  70.586 0.0000000000
68620  -2.602  -31.167  67.735 0.0000000000
69748  -1.974  -30.455  69.725 0.0000000000
63651  -8.167  -33.755  82.036 0.0000000000
62566  -6.146  -35.015  83.251 0.0000000000
89689  -38.321  -13.514  71.252 0.0000000000
83407  -37.253  -18.109  71.606 0.0000000000
80852  -36.308  -19.955  68.807 0.0000000000
86008  -37.601  -16.681  70.051 0.0000000000
87276  -37.158  -15.361  68.981 0.0000000000
81977  -26.125  -18.992  84.624 0.0000000000
74428  -26.589  -24.945  76.422 0.0000000000
73199  -25.243  -26.248  78.220 0.0000000000
104368  -50.671  -1.325  53.228 0.0000000000
101956  -47.861  -2.450  50.425 0.0000000000
79339  -3.820  -21.100  83.883 0.0000000000
75520  -5.541  -24.024  81.488 0.0000000000
74345  -4.813  -25.056  83.342 0.0000000000
89793  -49.157  -13.492  64.251 0.0000000000
86078  -44.973  -15.585  62.986 0.0000000000
87378  -46.393  -15.238  62.714 0.0000000000
88624  -49.081  -14.332  62.255 0.0000000000
65953  -12.042  -31.743  84.012 0.0000000000
67182  -12.993  -30.784  82.499 0.0000000000
83353  -2.012  -18.350  78.788 0.0000000000
84655  -0.941  -17.647  76.887 0.0000000000
80766  -1.563  -20.233  75.512 0.0000000000
74510  -6.132  -25.945  67.114 0.0000000000
76799  -5.636  -22.921  69.299 0.0000000000
75690  -6.179  -25.050  66.222 0.0000000000
71830  -8.554  -26.540  90.578 0.0000000000
64762  -2.282  -33.741  84.877 0.0000000000
68357  -2.579  -30.151  87.081 0.0000000000
67168  -0.837  -31.340  83.465 0.0000000000
69596  -0.920  -29.558  81.564 0.0000000000
65988  -0.816  -32.140  80.424 0.0000000000
82094  -35.691  -19.482  73.166 0.0000000000
80662  -27.026  -19.672  83.344 0.0000000000
82006  -29.227  -19.175  81.976 0.0000000000
79399  -27.080  -21.287  78.862 0.0000000000
106775  -52.813  0.535  53.197 0.0000000000
104364  -55.784  -1.591  53.839 0.0000000000
88583  -45.847  -14.172  65.367 0.0000000000
87339  -43.187  -14.926  63.968 0.0000000000
68480  -20.607  -28.519  75.204 0.0000000000
68451  -18.987  -28.749  76.788 0.0000000000
85990  -4.739  -16.577  73.735 0.0000000000
76710  -4.400  -22.465  76.772 0.0000000000
76742  -4.612  -21.879  74.494 0.0000000000
75592  -6.314  -24.097  73.201 0.0000000000
73283  -6.930  -26.697  69.798 0.0000000000
72034  -2.875  -27.578  66.172 0.0000000000
65935  -8.764  -31.545  87.343 0.0000000000
67139  -7.264  -31.199  89.274 0.0000000000
64736  -6.335  -32.160  86.455 0.0000000000
62549  -4.175  -34.646  84.284 0.0000000000
89727  -39.146  -12.830  68.352 0.0000000000
88551  -36.200  -14.159  67.193 0.0000000000
71892  -22.706  -26.969  80.678 0.0000000000
76651  -25.952  -23.103  81.884 0.0000000000
73185  -23.979  -26.374  79.312 0.0000000000
68456  -22.126  -27.652  76.540 0.0000000000
83336  -2.086  -18.172  80.395 0.0000000000
83318  -3.110  -18.373  81.951 0.0000000000
79375  -3.535  -20.308  79.614 0.0000000000
76678  -5.250  -22.978  79.204 0.0000000000
74416  -6.079  -25.650  78.341 0.0000000000
73217  -2.868  -27.002  76.137 0.0000000000
93237  -53.054  -10.061  62.884 0.0000000000
89818  -50.826  -13.255  61.793 0.0000000000
65946  -10.389  -31.845  85.723 0.0000000000
64775  -9.810  -33.440  83.362 0.0000000000
63678  -8.780  -32.951  79.835 0.0000000000
69632  -17.349  -29.214  77.756 0.0000000000
68418  -15.337  -29.749  79.217 0.0000000000
67201  -14.384  -30.353  80.913 0.0000000000
65997  -11.436  -30.746  79.397 0.0000000000
64833  -10.009  -31.873  78.222 0.0000000000
88460  -2.816  -14.889  78.536 0.0000000000
85977  -2.584  -16.427  75.733 0.0000000000
83397  -3.031  -18.325  72.168 0.0000000000
78051  -4.014  -21.396  72.582 0.0000000000
79504  -4.002  -21.016  70.863 0.0000000000
82137  -4.311  -20.510  68.447 0.0000000000
77903  -4.387  -23.268  88.773 0.0000000000
69544  -5.188  -29.105  89.551 0.0000000000
73107  -3.760  -26.616  88.233 0.0000000000
73115  -3.599  -26.073  86.232 0.0000000000
71866  -2.850  -27.319  82.926 0.0000000000
71908  -1.852  -27.484  79.166 0.0000000000
70788  -1.614  -29.142  75.435 0.0000000000
61610  -0.439  -36.090  77.581 0.0000000000
63735  -0.630  -33.795  76.238 0.0000000000
67333  -2.559  -31.770  71.269 0.0000000000
83359  -34.257  -18.034  78.432 0.0000000000
84636  -34.209  -16.914  79.838 0.0000000000
82059  -32.341  -19.405  77.119 0.0000000000
82061  -33.933  -18.493  77.334 0.0000000000
82048  -32.151  -19.316  77.942 0.0000000000
80744  -31.735  -19.717  76.995 0.0000000000
83343  -33.123  -17.803  80.276 0.0000000000
82028  -32.209  -18.587  80.003 0.0000000000
99379  -55.025  -5.688  60.089 0.0000000000
93252  -54.026  -10.035  62.065 0.0000000000
92103  -53.880  -11.338  61.262 0.0000000000
95585  -54.818  -8.334  61.020 0.0000000000
98086  -55.453  -6.602  59.689 0.0000000000
89746  -41.908  -13.016  67.473 0.0000000000
90899  -42.668  -12.490  67.752 0.0000000000
90885  -41.931  -12.110  68.353 0.0000000000
88576  -39.158  -14.132  65.421 0.0000000000
88543  -40.524  -13.644  66.523 0.0000000000
88556  -40.894  -13.950  65.915 0.0000000000
73248  -3.030  -27.548  73.065 0.0000000000
73257  -3.398  -27.625  72.238 0.0000000000
71985  -2.877  -28.659  71.541 0.0000000000
70843  -2.594  -29.854  70.155 0.0000000000
70834  -3.161  -29.885  70.987 0.0000000000
63676  -7.090  -33.079  80.491 0.0000000000
62597  -6.492  -33.491  81.036 0.0000000000
84683  -37.923  -16.646  72.164 0.0000000000
84687  -37.555  -17.486  71.090 0.0000000000
86003  -38.179  -16.057  71.508 0.0000000000
87269  -37.872  -15.422  70.104 0.0000000000
104399  -50.206  -0.122  51.794 0.0000000000
103182  -48.650  -1.724  52.276 0.0000000000
103199  -47.584  -2.282  48.848 0.0000000000
79331  -3.813  -21.411  85.128 0.0000000000
76623  -4.026  -23.121  83.926 0.0000000000
76616  -3.994  -23.253  85.006 0.0000000000
89792  -48.488  -13.613  64.690 0.0000000000
90925  -49.214  -12.257  65.414 0.0000000000
87342  -46.019  -14.840  64.389 0.0000000000
87377  -45.799  -15.328  62.938 0.0000000000
88614  -47.358  -14.678  64.076 0.0000000000
88615  -48.013  -14.619  63.575 0.0000000000
67171  -13.413  -30.382  83.615 0.0000000000
67172  -14.111  -29.899  83.146 0.0000000000
69602  -21.482  -28.143  80.495 0.0000000000
68411  -20.142  -28.577  79.107 0.0000000000
86000  -5.975  -16.917  71.933 0.0000000000
80718  -0.748  -19.635  78.391 0.0000000000
82051  0.016  -19.076  77.983 0.0000000000
79418  -1.738  -20.737  76.974 0.0000000000
73323  -4.564  -26.543  65.700 0.0000000000
75682  -6.122  -25.410  66.815 0.0000000000
73329  -4.729  -26.604  65.034 0.0000000000
74316  -9.998  -25.436  90.200 0.0000000000
71836  -9.263  -27.511  89.798 0.0000000000
63635  -1.484  -33.796  83.497 0.0000000000
64760  -1.177  -32.817  84.125 0.0000000000
64786  -1.148  -33.102  82.242 0.0000000000
65979  -0.797  -31.994  81.671 0.0000000000
64798  -0.967  -33.111  80.998 0.0000000000
83386  -35.528  -18.396  75.085 0.0000000000
80795  -34.684  -19.574  74.043 0.0000000000
83387  -36.125  -18.215  74.556 0.0000000000
83392  -37.024  -17.997  73.544 0.0000000000
80728  -28.291  -20.032  78.440 0.0000000000
80702  -28.094  -20.054  79.784 0.0000000000
80739  -27.110  -20.393  78.092 0.0000000000
78018  -26.842  -22.292  76.453 0.0000000000
106777  -54.025  0.694  53.469 0.0000000000
103143  -56.012  -2.861  56.539 0.0000000000
101911  -56.277  -3.833  56.350 0.0000000000
105552  -55.526  -0.472  54.441 0.0000000000
105560  -53.604  -0.361  52.966 0.0000000000
88560  -44.654  -13.853  65.951 0.0000000000
89751  -46.155  -12.698  66.703 0.0000000000
89750  -45.548  -12.850  66.994 0.0000000000
88579  -42.313  -14.141  65.207 0.0000000000
87338  -42.131  -15.060  63.931 0.0000000000
87320  -43.698  -14.540  64.644 0.0000000000
87321  -44.597  -14.538  64.720 0.0000000000
89647  -5.293  -13.504  76.447 0.0000000000
88481  -6.088  -15.030  75.222 0.0000000000
87239  -4.828  -16.027  75.928 0.0000000000
78014  -6.336  -23.154  76.530 0.0000000000
76732  -6.103  -22.837  75.641 0.0000000000
75585  -6.740  -24.615  74.541 0.0000000000
71995  -4.218  -27.775  70.192 0.0000000000
73275  -6.740  -26.717  70.804 0.0000000000
72003  -4.542  -27.811  69.293 0.0000000000
72022  -4.833  -27.391  67.558 0.0000000000
72020  -3.257  -27.748  68.016 0.0000000000
70869  -2.695  -28.765  66.809 0.0000000000
65944  -8.634  -32.149  86.390 0.0000000000
65939  -7.578  -31.869  87.270 0.0000000000
64744  -7.553  -32.525  85.831 0.0000000000
62581  -5.284  -35.170  82.531 0.0000000000
62550  -4.979  -34.557  84.130 0.0000000000
61509  -4.222  -35.521  82.934 0.0000000000
62563  -3.475  -35.296  83.635 0.0000000000
90882  -38.742  -12.381  69.053 0.0000000000
89724  -37.192  -13.942  68.929 0.0000000000
88530  -36.358  -14.576  68.149 0.0000000000
89725  -37.409  -13.194  68.797 0.0000000000
89742  -37.557  -13.207  68.051 0.0000000000
75499  -23.686  -23.831  83.357 0.0000000000
73147  -23.010  -25.665  82.486 0.0000000000
73156  -23.439  -25.554  81.730 0.0000000000
79363  -27.312  -21.111  82.129 0.0000000000
79356  -26.890  -21.056  82.945 0.0000000000
77956  -26.580  -22.533  81.530 0.0000000000
71933  -24.995  -27.111  77.437 0.0000000000
73186  -24.417  -26.070  79.211 0.0000000000
70774  -24.182  -27.600  77.786 0.0000000000
69637  -23.153  -27.070  77.854 0.0000000000
69660  -22.905  -27.882  76.244 0.0000000000
67261  -22.405  -28.580  74.762 0.0000000000
80665  -4.170  -19.857  82.664 0.0000000000
80675  -3.879  -19.325  81.136 0.0000000000
80686  -3.576  -19.180  80.699 0.0000000000
77958  -3.800  -20.981  80.341 0.0000000000
77967  -3.726  -22.077  79.211 0.0000000000
76652  -4.534  -22.567  80.730 0.0000000000
74379  -5.416  -25.850  81.306 0.0000000000
74395  -5.894  -25.305  79.946 0.0000000000
73197  -4.942  -26.111  78.986 0.0000000000
73209  -4.722  -26.319  77.910 0.0000000000
73196  -3.924  -26.544  78.678 0.0000000000
92063  -52.217  -10.695  63.309 0.0000000000
94432  -52.710  -9.333  63.261 0.0000000000
93223  -52.019  -10.184  63.871 0.0000000000
89807  -50.291  -13.324  63.009 0.0000000000
88625  -49.914  -13.912  62.028 0.0000000000
89808  -51.210  -12.743  62.949 0.0000000000
90944  -52.229  -11.497  62.465 0.0000000000
68364  -10.814  -30.302  86.113 0.0000000000
65971  -11.675  -32.361  82.829 0.0000000000
65961  -10.718  -32.365  84.237 0.0000000000
64776  -10.365  -33.245  82.619 0.0000000000
63641  -9.761  -33.433  81.917 0.0000000000
64799  -9.999  -32.481  80.762 0.0000000000
69670  -17.520  -28.441  75.360 0.0000000000
69648  -18.127  -29.083  77.326 0.0000000000
69657  -16.555  -28.747  76.073 0.0000000000
68448  -14.350  -29.831  77.060 0.0000000000
68432  -15.179  -29.944  78.251 0.0000000000
67228  -14.582  -30.056  78.999 0.0000000000
67210  -14.844  -30.097  80.085 0.0000000000
67217  -13.866  -30.077  79.382 0.0000000000
65990  -12.375  -30.425  80.499 0.0000000000
66006  -11.999  -30.008  78.972 0.0000000000
64845  -10.321  -31.289  77.470 0.0000000000
89633  -2.209  -14.537  79.165 0.0000000000
83383  -0.580  -18.176  75.244 0.0000000000
85980  -1.381  -16.859  75.630 0.0000000000
84672  -1.193  -17.966  73.962 0.0000000000
85988  -2.865  -16.813  73.989 0.0000000000
83404  -2.182  -19.101  72.291 0.0000000000
76754  -5.209  -22.995  73.423 0.0000000000
76752  -4.495  -21.485  74.001 0.0000000000
76774  -4.829  -22.470  71.828 0.0000000000
78105  -5.469  -22.226  68.853 0.0000000000
78071  -4.414  -21.804  70.440 0.0000000000
78104  -4.988  -21.781  69.145 0.0000000000
80841  -3.532  -20.764  70.087 0.0000000000
80861  -4.551  -21.563  68.076 0.0000000000
80862  -4.781  -21.276  67.341 0.0000000000
76599  -4.884  -23.814  89.827 0.0000000000
65931  -5.614  -32.035  88.665 0.0000000000
68349  -6.123  -30.087  89.631 0.0000000000
67136  -4.899  -30.689  89.018 0.0000000000
69556  -2.372  -29.687  86.215 0.0000000000
70689  -3.136  -28.591  87.444 0.0000000000
71846  -3.013  -27.479  87.065 0.0000000000
74325  -3.346  -26.191  87.074 0.0000000000
71852  -2.926  -27.562  84.817 0.0000000000
73120  -3.686  -26.863  84.305 0.0000000000
70700  -2.445  -28.213  84.126 0.0000000000
68417  -0.280  -30.466  79.236 0.0000000000
70746  -1.102  -28.716  80.800 0.0000000000
70762  -0.925  -28.941  78.776 0.0000000000
71930  -1.090  -28.386  77.004 0.0000000000
69655  -0.731  -29.843  76.623 0.0000000000
61625  -0.501  -36.217  76.808 0.0000000000
62645  -0.260  -34.413  77.024 0.0000000000
84661  -35.700  -17.575  76.402 0.0000000000
79441  -31.685  -20.579  74.987 0.0000000000
79455  -33.001  -20.379  74.085 0.0000000000
80778  -33.306  -19.905  75.276 0.0000000000
82071  -34.903  -18.338  75.928 0.0000000000
80741  -28.637  -20.115  77.604 0.0000000000
80757  -30.147  -20.605  76.229 0.0000000000
79425  -30.782  -20.514  75.815 0.0000000000
80717  -30.541  -19.410  79.534 0.0000000000
104347  -55.537  -1.943  56.726 0.0000000000
90969  -54.346  -12.085  60.374 0.0000000000
93271  -55.632  -10.147  59.857 0.0000000000
95605  -56.057  -8.353  59.177 0.0000000000
96790  -55.745  -7.482  59.439 0.0000000000
100684  -55.517  -4.851  58.189 0.0000000000
89764  -43.366  -13.402  66.542 0.0000000000
90901  -44.283  -12.350  67.539 0.0000000000
90900  -43.455  -12.421  67.620 0.0000000000
92020  -43.433  -11.186  68.330 0.0000000000
88596  -36.297  -13.922  65.485 0.0000000000
88597  -37.234  -13.919  65.069 0.0000000000
88598  -38.343  -14.087  64.797 0.0000000000
87335  -39.542  -14.222  63.933 0.0000000000
87336  -40.264  -14.303  63.728 0.0000000000
88600  -40.041  -14.272  64.353 0.0000000000
88557  -41.870  -13.861  65.915 0.0000000000
73239  -5.778  -26.293  74.982 0.0000000000
73251  -6.322  -26.061  73.983 0.0000000000
73250  -5.534  -26.666  73.758 0.0000000000
71987  -3.953  -27.687  71.103 0.0000000000
72001  -2.937  -28.279  69.668 0.0000000000
70863  -2.576  -29.401  67.909 0.0000000000
70854  -2.354  -29.788  69.072 0.0000000000
69760  -1.927  -30.593  68.875 0.0000000000
63639  -8.224  -34.066  83.035 0.0000000000
63624  -7.500  -34.143  84.165 0.0000000000
62567  -7.126  -34.460  83.051 0.0000000000
90866  -37.894  -12.791  70.164 0.0000000000
80837  -36.302  -20.074  70.756 0.0000000000
80851  -35.746  -20.566  69.343 0.0000000000
82121  -36.603  -19.427  70.235 0.0000000000
83424  -36.775  -18.644  69.231 0.0000000000
83433  -37.051  -17.731  68.537 0.0000000000
86013  -37.441  -16.426  69.521 0.0000000000
88522  -37.547  -14.765  69.559 0.0000000000
79345  -25.231  -21.268  84.206 0.0000000000
75545  -26.500  -23.549  78.781 0.0000000000
75544  -26.136  -24.110  78.955 0.0000000000
74418  -26.083  -25.300  77.550 0.0000000000
71944  -25.470  -26.856  76.712 0.0000000000
103170  -49.995  -1.943  53.389 0.0000000000
101942  -47.660  -3.110  51.960 0.0000000000
99505  -47.304  -4.597  49.443 0.0000000000
99516  -46.742  -5.341  47.404 0.0000000000
79349  -3.937  -20.547  82.515 0.0000000000
76644  -4.372  -22.703  81.695 0.0000000000
76633  -4.180  -23.003  82.771 0.0000000000
75501  -4.875  -24.331  82.766 0.0000000000
73163  -4.929  -26.294  81.896 0.0000000000
90934  -50.569  -12.399  64.285 0.0000000000
92054  -50.240  -11.165  65.173 0.0000000000
86123  -45.446  -15.684  61.705 0.0000000000
87405  -46.295  -15.448  61.075 0.0000000000
87406  -46.916  -15.260  60.683 0.0000000000
87380  -47.668  -15.060  61.993 0.0000000000
88616  -48.961  -14.180  63.340 0.0000000000
67158  -11.886  -30.645  85.404 0.0000000000
67162  -12.430  -31.035  84.815 0.0000000000
67170  -12.582  -31.236  83.528 0.0000000000
65972  -12.079  -31.666  82.209 0.0000000000
68476  -13.913  -29.464  75.236 0.0000000000
67238  -12.452  -30.338  77.565 0.0000000000
87204  -1.816  -16.025  79.505 0.0000000000
87210  -2.213  -16.312  78.844 0.0000000000
84649  -1.605  -17.953  77.696 0.0000000000
82073  -0.311  -18.872  75.913 0.0000000000
80802  -1.092  -19.754  74.540 0.0000000000
75650  -6.690  -25.117  68.721 0.0000000000
76784  -5.367  -23.378  70.620 0.0000000000
75649  -6.446  -24.572  68.289 0.0000000000
76811  -6.371  -24.171  67.797 0.0000000000
76820  -6.371  -24.004  67.039 0.0000000000
75475  -10.099  -24.425  90.684 0.0000000000
74310  -9.103  -25.286  91.091 0.0000000000
73092  -7.328  -25.909  90.927 0.0000000000
64739  -3.116  -32.957  86.364 0.0000000000
67149  -3.628  -31.376  87.505 0.0000000000
65949  -2.263  -32.421  85.714 0.0000000000
67153  -1.872  -31.085  85.691 0.0000000000
69565  -1.655  -29.872  84.614 0.0000000000
69585  -1.573  -29.259  82.906 0.0000000000
68378  -0.915  -30.443  83.050 0.0000000000
67199  -0.424  -31.256  80.846 0.0000000000
67215  -0.259  -31.309  78.830 0.0000000000
79499  -34.240  -20.890  71.612 0.0000000000
79470  -33.697  -20.333  73.362 0.0000000000
79485  -34.380  -20.235  72.463 0.0000000000
80830  -35.418  -20.040  71.918 0.0000000000
82103  -36.394  -19.135  72.331 0.0000000000
84676  -37.517  -17.059  73.047 0.0000000000
79364  -27.562  -20.648  81.650 0.0000000000
82016  -29.278  -19.101  81.185 0.0000000000
80692  -28.192  -20.006  80.590 0.0000000000
77974  -27.060  -22.047  79.348 0.0000000000
76702  -26.927  -22.776  78.105 0.0000000000
103150  -56.619  -3.691  55.349 0.0000000000
104371  -53.383  -1.287  52.891 0.0000000000
105558  -51.762  -0.407  53.218 0.0000000000
88584  -46.683  -14.012  65.566 0.0000000000
89769  -47.447  -12.943  66.006 0.0000000000
89768  -46.678  -13.070  66.156 0.0000000000
87354  -40.600  -14.298  62.920 0.0000000000
87357  -43.682  -15.276  63.384 0.0000000000
87341  -45.041  -15.060  64.276 0.0000000000
68466  -20.538  -28.230  76.019 0.0000000000
68452  -19.684  -28.369  76.899 0.0000000000
68465  -19.837  -28.535  76.034 0.0000000000
69683  -19.220  -28.575  74.745 0.0000000000
87250  -6.048  -15.936  73.501 0.0000000000
84681  -4.890  -17.426  72.338 0.0000000000
77995  -2.904  -21.601  77.561 0.0000000000
78010  -2.641  -21.366  76.450 0.0000000000
76721  -4.383  -22.394  75.984 0.0000000000
76744  -5.702  -23.173  74.447 0.0000000000
75601  -6.232  -24.235  72.356 0.0000000000
74459  -6.772  -25.511  73.351 0.0000000000
74473  -6.879  -25.634  71.313 0.0000000000
75637  -6.769  -25.100  70.670 0.0000000000
74495  -6.574  -26.105  68.156 0.0000000000
69547  -8.368  -29.181  89.284 0.0000000000
67146  -8.199  -31.391  88.447 0.0000000000
65933  -7.293  -31.875  88.058 0.0000000000
64735  -5.358  -32.302  86.648 0.0000000000
63608  -6.258  -33.908  85.193 0.0000000000
63607  -5.345  -33.603  85.324 0.0000000000
63599  -4.215  -33.307  85.920 0.0000000000
63622  -3.128  -34.336  85.033 0.0000000000
62561  -2.147  -34.735  83.742 0.0000000000
62593  -1.625  -34.863  81.962 0.0000000000
89728  -40.195  -12.905  68.218 0.0000000000
90870  -41.142  -11.569  68.773 0.0000000000
90869  -40.335  -11.680  69.085 0.0000000000
79539  -35.036  -20.958  67.911 0.0000000000
87316  -35.449  -14.791  65.726 0.0000000000
88541  -38.734  -13.614  67.086 0.0000000000
71881  -22.333  -27.295  81.593 0.0000000000
69614  -21.998  -27.828  79.701 0.0000000000
81978  -26.681  -18.821  84.387 0.0000000000
77929  -25.688  -21.651  83.354 0.0000000000
76642  -25.314  -23.046  82.703 0.0000000000
75535  -25.618  -24.101  80.165 0.0000000000
74384  -24.739  -24.999  80.440 0.0000000000
73164  -23.805  -25.555  80.824 0.0000000000
71902  -23.126  -26.619  79.929 0.0000000000
69624  -22.354  -27.102  78.801 0.0000000000
68439  -21.523  -27.545  77.145 0.0000000000
68467  -21.231  -28.101  75.970 0.0000000000
98222  -47.883  -5.937  46.246 0.0000000000
98236  -49.553  -5.423  45.313 0.0000000000
99540  -50.581  -4.930  45.137 0.0000000000
83345  -2.065  -17.926  79.627 0.0000000000
80706  -1.946  -19.353  79.042 0.0000000000
81997  -2.559  -18.041  81.232 0.0000000000
80696  -2.698  -19.269  79.735 0.0000000000
79383  -2.851  -20.768  79.016 0.0000000000
77980  -3.674  -22.092  78.189 0.0000000000
76696  -5.167  -22.879  78.165 0.0000000000
76713  -6.548  -23.797  77.979 0.0000000000
76663  -5.321  -23.053  80.278 0.0000000000
75543  -6.559  -24.637  79.095 0.0000000000
74426  -6.611  -25.201  77.011 0.0000000000
73229  -5.522  -26.268  76.226 0.0000000000
73227  -3.698  -26.922  75.407 0.0000000000
73226  -2.811  -27.351  75.164 0.0000000000
94443  -53.637  -9.283  62.304 0.0000000000
87407  -47.720  -14.973  60.498 0.0000000000
88640  -49.224  -13.867  60.189 0.0000000000
89827  -50.830  -13.378  60.530 0.0000000000
89819  -51.730  -12.479  61.972 0.0000000000
92091  -52.995  -11.200  61.943 0.0000000000
67155  -9.487  -31.520  86.651 0.0000000000
64746  -9.208  -32.628  85.545 0.0000000000
65947  -11.026  -31.749  85.252 0.0000000000
65951  -10.437  -32.305  84.977 0.0000000000
64763  -9.700  -33.278  84.088 0.0000000000
63664  -8.798  -33.232  80.723 0.0000000000
68435  -18.659  -29.048  77.901 0.0000000000
68421  -19.008  -28.918  78.736 0.0000000000
68420  -17.748  -29.057  79.293 0.0000000000
69646  -16.434  -29.140  77.132 0.0000000000
68433  -16.337  -29.354  78.185 0.0000000000
68408  -16.622  -29.384  80.175 0.0000000000
68398  -15.559  -29.902  81.060 0.0000000000
68397  -14.736  -30.217  81.483 0.0000000000
67183  -14.021  -30.088  82.658 0.0000000000
67191  -13.319  -30.639  81.460 0.0000000000
65980  -11.785  -30.848  81.253 0.0000000000
64789  -10.812  -31.143  80.789 0.0000000000
66017  -11.140  -30.828  78.335 0.0000000000
64813  -11.007  -31.397  79.144 0.0000000000
64812  -10.409  -31.773  79.478 0.0000000000
63679  -9.426  -32.540  79.467 0.0000000000
89641  -3.374  -14.376  77.925 0.0000000000
87218  -2.364  -16.079  77.947 0.0000000000
87228  -3.338  -16.164  77.088 0.0000000000
88473  -3.877  -15.785  76.703 0.0000000000
85983  -3.536  -16.448  74.539 0.0000000000
84675  -3.824  -17.337  73.217 0.0000000000
84684  -4.191  -18.072  71.092 0.0000000000
78024  -3.070  -20.921  75.474 0.0000000000
79462  -3.416  -20.510  74.029 0.0000000000
79476  -2.830  -20.393  72.703 0.0000000000
78060  -4.765  -22.257  71.309 0.0000000000
79491  -3.483  -20.768  71.976 0.0000000000
80825  -2.456  -20.110  72.356 0.0000000000
82112  -2.868  -19.651  71.242 0.0000000000
82119  -3.305  -19.693  70.161 0.0000000000
83421  -4.080  -18.919  69.840 0.0000000000
82138  -4.893  -19.425  68.326 0.0000000000
69540  -7.498  -29.054  90.053 0.0000000000
70676  -6.419  -28.246  90.290 0.0000000000
71831  -5.404  -26.858  89.969 0.0000000000
69549  -4.267  -29.718  88.396 0.0000000000
70681  -4.652  -28.257  89.218 0.0000000000
73103  -4.815  -26.415  89.520 0.0000000000
75477  -4.077  -24.960  88.743 0.0000000000
75482  -3.866  -24.551  87.135 0.0000000000
75484  -3.891  -24.329  86.293 0.0000000000
74333  -4.072  -24.977  85.063 0.0000000000
73134  -4.452  -26.074  83.566 0.0000000000
73161  -3.365  -26.903  81.400 0.0000000000
70723  -1.647  -28.747  82.267 0.0000000000
71889  -1.956  -27.625  80.909 0.0000000000
73182  -3.039  -26.789  79.460 0.0000000000
73206  -2.055  -27.217  77.714 0.0000000000
71941  -1.414  -28.167  75.891 0.0000000000
71960  -2.752  -28.857  74.244 0.0000000000
61573  -1.148  -35.910  79.862 0.0000000000
60431  -0.824  -36.358  78.511 0.0000000000
62623  -0.712  -35.052  79.403 0.0000000000
63689  -0.330  -34.117  79.101 0.0000000000
63721  -0.382  -33.643  77.230 0.0000000000
64842  -0.824  -32.891  76.613 0.0000000000
64863  -1.022  -33.310  75.310 0.0000000000
67246  -1.490  -31.565  75.591 0.0000000000
67266  -1.884  -31.283  74.184 0.0000000000
69693  -2.833  -30.144  73.694 0.0000000000
69710  -3.310  -30.469  72.510 0.0000000000
68558  -2.318  -31.061  70.536 0.0000000000
66167  -2.535  -33.031  68.922 0.0000000000
84641  -34.612  -17.348  78.844 0.0000000000
83352  -34.027  -17.811  79.297 0.0000000000
82049  -33.368  -18.645  78.227 0.0000000000
82050  -34.023  -18.366  77.935 0.0000000000
82038  -33.219  -18.514  78.994 0.0000000000
83351  -33.284  -18.189  79.518 0.0000000000
82037  -32.472  -18.767  79.240 0.0000000000
83344  -33.649  -17.615  79.834 0.0000000000
98064  -54.897  -6.633  60.981 0.0000000000
100648  -54.699  -4.960  60.087 0.0000000000
99357  -54.612  -5.637  60.902 0.0000000000
94444  -54.168  -9.205  61.883 0.0000000000
94456  -54.521  -9.172  61.236 0.0000000000
96759  -55.075  -7.491  60.731 0.0000000000
89729  -41.126  -12.789  68.056 0.0000000000
88542  -39.732  -13.690  66.836 0.0000000000
73247  -2.443  -27.861  73.650 0.0000000000
71972  -2.547  -28.015  72.633 0.0000000000
71977  -2.905  -28.506  72.392 0.0000000000
70827  -3.195  -29.351  71.470 0.0000000000
71984  -3.292  -29.040  72.021 0.0000000000
62611  -6.471  -33.764  79.946 0.0000000000
84688  -37.874  -16.862  71.320 0.0000000000
77915  -3.880  -22.459  85.575 0.0000000000
88603  -47.881  -14.197  64.623 0.0000000000
90924  -48.540  -12.566  65.607 0.0000000000
89780  -47.967  -13.238  65.374 0.0000000000
88602  -46.953  -14.543  64.780 0.0000000000
87343  -46.744  -14.844  64.016 0.0000000000
68372  -14.170  -29.621  83.445 0.0000000000
69621  -20.800  -28.385  78.883 0.0000000000
68412  -20.564  -28.450  78.978 0.0000000000
68423  -20.667  -28.223  78.424 0.0000000000
84685  -5.174  -17.494  71.551 0.0000000000
84686  -5.853  -17.068  71.328 0.0000000000
79403  -1.218  -20.350  78.361 0.0000000000
79417  -1.140  -20.463  77.708 0.0000000000
70683  -9.061  -28.411  89.237 0.0000000000
63649  -1.461  -34.086  82.808 0.0000000000
64773  -1.188  -33.196  83.495 0.0000000000
83382  -35.987  -17.947  75.471 0.0000000000
84666  -36.458  -17.501  75.014 0.0000000000
84670  -36.575  -17.743  74.504 0.0000000000
80740  -27.716  -20.086  77.832 0.0000000000
80754  -27.007  -20.353  77.386 0.0000000000
106763  -54.419  0.622  53.888 0.0000000000
105547  -55.672  -0.907  55.420 0.0000000000
104352  -55.838  -2.015  55.987 0.0000000000
105554  -55.105  0.019  53.918 0.0000000000
89766  -45.102  -13.362  66.489 0.0000000000
89765  -44.264  -13.401  66.525 0.0000000000
88580  -43.270  -14.222  65.282 0.0000000000
88581  -44.184  -14.219  65.319 0.0000000000
89643  -4.741  -13.191  77.037 0.0000000000
88471  -4.877  -13.891  76.503 0.0000000000
88475  -5.305  -14.660  76.019 0.0000000000
75570  -6.840  -24.456  76.453 0.0000000000
76733  -6.774  -23.539  75.917 0.0000000000
75577  -6.828  -24.527  75.468 0.0000000000
72002  -3.630  -27.898  69.479 0.0000000000
71996  -5.134  -27.643  70.115 0.0000000000
72013  -3.864  -27.822  68.571 0.0000000000
70864  -2.691  -28.268  67.922 0.0000000000
64745  -8.471  -32.660  85.747 0.0000000000
64738  -8.047  -32.256  86.272 0.0000000000
63603  -7.703  -33.099  85.429 0.0000000000
62580  -4.733  -35.315  82.945 0.0000000000
90867  -38.299  -12.062  69.793 0.0000000000
79510  -34.083  -21.271  70.577 0.0000000000
89726  -38.159  -12.832  68.519 0.0000000000
76631  -24.467  -23.017  83.531 0.0000000000
74357  -23.370  -24.635  82.785 0.0000000000
74365  -23.740  -24.629  82.066 0.0000000000
79372  -27.291  -21.279  81.375 0.0000000000
77947  -27.027  -21.938  81.812 0.0000000000
77957  -27.041  -22.138  80.978 0.0000000000
70782  -24.400  -27.775  76.734 0.0000000000
69661  -23.554  -27.836  76.214 0.0000000000
70781  -23.729  -27.806  77.234 0.0000000000
68470  -23.085  -28.030  75.948 0.0000000000
68484  -23.415  -28.263  75.322 0.0000000000
79348  -4.052  -20.094  81.995 0.0000000000
80664  -4.095  -19.582  82.011 0.0000000000
79357  -3.945  -20.183  81.617 0.0000000000
77948  -3.745  -20.839  81.218 0.0000000000
77949  -3.931  -21.815  81.052 0.0000000000
73173  -4.879  -26.434  81.020 0.0000000000
74394  -5.398  -25.897  80.483 0.0000000000
73183  -4.005  -26.571  79.733 0.0000000000
92062  -51.684  -11.057  63.721 0.0000000000
89795  -50.774  -12.827  63.747 0.0000000000
90943  -51.762  -11.869  62.904 0.0000000000
64777  -11.159  -32.510  82.078 0.0000000000
64765  -11.124  -32.813  82.991 0.0000000000
64787  -10.406  -32.989  81.522 0.0000000000
69658  -17.480  -28.798  76.313 0.0000000000
67239  -13.645  -30.311  77.686 0.0000000000
68431  -14.545  -30.131  77.753 0.0000000000
67227  -13.975  -30.272  78.526 0.0000000000
67216  -12.984  -30.026  79.119 0.0000000000
89622  -1.569  -14.349  79.439 0.0000000000
82092  -1.085  -19.306  74.051 0.0000000000
84668  -1.166  -17.434  74.706 0.0000000000
83390  -1.347  -18.611  73.650 0.0000000000
83395  -1.842  -18.740  72.903 0.0000000000
82101  -1.938  -19.597  72.564 0.0000000000
76765  -5.114  -23.147  72.357 0.0000000000
76764  -4.816  -22.419  72.772 0.0000000000
76775  -5.163  -23.262  71.461 0.0000000000
79526  -4.954  -21.734  68.748 0.0000000000
79537  -5.386  -22.043  67.969 0.0000000000
80870  -5.132  -21.824  67.389 0.0000000000
79547  -5.769  -22.276  66.913 0.0000000000
75468  -7.142  -24.544  91.086 0.0000000000
75473  -5.269  -24.642  90.145 0.0000000000
64729  -5.203  -32.345  88.043 0.0000000000
67144  -5.104  -31.642  88.591 0.0000000000
65930  -4.859  -32.075  88.190 0.0000000000
69561  -2.315  -29.258  85.548 0.0000000000
70688  -2.779  -28.625  86.863 0.0000000000
70691  -2.559  -28.775  85.955 0.0000000000
71849  -2.762  -27.709  86.007 0.0000000000
69630  -0.499  -29.694  78.535 0.0000000000
69644  -0.455  -29.729  77.542 0.0000000000
68447  -0.447  -30.522  77.236 0.0000000000
59342  -0.974  -38.025  74.628 0.0000000000
60461  -0.794  -37.208  76.502 0.0000000000
60473  -0.889  -37.168  75.261 0.0000000000
84653  -35.599  -17.358  76.935 0.0000000000
80777  -32.439  -20.182  75.388 0.0000000000
80760  -32.862  -19.788  76.085 0.0000000000
83373  -34.501  -18.138  76.998 0.0000000000
82070  -34.278  -18.656  76.228 0.0000000000
83374  -35.105  -17.940  76.441 0.0000000000
80742  -29.724  -20.293  77.430 0.0000000000
80743  -30.799  -20.142  77.191 0.0000000000
80758  -31.200  -20.230  76.234 0.0000000000
80776  -31.711  -20.268  75.668 0.0000000000
82036  -31.371  -19.252  78.912 0.0000000000
80729  -29.266  -20.030  78.394 0.0000000000
103135  -55.055  -2.651  57.792 0.0000000000
104346  -55.155  -1.799  57.362 0.0000000000
89829  -52.468  -12.432  61.194 0.0000000000
89835  -52.368  -13.097  60.297 0.0000000000
89830  -53.033  -12.290  61.051 0.0000000000
93266  -54.703  -9.986  60.861 0.0000000000
90965  -54.080  -11.613  61.004 0.0000000000
92105  -54.869  -10.524  60.533 0.0000000000
92109  -54.733  -11.448  60.358 0.0000000000
94462  -55.383  -9.236  59.958 0.0000000000
94467  -55.765  -8.978  59.484 0.0000000000
95604  -55.546  -8.319  59.725 0.0000000000
100683  -55.183  -4.586  58.636 0.0000000000
99396  -55.462  -5.637  59.047 0.0000000000
101903  -55.426  -3.581  57.659 0.0000000000
89748  -43.867  -12.981  67.152 0.0000000000
89747  -42.968  -13.014  67.238 0.0000000000
92019  -42.611  -11.380  68.436 0.0000000000
90886  -43.012  -11.927  68.117 0.0000000000
88574  -37.114  -13.718  65.952 0.0000000000
87334  -38.686  -14.141  63.947 0.0000000000
88577  -40.224  -14.179  65.128 0.0000000000
89762  -41.384  -13.488  66.605 0.0000000000
88558  -42.840  -13.922  65.973 0.0000000000
73249  -4.358  -27.042  73.377 0.0000000000
71979  -3.514  -27.700  71.754 0.0000000000
71986  -3.123  -27.946  71.220 0.0000000000
71994  -3.377  -27.918  70.369 0.0000000000
70844  -2.619  -29.064  69.866 0.0000000000
68611  -2.076  -31.273  68.379 0.0000000000
68593  -1.776  -31.311  69.218 0.0000000000
63638  -7.807  -34.179  83.587 0.0000000000
62568  -7.518  -34.053  82.298 0.0000000000
89701  -38.087  -13.613  70.585 0.0000000000
82113  -36.551  -19.373  71.138 0.0000000000
82122  -36.884  -18.850  70.494 0.0000000000
84695  -37.478  -17.233  70.184 0.0000000000
83425  -36.972  -18.285  69.608 0.0000000000
83432  -36.786  -18.507  68.763 0.0000000000
84705  -37.261  -17.347  69.307 0.0000000000
84714  -37.178  -16.978  68.734 0.0000000000
88513  -38.020  -14.521  70.314 0.0000000000
79337  -24.920  -21.008  84.687 0.0000000000
79338  -25.493  -20.584  84.323 0.0000000000
75555  -26.669  -23.621  78.175 0.0000000000
75554  -26.258  -24.522  77.927 0.0000000000
74419  -26.440  -24.976  77.065 0.0000000000
104369  -51.611  -1.421  53.125 0.0000000000
103171  -51.158  -2.278  53.210 0.0000000000
101953  -48.060  -2.249  51.484 0.0000000000
101943  -48.284  -2.533  52.691 0.0000000000
101952  -47.456  -3.056  50.898 0.0000000000
100752  -47.192  -3.797  51.310 0.0000000000
99513  -47.342  -4.506  48.964 0.0000000000
101955  -47.553  -3.165  50.001 0.0000000000
77930  -3.841  -21.953  83.248 0.0000000000
75500  -4.473  -24.051  83.502 0.0000000000
74358  -5.263  -25.157  82.631 0.0000000000
73135  -4.922  -25.603  83.085 0.0000000000
89794  -50.038  -13.010  64.122 0.0000000000
90927  -50.662  -11.812  64.613 0.0000000000
90926  -50.049  -12.213  64.922 0.0000000000
86098  -44.726  -15.718  62.270 0.0000000000
87393  -46.305  -15.488  61.881 0.0000000000
87394  -46.983  -15.319  61.536 0.0000000000
87379  -47.027  -15.200  62.366 0.0000000000
88604  -48.572  -14.117  64.157 0.0000000000
89806  -49.592  -13.549  63.502 0.0000000000
68368  -12.894  -29.928  84.705 0.0000000000
67181  -12.437  -31.421  82.878 0.0000000000
67258  -13.475  -30.152  75.865 0.0000000000
67257  -12.811  -30.570  75.520 0.0000000000
85955  -2.307  -16.882  79.115 0.0000000000
84643  -2.118  -17.802  78.517 0.0000000000
80765  -0.943  -19.724  76.170 0.0000000000
82062  0.100  -18.613  76.897 0.0000000000
80785  -0.953  -19.707  75.266 0.0000000000
80786  -1.459  -20.200  74.769 0.0000000000
75635  -6.201  -24.293  69.249 0.0000000000
75681  -6.230  -25.038  66.639 0.0000000000
76821  -6.356  -24.716  67.104 0.0000000000
75698  -6.296  -25.145  65.702 0.0000000000
73099  -8.840  -26.415  90.550 0.0000000000
74315  -9.386  -25.579  90.558 0.0000000000
73094  -8.596  -26.022  90.884 0.0000000000
74309  -8.334  -25.247  91.191 0.0000000000
71828  -7.474  -26.595  90.734 0.0000000000
64748  -2.717  -33.372  85.622 0.0000000000
65942  -2.837  -32.364  86.552 0.0000000000
64747  -2.122  -32.879  85.238 0.0000000000
65959  -0.929  -32.289  83.813 0.0000000000
67159  -1.590  -31.509  84.868 0.0000000000
67169  -1.152  -31.654  84.155 0.0000000000
68366  -1.676  -30.557  85.123 0.0000000000
68370  -1.307  -30.748  84.107 0.0000000000
68379  -1.144  -30.437  83.556 0.0000000000
67180  -0.447  -31.251  82.519 0.0000000000
67207  -0.477  -31.305  79.837 0.0000000000
65996  -0.626  -32.151  79.335 0.0000000000
79509  -33.469  -21.515  70.798 0.0000000000
79498  -33.323  -21.378  71.455 0.0000000000
80793  -33.527  -20.058  74.495 0.0000000000
79456  -33.517  -20.216  73.980 0.0000000000
80807  -33.868  -20.112  73.983 0.0000000000
80809  -34.959  -19.626  73.452 0.0000000000
80820  -35.185  -19.833  72.607 0.0000000000
79486  -34.942  -20.060  72.137 0.0000000000
82102  -35.822  -19.661  72.605 0.0000000000
80821  -35.807  -19.765  72.236 0.0000000000
80790  -28.141  -20.515  74.630 0.0000000000
82005  -28.489  -19.413  82.327 0.0000000000
80681  -27.620  -20.487  81.992 0.0000000000
80682  -28.170  -19.872  81.695 0.0000000000
82017  -30.147  -19.057  81.062 0.0000000000
80694  -29.500  -19.129  80.794 0.0000000000
80713  -27.298  -20.592  79.071 0.0000000000
79390  -27.485  -20.372  79.601 0.0000000000
79381  -27.534  -20.491  80.237 0.0000000000
79389  -27.194  -21.141  79.709 0.0000000000
77987  -26.980  -22.056  78.473 0.0000000000
76725  -27.055  -23.400  76.529 0.0000000000
105577  -51.417  0.408  52.791 0.0000000000
98097  -56.156  -6.676  58.405 0.0000000000
98113  -56.252  -6.340  57.764 0.0000000000
103149  -56.443  -3.068  55.663 0.0000000000
103155  -56.445  -2.672  54.830 0.0000000000
104373  -55.190  -1.603  53.122 0.0000000000
104372  -54.242  -1.478  52.723 0.0000000000
105559  -52.764  -0.413  53.171 0.0000000000
106774  -52.105  0.379  53.102 0.0000000000
105576  -50.881  0.050  52.472 0.0000000000
88562  -46.114  -13.676  65.897 0.0000000000
90903  -45.957  -12.184  67.205 0.0000000000
90902  -45.142  -12.156  67.485 0.0000000000
87356  -42.702  -15.224  63.211 0.0000000000
88582  -45.032  -14.104  65.300 0.0000000000
87322  -45.413  -14.533  64.826 0.0000000000
87323  -45.896  -14.556  64.947 0.0000000000
88482  -6.614  -14.070  74.569 0.0000000000
87244  -5.462  -16.211  74.841 0.0000000000
87249  -5.345  -16.231  73.843 0.0000000000
85991  -5.359  -16.500  73.359 0.0000000000
85995  -4.880  -16.989  72.859 0.0000000000
77996  -3.715  -22.211  77.168 0.0000000000
78012  -3.851  -22.333  76.438 0.0000000000
75584  -6.242  -24.022  74.056 0.0000000000
76755  -5.768  -23.628  73.573 0.0000000000
73260  -6.363  -26.340  73.006 0.0000000000
75623  -6.621  -24.849  71.236 0.0000000000
74484  -7.091  -25.811  70.258 0.0000000000
74483  -7.014  -25.912  69.181 0.0000000000
73282  -6.421  -26.982  68.864 0.0000000000
72029  -3.885  -27.346  66.894 0.0000000000
73305  -4.520  -27.250  67.088 0.0000000000
69780  -2.769  -30.249  67.458 0.0000000000
67141  -8.898  -30.996  88.802 0.0000000000
67147  -8.975  -31.192  88.005 0.0000000000
64737  -7.358  -32.115  86.526 0.0000000000
64732  -6.967  -32.053  87.177 0.0000000000
64731  -6.362  -32.319  87.464 0.0000000000
63597  -5.563  -32.164  86.000 0.0000000000
63623  -6.756  -34.246  84.513 0.0000000000
62538  -5.423  -34.251  84.793 0.0000000000
62537  -4.755  -34.185  84.816 0.0000000000
63606  -4.532  -33.782  85.488 0.0000000000
63605  -3.490  -33.937  85.489 0.0000000000
62535  -3.612  -34.288  85.069 0.0000000000
61522  -2.816  -35.624  82.571 0.0000000000
62562  -2.602  -34.998  84.054 0.0000000000
61521  -2.456  -35.391  82.689 0.0000000000
62577  -1.975  -35.087  82.998 0.0000000000
90883  -39.770  -12.318  68.827 0.0000000000
80843  -36.372  -20.067  69.792 0.0000000000
80863  -35.664  -20.455  68.359 0.0000000000
88538  -36.252  -14.403  67.887 0.0000000000
87296  -35.857  -15.038  67.508 0.0000000000
87306  -35.664  -14.710  66.774 0.0000000000
89743  -38.481  -13.210  67.823 0.0000000000
89744  -39.508  -13.318  67.645 0.0000000000
71882  -23.066  -26.405  81.549 0.0000000000
71876  -22.578  -26.507  82.298 0.0000000000
70741  -22.314  -27.502  80.593 0.0000000000
70749  -22.101  -27.831  80.204 0.0000000000
70755  -22.103  -27.553  79.690 0.0000000000
77946  -26.407  -22.333  82.155 0.0000000000
79355  -26.185  -21.258  83.263 0.0000000000
77937  -26.046  -21.964  82.775 0.0000000000
77936  -25.372  -22.206  83.159 0.0000000000
76650  -25.480  -23.496  82.131 0.0000000000
74410  -25.748  -25.228  78.441 0.0000000000
74398  -25.482  -24.902  79.422 0.0000000000
74397  -24.933  -25.421  79.784 0.0000000000
73175  -24.216  -25.492  80.057 0.0000000000
73165  -24.125  -25.060  80.520 0.0000000000
73174  -23.823  -26.213  79.893 0.0000000000
69650  -22.522  -27.456  76.791 0.0000000000
69636  -22.525  -26.927  78.027 0.0000000000
69649  -21.846  -27.422  76.877 0.0000000000
69635  -21.657  -27.425  77.750 0.0000000000
68455  -21.693  -27.712  76.610 0.0000000000
68454  -21.140  -27.905  76.734 0.0000000000
68468  -21.884  -28.158  75.955 0.0000000000
67260  -22.097  -28.653  74.600 0.0000000000
99527  -46.903  -5.094  46.903 0.0000000000
99539  -50.038  -5.142  45.246 0.0000000000
99531  -50.440  -4.691  45.371 0.0000000000
83327  -2.398  -17.260  80.769 0.0000000000
83335  -2.265  -17.635  80.388 0.0000000000
82030  -2.022  -18.875  79.395 0.0000000000
82020  -2.037  -18.713  80.043 0.0000000000
81988  -3.785  -18.613  82.242 0.0000000000
83317  -2.367  -17.931  82.146 0.0000000000
79365  -3.428  -19.370  80.250 0.0000000000
80685  -3.119  -19.016  80.359 0.0000000000
79374  -3.306  -19.499  79.908 0.0000000000
79382  -2.834  -19.863  79.243 0.0000000000
77979  -3.082  -21.566  78.692 0.0000000000
77966  -3.503  -21.291  79.489 0.0000000000
76662  -4.538  -22.448  79.728 0.0000000000
76677  -4.436  -22.483  78.716 0.0000000000
76712  -5.891  -23.208  77.572 0.0000000000
76697  -5.942  -23.399  78.590 0.0000000000
76653  -5.201  -23.465  81.332 0.0000000000
76654  -5.623  -23.914  81.243 0.0000000000
74407  -5.808  -25.606  79.094 0.0000000000
75542  -6.379  -24.608  79.711 0.0000000000
74408  -6.494  -25.226  78.737 0.0000000000
74417  -6.745  -25.282  77.938 0.0000000000
74425  -6.118  -25.702  77.542 0.0000000000
74435  -6.079  -25.736  76.642 0.0000000000
73220  -5.453  -26.105  77.217 0.0000000000
73208  -3.785  -26.581  77.605 0.0000000000
73218  -3.735  -26.727  76.512 0.0000000000
95572  -53.325  -8.705  62.574 0.0000000000
94433  -53.166  -9.313  62.743 0.0000000000
92008  -41.913  -11.017  69.055 0.0000000000
87395  -47.542  -15.115  61.230 0.0000000000
88632  -48.269  -14.657  61.456 0.0000000000
88633  -49.161  -14.143  61.221 0.0000000000
88634  -49.989  -13.645  60.954 0.0000000000
92077  -52.707  -10.860  62.544 0.0000000000
93238  -53.459  -10.021  62.413 0.0000000000
67156  -10.146  -31.129  86.446 0.0000000000
65945  -9.423  -32.078  86.159 0.0000000000
65950  -9.784  -32.367  85.479 0.0000000000
67161  -11.560  -31.488  85.136 0.0000000000
65952  -11.376  -31.858  84.609 0.0000000000
64764  -10.524  -32.969  83.668 0.0000000000
64752  -10.181  -32.797  84.400 0.0000000000
63626  -9.073  -33.708  83.610 0.0000000000
63653  -9.637  -33.209  81.123 0.0000000000
63652  -8.913  -33.557  81.599 0.0000000000
63677  -7.953  -32.968  80.234 0.0000000000
68436  -19.725  -28.467  77.754 0.0000000000
69647  -17.433  -29.069  77.111 0.0000000000
69633  -17.905  -29.227  77.862 0.0000000000
68434  -17.417  -29.224  78.395 0.0000000000
69645  -15.762  -29.044  76.589 0.0000000000
68463  -14.959  -29.243  76.454 0.0000000000
68450  -15.783  -29.447  77.752 0.0000000000
68419  -16.486  -29.335  79.238 0.0000000000
68407  -15.634  -29.731  80.076 0.0000000000
67202  -15.119  -30.094  80.546 0.0000000000
68389  -14.939  -30.091  82.047 0.0000000000
67192  -14.018  -30.260  81.832 0.0000000000
65998  -12.097  -30.038  79.719 0.0000000000
65989  -11.494  -30.698  80.217 0.0000000000
66038  -11.427  -30.720  76.800 0.0000000000
66028  -11.604  -30.353  78.002 0.0000000000
66016  -10.879  -30.922  77.946 0.0000000000
64834  -10.749  -31.328  78.232 0.0000000000
64822  -10.588  -31.754  78.797 0.0000000000
64821  -10.023  -32.178  79.077 0.0000000000
64811  -9.882  -32.239  79.896 0.0000000000
90770  -1.830  -13.054  78.708 0.0000000000
90786  -2.590  -13.263  78.578 0.0000000000
89635  -3.121  -13.762  78.491 0.0000000000
89640  -3.076  -14.558  78.471 0.0000000000
85966  -2.047  -17.450  77.570 0.0000000000
87217  -2.284  -16.506  78.100 0.0000000000
87226  -2.307  -17.072  77.535 0.0000000000
85976  -2.029  -16.583  76.057 0.0000000000
87236  -2.363  -16.855  76.569 0.0000000000
87237  -2.791  -16.602  76.494 0.0000000000
87229  -3.712  -15.964  76.857 0.0000000000
87238  -3.645  -16.303  76.103 0.0000000000
87242  -3.499  -16.250  75.173 0.0000000000
85982  -2.812  -16.366  74.946 0.0000000000
84679  -2.799  -17.955  72.795 0.0000000000
84674  -3.217  -17.435  73.328 0.0000000000
84680  -4.015  -17.788  72.470 0.0000000000
83406  -3.422  -18.503  71.476 0.0000000000
78025  -3.493  -21.763  75.552 0.0000000000
76729  -4.107  -21.715  74.908 0.0000000000
76763  -4.461  -21.760  73.129 0.0000000000
78043  -4.001  -21.116  73.548 0.0000000000
79461  -2.648  -20.342  73.567 0.0000000000
79477  -3.362  -20.828  73.061 0.0000000000
76791  -5.675  -23.517  69.718 0.0000000000
76783  -4.944  -22.745  71.040 0.0000000000
76790  -5.193  -22.845  70.222 0.0000000000
80826  -2.924  -20.141  71.816 0.0000000000
80835  -3.310  -20.368  71.020 0.0000000000
82126  -3.841  -20.377  69.362 0.0000000000
82120  -3.775  -19.212  69.930 0.0000000000
82127  -4.202  -19.500  69.346 0.0000000000
82128  -4.666  -19.127  69.033 0.0000000000
77907  -4.432  -22.934  88.345 0.0000000000
68351  -7.851  -30.181  89.410 0.0000000000
68346  -7.398  -29.690  89.603 0.0000000000
69545  -5.648  -29.626  89.629 0.0000000000
69539  -6.737  -28.990  90.144 0.0000000000
69537  -5.579  -28.900  89.916 0.0000000000
71832  -6.005  -27.311  90.397 0.0000000000
70682  -5.163  -28.173  89.681 0.0000000000
67148  -2.743  -31.267  87.033 0.0000000000
67142  -3.921  -30.691  87.908 0.0000000000
68358  -3.296  -30.480  87.544 0.0000000000
70685  -3.626  -28.351  87.819 0.0000000000
70680  -4.162  -28.370  88.526 0.0000000000
71837  -4.319  -27.296  88.924 0.0000000000
73102  -4.231  -26.315  88.973 0.0000000000
74319  -4.466  -25.444  89.288 0.0000000000
74318  -4.003  -25.788  88.722 0.0000000000
74328  -3.436  -25.952  86.764 0.0000000000
74326  -3.531  -25.606  87.391 0.0000000000
74329  -3.712  -25.295  86.476 0.0000000000
74331  -3.934  -24.896  85.805 0.0000000000
73118  -3.882  -25.667  85.661 0.0000000000
71854  -2.965  -27.436  83.817 0.0000000000
73133  -3.638  -26.884  83.260 0.0000000000
73150  -4.332  -26.566  82.584 0.0000000000
73149  -3.478  -26.880  82.321 0.0000000000
69584  -1.147  -29.672  82.569 0.0000000000
70736  -1.257  -28.897  81.619 0.0000000000
71898  -1.290  -28.037  79.932 0.0000000000
70747  -1.457  -27.971  80.653 0.0000000000
71899  -1.878  -27.570  80.103 0.0000000000
71900  -2.492  -27.189  80.293 0.0000000000
71909  -2.327  -27.170  79.611 0.0000000000
73181  -2.468  -26.991  78.992 0.0000000000
71920  -1.702  -27.596  78.207 0.0000000000
70780  -1.037  -28.807  76.079 0.0000000000
71950  -2.099  -28.607  74.894 0.0000000000
70796  -2.902  -29.245  75.127 0.0000000000
60460  -0.592  -36.762  77.353 0.0000000000
60446  -0.602  -36.660  78.091 0.0000000000
61593  -0.534  -35.853  78.323 0.0000000000
61594  -0.898  -35.925  78.918 0.0000000000
62635  -0.628  -35.482  78.806 0.0000000000
62622  -0.399  -34.721  78.968 0.0000000000
63688  -0.290  -34.613  78.767 0.0000000000
64831  -0.542  -32.746  77.646 0.0000000000
66044  -1.331  -32.588  75.205 0.0000000000
66045  -1.614  -31.872  75.037 0.0000000000
67255  -1.727  -31.161  75.123 0.0000000000
68502  -2.670  -30.873  73.376 0.0000000000
68520  -3.265  -31.382  72.462 0.0000000000
68539  -3.573  -30.974  71.646 0.0000000000
69726  -3.443  -30.424  71.318 0.0000000000
83360  -34.768  -17.696  77.987 0.0000000000
84647  -35.494  -17.145  78.120 0.0000000000
84646  -34.736  -17.505  78.325 0.0000000000
80745  -32.414  -19.574  76.647 0.0000000000
82060  -33.117  -19.161  76.928 0.0000000000
82047  -31.330  -19.511  78.235 0.0000000000
80731  -31.318  -19.731  77.756 0.0000000000
83342  -32.327  -18.251  80.555 0.0000000000
83350  -32.711  -18.365  79.944 0.0000000000
84635  -33.530  -17.299  80.154 0.0000000000
100667  -54.807  -4.696  59.446 0.0000000000
101875  -54.742  -3.930  58.924 0.0000000000
90955  -53.130  -11.383  61.641 0.0000000000
90964  -53.458  -11.850  61.143 0.0000000000
92093  -54.091  -10.483  61.592 0.0000000000
93253  -54.327  -9.985  61.445 0.0000000000
95593  -55.177  -8.347  60.348 0.0000000000
96774  -55.368  -7.490  60.059 0.0000000000
98077  -55.164  -6.674  60.377 0.0000000000
88575  -38.127  -13.941  65.669 0.0000000000
88554  -38.939  -14.015  66.299 0.0000000000
88555  -39.932  -14.016  66.038 0.0000000000
73237  -3.503  -27.220  74.298 0.0000000000
71978  -2.973  -27.946  72.105 0.0000000000
70835  -2.669  -29.275  70.856 0.0000000000
63663  -7.814  -33.057  81.228 0.0000000000
62584  -7.256  -33.446  81.741 0.0000000000
63662  -7.081  -33.035  81.029 0.0000000000
84682  -37.578  -17.416  71.964 0.0000000000
83415  -37.248  -18.158  70.719 0.0000000000
84696  -37.715  -17.000  70.760 0.0000000000
86009  -37.843  -16.347  70.460 0.0000000000
87263  -38.244  -15.311  70.892 0.0000000000
74437  -26.300  -25.591  76.026 0.0000000000
104383  -50.402  -0.537  52.745 0.0000000000
104382  -50.020  -1.099  53.116 0.0000000000
104398  -49.706  -0.668  52.259 0.0000000000
103191  -49.067  -1.090  51.778 0.0000000000
104426  -48.251  -1.372  48.910 0.0000000000
77922  -3.811  -22.236  84.469 0.0000000000
75492  -4.206  -24.103  84.539 0.0000000000
89782  -49.481  -12.821  64.779 0.0000000000
89781  -48.855  -13.053  65.082 0.0000000000
87359  -45.450  -15.254  63.526 0.0000000000
87360  -46.255  -15.089  63.486 0.0000000000
87361  -47.067  -14.933  63.285 0.0000000000
87362  -47.615  -14.879  62.756 0.0000000000
67163  -13.122  -30.304  84.370 0.0000000000
68371  -13.595  -29.736  84.111 0.0000000000
70739  -21.504  -28.101  81.054 0.0000000000
85997  -6.410  -16.458  72.403 0.0000000000
86001  -6.815  -16.468  71.788 0.0000000000
86004  -6.319  -16.845  71.302 0.0000000000
82039  -1.158  -19.121  78.485 0.0000000000
83361  -1.271  -18.521  78.046 0.0000000000
80732  -0.476  -19.490  78.275 0.0000000000
80748  -0.882  -20.049  77.103 0.0000000000
80749  -1.483  -20.278  76.329 0.0000000000
73316  -5.441  -26.254  66.695 0.0000000000
74524  -5.779  -25.848  66.684 0.0000000000
74523  -5.531  -25.853  66.309 0.0000000000
74538  -5.558  -25.914  65.670 0.0000000000
73100  -9.316  -26.379  90.169 0.0000000000
71835  -8.621  -27.194  90.384 0.0000000000
64774  -1.487  -33.672  83.851 0.0000000000
64761  -1.756  -33.284  84.526 0.0000000000
65970  -0.713  -32.239  82.890 0.0000000000
64810  -0.817  -33.126  79.788 0.0000000000
82081  -34.989  -18.713  75.427 0.0000000000
82085  -34.633  -19.448  74.465 0.0000000000
82086  -35.304  -19.041  74.284 0.0000000000
82087  -36.014  -18.673  74.054 0.0000000000
83391  -36.425  -18.387  73.823 0.0000000000
83388  -36.687  -17.971  74.175 0.0000000000
79439  -29.785  -20.747  75.032 0.0000000000
80716  -29.648  -19.794  79.306 0.0000000000
80703  -28.873  -19.697  79.966 0.0000000000
80715  -28.684  -19.920  79.166 0.0000000000
80727  -27.524  -20.232  78.530 0.0000000000
80726  -27.093  -20.695  78.541 0.0000000000
78002  -26.797  -22.079  77.567 0.0000000000
79411  -26.778  -21.113  78.025 0.0000000000
101904  -55.929  -3.692  57.067 0.0000000000
100707  -56.074  -4.616  56.801 0.0000000000
104357  -56.076  -2.083  55.310 0.0000000000
104361  -56.058  -1.668  54.656 0.0000000000
105562  -55.080  -0.863  53.254 0.0000000000
105561  -54.572  -0.305  53.225 0.0000000000
106776  -53.618  0.508  53.207 0.0000000000
88561  -45.446  -13.758  65.909 0.0000000000
89767  -45.850  -13.227  66.348 0.0000000000
87318  -41.761  -14.446  64.491 0.0000000000
87319  -42.738  -14.518  64.563 0.0000000000
68493  -20.685  -28.788  74.206 0.0000000000
87240  -5.433  -15.760  75.748 0.0000000000
76723  -5.959  -22.900  76.639 0.0000000000
76722  -5.174  -22.518  76.257 0.0000000000
76745  -6.519  -23.716  74.930 0.0000000000
75593  -6.734  -24.687  73.693 0.0000000000
73267  -5.450  -27.221  71.193 0.0000000000
73274  -6.172  -27.357  70.011 0.0000000000
72004  -5.524  -27.622  69.145 0.0000000000
72015  -5.652  -27.346  68.379 0.0000000000
72014  -4.844  -27.656  68.307 0.0000000000
72021  -4.021  -27.601  67.621 0.0000000000
72028  -3.055  -27.578  67.153 0.0000000000
65941  -9.014  -31.781  86.819 0.0000000000
65940  -8.222  -31.921  86.911 0.0000000000
64743  -6.831  -32.367  85.868 0.0000000000
62551  -5.939  -34.704  84.264 0.0000000000
62565  -5.257  -35.041  83.469 0.0000000000
62564  -4.413  -35.123  83.529 0.0000000000
61508  -3.920  -35.454  83.199 0.0000000000
62579  -3.117  -35.657  83.058 0.0000000000
90868  -39.359  -11.756  69.594 0.0000000000
82140  -36.557  -19.139  68.293 0.0000000000
88521  -37.205  -14.554  69.016 0.0000000000
88531  -36.675  -14.471  68.439 0.0000000000
89741  -37.042  -13.628  68.400 0.0000000000
88539  -36.758  -13.635  67.744 0.0000000000
73155  -23.235  -26.009  82.009 0.0000000000
71883  -23.510  -26.034  81.227 0.0000000000
80672  -27.487  -20.312  82.474 0.0000000000
77938  -26.810  -21.743  82.421 0.0000000000
74409  -25.213  -25.636  79.060 0.0000000000
71922  -24.305  -26.880  78.520 0.0000000000
70765  -23.812  -27.304  78.314 0.0000000000
71910  -23.646  -26.618  79.100 0.0000000000
70773  -23.550  -27.366  77.816 0.0000000000
69651  -23.193  -27.346  77.280 0.0000000000
68469  -22.532  -28.022  76.063 0.0000000000
68483  -22.724  -28.491  75.006 0.0000000000
100739  -46.854  -4.520  52.369 0.0000000000
81999  -3.663  -18.754  81.517 0.0000000000
81998  -2.984  -18.375  81.386 0.0000000000
79366  -3.719  -19.795  80.529 0.0000000000
77959  -3.877  -21.937  80.146 0.0000000000
75511  -5.658  -24.755  81.711 0.0000000000
75521  -5.762  -24.471  81.265 0.0000000000
74380  -5.800  -25.252  80.837 0.0000000000
74406  -5.375  -25.877  79.717 0.0000000000
73198  -5.581  -25.841  78.622 0.0000000000
73210  -5.495  -25.974  78.099 0.0000000000
93224  -52.540  -10.119  63.334 0.0000000000
94421  -52.257  -9.424  63.808 0.0000000000
88617  -49.587  -13.887  62.839 0.0000000000
92076  -52.135  -11.216  63.012 0.0000000000
67157  -11.254  -31.088  85.626 0.0000000000
65962  -11.353  -32.259  83.639 0.0000000000
63665  -9.528  -32.916  80.278 0.0000000000
69671  -18.596  -28.647  75.538 0.0000000000
69659  -18.312  -28.862  76.517 0.0000000000
68449  -15.286  -29.545  77.306 0.0000000000
67218  -14.527  -30.053  79.576 0.0000000000
67209  -14.006  -30.188  80.116 0.0000000000
67200  -13.307  -30.486  80.663 0.0000000000
67208  -13.101  -30.055  79.958 0.0000000000
66026  -10.881  -30.922  77.518 0.0000000000
64844  -9.679  -31.571  77.275 0.0000000000
63709  -9.398  -31.976  78.256 0.0000000000
89634  -2.697  -14.154  79.011 0.0000000000
84665  -0.732  -17.281  75.910 0.0000000000
85975  -1.818  -17.121  76.413 0.0000000000
84669  -1.718  -17.042  74.369 0.0000000000
85987  -2.199  -16.827  74.349 0.0000000000
84673  -2.016  -17.675  73.650 0.0000000000
84678  -2.270  -18.257  72.964 0.0000000000
83396  -2.473  -18.598  72.508 0.0000000000
76753  -4.844  -22.144  73.679 0.0000000000
76741  -4.292  -21.536  74.527 0.0000000000
76773  -4.550  -21.924  72.348 0.0000000000
78087  -4.983  -22.323  69.854 0.0000000000
78086  -4.749  -21.837  69.584 0.0000000000
79516  -4.101  -21.438  69.943 0.0000000000
79525  -4.539  -21.566  69.267 0.0000000000
80850  -4.354  -21.299  68.815 0.0000000000
82136  -4.052  -20.854  68.951 0.0000000000
82149  -4.480  -20.929  67.729 0.0000000000
65928  -6.471  -31.800  89.109 0.0000000000
68350  -6.992  -30.321  89.529 0.0000000000
67138  -6.388  -31.056  89.374 0.0000000000
68348  -5.299  -30.138  89.352 0.0000000000
69553  -3.193  -29.335  87.537 0.0000000000
69552  -2.636  -29.433  86.983 0.0000000000
70684  -3.179  -28.079  87.402 0.0000000000
71842  -3.477  -27.369  87.727 0.0000000000
73106  -3.505  -26.859  87.833 0.0000000000
73114  -3.207  -26.642  86.601 0.0000000000
73117  -3.459  -26.655  85.493 0.0000000000
70709  -2.464  -27.911  83.374 0.0000000000
69608  -0.818  -29.627  80.527 0.0000000000
69618  -0.691  -29.685  79.525 0.0000000000
70754  -0.928  -28.829  79.775 0.0000000000
71907  -1.245  -28.141  78.980 0.0000000000
71919  -1.202  -28.237  77.982 0.0000000000
70772  -0.798  -28.994  77.789 0.0000000000
70779  -0.771  -29.062  76.797 0.0000000000
69666  -1.302  -29.890  75.830 0.0000000000
62644  -0.210  -35.164  77.647 0.0000000000
62656  -0.365  -35.677  77.120 0.0000000000
62657  -0.437  -35.142  76.378 0.0000000000
62667  -0.837  -35.274  75.156 0.0000000000
66063  -1.753  -32.349  73.288 0.0000000000
79453  -31.187  -20.944  74.198 0.0000000000
79454  -32.156  -20.715  74.079 0.0000000000
79442  -32.437  -20.397  74.661 0.0000000000
80792  -32.935  -20.166  74.778 0.0000000000
80779  -33.871  -19.824  74.950 0.0000000000
82069  -33.606  -19.410  75.817 0.0000000000
82080  -34.366  -19.372  75.137 0.0000000000
83375  -35.738  -17.809  76.068 0.0000000000
80756  -28.914  -20.330  76.599 0.0000000000
82026  -30.447  -19.117  80.407 0.0000000000
82027  -31.289  -18.880  80.230 0.0000000000
80705  -30.532  -19.213  80.110 0.0000000000
105541  -55.422  -1.110  56.296 0.0000000000
106754  -55.049  0.374  55.452 0.0000000000
105546  -55.193  -0.284  56.038 0.0000000000
90968  -53.743  -12.330  60.589 0.0000000000
89837  -53.897  -12.647  60.314 0.0000000000
90970  -54.939  -11.715  60.159 0.0000000000
94463  -55.812  -9.591  59.567 0.0000000000
96791  -56.160  -7.466  58.875 0.0000000000
99397  -55.856  -6.139  58.685 0.0000000000
98087  -55.859  -6.652  59.057 0.0000000000
100699  -55.727  -4.616  57.567 0.0000000000
103142  -55.541  -2.746  57.202 0.0000000000
90887  -43.862  -11.884  68.061 0.0000000000
87333  -37.506  -14.139  64.149 0.0000000000
87352  -38.008  -14.270  63.198 0.0000000000
87353  -39.373  -14.102  63.119 0.0000000000
88578  -41.322  -14.145  65.169 0.0000000000
89637  -4.055  -12.971  77.635 0.0000000000
74444  -6.125  -25.834  75.796 0.0000000000
74445  -6.506  -25.437  75.081 0.0000000000
73258  -4.189  -27.362  72.058 0.0000000000
73266  -4.583  -27.483  71.292 0.0000000000
70855  -2.660  -28.768  68.865 0.0000000000
69771  -2.470  -30.444  68.263 0.0000000000
63625  -8.380  -34.004  84.004 0.0000000000
62583  -6.611  -33.948  82.025 0.0000000000
62582  -6.057  -34.668  82.300 0.0000000000
62595  -5.419  -35.054  81.763 0.0000000000
90858  -38.076  -12.097  70.666 0.0000000000
80842  -35.755  -20.593  70.334 0.0000000000
82130  -36.776  -18.937  69.913 0.0000000000
82129  -36.631  -19.128  69.328 0.0000000000
83446  -36.857  -18.110  67.601 0.0000000000
83447  -36.993  -17.656  67.983 0.0000000000
86020  -36.947  -16.247  68.541 0.0000000000
86014  -37.710  -15.956  69.914 0.0000000000
87277  -37.542  -15.589  69.620 0.0000000000
89712  -37.399  -14.232  69.266 0.0000000000
77921  -24.831  -21.724  84.313 0.0000000000
76672  -26.829  -22.696  79.894 0.0000000000
76671  -26.334  -23.385  79.623 0.0000000000
76686  -26.438  -23.507  79.075 0.0000000000
73200  -25.704  -25.755  77.880 0.0000000000
74427  -26.209  -25.568  76.774 0.0000000000
73212  -25.726  -26.201  77.293 0.0000000000
71934  -25.412  -26.723  77.259 0.0000000000
71943  -25.079  -27.455  76.371 0.0000000000
70789  -24.735  -27.765  75.816 0.0000000000
69674  -24.295  -28.120  75.318 0.0000000000
101930  -49.181  -3.098  53.279 0.0000000000
103169  -48.964  -2.031  53.159 0.0000000000
101929  -48.093  -3.533  52.790 0.0000000000
100740  -47.249  -3.876  52.254 0.0000000000
100760  -47.035  -4.501  50.861 0.0000000000
99504  -46.713  -5.102  50.056 0.0000000000
99512  -46.928  -4.963  48.635 0.0000000000
100763  -47.266  -4.305  48.549 0.0000000000
101959  -47.533  -2.882  49.355 0.0000000000
77940  -3.859  -21.578  82.022 0.0000000000
76645  -4.768  -23.594  82.247 0.0000000000
76634  -4.561  -23.752  82.833 0.0000000000
75510  -5.389  -24.333  81.968 0.0000000000
74359  -5.618  -25.024  82.023 0.0000000000
74367  -5.411  -25.647  82.043 0.0000000000
92055  -51.026  -11.090  64.541 0.0000000000
92053  -49.649  -11.613  65.443 0.0000000000
86122  -44.476  -15.912  61.459 0.0000000000
88623  -48.276  -14.626  62.567 0.0000000000
68367  -12.210  -30.095  85.281 0.0000000000
65963  -12.168  -31.937  83.207 0.0000000000
64778  -11.178  -31.557  81.584 0.0000000000
69680  -16.426  -28.249  74.050 0.0000000000
69668  -15.492  -28.471  74.823 0.0000000000
68477  -14.680  -28.897  75.564 0.0000000000
68462  -14.125  -29.598  76.191 0.0000000000
67249  -13.474  -30.101  76.827 0.0000000000
67248  -12.764  -30.447  76.488 0.0000000000
67237  -12.040  -30.503  76.937 0.0000000000
88441  -1.148  -15.228  79.715 0.0000000000
88448  -1.883  -15.367  79.202 0.0000000000
85961  -2.285  -17.198  78.295 0.0000000000
83368  -0.382  -18.139  77.507 0.0000000000
84664  -0.113  -17.411  76.314 0.0000000000
82082  -0.781  -19.074  74.872 0.0000000000
75621  -5.821  -24.128  70.202 0.0000000000
76800  -6.125  -23.726  68.775 0.0000000000
75666  -6.403  -25.022  67.446 0.0000000000
76810  -6.091  -23.236  68.243 0.0000000000
78141  -6.240  -23.156  66.686 0.0000000000
75471  -9.466  -24.375  91.116 0.0000000000
75470  -8.721  -24.411  91.249 0.0000000000
75469  -7.928  -24.444  91.231 0.0000000000
74308  -7.599  -25.258  91.147 0.0000000000
74307  -6.914  -25.380  90.959 0.0000000000
64733  -4.112  -32.414  87.073 0.0000000000
67150  -4.027  -31.763  87.648 0.0000000000
65937  -3.628  -32.239  87.099 0.0000000000
65936  -3.138  -31.878  87.161 0.0000000000
67154  -2.279  -31.622  86.178 0.0000000000
65948  -1.825  -32.375  85.051 0.0000000000
67160  -1.937  -31.806  85.518 0.0000000000
68362  -2.269  -30.692  86.360 0.0000000000
68361  -1.992  -30.309  85.810 0.0000000000
69560  -1.974  -29.852  85.473 0.0000000000
70694  -2.043  -29.323  85.013 0.0000000000
70699  -1.925  -29.052  84.299 0.0000000000
69573  -1.413  -29.803  83.499 0.0000000000
69572  -1.163  -29.988  83.034 0.0000000000
68388  -0.572  -30.364  82.118 0.0000000000
67190  -0.208  -31.069  81.676 0.0000000000
68396  -0.533  -30.388  81.174 0.0000000000
68406  -0.521  -30.461  80.216 0.0000000000
67225  -0.339  -31.270  77.850 0.0000000000
79469  -32.822  -20.877  73.282 0.0000000000
79484  -33.541  -20.923  72.440 0.0000000000
80808  -34.333  -19.949  73.628 0.0000000000
79471  -34.259  -20.124  73.118 0.0000000000
79500  -34.899  -20.335  71.674 0.0000000000
80836  -35.623  -20.365  71.230 0.0000000000
80831  -36.119  -19.911  71.652 0.0000000000
82104  -36.918  -18.541  71.956 0.0000000000
83398  -36.634  -18.550  73.148 0.0000000000
83399  -37.108  -18.164  72.525 0.0000000000
80663  -27.987  -19.332  83.218 0.0000000000
80693  -28.852  -19.318  80.780 0.0000000000
80683  -28.812  -19.241  81.401 0.0000000000
79373  -27.614  -20.564  81.032 0.0000000000
79380  -27.263  -21.263  80.594 0.0000000000
77965  -27.098  -21.987  80.173 0.0000000000
76687  -26.804  -22.990  78.946 0.0000000000
75564  -26.783  -24.223  77.136 0.0000000000
76714  -27.018  -23.074  77.344 0.0000000000
100708  -56.229  -4.721  56.152 0.0000000000
101917  -56.569  -4.149  55.084 0.0000000000
104384  -53.161  -1.941  52.779 0.0000000000
104370  -52.573  -1.434  53.029 0.0000000000
105557  -51.078  -0.687  53.052 0.0000000000
89779  -47.231  -13.435  65.657 0.0000000000
90913  -47.232  -12.476  66.354 0.0000000000
89749  -44.735  -12.943  67.127 0.0000000000
87358  -44.585  -15.326  63.533 0.0000000000
87340  -44.139  -14.968  64.101 0.0000000000
88601  -46.292  -14.482  65.053 0.0000000000
68453  -20.456  -28.061  76.833 0.0000000000
68437  -20.485  -28.054  77.633 0.0000000000
68464  -19.168  -28.800  75.943 0.0000000000
68479  -19.774  -28.659  75.139 0.0000000000
69672  -19.235  -28.679  75.238 0.0000000000
68478  -19.219  -28.738  75.481 0.0000000000
69681  -17.464  -28.118  74.333 0.0000000000
87245  -6.382  -15.204  74.347 0.0000000000
85996  -5.753  -16.595  72.740 0.0000000000
85999  -5.359  -17.140  72.312 0.0000000000
79405  -2.288  -21.213  77.818 0.0000000000
77994  -2.228  -21.205  77.345 0.0000000000
78011  -3.286  -22.073  76.482 0.0000000000
78026  -3.782  -22.272  75.914 0.0000000000
76730  -4.351  -22.155  75.254 0.0000000000
76731  -5.135  -22.499  75.322 0.0000000000
76743  -5.073  -22.420  74.431 0.0000000000
75591  -5.663  -23.676  72.796 0.0000000000
75600  -5.571  -23.845  71.926 0.0000000000
74452  -6.644  -25.378  74.197 0.0000000000
73268  -6.385  -26.473  71.887 0.0000000000
74466  -6.746  -25.608  72.376 0.0000000000
75602  -6.808  -24.754  72.806 0.0000000000
75612  -6.614  -24.888  71.930 0.0000000000
75611  -6.168  -24.368  71.544 0.0000000000
75622  -6.274  -24.519  70.761 0.0000000000
75636  -6.592  -24.914  69.843 0.0000000000
73307  -6.080  -26.337  67.564 0.0000000000
73294  -5.917  -26.819  67.962 0.0000000000
73306  -5.359  -26.795  67.220 0.0000000000
73315  -4.504  -26.796  66.461 0.0000000000
70868  -2.670  -29.593  67.184 0.0000000000
68352  -8.716  -30.208  89.104 0.0000000000
67140  -8.202  -31.075  89.183 0.0000000000
65934  -8.148  -31.585  87.667 0.0000000000
67145  -7.669  -31.613  88.861 0.0000000000
65929  -7.108  -31.985  88.922 0.0000000000
65932  -6.435  -32.201  88.399 0.0000000000
64730  -5.632  -32.418  87.800 0.0000000000
64734  -4.738  -32.343  87.251 0.0000000000
63609  -7.266  -33.705  85.004 0.0000000000
63602  -6.928  -33.043  85.479 0.0000000000
63601  -6.028  -32.765  85.620 0.0000000000
63596  -5.182  -32.233  86.144 0.0000000000
64741  -4.622  -32.650  86.348 0.0000000000
64740  -3.731  -32.996  86.311 0.0000000000
64749  -3.282  -33.529  85.890 0.0000000000
63621  -2.647  -34.263  84.769 0.0000000000
62548  -3.323  -34.595  84.694 0.0000000000
62547  -2.836  -34.672  84.538 0.0000000000
63620  -2.082  -33.929  84.526 0.0000000000
63650  -1.717  -34.542  83.089 0.0000000000
62576  -1.687  -34.657  82.724 0.0000000000
90884  -40.762  -12.232  68.548 0.0000000000
92006  -40.074  -11.168  69.576 0.0000000000
79528  -35.009  -20.907  68.916 0.0000000000
88573  -36.151  -13.967  66.340 0.0000000000
88540  -37.747  -13.435  67.305 0.0000000000
70729  -21.862  -27.864  81.533 0.0000000000
70748  -21.817  -28.103  80.521 0.0000000000
69613  -21.579  -28.105  79.841 0.0000000000
69622  -21.239  -28.081  78.678 0.0000000000
80652  -26.218  -19.820  84.193 0.0000000000
79347  -26.444  -20.649  83.400 0.0000000000
80661  -26.364  -20.287  83.702 0.0000000000
79346  -25.870  -20.967  83.816 0.0000000000
77928  -25.196  -22.019  83.804 0.0000000000
76632  -25.090  -22.596  83.338 0.0000000000
76641  -24.720  -23.402  82.866 0.0000000000
76660  -26.396  -23.060  80.744 0.0000000000
75528  -25.639  -23.775  81.286 0.0000000000
75534  -25.208  -24.649  80.421 0.0000000000
75527  -25.165  -24.489  80.945 0.0000000000
75518  -25.032  -24.114  82.013 0.0000000000
74366  -24.214  -24.477  81.720 0.0000000000
75517  -24.303  -24.242  82.105 0.0000000000
74373  -23.778  -24.899  81.423 0.0000000000
71893  -23.370  -26.349  80.687 0.0000000000
71901  -22.673  -26.813  80.128 0.0000000000
70757  -22.933  -26.687  79.229 0.0000000000
70756  -22.370  -27.085  79.352 0.0000000000
69623  -22.027  -27.596  78.991 0.0000000000
69634  -21.230  -27.800  78.023 0.0000000000
68438  -21.167  -27.825  77.539 0.0000000000
68481  -21.365  -28.495  75.173 0.0000000000
68482  -21.963  -28.478  75.280 0.0000000000
98208  -46.385  -5.597  47.965 0.0000000000
98221  -47.073  -6.207  46.993 0.0000000000
98223  -48.345  -5.722  45.965 0.0000000000
98235  -48.745  -5.890  45.701 0.0000000000
99541  -51.185  -4.359  45.060 0.0000000000
84631  -2.304  -17.019  80.197 0.0000000000
82029  -2.017  -18.669  79.098 0.0000000000
80719  -1.287  -19.798  78.682 0.0000000000
79391  -1.383  -20.200  78.660 0.0000000000
83328  -2.366  -17.541  81.062 0.0000000000
82010  -2.874  -18.497  80.840 0.0000000000
82009  -2.425  -18.435  80.574 0.0000000000
80695  -2.210  -19.102  79.601 0.0000000000
80707  -2.230  -19.581  79.228 0.0000000000
79393  -2.350  -21.173  78.372 0.0000000000
76695  -4.400  -22.487  77.697 0.0000000000
76711  -5.147  -22.735  77.182 0.0000000000
76724  -6.518  -23.582  76.860 0.0000000000
75529  -6.131  -24.536  80.420 0.0000000000
76679  -6.140  -23.693  79.703 0.0000000000
76698  -6.500  -24.002  78.876 0.0000000000
75553  -6.825  -24.569  78.390 0.0000000000
75562  -6.868  -24.488  77.439 0.0000000000
73228  -4.714  -26.687  75.784 0.0000000000
73219  -4.672  -26.471  76.879 0.0000000000
73236  -2.661  -27.670  74.216 0.0000000000
71961  -2.224  -28.202  74.171 0.0000000000
95584  -54.360  -8.316  61.665 0.0000000000
98063  -54.424  -6.472  61.575 0.0000000000
96739  -54.160  -7.338  62.140 0.0000000000
90914  -48.018  -12.357  66.284 0.0000000000
88639  -48.431  -14.368  60.408 0.0000000000
88641  -50.066  -13.545  59.886 0.0000000000
89828  -51.661  -13.057  60.988 0.0000000000
89820  -52.249  -12.160  61.799 0.0000000000
90954  -52.669  -11.702  61.786 0.0000000000
67151  -9.403  -31.081  87.182 0.0000000000
64750  -8.879  -32.965  85.315 0.0000000000
68365  -11.473  -30.218  85.607 0.0000000000
64751  -9.457  -32.946  84.912 0.0000000000
63611  -9.003  -33.511  84.338 0.0000000000
68422  -19.901  -28.493  78.491 0.0000000000
68409  -17.480  -29.129  80.229 0.0000000000
69631  -16.882  -29.192  77.563 0.0000000000
68400  -17.608  -29.162  80.653 0.0000000000
68399  -16.892  -29.314  81.068 0.0000000000
68391  -16.678  -29.124  81.681 0.0000000000
65981  -12.657  -30.705  81.116 0.0000000000
65973  -12.567  -30.973  81.706 0.0000000000
66018  -11.788  -30.259  78.355 0.0000000000
66005  -11.339  -30.800  78.808 0.0000000000
64823  -10.988  -31.326  78.692 0.0000000000
64800  -10.232  -31.700  80.331 0.0000000000
63693  -9.413  -32.190  78.699 0.0000000000
63692  -8.672  -32.453  79.011 0.0000000000
89636  -3.453  -13.351  77.934 0.0000000000
89642  -3.846  -13.873  77.328 0.0000000000
88449  -2.052  -14.899  79.103 0.0000000000
88459  -2.399  -15.359  78.558 0.0000000000
87227  -2.570  -16.618  77.344 0.0000000000
88468  -2.971  -15.402  77.899 0.0000000000
88469  -3.652  -15.170  77.101 0.0000000000
88474  -4.246  -15.385  76.423 0.0000000000
87243  -4.179  -16.209  75.149 0.0000000000
85984  -4.306  -16.403  74.381 0.0000000000
85989  -3.784  -16.825  73.726 0.0000000000
85994  -4.238  -17.107  73.201 0.0000000000
79433  -2.215  -20.618  75.938 0.0000000000
78036  -3.812  -21.078  74.667 0.0000000000
78035  -3.256  -20.647  74.954 0.0000000000
79448  -2.517  -20.454  74.752 0.0000000000
80803  -1.620  -20.140  73.936 0.0000000000
80815  -1.965  -20.248  72.975 0.0000000000
78059  -4.373  -21.716  71.520 0.0000000000
78072  -4.755  -22.272  70.757 0.0000000000
82111  -2.494  -19.605  72.017 0.0000000000
83405  -2.667  -18.945  71.741 0.0000000000
83412  -2.959  -19.015  70.877 0.0000000000
83413  -3.734  -18.757  70.470 0.0000000000
84691  -4.273  -18.341  70.488 0.0000000000
83414  -4.312  -18.536  70.113 0.0000000000
83422  -4.669  -18.703  69.534 0.0000000000
82151  -5.517  -19.540  67.398 0.0000000000
82150  -4.999  -20.466  67.328 0.0000000000
70679  -8.741  -28.351  90.002 0.0000000000
70678  -8.027  -28.199  90.259 0.0000000000
68345  -6.863  -29.603  89.795 0.0000000000
70677  -7.241  -28.216  90.338 0.0000000000
71834  -7.755  -27.368  90.499 0.0000000000
71833  -6.934  -27.358  90.546 0.0000000000
73098  -6.684  -26.326  90.687 0.0000000000
73097  -5.860  -26.241  90.388 0.0000000000
67143  -4.511  -31.215  88.291 0.0000000000
68354  -4.265  -30.343  88.270 0.0000000000
68347  -4.590  -30.077  88.915 0.0000000000
69548  -4.027  -29.097  88.161 0.0000000000
69542  -4.199  -28.857  88.499 0.0000000000
71838  -4.961  -27.445  89.547 0.0000000000
73096  -5.318  -26.080  90.041 0.0000000000
74313  -5.616  -25.400  90.271 0.0000000000
74312  -4.977  -25.463  89.918 0.0000000000
75478  -4.505  -24.430  89.275 0.0000000000
76604  -4.360  -23.866  88.676 0.0000000000
74322  -3.743  -25.620  88.185 0.0000000000
75480  -3.913  -24.713  88.000 0.0000000000
76607  -4.285  -23.796  87.725 0.0000000000
76610  -4.069  -23.622  86.853 0.0000000000
76613  -3.850  -23.422  85.974 0.0000000000
75487  -3.985  -24.168  85.457 0.0000000000
74344  -4.370  -25.046  84.144 0.0000000000
73121  -4.033  -25.916  84.726 0.0000000000
73162  -4.202  -26.716  81.662 0.0000000000
73172  -4.096  -26.710  80.723 0.0000000000
70708  -1.949  -28.703  83.307 0.0000000000
71865  -2.248  -27.944  82.625 0.0000000000
70737  -1.536  -28.269  81.358 0.0000000000
71878  -2.075  -27.823  81.746 0.0000000000
71879  -2.724  -27.303  82.039 0.0000000000
71890  -2.640  -27.293  81.146 0.0000000000
73171  -3.240  -26.842  80.470 0.0000000000
73195  -2.998  -26.728  78.387 0.0000000000
73207  -2.675  -26.862  77.277 0.0000000000
71931  -1.778  -27.588  77.077 0.0000000000
71942  -2.179  -27.489  75.965 0.0000000000
71951  -2.044  -27.785  74.970 0.0000000000
71970  -2.942  -29.125  73.521 0.0000000000
61551  -1.806  -35.584  80.970 0.0000000000
62609  -1.278  -34.923  80.636 0.0000000000
60447  -0.911  -37.394  77.619 0.0000000000
60432  -1.283  -36.900  78.757 0.0000000000
63675  -0.895  -34.087  80.239 0.0000000000
63720  -0.104  -34.290  77.679 0.0000000000
63705  -0.147  -33.697  78.143 0.0000000000
64820  -0.466  -32.990  78.746 0.0000000000
66004  -0.513  -32.055  78.347 0.0000000000
66015  -0.638  -31.875  77.544 0.0000000000
63748  -0.809  -34.234  75.319 0.0000000000
64851  -1.001  -32.932  75.838 0.0000000000
66025  -0.927  -32.033  76.782 0.0000000000
67236  -0.750  -31.264  76.956 0.0000000000
68461  -0.947  -30.560  76.320 0.0000000000
68474  -1.555  -30.479  75.555 0.0000000000
69667  -2.113  -29.862  75.204 0.0000000000
67279  -2.258  -31.603  73.275 0.0000000000
68489  -2.321  -30.550  74.354 0.0000000000
69678  -2.757  -29.983  74.688 0.0000000000
70807  -3.020  -29.507  74.123 0.0000000000
70815  -3.024  -29.698  73.077 0.0000000000
71976  -3.082  -29.093  72.719 0.0000000000
70826  -3.444  -29.720  72.004 0.0000000000
69738  -2.689  -30.605  70.486 0.0000000000
67396  -2.070  -32.148  68.653 0.0000000000
61523  -3.553  -35.741  82.651 0.0000000000
62536  -4.010  -34.291  84.994 0.0000000000
62578  -2.707  -35.420  83.192 0.0000000000
62598  -7.109  -33.112  81.332 0.0000000000
62634  -0.372  -35.072  78.625 0.0000000000
63598  -3.814  -33.440  85.908 0.0000000000
63600  -5.012  -32.696  85.827 0.0000000000
63604  -2.913  -33.966  85.391 0.0000000000
63636  -1.829  -34.246  83.814 0.0000000000
63637  -2.265  -34.581  84.100 0.0000000000
63704  -0.144  -34.510  78.351 0.0000000000
64742  -4.911  -32.387  86.227 0.0000000000
64835  -10.963  -31.214  78.470 0.0000000000
65927  -5.971  -31.570  89.169 0.0000000000
65943  -3.311  -32.696  86.633 0.0000000000
65960  -1.361  -32.331  84.435 0.0000000000
66027  -11.427  -30.558  77.628 0.0000000000
66035  -1.304  -32.115  75.827 0.0000000000
66036  -1.545  -31.680  75.413 0.0000000000
67137  -5.443  -31.118  89.118 0.0000000000
67245  -1.292  -31.264  75.942 0.0000000000
67254  -1.653  -30.817  75.382 0.0000000000
67315  -2.914  -31.909  71.531 0.0000000000
68344  -6.418  -29.478  89.925 0.0000000000
68353  -3.874  -29.951  87.919 0.0000000000
68369  -1.008  -30.739  83.557 0.0000000000
68475  -2.077  -30.438  75.037 0.0000000000
68538  -3.318  -31.631  71.409 0.0000000000
69538  -5.932  -29.154  90.047 0.0000000000
69541  -8.144  -28.882  89.909 0.0000000000
69543  -4.369  -29.087  88.814 0.0000000000
69546  -7.837  -29.380  89.603 0.0000000000
69555  -2.089  -29.965  85.848 0.0000000000
69612  -20.657  -28.494  79.564 0.0000000000
69662  -24.256  -27.733  75.987 0.0000000000
69725  -3.243  -31.008  70.810 0.0000000000
69737  -2.710  -30.997  70.529 0.0000000000
70675  -5.646  -28.379  90.047 0.0000000000
70722  -1.179  -29.201  82.033 0.0000000000
70740  -22.166  -27.920  80.986 0.0000000000
70750  -22.299  -27.191  80.077 0.0000000000
70751  -22.618  -26.775  79.761 0.0000000000
70763  -22.660  -26.829  78.778 0.0000000000
70764  -23.279  -26.940  78.447 0.0000000000
70787  -0.964  -29.342  76.088 0.0000000000
71829  -8.162  -26.606  90.659 0.0000000000
71839  -5.419  -27.639  89.955 0.0000000000
71843  -3.876  -27.604  88.245 0.0000000000
71877  -23.020  -26.192  82.115 0.0000000000
71891  -22.407  -27.466  80.967 0.0000000000
71911  -24.062  -26.497  79.038 0.0000000000
71921  -23.774  -27.038  78.658 0.0000000000
71932  -2.367  -27.226  76.613 0.0000000000
71940  -1.056  -28.586  76.452 0.0000000000
71988  -4.691  -27.606  70.789 0.0000000000
73093  -7.929  -25.965  91.007 0.0000000000
73095  -9.070  -25.946  90.689 0.0000000000
73110  -3.404  -26.604  87.479 0.0000000000
73111  -3.524  -26.101  87.857 0.0000000000
73148  -23.327  -25.099  82.243 0.0000000000
73151  -4.994  -25.987  82.682 0.0000000000
73194  -2.232  -27.053  78.296 0.0000000000
73211  -25.364  -26.600  77.564 0.0000000000
73221  -25.982  -26.301  76.284 0.0000000000
73240  -6.340  -25.816  74.555 0.0000000000
73293  -5.346  -27.263  67.834 0.0000000000
74368  -5.691  -25.189  81.541 0.0000000000
74374  -24.358  -24.742  81.095 0.0000000000
74385  -25.221  -24.849  80.074 0.0000000000
74396  -6.294  -25.135  79.355 0.0000000000
74511  -6.345  -25.948  67.618 0.0000000000
75467  -6.564  -24.744  90.799 0.0000000000
75472  -4.785  -24.753  89.729 0.0000000000
75474  -5.969  -24.551  90.498 0.0000000000
75509  -24.858  -23.650  82.590 0.0000000000
75519  -25.551  -23.647  81.853 0.0000000000
75563  -26.366  -24.747  77.406 0.0000000000
75667  -6.485  -25.424  67.845 0.0000000000
76643  -25.926  -22.615  82.387 0.0000000000
76664  -5.792  -23.799  80.748 0.0000000000
76680  -6.459  -24.212  79.374 0.0000000000
77904  -4.562  -23.049  89.231 0.0000000000
77927  -24.593  -22.262  84.084 0.0000000000
78013  -6.319  -22.942  76.250 0.0000000000
78027  -6.544  -23.014  76.014 0.0000000000
78028  -6.514  -23.239  76.320 0.0000000000
78067  -33.184  -21.648  71.008 0.0000000000
79358  -3.698  -20.720  82.009 0.0000000000
79392  -1.874  -20.332  78.816 0.0000000000
79426  -31.194  -20.470  75.584 0.0000000000
79449  -3.329  -20.564  74.632 0.0000000000
79490  -2.963  -20.302  72.244 0.0000000000
80653  -26.724  -19.200  84.026 0.0000000000
80674  -3.405  -18.783  80.913 0.0000000000
80684  -2.433  -18.951  80.120 0.0000000000
80714  -27.862  -20.093  79.102 0.0000000000
80720  -1.819  -19.760  78.931 0.0000000000
80733  -0.451  -20.012  78.106 0.0000000000
80819  -34.625  -19.959  73.045 0.0000000000
80849  -3.986  -21.103  69.368 0.0000000000
81986  -28.190  -18.876  83.757 0.0000000000
81994  -28.683  -19.147  82.950 0.0000000000
82019  -1.984  -18.346  79.830 0.0000000000
82040  -1.771  -19.171  78.830 0.0000000000
82052  -0.356  -19.639  77.522 0.0000000000
82063  -0.314  -19.357  76.915 0.0000000000
82072  0.155  -18.296  76.306 0.0000000000
82079  -33.793  -19.649  75.305 0.0000000000
82095  -36.149  -18.970  73.505 0.0000000000
82114  -36.926  -18.735  71.377 0.0000000000
83307  -2.840  -18.174  82.616 0.0000000000
83366  -34.415  -18.091  77.682 0.0000000000
83376  0.157  -17.857  76.691 0.0000000000
83377  0.078  -17.871  75.870 0.0000000000
83381  -35.372  -18.192  75.736 0.0000000000
83389  -0.930  -18.439  74.368 0.0000000000
84623  -2.029  -16.759  81.009 0.0000000000
84642  -34.965  -16.689  79.021 0.0000000000
84656  -1.334  -17.366  76.573 0.0000000000
85967  -1.951  -17.405  77.017 0.0000000000
85981  -1.819  -16.537  75.042 0.0000000000
86079  -45.411  -15.437  63.005 0.0000000000
86099  -45.382  -15.547  62.546 0.0000000000
87286  -36.239  -14.895  68.077 0.0000000000
87392  -45.876  -15.469  62.357 0.0000000000
88458  -2.199  -15.895  78.679 0.0000000000
88467  -2.508  -15.842  77.894 0.0000000000
88480  -5.744  -15.558  75.614 0.0000000000
90888  -44.568  -11.841  67.957 0.0000000000
90953  -52.142  -11.968  62.207 0.0000000000
92078  -53.166  -10.445  62.402 0.0000000000
92092  -53.526  -10.862  61.801 0.0000000000
92104  -54.429  -10.968  60.975 0.0000000000
93267  -55.148  -10.035  60.329 0.0000000000
95573  -53.812  -8.374  62.278 0.0000000000
98195  -46.384  -5.481  48.953 0.0000000000
98243  -49.859  -5.473  45.100 0.0000000000
98244  -50.439  -5.187  44.961 0.0000000000
99358  -54.951  -6.153  60.603 0.0000000000
99414  -55.509  -5.173  58.515 0.0000000000
99451  -56.146  -5.198  56.536 0.0000000000
99492  -46.719  -4.845  50.957 0.0000000000
99517  -47.380  -5.554  46.637 0.0000000000
100698  -55.372  -4.233  58.075 0.0000000000
100726  -47.601  -4.491  52.853 0.0000000000
100761  -47.381  -4.075  50.273 0.0000000000
100764  -47.490  -3.891  49.255 0.0000000000
101912  -56.522  -4.067  55.705 0.0000000000
103156  -56.730  -3.472  54.947 0.0000000000
103162  -56.310  -2.494  54.103 0.0000000000
103183  -49.242  -1.225  52.881 0.0000000000
103190  -48.627  -1.610  51.382 0.0000000000
104367  -50.242  -1.454  53.292 0.0000000000
105536  -55.198  -1.136  56.942 0.0000000000
105551  -55.251  0.051  54.294 0.0000000000
105555  -55.277  -0.774  53.591 0.0000000000
106755  -55.480  -0.206  55.051 0.0000000000
106760  -54.919  0.506  54.541 0.0000000000
