#!ascii label  , from subject 3430 vox2ras=TkReg
1252
89421  -19.072  -14.253  -5.765 0.5555555820
89439  -19.720  -13.752  -6.113 0.6666666865
90602  -19.541  -12.765  -6.383 0.7777777910
90603  -20.482  -12.698  -6.536 0.7777777910
92846  -19.689  -11.296  -7.047 0.8888888955
92872  -22.852  -11.160  -7.856 0.8888888955
88249  -18.611  -14.575  -4.482 0.5555555820
89420  -18.086  -14.210  -5.634 0.5555555820
90572  -18.188  -12.901  -5.769 0.6666666865
90601  -19.061  -12.413  -6.342 0.8888888955
91713  -21.059  -12.006  -7.052 0.8888888955
91739  -20.883  -11.287  -7.618 0.8888888955
92898  -21.432  -10.483  -8.418 1.0000000000
94036  -23.498  -10.628  -7.863 0.8888888955
95183  -23.802  -9.605  -8.167 1.0000000000
91670  -17.386  -12.205  -4.979 0.7777777910
92831  -17.922  -11.127  -6.352 1.0000000000
94011  -18.170  -10.165  -7.190 1.0000000000
92867  -19.329  -10.389  -7.769 1.0000000000
94052  -20.027  -10.008  -9.119 1.0000000000
94053  -20.875  -9.682  -9.278 1.0000000000
94051  -19.078  -9.668  -9.097 1.0000000000
94075  -20.212  -9.824  -10.143 1.0000000000
95199  -21.542  -9.267  -9.286 1.0000000000
96378  -23.629  -8.626  -8.669 1.0000000000
94076  -20.870  -9.312  -10.007 1.0000000000
96393  -21.847  -8.577  -9.559 1.0000000000
97598  -24.315  -7.802  -8.356 1.0000000000
97622  -22.702  -7.181  -9.597 1.0000000000
98889  -24.083  -6.795  -8.778 0.7777777910
95153  -17.735  -9.164  -5.778 0.8888888955
94030  -18.064  -9.787  -7.983 1.0000000000
94074  -19.378  -9.311  -10.295 1.0000000000
95180  -18.159  -9.029  -7.690 1.0000000000
95216  -18.965  -8.871  -10.686 1.0000000000
96429  -21.112  -7.831  -11.086 1.0000000000
97647  -22.008  -7.281  -9.856 1.0000000000
98915  -23.417  -6.641  -9.337 1.0000000000
98916  -23.962  -6.178  -9.066 0.8888888955
100179  -24.543  -5.662  -8.778 1.0000000000
100180  -25.720  -5.625  -8.176 0.7777777910
100181  -26.727  -5.537  -7.620 0.7777777910
96342  -16.849  -8.039  -5.993 0.5555555820
97594  -17.902  -6.956  -7.542 0.7777777910
96376  -18.042  -7.803  -7.412 0.8888888955
97645  -19.465  -8.041  -10.217 1.0000000000
96428  -18.832  -8.244  -11.408 1.0000000000
97596  -18.685  -7.033  -8.698 0.8888888955
98939  -19.940  -7.093  -9.871 1.0000000000
98964  -20.896  -7.056  -10.275 1.0000000000
100204  -22.462  -5.662  -9.826 1.0000000000
100206  -23.715  -5.623  -9.186 0.8888888955
101493  -22.303  -4.915  -9.665 1.0000000000
101471  -24.116  -4.493  -8.618 0.8888888955
102698  -26.792  -3.488  -7.876 0.7777777910
102699  -27.792  -3.518  -8.194 0.6666666865
98819  -15.294  -6.209  -4.547 0.4444444478
97560  -16.558  -7.129  -5.864 0.7777777910
100148  -16.742  -5.707  -6.144 0.6666666865
100177  -18.108  -5.589  -8.339 0.7777777910
98887  -18.502  -6.429  -8.492 0.8888888955
98938  -19.360  -6.362  -9.689 0.8888888955
98940  -20.680  -6.622  -10.081 1.0000000000
100227  -20.313  -5.704  -9.987 1.0000000000
101515  -21.468  -4.767  -9.886 1.0000000000
102718  -23.009  -3.645  -8.998 0.8888888955
102695  -23.647  -3.586  -8.561 0.7777777910
102697  -25.748  -3.561  -8.098 0.7777777910
102700  -28.635  -3.442  -8.813 0.5555555820
103895  -26.259  -2.549  -7.974 0.7777777910
103897  -28.024  -2.803  -8.713 0.6666666865
101440  -15.840  -4.602  -6.060 0.6666666865
100131  -16.238  -5.644  -5.489 0.6666666865
100176  -17.519  -5.543  -7.859 0.7777777910
101467  -17.226  -4.615  -7.547 0.7777777910
101469  -18.198  -4.943  -8.803 0.8888888955
100203  -18.993  -5.373  -9.746 0.8888888955
101490  -18.590  -4.607  -9.521 1.0000000000
101513  -19.865  -4.463  -10.293 1.0000000000
102739  -21.776  -3.500  -10.082 1.0000000000
102716  -21.761  -4.158  -9.834 0.8888888955
103910  -23.050  -2.771  -9.139 0.8888888955
103892  -23.634  -2.523  -8.523 0.8888888955
103894  -25.233  -2.653  -8.016 0.7777777910
103909  -22.388  -2.530  -9.766 0.8888888955
105087  -24.008  -1.958  -8.255 0.7777777910
105089  -25.708  -1.659  -7.888 0.7777777910
103911  -27.944  -2.111  -8.819 0.7777777910
103928  -29.028  -2.410  -10.416 0.6666666865
101439  -14.934  -4.130  -5.517 0.6666666865
101421  -15.359  -4.825  -5.230 0.5555555820
102667  -16.439  -4.057  -6.795 0.7777777910
101489  -18.056  -4.222  -8.943 0.8888888955
102715  -18.610  -3.303  -9.973 1.0000000000
101512  -19.091  -3.941  -10.263 1.0000000000
103926  -21.510  -2.608  -10.972 1.0000000000
102738  -21.336  -3.473  -10.635 0.8888888955
106272  -25.117  -0.929  -8.205 0.7777777910
106273  -26.111  -0.501  -8.111 0.7777777910
105106  -28.061  -1.472  -9.390 0.6666666865
105123  -28.517  -1.854  -10.920 0.5555555820
103947  -28.727  -2.410  -11.595 0.5555555820
102666  -15.924  -3.528  -6.664 0.7777777910
102665  -14.964  -3.500  -6.069 0.6666666865
102693  -17.378  -3.589  -7.922 0.8888888955
102735  -19.104  -3.027  -10.344 1.0000000000
105135  -21.601  -1.898  -11.332 0.8888888955
105120  -21.726  -2.224  -10.782 0.8888888955
105136  -21.978  -1.066  -10.920 0.8888888955
105105  -23.520  -1.645  -8.876 0.8888888955
106291  -25.639  -0.086  -8.505 0.7777777910
107535  -27.419  0.677  -8.353 0.7777777910
107522  -27.287  0.117  -8.012 0.7777777910
105122  -28.018  -1.320  -10.403 0.5555555820
107532  -24.243  0.636  -9.950 0.7777777910
107536  -27.785  0.683  -9.378 0.5555555820
106313  -27.643  -0.511  -10.842 0.5555555820
105049  -13.514  -1.756  -3.900 0.4444444478
103865  -15.212  -2.538  -6.490 0.5555555820
105085  -16.606  -1.804  -8.281 0.7777777910
103908  -18.283  -2.416  -9.754 1.0000000000
103891  -17.258  -2.634  -8.493 0.8888888955
105117  -19.039  -1.564  -10.581 1.0000000000
105119  -20.312  -1.850  -11.099 0.8888888955
106326  -21.070  -1.081  -11.350 0.8888888955
105152  -21.347  -1.578  -11.907 0.8888888955
106328  -22.222  -0.477  -11.096 0.8888888955
106312  -23.700  -0.303  -10.143 0.8888888955
107533  -25.263  0.685  -9.102 0.6666666865
107556  -27.723  0.529  -10.394 0.5555555820
107509  -17.175  0.374  -7.956 0.6666666865
106260  -15.797  -0.639  -7.368 0.6666666865
106270  -17.506  -0.509  -9.355 0.7777777910
106309  -19.334  -0.595  -10.750 0.8888888955
106287  -18.229  -0.348  -10.241 0.7777777910
106324  -19.808  -0.272  -10.854 0.7777777910
106325  -20.267  -0.722  -10.931 0.8888888955
108774  -21.242  0.651  -10.938 0.7777777910
107577  -22.012  -0.142  -11.248 0.8888888955
108760  -22.638  1.314  -10.675 0.7777777910
107554  -22.724  0.293  -11.034 0.7777777910
108761  -23.421  1.070  -10.444 0.6666666865
109962  -22.522  2.326  -10.446 0.6666666865
109944  -23.971  2.309  -10.029 0.6666666865
108743  -24.918  1.665  -9.534 0.6666666865
108744  -25.986  1.590  -9.209 0.5555555820
111171  -25.472  3.528  -10.013 0.6666666865
111172  -26.355  3.105  -9.757 0.5555555820
109965  -27.502  2.473  -9.981 0.5555555820
108762  -27.690  1.543  -10.115 0.4444444478
111191  -27.106  3.381  -9.972 0.5555555820
109918  -15.736  2.301  -7.353 0.3333333433
108716  -16.088  1.379  -7.793 0.3333333433
108731  -16.856  1.434  -8.683 0.5555555820
108732  -17.569  1.012  -9.037 0.6666666865
108741  -17.642  1.461  -9.501 0.5555555820
107531  -17.994  0.759  -10.057 0.7777777910
107551  -18.539  0.668  -10.532 0.7777777910
108756  -18.934  1.529  -10.753 0.6666666865
108772  -20.049  0.763  -11.106 0.6666666865
108757  -19.966  1.358  -10.979 0.6666666865
108758  -20.963  1.458  -10.698 0.6666666865
111187  -23.272  3.274  -10.122 0.6666666865
112482  -24.557  3.979  -10.136 0.6666666865
111190  -26.357  3.809  -10.087 0.5555555820
112505  -27.402  4.216  -10.980 0.5555555820
111189  -25.901  4.083  -10.137 0.6666666865
109940  -16.144  2.675  -8.761 0.4444444478
109931  -16.151  1.928  -8.870 0.4444444478
111166  -16.361  3.062  -8.640 0.5555555820
108740  -16.985  1.911  -9.440 0.5555555820
109957  -18.078  1.966  -9.739 0.6666666865
108755  -18.243  1.482  -10.159 0.6666666865
109959  -19.628  2.469  -10.514 0.6666666865
109961  -21.651  2.337  -10.329 0.6666666865
111186  -22.421  3.302  -10.013 0.6666666865
113802  -25.164  5.091  -10.695 0.6666666865
113803  -26.028  5.009  -10.698 0.5555555820
113804  -26.501  4.843  -10.799 0.6666666865
111167  -17.170  3.481  -8.906 0.4444444478
111182  -18.592  3.093  -9.897 0.6666666865
109958  -18.549  2.436  -10.103 0.6666666865
111184  -20.500  3.405  -9.999 0.6666666865
109960  -20.685  2.340  -10.319 0.6666666865
112493  -23.217  4.385  -9.903 0.6666666865
91711  -19.413  -11.824  -6.616 0.8888888955
91696  -18.371  -12.022  -6.121 1.0000000000
92845  -19.133  -10.907  -7.096 1.0000000000
94033  -20.067  -10.256  -8.285 1.0000000000
94034  -22.167  -10.183  -8.600 1.0000000000
100108  -15.503  -5.567  -4.805 0.5555555820
102717  -22.360  -3.609  -9.555 0.8888888955
105062  -14.303  -1.544  -5.442 0.5555555820
102684  -16.240  -3.012  -7.063 0.7777777910
103924  -19.409  -2.346  -10.575 1.0000000000
106290  -24.421  -0.529  -9.187 0.8888888955
105034  -13.425  -1.189  -3.861 0.2222222239
108746  -27.505  1.651  -9.240 0.6666666865
107552  -19.339  0.491  -10.908 0.7777777910
109942  -17.652  2.516  -9.534 0.6666666865
111183  -19.300  3.501  -10.026 0.6666666865
100107  -14.838  -5.526  -4.171 0.4444444478
101420  -14.632  -4.246  -4.825 0.4444444478
113812  -27.293  4.709  -11.625 0.5555555820
111157  -16.118  3.186  -7.871 0.2222222239
113811  -26.712  5.160  -11.416 0.5555555820
88251  -20.344  -14.689  -4.882 0.5555555820
89422  -20.896  -14.343  -5.255 0.5555555820
89458  -20.375  -13.322  -6.234 0.5555555820
90585  -20.930  -13.195  -6.287 0.5555555820
91715  -22.629  -12.320  -6.986 0.7777777910
92847  -23.262  -11.532  -7.430 0.8888888955
88233  -19.010  -15.463  -4.038 0.5555555820
90604  -21.379  -12.759  -6.565 0.6666666865
91714  -21.853  -12.207  -7.018 0.6666666865
92873  -23.370  -11.170  -7.611 0.7777777910
94013  -24.192  -10.273  -7.688 0.7777777910
89408  -17.746  -14.517  -3.690 0.4444444478
90544  -17.772  -13.182  -4.030 0.5555555820
95182  -23.321  -9.394  -8.634 1.0000000000
91669  -16.893  -11.859  -4.509 0.2222222239
91683  -17.082  -11.501  -5.178 0.6666666865
97599  -24.829  -7.701  -7.895 0.8888888955
98890  -25.145  -6.933  -8.080 0.6666666865
93981  -17.463  -9.983  -5.178 0.5555555820
101475  -28.464  -4.584  -8.227 0.6666666865
95141  -15.877  -8.592  -4.875 0.4444444478
102720  -29.584  -3.596  -10.081 0.5555555820
97504  -14.972  -7.481  -3.707 0.2222222239
102741  -29.569  -3.475  -10.548 0.5555555820
102579  -12.832  -4.220  -2.387 0.3333333433
103969  -28.481  -3.110  -12.345 0.5555555820
103846  -13.958  -2.359  -5.036 0.4444444478
103968  -27.559  -2.476  -12.426 0.4444444478
105033  -12.982  -1.558  -3.324 0.3333333433
105154  -27.310  -1.331  -12.648 0.5555555820
107578  -27.417  0.399  -11.394 0.4444444478
108696  -15.246  1.326  -6.561 0.3333333433
107493  -15.545  0.332  -7.136 0.4444444478
109973  -27.678  2.377  -10.838 0.4444444478
111214  -27.684  3.271  -11.506 0.4444444478
112529  -27.238  3.788  -12.826 0.2222222239
111168  -18.363  3.548  -9.501 0.6666666865
111185  -21.524  3.331  -9.881 0.6666666865
112492  -22.371  4.399  -9.803 0.6666666865
112501  -22.979  5.173  -10.480 0.6666666865
113808  -24.254  5.606  -11.421 0.6666666865
112503  -24.464  5.149  -10.954 0.6666666865
113810  -25.821  5.515  -11.191 0.6666666865
115051  -26.118  5.698  -11.649 0.4444444478
112514  -27.145  4.628  -12.703 0.3333333433
111169  -19.053  4.017  -9.645 0.5555555820
89409  -18.175  -14.029  -4.293 0.5555555820
88250  -19.280  -14.631  -4.902 0.5555555820
88273  -19.727  -14.377  -5.510 0.6666666865
89440  -20.886  -13.752  -5.805 0.6666666865
89438  -18.822  -13.875  -6.218 0.6666666865
90584  -19.109  -13.396  -6.247 0.7777777910
89457  -19.990  -13.161  -6.347 0.7777777910
90583  -18.667  -13.010  -6.220 0.7777777910
91738  -20.474  -11.048  -7.579 1.0000000000
92868  -19.932  -10.732  -7.611 1.0000000000
91712  -20.230  -11.677  -6.972 0.8888888955
92871  -21.961  -10.804  -8.251 1.0000000000
91740  -21.514  -11.519  -7.673 0.8888888955
91741  -22.249  -11.676  -7.575 0.8888888955
90558  -18.073  -12.923  -4.943 0.6666666865
91710  -18.840  -11.887  -6.411 0.8888888955
92870  -21.234  -10.828  -8.117 1.0000000000
94035  -22.867  -10.138  -8.489 1.0000000000
92869  -20.592  -10.494  -8.155 1.0000000000
92897  -21.051  -10.226  -8.543 1.0000000000
91654  -17.471  -12.505  -4.431 0.5555555820
91684  -17.820  -11.956  -5.581 0.8888888955
92818  -17.441  -10.941  -5.666 0.8888888955
94012  -18.612  -10.500  -7.243 1.0000000000
93997  -17.902  -10.130  -6.128 0.8888888955
94032  -19.526  -10.140  -8.340 1.0000000000
94031  -18.674  -10.040  -8.137 1.0000000000
92896  -20.627  -10.063  -8.758 1.0000000000
94054  -21.638  -9.945  -8.769 1.0000000000
95181  -18.272  -9.448  -8.303 1.0000000000
95197  -18.537  -9.289  -8.933 1.0000000000
95200  -22.132  -9.171  -9.218 1.0000000000
97578  -24.660  -8.351  -7.833 0.8888888955
96395  -23.194  -8.195  -9.185 1.0000000000
95239  -21.322  -8.519  -10.002 1.0000000000
95258  -19.426  -8.902  -12.110 1.0000000000
96411  -21.964  -7.981  -9.708 1.0000000000
97597  -23.632  -7.502  -8.963 1.0000000000
95162  -17.541  -8.465  -6.270 1.0000000000
95152  -17.111  -8.469  -5.584 0.5555555820
93964  -17.307  -9.447  -4.774 0.6666666865
95163  -18.028  -9.216  -6.673 1.0000000000
95132  -17.085  -9.014  -4.633 0.5555555820
95196  -18.274  -8.932  -8.445 1.0000000000
95179  -17.960  -8.406  -6.909 0.8888888955
96391  -18.783  -8.549  -9.422 1.0000000000
98962  -19.791  -7.309  -11.042 1.0000000000
97669  -21.141  -7.474  -10.461 1.0000000000
98942  -21.972  -6.525  -9.968 1.0000000000
98914  -22.528  -6.374  -9.831 1.0000000000
101495  -23.916  -5.090  -8.926 0.8888888955
101473  -26.258  -4.537  -7.954 0.7777777910
101474  -27.347  -4.495  -7.693 0.6666666865
96315  -15.266  -8.678  -4.980 0.5555555820
96326  -16.406  -8.194  -5.495 0.5555555820
96340  -15.516  -7.959  -5.563 0.6666666865
96358  -16.823  -7.540  -6.095 0.6666666865
96359  -17.378  -7.737  -6.636 0.7777777910
97576  -16.952  -7.053  -6.604 0.7777777910
98866  -16.901  -6.417  -6.483 0.6666666865
98885  -17.420  -6.330  -7.492 0.8888888955
97619  -18.455  -7.970  -8.561 1.0000000000
98912  -19.027  -6.604  -9.221 0.8888888955
100229  -21.911  -5.723  -9.939 1.0000000000
101470  -23.640  -4.246  -8.661 0.8888888955
102696  -24.700  -3.605  -8.268 0.8888888955
101472  -25.215  -4.569  -8.411 0.7777777910
101497  -29.747  -4.079  -9.953 0.5555555820
98842  -15.908  -6.473  -5.055 0.5555555820
98818  -14.822  -6.531  -4.023 0.3333333433
98841  -15.306  -6.884  -4.734 0.3333333433
97559  -15.923  -7.686  -5.459 0.6666666865
101458  -16.540  -4.999  -6.481 0.6666666865
100162  -17.058  -5.568  -7.308 0.7777777910
100202  -18.846  -5.641  -9.402 0.8888888955
100228  -21.086  -5.702  -9.881 1.0000000000
101514  -20.773  -4.543  -10.222 1.0000000000
103893  -24.295  -2.698  -8.188 0.7777777910
102740  -29.408  -2.955  -10.392 0.5555555820
101468  -17.714  -4.589  -8.310 0.8888888955
105090  -26.736  -1.521  -8.104 0.7777777910
105107  -28.408  -1.912  -10.106 0.6666666865
101396  -14.242  -4.485  -3.912 0.4444444478
102694  -17.750  -3.486  -8.672 0.8888888955
102737  -20.611  -3.170  -10.863 1.0000000000
102763  -21.117  -3.055  -11.789 0.8888888955
106275  -27.816  -0.762  -8.885 0.6666666865
105137  -27.960  -1.617  -11.544 0.5555555820
103946  -28.077  -2.161  -11.870 0.5555555820
102648  -14.209  -3.372  -5.112 0.5555555820
103880  -15.845  -2.475  -7.054 0.6666666865
103944  -20.525  -2.331  -11.474 1.0000000000
106289  -23.132  -1.000  -9.724 0.8888888955
106294  -27.858  -0.408  -9.701 0.6666666865
107555  -23.484  0.200  -10.620 0.8888888955
103864  -14.425  -2.509  -5.859 0.5555555820
105086  -17.269  -1.594  -8.984 1.0000000000
105073  -15.993  -1.627  -7.604 0.7777777910
106310  -19.916  -1.053  -10.838 0.8888888955
105102  -17.843  -1.487  -9.681 0.7777777910
106329  -27.361  -0.543  -11.849 0.5555555820
108717  -16.749  1.000  -7.860 0.4444444478
106261  -16.544  -0.656  -7.860 0.6666666865
107519  -17.499  0.398  -8.772 0.6666666865
106269  -17.116  -0.614  -8.528 0.7777777910
105072  -15.466  -1.586  -6.918 0.7777777910
106253  -15.217  -0.654  -6.657 0.6666666865
106308  -18.848  0.062  -10.611 0.7777777910
107575  -20.764  -0.068  -11.004 0.7777777910
108759  -21.822  1.433  -10.702 0.6666666865
108742  -24.047  1.761  -9.971 0.6666666865
109963  -23.454  2.225  -10.270 0.6666666865
111188  -23.982  3.117  -10.054 0.6666666865
109964  -23.960  2.580  -10.062 0.6666666865
109946  -25.661  2.488  -9.669 0.5555555820
109947  -26.505  2.397  -9.383 0.5555555820
111202  -27.556  3.184  -10.617 0.4444444478
108776  -27.656  1.393  -11.114 0.4444444478
108730  -16.226  1.796  -8.512 0.5555555820
112494  -24.294  4.303  -10.153 0.6666666865
112495  -25.427  4.394  -10.261 0.6666666865
109941  -16.476  2.441  -9.132 0.5555555820
109943  -18.275  2.885  -9.768 0.6666666865
112502  -23.693  5.114  -10.890 0.6666666865
102623  -14.205  -3.822  -4.438 0.4444444478
106244  -14.221  -0.618  -4.934 0.3333333433
100090  -14.111  -5.506  -3.255 0.4444444478
101395  -13.424  -4.173  -3.373 0.4444444478
111228  -27.493  3.095  -12.598 0.3333333433
113819  -26.901  5.175  -12.613 0.3333333433
91716  -23.409  -12.136  -6.994 0.6666666865
88232  -18.003  -15.112  -3.989 0.4444444478
96379  -24.166  -8.718  -8.175 0.7777777910
88231  -17.392  -15.019  -3.484 0.3333333433
98891  -26.176  -6.501  -7.751 0.6666666865
92817  -17.146  -10.773  -5.108 0.7777777910
97525  -14.999  -7.524  -4.643 0.3333333433
96324  -14.990  -8.164  -5.284 0.3333333433
96295  -15.146  -8.236  -3.897 0.1111111119
97488  -14.845  -6.925  -2.881 0.1111111119
101376  -13.610  -4.795  -3.244 0.4444444478
102599  -12.860  -3.634  -2.945 0.3333333433
102622  -13.703  -3.245  -3.884 0.3333333433
107492  -15.011  0.222  -6.298 0.3333333433
113809  -25.029  5.694  -11.303 0.6666666865
115050  -25.671  5.990  -11.682 0.4444444478
88295  -24.397  -14.832  -6.975 0.4444444478
88298  -27.310  -14.781  -6.602 0.2222222239
88252  -21.308  -14.938  -4.783 0.4444444478
88253  -21.926  -15.157  -5.518 0.4444444478
89423  -21.493  -14.435  -5.545 0.4444444478
89424  -21.948  -14.573  -6.029 0.4444444478
88294  -23.479  -14.777  -7.001 0.4444444478
89461  -23.901  -14.375  -7.429 0.4444444478
89463  -26.033  -14.054  -6.618 0.2222222239
90587  -21.785  -13.726  -6.123 0.4444444478
89459  -22.809  -13.769  -6.685 0.4444444478
89484  -23.539  -13.798  -7.348 0.4444444478
90610  -26.846  -13.211  -6.817 0.1111111119
91721  -28.607  -12.631  -7.526 0.1111111119
90629  -23.437  -13.380  -6.963 0.4444444478
90609  -25.678  -13.230  -6.739 0.3333333433
90605  -22.391  -13.189  -6.503 0.4444444478
90628  -23.011  -13.375  -6.743 0.4444444478
90608  -24.597  -13.206  -6.982 0.3333333433
91718  -25.397  -12.406  -7.012 0.3333333433
91720  -27.773  -12.371  -7.577 0.2222222239
90607  -23.842  -12.900  -6.931 0.4444444478
90606  -23.125  -12.897  -6.755 0.4444444478
92851  -27.264  -11.630  -7.605 0.2222222239
94038  -28.327  -11.191  -8.270 0.1111111119
94058  -29.295  -10.605  -8.769 0.1111111119
92850  -26.208  -11.595  -7.299 0.3333333433
94016  -26.998  -10.721  -7.506 0.3333333433
94014  -24.916  -10.561  -7.439 0.4444444478
95166  -25.545  -9.748  -7.440 0.6666666865
95185  -28.424  -9.202  -8.467 0.4444444478
96361  -25.105  -8.942  -7.554 0.6666666865
97624  -29.125  -7.643  -9.280 0.3333333433
96362  -26.004  -8.768  -7.458 0.6666666865
97600  -27.712  -7.548  -7.918 0.5555555820
97579  -25.378  -7.857  -7.597 0.6666666865
98870  -26.487  -7.135  -7.589 0.5555555820
98893  -28.142  -6.578  -8.243 0.5555555820
97601  -28.503  -7.539  -8.588 0.4444444478
98917  -29.025  -6.480  -9.192 0.3333333433
98869  -25.808  -7.237  -7.643 0.5555555820
100208  -29.633  -5.234  -9.520 0.4444444478
100207  -29.035  -5.263  -8.837 0.5555555820
100183  -28.515  -5.701  -8.434 0.4444444478
101496  -29.234  -4.290  -9.106 0.4444444478
112491  -21.492  4.551  -9.826 0.5555555820
112511  -22.785  5.602  -10.962 0.5555555820
112513  -23.691  5.678  -11.457 0.5555555820
113817  -24.085  6.200  -11.610 0.5555555820
88255  -23.330  -15.324  -5.991 0.4444444478
88297  -26.436  -14.838  -6.725 0.2222222239
88274  -20.316  -14.225  -5.560 0.4444444478
91743  -28.328  -11.857  -8.006 0.1111111119
94056  -28.270  -10.312  -8.397 0.3333333433
94015  -25.905  -10.663  -7.340 0.4444444478
96380  -28.099  -8.508  -8.178 0.4444444478
100209  -30.252  -5.596  -9.865 0.3333333433
100230  -30.219  -4.727  -10.236 0.4444444478
101534  -29.000  -4.636  -11.953 0.4444444478
113800  -21.241  5.088  -9.830 0.5555555820
113801  -21.833  5.792  -10.267 0.5555555820
96396  -29.362  -8.683  -9.231 0.2222222239
113818  -24.676  6.108  -11.557 0.5555555820
85800  -23.002  -16.193  -4.898 0.4444444478
87043  -23.283  -15.774  -5.385 0.4444444478
87044  -24.111  -16.147  -5.459 0.4444444478
88279  -25.902  -15.539  -6.522 0.2222222239
88280  -26.829  -15.539  -6.445 0.2222222239
88281  -27.690  -15.224  -6.041 0.1111111119
88235  -20.759  -15.360  -4.351 0.4444444478
87041  -21.690  -15.728  -4.754 0.4444444478
89464  -27.075  -14.063  -6.730 0.1111111119
90611  -27.824  -13.223  -6.931 0.1111111119
88299  -27.761  -14.651  -6.422 0.1111111119
91722  -29.329  -12.562  -7.267 0.1111111119
91744  -28.702  -11.987  -8.040 0.1111111119
94040  -30.219  -10.654  -8.315 0.1111111119
95205  -30.302  -9.487  -8.682 0.1111111119
95204  -29.575  -9.688  -8.937 0.1111111119
96397  -30.085  -8.716  -9.323 0.2222222239
97649  -29.469  -7.240  -9.608 0.1111111119
97625  -29.748  -7.898  -9.623 0.2222222239
98918  -29.785  -6.212  -9.632 0.2222222239
101517  -29.732  -4.236  -10.803 0.4444444478
100246  -29.185  -5.223  -11.870 0.3333333433
98999  -29.347  -5.329  -12.762 0.3333333433
102764  -29.074  -3.625  -11.817 0.4444444478
101544  -28.963  -4.586  -12.801 0.3333333433
106252  -14.690  -0.662  -5.862 0.4444444478
103967  -26.934  -2.423  -12.725 0.4444444478
108787  -27.291  1.216  -12.189 0.3333333433
115049  -25.187  6.273  -11.590 0.5555555820
112489  -19.595  4.293  -9.622 0.5555555820
113807  -22.439  5.899  -11.035 0.5555555820
115054  -22.657  6.241  -11.352 0.5555555820
115056  -23.755  6.993  -11.566 0.5555555820
112481  -20.085  4.891  -9.299 0.5555555820
92848  -23.980  -11.249  -7.295 0.6666666865
95165  -24.737  -9.752  -7.603 0.6666666865
98892  -27.186  -6.626  -7.614 0.5555555820
100182  -27.805  -5.585  -7.805 0.5555555820
102784  -28.754  -3.876  -12.584 0.4444444478
109981  -27.697  2.221  -11.852 0.3333333433
92849  -25.121  -11.492  -7.204 0.3333333433
91717  -24.368  -12.247  -6.909 0.3333333433
88276  -22.980  -14.950  -6.474 0.4444444478
88296  -25.408  -14.803  -6.774 0.4444444478
88278  -24.908  -15.432  -6.530 0.3333333433
88277  -23.895  -15.258  -6.448 0.4444444478
87040  -21.125  -15.774  -4.568 0.4444444478
88254  -22.696  -15.309  -5.785 0.4444444478
89441  -21.759  -13.996  -5.986 0.4444444478
88275  -22.346  -14.894  -6.170 0.4444444478
89443  -22.971  -14.530  -6.804 0.4444444478
89442  -22.483  -14.196  -6.435 0.4444444478
89460  -23.132  -14.165  -7.002 0.4444444478
89462  -24.871  -14.058  -7.008 0.4444444478
89485  -24.224  -13.809  -7.388 0.4444444478
90612  -28.565  -13.236  -6.910 0.1111111119
91719  -26.534  -12.434  -7.151 0.3333333433
94037  -27.908  -10.877  -8.068 0.2222222239
94057  -28.616  -10.775  -8.538 0.1111111119
92900  -29.122  -11.165  -8.652 0.1111111119
95220  -29.160  -9.982  -8.819 0.1111111119
94039  -29.757  -10.777  -8.672 0.1111111119
95167  -26.584  -9.703  -7.459 0.4444444478
96381  -28.772  -8.501  -8.754 0.3333333433
95184  -27.757  -9.724  -8.023 0.4444444478
95202  -28.485  -9.825  -8.524 0.3333333433
97650  -29.942  -7.142  -9.702 0.1111111119
97580  -26.294  -7.832  -7.509 0.5555555820
96363  -27.085  -8.521  -7.685 0.5555555820
98943  -29.314  -6.861  -9.525 0.3333333433
112500  -22.396  5.344  -10.302 0.5555555820
112490  -20.462  4.472  -9.785 0.5555555820
113816  -23.397  6.109  -11.563 0.5555555820
87062  -23.844  -15.568  -5.819 0.4444444478
87063  -24.506  -15.819  -6.008 0.4444444478
92876  -29.413  -11.334  -8.446 0.1111111119
113792  -21.616  6.286  -9.898 0.5555555820
95203  -28.943  -9.426  -8.824 0.2222222239
85801  -23.543  -16.557  -5.024 0.4444444478
87042  -22.466  -15.828  -4.980 0.4444444478
87064  -25.470  -16.207  -6.028 0.4444444478
87065  -26.330  -16.183  -6.142 0.2222222239
87026  -20.580  -16.272  -4.359 0.4444444478
89465  -27.908  -14.058  -6.638 0.1111111119
91745  -29.329  -12.062  -7.939 0.1111111119
80477  -26.017  -21.559  -1.458 0.1111111119
80516  -22.261  -21.227  -3.269 0.3333333433
80498  -24.568  -21.755  -2.826 0.2222222239
80499  -25.132  -21.525  -2.497 0.2222222239
80500  -25.929  -21.031  -2.261 0.1111111119
83166  -20.081  -19.049  -3.124 0.3333333433
83146  -20.854  -19.939  -2.754 0.3333333433
81834  -21.367  -20.712  -2.765 0.3333333433
83169  -23.007  -19.675  -4.006 0.3333333433
83170  -23.981  -19.870  -4.064 0.3333333433
80519  -24.878  -21.150  -3.249 0.2222222239
83171  -24.854  -19.822  -3.816 0.2222222239
81835  -25.705  -20.910  -2.708 0.2222222239
81836  -26.106  -20.299  -2.585 0.1111111119
81850  -25.394  -20.530  -3.233 0.2222222239
84463  -19.472  -17.845  -3.495 0.2222222239
84442  -19.764  -18.406  -3.402 0.2222222239
83165  -19.578  -18.799  -3.095 0.2222222239
83167  -21.029  -19.339  -3.036 0.3333333433
81847  -22.580  -20.471  -3.641 0.3333333433
83172  -25.565  -19.628  -3.642 0.1111111119
85764  -18.983  -17.355  -3.274 0.2222222239
85781  -19.621  -17.171  -3.622 0.3333333433
84464  -20.031  -17.833  -3.706 0.3333333433
85782  -20.266  -17.141  -4.027 0.3333333433
85783  -20.905  -17.238  -4.477 0.3333333433
84444  -21.140  -18.524  -3.611 0.3333333433
84466  -21.463  -18.083  -4.195 0.3333333433
84468  -23.071  -18.070  -4.656 0.3333333433
84467  -22.205  -17.925  -4.461 0.3333333433
84469  -24.043  -18.295  -4.799 0.3333333433
84470  -24.981  -18.572  -4.764 0.3333333433
83192  -25.800  -19.171  -3.964 0.1111111119
84471  -26.154  -18.535  -4.406 0.2222222239
87024  -18.997  -16.495  -3.605 0.2222222239
87027  -21.278  -16.461  -4.628 0.3333333433
85784  -21.698  -17.184  -4.547 0.3333333433
85785  -22.679  -16.924  -4.674 0.3333333433
85786  -23.646  -17.442  -4.908 0.3333333433
84487  -24.583  -17.949  -5.057 0.3333333433
84488  -25.291  -17.912  -5.209 0.1111111119
88216  -17.654  -15.768  -3.267 0.3333333433
88217  -18.307  -15.965  -3.706 0.3333333433
88234  -20.005  -15.395  -4.259 0.3333333433
87028  -21.932  -16.409  -4.628 0.3333333433
85802  -24.446  -17.155  -5.295 0.3333333433
87045  -24.816  -16.455  -5.686 0.3333333433
100248  -30.498  -5.414  -11.428 0.2222222239
98966  -29.803  -5.757  -11.810 0.2222222239
98967  -30.203  -5.819  -11.892 0.2222222239
102783  -28.023  -3.376  -12.932 0.3333333433
102796  -28.496  -3.988  -13.363 0.2222222239
80517  -23.189  -21.483  -3.361 0.3333333433
80518  -24.244  -21.571  -3.261 0.3333333433
81851  -25.925  -19.800  -3.137 0.1111111119
84443  -20.457  -18.462  -3.442 0.3333333433
83188  -22.574  -18.758  -4.323 0.3333333433
83189  -23.498  -19.008  -4.444 0.3333333433
83191  -25.310  -19.176  -4.187 0.3333333433
87025  -19.788  -16.321  -3.907 0.3333333433
85803  -25.528  -16.973  -5.552 0.3333333433
79170  -25.146  -22.120  -1.585 0.1111111119
79171  -25.761  -22.134  -1.163 0.1111111119
81833  -20.789  -20.562  -2.501 0.3333333433
80515  -21.706  -21.112  -2.938 0.3333333433
80496  -22.049  -21.646  -2.721 0.3333333433
79195  -23.385  -22.135  -2.678 0.3333333433
79218  -23.923  -21.997  -2.991 0.3333333433
80455  -26.387  -21.765  -0.881 0.1111111119
80478  -26.819  -20.885  -1.278 0.1111111119
83145  -20.340  -19.805  -2.763 0.3333333433
81819  -26.469  -20.634  -1.873 0.1111111119
84441  -19.095  -18.339  -3.094 0.2222222239
83129  -26.722  -19.792  -2.082 0.1111111119
85751  -18.496  -17.555  -2.540 0.2222222239
83173  -26.101  -19.226  -3.531 0.1111111119
87009  -18.321  -16.616  -3.125 0.2222222239
85788  -26.633  -17.661  -5.041 0.1111111119
84489  -26.016  -17.726  -5.248 0.1111111119
85825  -26.008  -16.644  -5.817 0.1111111119
88201  -17.183  -15.182  -2.253 0.1111111119
99000  -29.577  -5.576  -12.669 0.2222222239
102804  -27.480  -3.756  -14.584 0.2222222239
101556  -27.930  -4.428  -15.014 0.2222222239
89396  -17.407  -14.367  -3.137 0.2222222239
92803  -16.887  -10.914  -4.665 0.5555555820
89397  -17.866  -13.912  -3.607 0.3333333433
100276  -29.549  -5.259  -14.195 0.2222222239
81846  -21.670  -20.353  -3.265 0.3333333433
81848  -23.583  -20.660  -3.723 0.3333333433
81849  -24.503  -20.635  -3.603 0.3333333433
83168  -21.904  -19.222  -3.815 0.3333333433
83147  -26.466  -19.305  -2.723 0.1111111119
86997  -18.253  -16.749  -2.560 0.2222222239
84465  -20.680  -17.899  -3.965 0.3333333433
83187  -21.996  -18.506  -4.230 0.3333333433
83190  -24.446  -19.159  -4.391 0.3333333433
85787  -24.181  -17.705  -5.005 0.3333333433
87008  -17.880  -16.279  -2.740 0.2222222239
85804  -26.309  -17.163  -5.540 0.1111111119
77787  -25.089  -22.746  -1.063 0.1111111119
79197  -24.664  -21.906  -2.093 0.2222222239
80495  -21.357  -21.416  -2.343 0.3333333433
79194  -22.472  -22.252  -2.324 0.3333333433
77800  -23.040  -22.487  -2.246 0.3333333433
79168  -23.820  -22.352  -2.172 0.3333333433
83144  -19.401  -19.411  -2.622 0.2222222239
81832  -19.879  -20.570  -2.446 0.2222222239
98989  -30.025  -5.872  -12.268 0.1111111119
100262  -31.250  -5.187  -12.656 0.1111111119
101560  -32.538  -4.440  -14.822 0.1111111119
101551  -31.705  -4.598  -14.095 0.1111111119
101558  -30.748  -5.003  -14.840 0.1111111119
101570  -32.168  -4.006  -15.941 0.1111111119
101549  -28.765  -4.632  -13.644 0.1111111119
101569  -31.023  -4.359  -15.874 0.1111111119
100285  -29.466  -5.337  -15.287 0.1111111119
101568  -30.364  -4.846  -16.190 0.1111111119
105171  -26.626  -1.478  -13.630 0.2222222239
101557  -28.539  -4.800  -14.520 0.1111111119
101576  -29.294  -5.024  -16.284 0.1111111119
106351  -26.507  -0.333  -13.514 0.1111111119
107595  -26.987  0.264  -12.194 0.2222222239
108799  -27.055  1.490  -12.714 0.1111111119
105172  -26.986  -0.744  -13.168 0.1111111119
107623  -26.013  0.203  -14.219 0.1111111119
109990  -27.359  1.972  -12.760 0.1111111119
112469  -18.588  4.869  -8.333 0.4444444478
109989  -27.032  2.552  -13.497 0.1111111119
115059  -26.231  6.184  -12.203 0.3333333433
112528  -26.886  4.292  -13.243 0.1111111119
111227  -27.100  3.417  -13.267 0.1111111119
111238  -26.606  3.335  -14.076 0.1111111119
115046  -22.384  6.778  -11.174 0.4444444478
115043  -21.776  6.907  -10.376 0.4444444478
116229  -22.228  7.909  -10.723 0.4444444478
116231  -23.270  7.638  -11.527 0.4444444478
115047  -23.110  7.201  -11.482 0.4444444478
116236  -24.582  7.783  -11.842 0.4444444478
117377  -25.072  8.226  -12.304 0.4444444478
116237  -25.564  7.625  -12.188 0.2222222239
116243  -26.228  7.385  -12.800 0.2222222239
115067  -26.460  6.388  -14.442 0.2222222239
113823  -26.640  5.349  -13.880 0.2222222239
120938  -24.052  11.736  -16.553 0.1111111119
118574  -26.139  9.578  -16.077 0.1111111119
113834  -26.156  5.760  -15.998 0.1111111119
113790  -19.951  5.778  -8.784 0.4444444478
115033  -20.554  6.809  -9.135 0.4444444478
115034  -21.359  6.897  -9.654 0.3333333433
117374  -22.834  8.849  -11.901 0.4444444478
116234  -23.204  8.389  -11.798 0.4444444478
116235  -23.647  7.981  -11.718 0.4444444478
117376  -24.398  8.660  -12.466 0.4444444478
118538  -22.352  9.719  -11.929 0.3333333433
117384  -24.835  9.135  -12.940 0.3333333433
118549  -25.009  9.566  -13.390 0.1111111119
117393  -25.984  8.551  -14.216 0.1111111119
116248  -26.321  7.436  -13.981 0.2222222239
116247  -26.168  7.955  -14.832 0.1111111119
117402  -26.095  8.686  -15.361 0.1111111119
115021  -19.270  6.467  -8.397 0.2222222239
116227  -21.645  7.918  -9.993 0.3333333433
117375  -23.459  8.740  -12.211 0.4444444478
119744  -23.212  10.123  -12.878 0.2222222239
118547  -23.588  9.751  -12.886 0.2222222239
119759  -25.124  10.072  -13.940 0.1111111119
119756  -23.077  10.607  -13.065 0.1111111119
119757  -23.661  10.350  -13.308 0.1111111119
120909  -24.005  10.953  -13.895 0.1111111119
119767  -25.253  10.097  -14.657 0.1111111119
120908  -22.961  11.143  -13.648 0.1111111119
120921  -24.490  11.180  -14.458 0.1111111119
119774  -24.931  10.787  -15.054 0.1111111119
116214  -20.815  7.876  -9.588 0.3333333433
117339  -20.291  8.942  -9.290 0.3333333433
117356  -21.329  9.001  -9.572 0.3333333433
117368  -21.986  8.991  -10.289 0.3333333433
117369  -22.361  9.006  -11.208 0.3333333433
119743  -22.720  10.447  -12.546 0.2222222239
120893  -22.774  10.933  -12.973 0.1111111119
120919  -22.565  11.836  -14.687 0.1111111119
120930  -24.350  11.496  -15.351 0.1111111119
122123  -22.112  12.524  -16.159 0.1111111119
118491  -18.385  9.769  -8.914 0.1111111119
118492  -19.593  10.045  -9.189 0.1111111119
118493  -20.752  10.186  -9.414 0.2222222239
119696  -20.979  11.385  -9.954 0.2222222239
118506  -21.646  10.112  -9.906 0.3333333433
119708  -21.760  10.941  -10.351 0.2222222239
118524  -22.170  9.699  -11.358 0.3333333433
120877  -21.828  11.712  -11.583 0.1111111119
120876  -21.350  12.278  -12.180 0.1111111119
120891  -21.393  12.135  -13.121 0.1111111119
120918  -21.942  11.892  -14.448 0.1111111119
122096  -21.993  12.013  -14.703 0.1111111119
120929  -23.443  11.936  -15.498 0.1111111119
119694  -18.846  11.088  -9.116 0.1111111119
120848  -19.275  12.491  -8.879 0.1111111119
119695  -20.006  11.489  -9.431 0.1111111119
120849  -20.406  13.754  -9.791 0.1111111119
122026  -20.802  13.103  -10.901 0.1111111119
120860  -21.277  12.024  -10.685 0.2222222239
120859  -21.222  12.474  -11.381 0.1111111119
122039  -20.784  13.168  -11.760 0.1111111119
122055  -20.830  12.808  -12.697 0.1111111119
122054  -20.554  13.447  -13.131 0.1111111119
122076  -20.922  12.582  -13.703 0.1111111119
121998  -18.878  13.016  -8.537 0.1111111119
123249  -18.806  13.824  -8.396 0.1111111119
120834  -19.145  13.656  -8.972 0.1111111119
166995  -20.705  14.557  -10.440 0.1111111119
123294  -21.013  14.171  -10.971 0.1111111119
124391  -19.862  15.327  -7.852 0.1111111119
166996  -20.319  15.513  -8.825 0.1111111119
101550  -30.826  -4.895  -14.249 0.1111111119
101559  -31.281  -4.647  -15.115 0.1111111119
101579  -33.230  -3.882  -16.471 0.1111111119
102812  -27.918  -4.371  -15.815 0.1111111119
101575  -28.595  -4.679  -16.356 0.1111111119
102811  -27.369  -3.909  -15.565 0.1111111119
115057  -24.823  6.843  -11.577 0.4444444478
116238  -26.021  7.019  -12.187 0.3333333433
115063  -26.521  6.343  -13.307 0.2222222239
110001  -25.925  2.261  -14.257 0.1111111119
116252  -26.208  7.199  -14.994 0.2222222239
118556  -25.511  9.442  -14.017 0.1111111119
118564  -25.728  9.480  -15.098 0.1111111119
116256  -25.671  7.517  -16.436 0.1111111119
123308  -20.539  13.919  -12.713 0.1111111119
124406  -20.289  15.784  -8.246 0.1111111119
101580  -34.298  -4.103  -16.295 0.1111111119
101571  -33.503  -4.354  -15.587 0.1111111119
102794  -26.977  -3.180  -13.971 0.2222222239
106338  -27.012  -0.425  -12.613 0.2222222239
108810  -25.738  1.145  -13.949 0.1111111119
112480  -19.148  4.565  -8.995 0.4444444478
113791  -21.076  5.659  -9.389 0.4444444478
116230  -22.890  7.963  -11.424 0.4444444478
118548  -24.253  9.565  -13.060 0.2222222239
122013  -18.747  12.499  -8.647 0.1111111119
121997  -18.600  12.988  -8.074 0.1111111119
123248  -19.025  14.166  -7.655 0.1111111119
123264  -19.343  14.836  -8.613 0.1111111119
101572  -34.786  -4.873  -15.362 0.1111111119
101545  -31.913  -4.601  -13.136 0.1111111119
102828  -35.501  -4.201  -15.968 0.1111111119
101581  -35.170  -4.380  -16.049 0.1111111119
102837  -34.728  -2.660  -17.082 0.1111111119
102825  -32.858  -3.416  -16.948 0.1111111119
102834  -32.233  -2.900  -17.239 0.1111111119
102823  -30.861  -3.648  -16.765 0.1111111119
102830  -28.147  -3.419  -17.023 0.1111111119
102821  -28.794  -4.253  -16.740 0.1111111119
102819  -27.021  -3.193  -16.182 0.1111111119
104009  -26.240  -2.567  -16.400 0.1111111119
106371  -25.471  -0.395  -14.973 0.1111111119
107622  -25.263  0.691  -14.718 0.1111111119
111253  -25.719  3.228  -15.273 0.1111111119
110000  -25.296  2.154  -14.751 0.1111111119
113780  -19.097  5.542  -8.364 0.4444444478
112562  -25.210  3.898  -16.227 0.1111111119
113844  -25.868  6.031  -16.600 0.1111111119
115032  -19.753  6.885  -8.741 0.3333333433
116213  -19.887  7.783  -9.141 0.2222222239
117422  -25.262  8.451  -17.042 0.1111111119
117338  -19.107  8.761  -9.146 0.1111111119
119793  -24.566  10.371  -17.363 0.1111111119
119792  -23.707  10.822  -17.766 0.1111111119
119693  -17.875  10.615  -8.697 0.1111111119
120833  -18.331  12.431  -8.352 0.1111111119
122137  -23.400  12.047  -17.252 0.1111111119
121996  -18.478  12.755  -7.059 0.1111111119
123238  -19.411  13.650  -6.679 0.1111111119
123324  -20.103  14.258  -13.300 0.1111111119
122093  -20.075  13.520  -14.983 0.1111111119
122107  -20.524  13.184  -15.549 0.1111111119
122121  -20.249  13.283  -16.503 0.1111111119
124379  -20.184  14.672  -7.448 0.1111111119
167006  -21.245  15.549  -10.357 0.1111111119
124458  -21.058  15.022  -12.886 0.1111111119
105153  -26.914  -2.071  -12.848 0.1111111119
100277  -30.229  -5.314  -14.698 0.1111111119
107609  -26.266  0.574  -13.346 0.2222222239
100287  -30.785  -4.988  -15.692 0.1111111119
102824  -31.910  -3.584  -16.841 0.1111111119
103996  -26.388  -2.428  -14.355 0.1111111119
106372  -26.129  -0.709  -14.281 0.1111111119
105191  -25.752  -1.537  -14.771 0.1111111119
112545  -26.522  4.372  -14.629 0.1111111119
110014  -25.446  2.443  -14.925 0.1111111119
117385  -25.572  8.639  -12.953 0.2222222239
117386  -26.057  8.063  -12.903 0.2222222239
117394  -26.126  8.059  -13.348 0.1111111119
113826  -26.517  5.494  -15.092 0.1111111119
119783  -24.791  10.786  -16.071 0.1111111119
117411  -25.955  8.599  -16.328 0.1111111119
119775  -25.444  10.218  -15.579 0.1111111119
119794  -25.327  10.106  -17.035 0.1111111119
118585  -25.530  9.539  -16.964 0.1111111119
112580  -25.172  4.731  -17.016 0.1111111119
112563  -25.950  4.665  -15.876 0.1111111119
115071  -26.247  6.428  -15.412 0.2222222239
118539  -23.096  9.525  -12.473 0.3333333433
116257  -26.035  7.118  -15.729 0.2222222239
119758  -24.542  10.335  -13.634 0.2222222239
119766  -24.924  10.643  -14.235 0.1111111119
120920  -23.683  11.562  -14.530 0.1111111119
118523  -22.004  9.974  -10.788 0.3333333433
118537  -22.092  10.191  -11.422 0.2222222239
119742  -22.234  10.742  -11.856 0.1111111119
120892  -22.241  11.477  -12.682 0.1111111119
120907  -21.843  11.745  -13.851 0.1111111119
120928  -22.631  12.067  -15.701 0.1111111119
122109  -22.016  12.200  -15.184 0.1111111119
120937  -23.176  12.114  -16.267 0.1111111119
122122  -21.269  13.095  -16.170 0.1111111119
119726  -21.924  10.933  -11.074 0.2222222239
122077  -21.373  12.128  -13.923 0.1111111119
122108  -21.373  12.693  -15.351 0.1111111119
122095  -21.505  12.236  -14.479 0.1111111119
120847  -18.239  11.972  -8.752 0.1111111119
123293  -20.744  14.081  -12.032 0.1111111119
122075  -20.313  13.438  -14.020 0.1111111119
122094  -20.771  12.920  -14.664 0.1111111119
123307  -20.895  14.442  -12.695 0.1111111119
101552  -32.702  -4.763  -13.785 0.1111111119
102803  -26.781  -3.140  -14.988 0.1111111119
115077  -25.969  6.586  -16.196 0.1111111119
115076  -25.536  6.624  -16.874 0.1111111119
167001  -21.168  16.070  -9.163 0.1111111119
102827  -35.028  -3.356  -16.646 0.1111111119
102818  -26.415  -2.844  -16.003 0.1111111119
105204  -25.396  -1.764  -15.441 0.1111111119
113843  -25.449  5.798  -17.096 0.1111111119
117421  -24.601  8.394  -17.729 0.1111111119
117337  -17.819  8.580  -8.992 0.1111111119
118584  -24.881  9.245  -17.496 0.1111111119
123343  -19.878  14.146  -14.483 0.1111111119
123292  -20.868  15.563  -11.768 0.1111111119
79167  -22.214  -22.755  -1.956 0.2222222239
93942  -16.699  -9.081  -4.007 0.2222222239
95130  -15.859  -8.728  -4.401 0.2222222239
91653  -17.222  -12.336  -3.688 0.3333333433
93980  -17.176  -10.404  -4.788 0.3333333433
93962  -16.666  -8.945  -4.282 0.3333333433
112479  -18.077  4.224  -8.703 0.3333333433
112478  -17.414  4.149  -8.383 0.2222222239
113779  -18.528  5.523  -7.843 0.1111111119
108695  -14.846  0.770  -5.945 0.2222222239
92785  -16.703  -11.093  -3.940 0.2222222239
107473  -14.031  0.386  -4.218 0.1111111119
109898  -15.425  2.394  -6.300 0.1111111119
111149  -15.762  3.185  -6.821 0.1111111119
112448  -16.707  5.014  -7.281 0.1111111119
113765  -18.049  5.521  -7.141 0.1111111119
115020  -18.864  6.247  -7.941 0.1111111119
111159  -17.047  3.895  -8.353 0.2222222239
90543  -17.618  -13.400  -3.265 0.2222222239
100073  -13.986  -5.850  -2.700 0.2222222239
111158  -16.634  3.706  -8.242 0.1111111119
98798  -14.468  -6.401  -3.099 0.1111111119
100072  -13.352  -5.414  -2.467 0.3333333433
93943  -16.807  -10.092  -3.614 0.2222222239
112466  -16.304  4.237  -7.606 0.1111111119
112467  -17.030  4.397  -7.899 0.1111111119
112449  -17.382  5.065  -7.441 0.1111111119
111126  -15.694  3.254  -5.776 0.1111111119
112468  -17.900  4.762  -7.919 0.1111111119
112447  -16.073  4.836  -6.704 0.1111111119
112465  -15.872  3.940  -7.121 0.1111111119
96398  -30.610  -8.417  -8.899 0.1111111119
77785  -23.786  -22.827  -1.667 0.1111111119
77782  -20.976  -22.824  -1.345 0.1111111119
79165  -20.504  -22.255  -1.910 0.1111111119
80475  -20.846  -21.847  -1.979 0.1111111119
91612  -17.653  -13.576  -2.405 0.1111111119
95117  -15.952  -8.644  -3.841 0.1111111119
93963  -17.081  -9.776  -4.357 0.1111111119
103810  -12.915  -2.559  -3.127 0.2222222239
103825  -13.377  -2.274  -3.672 0.2222222239
105022  -12.474  -1.851  -2.499 0.2222222239
95116  -15.408  -8.437  -3.807 0.1111111119
77766  -21.284  -23.546  -0.850 0.1111111119
77783  -21.933  -23.322  -1.516 0.1111111119
76508  -23.526  -23.610  -1.280 0.1111111119
77801  -23.378  -22.534  -2.099 0.1111111119
77765  -20.168  -23.242  -0.923 0.1111111119
79192  -20.015  -22.153  -2.156 0.1111111119
80493  -19.433  -21.465  -2.127 0.1111111119
81831  -19.092  -20.468  -2.042 0.1111111119
83128  -18.650  -19.559  -1.804 0.1111111119
84424  -18.615  -18.635  -2.334 0.1111111119
91633  -17.416  -12.795  -2.781 0.1111111119
93924  -16.881  -9.110  -3.687 0.1111111119
103809  -12.649  -2.872  -2.433 0.2222222239
106224  -12.665  -0.796  -2.622 0.2222222239
107455  -13.225  0.378  -2.799 0.1111111119
79169  -24.323  -22.276  -1.866 0.1111111119
76506  -22.181  -23.918  -1.064 0.1111111119
106237  -13.660  -0.586  -4.133 0.1111111119
102598  -12.779  -3.606  -2.333 0.2222222239
85737  -18.245  -18.133  -2.073 0.1111111119
85750  -18.346  -17.036  -2.191 0.1111111119
90524  -17.482  -13.866  -2.661 0.1111111119
79193  -21.860  -21.920  -2.343 0.1111111119
80494  -20.337  -21.590  -2.232 0.1111111119
79166  -21.537  -22.314  -1.937 0.1111111119
77784  -22.898  -23.009  -1.880 0.1111111119
77767  -21.824  -23.754  -0.999 0.1111111119
77781  -20.289  -22.702  -1.484 0.1111111119
79191  -19.774  -21.958  -2.181 0.1111111119
91613  -17.907  -12.911  -2.235 0.1111111119
105021  -12.863  -2.292  -1.974 0.1111111119
80473  -18.993  -21.785  -1.717 0.1111111119
81818  -18.454  -20.544  -1.323 0.1111111119
90499  -17.341  -14.228  -2.134 0.1111111119
166679  -13.435  -0.078  -1.441 0.1111111119
108682  -14.729  1.289  -5.277 0.1111111119
102567  -13.272  -4.419  -1.772 0.1111111119
108664  -14.422  1.400  -4.079 0.1111111119
108683  -15.048  1.884  -5.883 0.1111111119
79196  -24.273  -22.000  -2.580 0.3333333433
79217  -23.686  -21.852  -3.133 0.3333333433
80474  -20.559  -21.923  -2.092 0.1111111119
80476  -25.393  -21.702  -1.821 0.2222222239
80497  -22.672  -21.785  -2.904 0.3333333433
81845  -21.180  -20.157  -2.829 0.3333333433
83148  -26.893  -19.216  -2.224 0.1111111119
85824  -25.686  -16.595  -5.787 0.1111111119
89482  -23.144  -13.656  -6.883 0.4444444478
89483  -23.145  -13.695  -6.939 0.4444444478
90586  -21.563  -13.407  -6.182 0.5555555820
90627  -22.795  -13.457  -6.634 0.4444444478
90630  -23.987  -13.414  -7.245 0.4444444478
91742  -22.853  -11.797  -7.385 0.8888888955
92844  -18.470  -11.125  -6.745 1.0000000000
92874  -28.063  -11.587  -8.004 0.1111111119
92875  -28.689  -11.408  -8.380 0.1111111119
92899  -28.915  -11.024  -8.685 0.1111111119
94050  -18.732  -9.675  -8.751 1.0000000000
94055  -22.321  -9.730  -8.829 1.0000000000
94059  -29.894  -10.287  -8.788 0.1111111119
94073  -18.983  -9.100  -10.930 1.0000000000
94077  -21.092  -9.025  -10.172 1.0000000000
94078  -28.639  -10.254  -8.610 0.1111111119
94079  -28.959  -10.324  -8.765 0.1111111119
94080  -29.195  -10.278  -8.837 0.1111111119
94100  -17.890  -9.497  -11.943 1.0000000000
94101  -18.199  -9.400  -11.879 1.0000000000
94102  -18.878  -9.179  -11.407 1.0000000000
94103  -19.643  -9.510  -11.019 1.0000000000
94104  -20.532  -9.789  -10.813 1.0000000000
94105  -21.077  -9.352  -10.546 1.0000000000
94106  -21.229  -9.055  -10.582 1.0000000000
94123  -18.091  -9.642  -12.114 1.0000000000
94124  -18.600  -9.498  -11.952 1.0000000000
94125  -19.228  -9.306  -11.741 1.0000000000
94126  -19.979  -9.419  -11.629 1.0000000000
94127  -20.734  -9.283  -11.353 1.0000000000
94128  -20.916  -9.283  -11.056 1.0000000000
94129  -21.106  -9.230  -10.868 1.0000000000
95129  -15.362  -8.571  -4.078 0.1111111119
95131  -16.550  -8.812  -4.542 0.3333333433
95142  -16.543  -8.559  -5.055 0.5555555820
95143  -17.382  -9.002  -5.074 0.5555555820
95164  -24.277  -9.717  -7.807 0.8888888955
95198  -18.922  -9.067  -9.807 1.0000000000
95201  -22.891  -9.103  -9.032 1.0000000000
95215  -18.829  -8.935  -11.267 1.0000000000
95217  -21.336  -8.910  -9.665 1.0000000000
95218  -21.147  -8.882  -9.940 1.0000000000
95219  -28.854  -9.971  -8.707 0.1111111119
95221  -29.322  -10.142  -8.846 0.1111111119
95236  -17.996  -9.422  -12.238 1.0000000000
95237  -17.788  -9.199  -12.105 1.0000000000
95238  -18.327  -8.934  -11.723 1.0000000000
95240  -21.296  -8.713  -10.326 1.0000000000
95256  -18.322  -9.346  -12.251 1.0000000000
95257  -19.054  -9.069  -12.161 1.0000000000
95259  -20.227  -8.741  -12.028 1.0000000000
95260  -20.928  -8.644  -11.701 1.0000000000
95261  -21.202  -8.806  -11.381 1.0000000000
95262  -21.413  -8.883  -10.962 1.0000000000
95274  -21.460  -8.903  -11.450 1.0000000000
95275  -21.940  -9.031  -11.440 1.0000000000
96314  -15.013  -8.310  -4.450 0.1111111119
96325  -15.692  -8.305  -5.303 0.5555555820
96341  -16.201  -7.819  -5.591 0.6666666865
96360  -24.428  -9.181  -7.815 0.8888888955
96377  -18.280  -8.273  -8.207 0.8888888955
96390  -18.438  -8.472  -8.814 1.0000000000
96392  -19.076  -8.517  -10.133 1.0000000000
96394  -22.487  -8.131  -9.488 1.0000000000
96408  -18.764  -8.626  -11.358 1.0000000000
96409  -19.086  -8.367  -10.900 1.0000000000
96410  -21.588  -8.020  -9.971 1.0000000000
96425  -18.115  -9.047  -12.326 1.0000000000
96426  -17.927  -8.543  -12.177 1.0000000000
96427  -18.446  -8.353  -11.717 1.0000000000
96430  -21.408  -8.109  -10.470 1.0000000000
96431  -21.393  -8.579  -10.700 1.0000000000
96444  -18.599  -8.929  -12.305 1.0000000000
96445  -18.618  -8.600  -12.259 1.0000000000
96446  -19.500  -8.182  -12.248 1.0000000000
96447  -20.381  -7.943  -12.029 1.0000000000
96448  -21.051  -8.110  -11.610 1.0000000000
96449  -21.611  -8.748  -11.341 1.0000000000
96450  -21.582  -8.636  -11.163 1.0000000000
96462  -21.802  -9.003  -11.726 1.0000000000
96463  -22.067  -9.108  -11.484 1.0000000000
97544  -15.646  -7.444  -5.295 0.6666666865
97545  -16.318  -6.892  -5.541 0.7777777910
97546  -16.545  -6.671  -5.716 0.5555555820
97561  -16.558  -6.884  -5.822 0.7777777910
97577  -17.394  -7.048  -7.153 0.8888888955
97581  -26.961  -7.531  -7.635 0.5555555820
97595  -18.364  -7.331  -8.194 0.8888888955
97620  -18.789  -7.725  -8.996 1.0000000000
97621  -19.157  -8.127  -9.632 1.0000000000
97623  -23.111  -7.531  -9.373 1.0000000000
97646  -21.510  -7.375  -10.077 1.0000000000
97648  -29.193  -7.066  -9.476 0.1111111119
97665  -17.946  -8.189  -12.240 1.0000000000
97666  -18.158  -7.977  -11.955 1.0000000000
97667  -19.177  -7.946  -11.305 1.0000000000
97668  -20.803  -7.445  -10.957 1.0000000000
97683  -18.214  -8.193  -12.306 1.0000000000
97684  -18.796  -7.877  -12.164 1.0000000000
97685  -19.611  -7.341  -11.900 1.0000000000
97686  -20.480  -7.413  -11.454 1.0000000000
97687  -21.735  -8.634  -11.913 1.0000000000
97688  -21.802  -8.739  -11.620 1.0000000000
97697  -21.925  -8.779  -11.826 1.0000000000
97698  -22.011  -8.898  -11.613 1.0000000000
98843  -16.465  -6.383  -5.525 0.5555555820
98854  -16.839  -6.466  -6.148 0.6666666865
98855  -16.720  -6.426  -5.848 0.5555555820
98867  -16.979  -6.375  -7.049 0.6666666865
98868  -25.436  -7.322  -7.748 0.5555555820
98886  -18.040  -6.348  -7.876 0.8888888955
98888  -23.689  -6.963  -9.006 0.7777777910
98913  -19.280  -7.534  -9.578 0.8888888955
98941  -21.392  -6.731  -10.059 1.0000000000
98944  -29.564  -6.769  -9.612 0.3333333433
98963  -20.457  -7.225  -10.658 1.0000000000
98965  -29.284  -5.597  -11.949 0.3333333433
98985  -19.890  -7.050  -11.468 1.0000000000
98986  -20.119  -7.107  -11.169 1.0000000000
98987  -29.295  -5.489  -12.415 0.3333333433
98988  -29.554  -5.806  -12.249 0.2222222239
99001  -30.006  -5.805  -12.532 0.2222222239
100089  -13.457  -5.121  -2.929 0.4444444478
100132  -16.635  -6.080  -5.631 0.6666666865
100149  -16.733  -5.903  -5.782 0.6666666865
100161  -16.809  -5.652  -6.779 0.7777777910
100178  -18.599  -5.627  -8.907 0.7777777910
100205  -23.022  -5.615  -9.635 0.8888888955
100225  -19.117  -5.949  -9.615 0.8888888955
100226  -19.518  -5.706  -9.936 0.8888888955
100247  -29.735  -5.033  -11.361 0.2222222239
100260  -28.962  -5.062  -12.238 0.3333333433
100261  -30.624  -5.672  -12.176 0.2222222239
100267  -29.147  -5.055  -12.997 0.3333333433
100268  -29.459  -5.303  -13.261 0.3333333433
100269  -30.228  -5.497  -13.234 0.2222222239
100270  -31.145  -4.890  -13.464 0.1111111119
100275  -29.036  -5.107  -13.892 0.2222222239
100278  -30.641  -5.098  -15.229 0.1111111119
100284  -28.987  -5.185  -14.725 0.1111111119
100286  -30.216  -5.440  -15.663 0.1111111119
100291  -29.617  -5.500  -15.938 0.1111111119
100292  -29.904  -5.331  -16.201 0.1111111119
101375  -13.078  -4.638  -2.810 0.3333333433
101397  -14.960  -4.891  -4.571 0.4444444478
101441  -16.293  -4.388  -6.575 0.7777777910
101459  -16.742  -4.713  -6.936 0.7777777910
101491  -19.163  -4.844  -10.037 1.0000000000
101492  -21.847  -4.744  -9.766 1.0000000000
101494  -23.244  -4.577  -9.002 0.8888888955
101516  -21.883  -5.059  -9.800 1.0000000000
101535  -29.377  -4.303  -11.429 0.4444444478
101565  -27.928  -4.427  -15.544 0.1111111119
101566  -28.557  -4.848  -15.626 0.1111111119
101567  -29.239  -5.291  -15.843 0.1111111119
101577  -29.869  -4.956  -16.332 0.1111111119
101578  -32.560  -3.726  -16.598 0.1111111119
101582  -35.559  -4.597  -15.843 0.1111111119
102647  -13.849  -2.833  -4.614 0.4444444478
102685  -16.716  -3.587  -7.207 0.8888888955
102714  -18.184  -3.417  -9.325 0.8888888955
102719  -29.305  -3.293  -9.785 0.5555555820
102736  -19.696  -3.217  -10.538 1.0000000000
102762  -20.763  -2.725  -11.944 0.8888888955
102765  -29.444  -3.779  -11.190 0.4444444478
102781  -20.891  -2.473  -12.335 1.0000000000
102782  -20.980  -2.713  -12.246 0.8888888955
102795  -27.724  -3.600  -13.698 0.3333333433
102805  -28.143  -4.230  -14.151 0.2222222239
102810  -26.694  -3.089  -15.695 0.1111111119
102813  -30.297  -4.478  -16.329 0.1111111119
102814  -30.602  -4.225  -16.281 0.1111111119
102815  -31.306  -3.898  -16.312 0.1111111119
102820  -27.879  -4.131  -16.376 0.1111111119
102822  -29.900  -4.201  -16.492 0.1111111119
102826  -33.855  -3.478  -16.999 0.1111111119
102836  -34.200  -2.769  -17.266 0.1111111119
103845  -13.710  -2.326  -4.281 0.4444444478
103881  -16.346  -2.559  -7.539 0.6666666865
103890  -16.870  -2.823  -7.878 0.7777777910
103896  -27.305  -2.478  -8.297 0.7777777910
103907  -17.743  -2.505  -9.167 1.0000000000
103912  -28.507  -2.475  -9.414 0.6666666865
103923  -18.776  -2.360  -10.285 1.0000000000
103925  -20.095  -2.398  -10.873 1.0000000000
103927  -21.867  -2.798  -10.334 1.0000000000
103929  -29.387  -2.793  -10.882 0.5555555820
103945  -21.386  -2.707  -11.498 0.8888888955
103948  -29.385  -3.180  -11.283 0.4444444478
103965  -20.769  -2.184  -12.104 1.0000000000
103966  -21.227  -2.309  -12.133 1.0000000000
103984  -26.754  -2.551  -13.209 0.2222222239
103985  -27.182  -3.264  -13.084 0.4444444478
104003  -25.408  -2.144  -16.018 0.1111111119
104004  -25.866  -2.417  -15.614 0.1111111119
104008  -25.547  -2.135  -16.322 0.1111111119
104023  -34.919  -2.550  -16.921 0.1111111119
105050  -13.829  -1.484  -4.526 0.2222222239
105063  -14.823  -1.586  -6.263 0.7777777910
105088  -24.738  -1.839  -8.016 0.7777777910
105091  -27.518  -1.458  -8.619 0.7777777910
105103  -18.441  -1.526  -10.215 0.7777777910
105104  -22.764  -1.880  -9.516 0.8888888955
105118  -19.770  -1.582  -10.805 0.8888888955
105121  -22.180  -1.690  -10.352 0.8888888955
105133  -20.256  -1.361  -10.937 0.8888888955
105134  -20.611  -1.591  -11.482 0.8888888955
105138  -28.409  -1.958  -11.358 0.5555555820
105151  -20.986  -1.618  -12.086 0.8888888955
105190  -25.254  -1.208  -15.392 0.1111111119
105203  -25.162  -1.616  -16.012 0.1111111119
106236  -13.143  -0.605  -3.437 0.2222222239
106271  -24.344  -1.350  -8.483 0.7777777910
106274  -27.295  -0.444  -8.222 0.6666666865
106288  -18.707  -1.005  -10.526 0.8888888955
106292  -26.287  0.071  -8.124 0.7777777910
106293  -27.857  -0.036  -8.800 0.7777777910
106311  -22.810  -0.587  -10.648 0.8888888955
106327  -21.582  -0.974  -11.333 0.8888888955
106335  -21.149  -1.418  -11.874 0.8888888955
106336  -21.269  -1.331  -11.662 0.8888888955
106337  -26.602  0.082  -12.827 0.2222222239
106352  -26.778  -0.346  -13.027 0.2222222239
107443  -12.666  0.568  -1.676 0.1111111119
107454  -12.432  -0.211  -1.826 0.1111111119
107483  -14.598  0.229  -5.440 0.3333333433
107508  -16.352  0.323  -7.617 0.6666666865
107520  -17.675  0.477  -9.534 0.7777777910
107521  -26.839  0.068  -7.951 0.7777777910
107534  -26.352  0.729  -8.453 0.7777777910
107553  -19.801  0.712  -11.079 0.6666666865
107573  -19.616  -0.026  -10.848 0.7777777910
107574  -20.005  0.209  -11.001 0.7777777910
107576  -21.450  -0.186  -11.138 0.8888888955
107594  -26.683  0.843  -12.666 0.2222222239
108745  -26.857  1.689  -8.818 0.6666666865
108773  -20.489  0.737  -11.011 0.6666666865
108775  -21.980  0.561  -11.000 0.7777777910
108786  -26.897  1.271  -12.678 0.1111111119
108798  -26.597  1.524  -13.208 0.1111111119
109930  -16.049  2.322  -8.429 0.4444444478
109945  -24.575  2.632  -9.980 0.6666666865
109948  -27.106  2.469  -9.413 0.5555555820
111165  -16.152  2.796  -8.495 0.3333333433
111170  -24.604  3.601  -10.119 0.6666666865
111173  -26.815  2.883  -9.568 0.5555555820
111267  -24.603  3.832  -16.750 0.1111111119
112483  -24.851  3.985  -10.110 0.6666666865
112496  -26.293  4.441  -10.425 0.6666666865
112497  -26.847  4.141  -10.397 0.5555555820
112504  -26.813  4.617  -10.756 0.6666666865
112512  -23.202  5.578  -11.231 0.5555555820
112515  -27.425  4.299  -12.244 0.2222222239
112581  -25.766  5.385  -16.546 0.1111111119
113815  -22.869  5.940  -11.398 0.5555555820
113820  -27.242  4.942  -11.965 0.5555555820
115048  -23.446  7.444  -11.544 0.4444444478
115055  -23.004  6.505  -11.480 0.5555555820
115058  -25.644  6.685  -11.849 0.5555555820
116242  -25.939  7.974  -12.656 0.2222222239
116251  -26.052  7.852  -15.618 0.2222222239
118540  -23.744  9.228  -12.651 0.4444444478
118565  -25.887  9.893  -15.727 0.1111111119
118575  -26.072  9.954  -16.002 0.1111111119
119776  -25.819  10.115  -16.002 0.1111111119
119784  -25.536  10.178  -16.471 0.1111111119
119785  -25.953  10.003  -16.216 0.1111111119
120906  -21.371  12.132  -13.651 0.1111111119
120910  -24.550  10.865  -13.987 0.1111111119
120936  -22.679  12.272  -16.248 0.1111111119
122012  -18.562  12.556  -8.459 0.1111111119
122038  -20.639  13.481  -12.446 0.1111111119
122125  -23.458  12.232  -16.723 0.1111111119
123323  -20.581  14.673  -13.015 0.1111111119
166663  -12.828  -4.532  -2.019 0.1111111119
166677  -12.951  -4.026  -2.110 0.1111111119
