#!ascii label  , from subject 3430 vox2ras=TkReg
668
13672  -48.139  -78.875  13.733 0.0000000000
19583  -48.078  -74.758  5.442 0.0000000000
18429  -47.498  -75.968  16.726 0.0000000000
15645  -50.773  -77.404  8.092 0.0000000000
17490  -44.593  -75.935  11.837 0.0000000000
13605  -48.032  -79.056  20.865 0.0000000000
19387  -47.053  -73.696  24.326 0.0000000000
24129  -54.280  -69.863  26.567 0.0000000000
19480  -44.517  -74.826  19.304 0.0000000000
18461  -46.887  -75.424  14.182 0.0000000000
18434  -42.290  -75.488  16.560 0.0000000000
16482  -47.428  -76.958  22.073 0.0000000000
18330  -49.434  -74.219  26.661 0.0000000000
24140  -55.539  -68.609  24.346 0.0000000000
20495  -51.490  -71.454  23.517 0.0000000000
10880  -46.292  -80.686  8.472 0.0000000000
18525  -50.518  -75.605  6.166 0.0000000000
13761  -48.591  -78.682  4.391 0.0000000000
14684  -46.684  -77.499  4.443 0.0000000000
16513  -49.382  -77.336  14.990 0.0000000000
12763  -50.011  -79.077  11.121 0.0000000000
17505  -48.881  -76.406  10.358 0.0000000000
17525  -47.200  -76.051  7.935 0.0000000000
16500  -48.838  -77.046  18.879 0.0000000000
18388  -46.363  -75.456  20.247 0.0000000000
20530  -45.084  -72.500  22.451 0.0000000000
19325  -52.008  -72.244  27.800 0.0000000000
20450  -49.994  -71.889  25.750 0.0000000000
20512  -48.486  -71.291  23.034 0.0000000000
22934  -46.388  -70.094  21.061 0.0000000000
12823  -48.306  -79.747  6.094 0.0000000000
20706  -43.637  -73.087  4.079 0.0000000000
19605  -46.092  -74.378  2.686 0.0000000000
16638  -48.082  -75.843  1.050 0.0000000000
19462  -43.355  -73.312  19.805 0.0000000000
18414  -43.388  -75.405  17.946 0.0000000000
12772  -46.956  -80.476  10.836 0.0000000000
19576  -49.733  -74.539  5.400 0.0000000000
16597  -49.559  -76.456  4.615 0.0000000000
17558  -48.430  -75.618  4.809 0.0000000000
15686  -46.355  -76.339  4.195 0.0000000000
16609  -46.896  -75.600  4.229 0.0000000000
17452  -48.825  -76.650  16.468 0.0000000000
17461  -49.063  -75.717  14.819 0.0000000000
18471  -45.570  -75.322  13.256 0.0000000000
17477  -47.681  -76.253  12.626 0.0000000000
16537  -47.163  -76.434  10.890 0.0000000000
16555  -48.044  -76.673  9.232 0.0000000000
16544  -45.704  -77.135  10.271 0.0000000000
13630  -49.189  -78.528  17.938 0.0000000000
14571  -48.787  -78.113  19.663 0.0000000000
17399  -47.126  -75.808  23.430 0.0000000000
17416  -47.270  -76.393  20.916 0.0000000000
17414  -46.223  -75.127  21.914 0.0000000000
19434  -45.082  -74.199  21.397 0.0000000000
19406  -45.717  -73.278  23.050 0.0000000000
20429  -52.728  -71.464  27.140 0.0000000000
19368  -51.093  -72.232  26.750 0.0000000000
20452  -51.827  -71.367  26.068 0.0000000000
20515  -51.155  -71.190  22.424 0.0000000000
20494  -50.588  -71.320  23.631 0.0000000000
20532  -49.682  -70.754  22.150 0.0000000000
21718  -47.594  -70.687  21.669 0.0000000000
13709  -50.806  -78.502  9.474 0.0000000000
12794  -48.854  -79.285  8.197 0.0000000000
13718  -49.438  -78.517  7.202 0.0000000000
12843  -47.228  -80.155  3.499 0.0000000000
20705  -42.798  -72.611  3.634 0.0000000000
19588  -44.871  -73.618  4.142 0.0000000000
18589  -46.755  -74.636  0.688 0.0000000000
18417  -46.030  -75.866  17.612 0.0000000000
18439  -47.169  -75.185  15.920 0.0000000000
18427  -45.614  -75.553  16.755 0.0000000000
18445  -44.321  -75.043  15.033 0.0000000000
18458  -43.321  -75.026  14.180 0.0000000000
15558  -47.797  -77.767  21.570 0.0000000000
17384  -47.838  -75.967  24.722 0.0000000000
18328  -48.103  -74.396  25.581 0.0000000000
24138  -54.772  -69.371  25.408 0.0000000000
21668  -53.157  -70.825  24.572 0.0000000000
21685  -54.366  -70.784  23.841 0.0000000000
20497  -53.145  -71.823  23.054 0.0000000000
19436  -52.295  -71.084  21.352 0.0000000000
17541  -50.700  -76.429  7.130 0.0000000000
14674  -49.997  -77.612  6.035 0.0000000000
15690  -49.712  -76.924  4.855 0.0000000000
14702  -48.071  -78.221  3.951 0.0000000000
13748  -45.946  -78.885  4.207 0.0000000000
15684  -44.835  -77.373  3.491 0.0000000000
15704  -45.291  -76.668  2.831 0.0000000000
15718  -46.407  -76.400  1.140 0.0000000000
14635  -49.549  -78.142  14.116 0.0000000000
12751  -48.960  -79.717  12.027 0.0000000000
15628  -50.604  -77.896  11.478 0.0000000000
17509  -51.203  -76.954  10.413 0.0000000000
17469  -48.499  -76.108  13.783 0.0000000000
17495  -49.712  -76.723  11.539 0.0000000000
17515  -50.588  -76.679  9.720 0.0000000000
18497  -49.886  -75.807  7.825 0.0000000000
18508  -49.027  -74.825  7.119 0.0000000000
18518  -48.358  -74.192  6.729 0.0000000000
14617  -49.054  -78.337  16.615 0.0000000000
16509  -49.185  -77.614  17.172 0.0000000000
17441  -48.627  -76.911  18.203 0.0000000000
16488  -47.535  -77.033  20.891 0.0000000000
18390  -47.598  -76.558  19.690 0.0000000000
18405  -47.005  -76.339  18.853 0.0000000000
19465  -45.935  -75.397  19.688 0.0000000000
19463  -44.129  -74.002  20.264 0.0000000000
20544  -43.961  -72.350  20.985 0.0000000000
18331  -50.070  -73.598  27.063 0.0000000000
19366  -49.332  -73.150  26.179 0.0000000000
20448  -48.487  -72.610  25.208 0.0000000000
20474  -50.863  -71.459  24.662 0.0000000000
20472  -49.094  -71.886  24.603 0.0000000000
20490  -47.018  -72.457  23.783 0.0000000000
20510  -46.531  -72.070  23.186 0.0000000000
21716  -45.056  -71.252  22.157 0.0000000000
11797  -48.566  -80.029  10.045 0.0000000000
11821  -46.982  -80.414  7.315 0.0000000000
12832  -48.405  -79.736  4.798 0.0000000000
11854  -47.466  -80.711  4.252 0.0000000000
16562  -44.550  -76.938  8.103 0.0000000000
18505  -46.247  -74.892  6.792 0.0000000000
19563  -46.975  -74.189  6.078 0.0000000000
19580  -45.526  -74.008  4.747 0.0000000000
19582  -47.021  -74.463  4.776 0.0000000000
18547  -46.498  -74.794  3.458 0.0000000000
16637  -47.164  -75.747  1.339 0.0000000000
20561  -43.113  -72.359  19.736 0.0000000000
19478  -42.737  -73.612  19.283 0.0000000000
12759  -46.667  -80.001  11.612 0.0000000000
12749  -47.826  -80.033  12.246 0.0000000000
19584  -49.059  -74.676  5.167 0.0000000000
18532  -49.117  -75.102  4.871 0.0000000000
18531  -48.238  -75.195  5.183 0.0000000000
17557  -47.398  -75.401  4.627 0.0000000000
18430  -48.362  -76.300  16.621 0.0000000000
17455  -49.047  -75.942  15.787 0.0000000000
18441  -48.637  -75.841  15.869 0.0000000000
17474  -44.922  -75.472  12.546 0.0000000000
17491  -45.893  -76.236  11.907 0.0000000000
16545  -46.770  -76.902  10.197 0.0000000000
16535  -45.285  -76.606  11.169 0.0000000000
12672  -48.166  -79.568  19.903 0.0000000000
13614  -48.509  -79.133  19.612 0.0000000000
13615  -48.823  -78.798  19.141 0.0000000000
13607  -48.624  -78.674  19.693 0.0000000000
18360  -46.923  -75.042  23.572 0.0000000000
17398  -46.733  -75.439  22.990 0.0000000000
18359  -46.454  -74.695  23.221 0.0000000000
19421  -45.757  -74.054  22.614 0.0000000000
19408  -46.604  -73.286  23.852 0.0000000000
26676  -54.539  -68.563  26.603 0.0000000000
26675  -54.239  -68.319  26.824 0.0000000000
24107  -54.399  -69.583  26.982 0.0000000000
22848  -54.473  -70.065  27.628 0.0000000000
21640  -53.102  -70.836  26.676 0.0000000000
21639  -52.700  -71.083  26.451 0.0000000000
21650  -52.622  -70.853  25.899 0.0000000000
20533  -50.514  -70.879  21.803 0.0000000000
21719  -48.861  -70.724  21.831 0.0000000000
21732  -49.698  -70.591  20.952 0.0000000000
14657  -50.934  -78.085  9.053 0.0000000000
13714  -50.507  -78.409  8.784 0.0000000000
13719  -49.973  -78.381  7.808 0.0000000000
19618  -44.789  -73.717  2.172 0.0000000000
19631  -46.188  -74.440  0.776 0.0000000000
19630  -45.478  -74.282  0.865 0.0000000000
19495  -44.784  -75.450  18.528 0.0000000000
18416  -45.146  -75.746  17.645 0.0000000000
18424  -42.706  -75.424  17.299 0.0000000000
18425  -43.657  -75.584  16.984 0.0000000000
18436  -44.005  -75.468  15.969 0.0000000000
18444  -43.292  -75.253  15.218 0.0000000000
18345  -48.154  -75.210  25.466 0.0000000000
18329  -48.721  -74.530  25.974 0.0000000000
25426  -55.341  -68.581  25.585 0.0000000000
24139  -55.279  -69.069  24.944 0.0000000000
21669  -53.973  -70.121  24.535 0.0000000000
22863  -54.986  -69.200  24.495 0.0000000000
19423  -52.076  -71.252  21.952 0.0000000000
10031  -45.800  -81.271  7.509 0.0000000000
17545  -50.653  -76.196  6.416 0.0000000000
16581  -50.705  -76.842  5.984 0.0000000000
16599  -50.476  -76.573  5.378 0.0000000000
15670  -47.780  -77.258  4.390 0.0000000000
15671  -48.911  -76.955  4.518 0.0000000000
14685  -47.176  -77.847  4.394 0.0000000000
14700  -46.620  -78.244  4.392 0.0000000000
14699  -45.577  -77.854  4.271 0.0000000000
16608  -46.285  -75.736  3.669 0.0000000000
16620  -45.824  -76.152  2.207 0.0000000000
15717  -45.423  -76.834  1.561 0.0000000000
16635  -46.008  -76.287  1.638 0.0000000000
15608  -49.430  -77.997  14.795 0.0000000000
14643  -50.078  -78.519  13.249 0.0000000000
16529  -50.564  -77.312  11.236 0.0000000000
17497  -50.290  -76.991  11.486 0.0000000000
18447  -46.561  -74.960  14.918 0.0000000000
18448  -47.594  -75.344  14.890 0.0000000000
18462  -47.423  -75.588  14.293 0.0000000000
17494  -49.132  -76.356  11.500 0.0000000000
17506  -49.638  -76.504  10.483 0.0000000000
17507  -50.221  -76.723  10.547 0.0000000000
17514  -50.063  -76.492  9.561 0.0000000000
17529  -50.155  -76.387  8.779 0.0000000000
17526  -48.165  -76.117  8.229 0.0000000000
17527  -49.107  -75.829  8.178 0.0000000000
17537  -48.441  -75.350  7.579 0.0000000000
18507  -48.063  -74.687  7.122 0.0000000000
15581  -49.366  -77.828  18.956 0.0000000000
15587  -49.500  -77.811  18.102 0.0000000000
16501  -49.202  -77.462  18.554 0.0000000000
17442  -48.915  -77.074  18.214 0.0000000000
17432  -48.879  -77.166  18.562 0.0000000000
16483  -47.704  -77.526  20.933 0.0000000000
18379  -46.820  -75.744  20.751 0.0000000000
17422  -47.330  -76.378  20.348 0.0000000000
18389  -47.190  -76.192  20.061 0.0000000000
18398  -47.520  -76.462  19.282 0.0000000000
18397  -46.763  -76.053  19.602 0.0000000000
19466  -46.333  -75.822  19.490 0.0000000000
19433  -44.815  -73.459  21.910 0.0000000000
19448  -45.169  -74.567  20.680 0.0000000000
19447  -44.489  -73.670  21.151 0.0000000000
20563  -44.075  -72.998  20.871 0.0000000000
20545  -44.323  -72.409  21.613 0.0000000000
19344  -51.209  -72.926  27.380 0.0000000000
20451  -50.957  -71.607  25.844 0.0000000000
19367  -50.185  -72.742  26.622 0.0000000000
19365  -48.621  -73.403  25.760 0.0000000000
20449  -49.192  -72.287  25.499 0.0000000000
20475  -52.001  -71.269  24.610 0.0000000000
20513  -49.333  -70.981  23.067 0.0000000000
20493  -49.699  -71.362  23.768 0.0000000000
20492  -48.836  -71.597  23.796 0.0000000000
20471  -48.291  -72.187  24.516 0.0000000000
20491  -47.918  -71.893  23.844 0.0000000000
20511  -47.482  -71.648  23.177 0.0000000000
22923  -46.721  -70.427  21.521 0.0000000000
21717  -46.347  -70.896  22.139 0.0000000000
22922  -45.839  -70.485  21.663 0.0000000000
22921  -45.023  -70.561  21.561 0.0000000000
12752  -49.602  -79.391  11.859 0.0000000000
12774  -48.559  -80.078  10.591 0.0000000000
12775  -49.200  -79.550  10.100 0.0000000000
12803  -48.489  -79.519  7.472 0.0000000000
11814  -48.173  -79.855  8.340 0.0000000000
11822  -47.728  -80.082  7.255 0.0000000000
11832  -47.025  -80.546  6.612 0.0000000000
11844  -47.287  -80.653  5.763 0.0000000000
13751  -49.057  -78.196  5.207 0.0000000000
13740  -48.938  -78.461  5.429 0.0000000000
13750  -48.647  -79.121  4.624 0.0000000000
12853  -46.845  -80.724  3.035 0.0000000000
11862  -47.414  -80.492  3.832 0.0000000000
16551  -43.998  -77.191  9.399 0.0000000000
16560  -43.115  -76.628  9.176 0.0000000000
18515  -45.795  -74.513  6.373 0.0000000000
18516  -46.676  -74.402  6.499 0.0000000000
19562  -46.092  -74.252  6.017 0.0000000000
19604  -45.532  -73.849  2.897 0.0000000000
19589  -45.530  -73.868  3.883 0.0000000000
19590  -46.155  -74.242  3.764 0.0000000000
19581  -46.268  -74.217  4.687 0.0000000000
19591  -46.487  -74.559  3.717 0.0000000000
19606  -46.317  -74.629  3.089 0.0000000000
17587  -47.276  -75.409  1.118 0.0000000000
17581  -46.574  -75.265  1.967 0.0000000000
16655  -47.965  -76.195  1.105 0.0000000000
19479  -43.631  -74.280  19.329 0.0000000000
19494  -43.920  -75.108  18.639 0.0000000000
19493  -43.052  -74.778  18.614 0.0000000000
19503  -42.531  -75.049  18.058 0.0000000000
22874  -55.346  -69.270  23.827 0.0000000000
22875  -55.953  -69.012  23.433 0.0000000000
11795  -47.194  -80.671  9.937 0.0000000000
19567  -50.109  -74.643  5.775 0.0000000000
17543  -50.224  -75.409  5.322 0.0000000000
18533  -49.634  -75.184  4.877 0.0000000000
16596  -48.635  -76.320  4.573 0.0000000000
16595  -47.547  -76.111  4.579 0.0000000000
15669  -46.799  -76.710  4.432 0.0000000000
16594  -46.753  -76.046  4.336 0.0000000000
17453  -49.075  -77.096  16.293 0.0000000000
17457  -49.322  -76.878  15.265 0.0000000000
17462  -49.503  -76.322  14.521 0.0000000000
17471  -49.735  -76.611  13.492 0.0000000000
18460  -45.824  -75.133  13.861 0.0000000000
17468  -47.501  -75.988  13.707 0.0000000000
17476  -46.655  -76.028  12.702 0.0000000000
17492  -46.961  -76.292  11.745 0.0000000000
17504  -48.296  -76.346  10.478 0.0000000000
16547  -48.414  -76.580  9.948 0.0000000000
16546  -47.738  -76.596  10.223 0.0000000000
16554  -47.228  -76.892  9.318 0.0000000000
16564  -46.762  -76.756  8.399 0.0000000000
13616  -49.205  -78.438  18.939 0.0000000000
15575  -48.994  -77.876  19.491 0.0000000000
16481  -47.184  -76.402  22.725 0.0000000000
17409  -47.257  -76.584  21.608 0.0000000000
17408  -46.886  -76.152  22.205 0.0000000000
17415  -46.590  -75.612  21.554 0.0000000000
18378  -45.928  -74.864  21.339 0.0000000000
18369  -45.635  -74.287  22.194 0.0000000000
18377  -45.293  -74.143  21.914 0.0000000000
19420  -45.429  -73.539  22.592 0.0000000000
22824  -54.135  -70.617  28.285 0.0000000000
20411  -52.881  -71.458  27.579 0.0000000000
19345  -51.883  -72.211  27.421 0.0000000000
20428  -52.387  -71.490  26.768 0.0000000000
20516  -51.866  -71.424  22.589 0.0000000000
20514  -50.208  -70.906  22.843 0.0000000000
20531  -49.014  -70.880  22.517 0.0000000000
21701  -48.018  -71.155  22.430 0.0000000000
22935  -47.368  -70.134  20.984 0.0000000000
12777  -50.583  -78.753  9.882 0.0000000000
12785  -49.742  -79.113  9.271 0.0000000000
12786  -50.371  -78.807  9.340 0.0000000000
12804  -49.171  -78.852  7.611 0.0000000000
12815  -48.620  -79.283  6.742 0.0000000000
12844  -48.096  -79.699  4.141 0.0000000000
20720  -43.660  -73.029  3.127 0.0000000000
20721  -44.235  -73.325  3.780 0.0000000000
19603  -44.646  -73.461  3.123 0.0000000000
18563  -46.201  -74.597  2.065 0.0000000000
18590  -47.404  -74.911  0.530 0.0000000000
18418  -46.922  -76.256  17.830 0.0000000000
18428  -46.597  -75.589  16.809 0.0000000000
18438  -46.089  -75.023  15.923 0.0000000000
18426  -44.628  -75.645  16.803 0.0000000000
18437  -45.046  -75.353  15.857 0.0000000000
18446  -45.442  -74.952  14.928 0.0000000000
18459  -44.654  -75.000  14.017 0.0000000000
18482  -44.461  -75.352  12.563 0.0000000000
13595  -47.994  -78.758  20.905 0.0000000000
16475  -47.656  -76.822  23.634 0.0000000000
16460  -48.194  -76.661  24.768 0.0000000000
17400  -47.493  -76.184  23.878 0.0000000000
17383  -47.495  -75.602  24.304 0.0000000000
18343  -47.256  -74.785  24.350 0.0000000000
19363  -47.447  -73.950  24.846 0.0000000000
25425  -54.895  -68.878  26.394 0.0000000000
22851  -53.977  -69.906  25.902 0.0000000000
21651  -53.437  -70.219  25.362 0.0000000000
22861  -53.901  -69.850  25.228 0.0000000000
20476  -52.909  -71.437  23.823 0.0000000000
21684  -53.755  -71.388  23.487 0.0000000000
20496  -52.327  -71.607  23.317 0.0000000000
19435  -51.720  -71.007  21.719 0.0000000000
20534  -51.284  -70.969  21.341 0.0000000000
15655  -50.836  -77.180  7.884 0.0000000000
14671  -50.343  -77.780  7.105 0.0000000000
15664  -50.738  -77.258  6.517 0.0000000000
14686  -49.935  -77.248  5.340 0.0000000000
13762  -49.003  -78.075  4.736 0.0000000000
14712  -48.430  -78.469  4.076 0.0000000000
15685  -45.728  -76.649  3.912 0.0000000000
15703  -44.478  -77.298  2.465 0.0000000000
15716  -44.269  -77.714  1.251 0.0000000000
15722  -45.169  -77.510  0.582 0.0000000000
13673  -49.119  -78.793  13.519 0.0000000000
13684  -48.644  -79.486  12.831 0.0000000000
13674  -49.978  -78.960  13.071 0.0000000000
13686  -50.212  -79.084  12.244 0.0000000000
13687  -50.566  -78.722  12.144 0.0000000000
15623  -50.379  -77.865  12.343 0.0000000000
13697  -50.678  -78.520  11.124 0.0000000000
14653  -51.235  -78.026  10.413 0.0000000000
14656  -51.534  -77.786  9.764 0.0000000000
15642  -51.382  -77.511  9.401 0.0000000000
18449  -48.441  -75.565  15.247 0.0000000000
16526  -48.146  -76.348  13.057 0.0000000000
17478  -48.642  -76.360  12.729 0.0000000000
17508  -50.822  -76.954  10.632 0.0000000000
17516  -51.206  -76.872  9.915 0.0000000000
16568  -50.788  -77.075  8.391 0.0000000000
17538  -50.637  -76.693  7.907 0.0000000000
18511  -50.432  -76.219  7.551 0.0000000000
18510  -50.178  -75.590  7.282 0.0000000000
18496  -49.576  -75.484  7.661 0.0000000000
18509  -49.805  -74.903  6.985 0.0000000000
19555  -49.703  -74.342  6.512 0.0000000000
19565  -49.011  -74.136  6.320 0.0000000000
19574  -48.072  -74.331  5.695 0.0000000000
13663  -48.492  -78.448  14.693 0.0000000000
14627  -49.111  -78.225  15.513 0.0000000000
15601  -49.290  -77.891  16.088 0.0000000000
14604  -49.221  -78.284  17.276 0.0000000000
15593  -49.394  -78.108  16.973 0.0000000000
16511  -49.198  -77.525  16.171 0.0000000000
17448  -48.985  -77.274  17.211 0.0000000000
17447  -48.764  -76.971  17.404 0.0000000000
18419  -47.895  -76.403  17.528 0.0000000000
14560  -48.095  -78.149  20.452 0.0000000000
15567  -48.493  -78.034  20.020 0.0000000000
16494  -48.487  -77.275  19.546 0.0000000000
16487  -47.391  -76.754  21.341 0.0000000000
17417  -47.672  -76.935  20.289 0.0000000000
17424  -48.251  -76.925  19.421 0.0000000000
17430  -47.988  -76.706  19.363 0.0000000000
18406  -47.668  -76.484  18.410 0.0000000000
19498  -46.539  -76.192  18.651 0.0000000000
19481  -45.357  -75.338  19.151 0.0000000000
19464  -45.163  -74.842  19.873 0.0000000000
20562  -43.634  -72.567  20.438 0.0000000000
19343  -50.611  -73.066  27.120 0.0000000000
19364  -47.928  -73.536  25.294 0.0000000000
19388  -47.565  -73.337  24.800 0.0000000000
21667  -52.369  -70.995  25.273 0.0000000000
20473  -49.928  -71.610  24.670 0.0000000000
20469  -47.029  -73.022  24.139 0.0000000000
20489  -46.232  -72.867  23.487 0.0000000000
20509  -45.743  -72.696  23.041 0.0000000000
21700  -46.966  -71.287  22.611 0.0000000000
21699  -45.917  -71.734  22.679 0.0000000000
21729  -44.383  -71.482  21.669 0.0000000000
21728  -43.907  -71.448  21.090 0.0000000000
12761  -48.445  -80.119  11.429 0.0000000000
12773  -47.898  -80.570  10.778 0.0000000000
11807  -47.302  -80.312  8.967 0.0000000000
11808  -48.408  -79.965  9.423 0.0000000000
10881  -46.682  -80.490  8.218 0.0000000000
10898  -46.484  -80.806  7.057 0.0000000000
13724  -49.571  -78.222  6.671 0.0000000000
12824  -48.637  -79.226  6.019 0.0000000000
12825  -48.399  -79.743  5.449 0.0000000000
11855  -47.890  -80.255  4.669 0.0000000000
11852  -47.534  -80.668  4.950 0.0000000000
19477  -41.843  -73.519  18.898 0.0000000000
19521  -42.568  -74.982  14.733 0.0000000000
18469  -43.845  -75.111  13.149 0.0000000000
18481  -43.799  -75.361  12.317 0.0000000000
17503  -44.345  -76.464  11.158 0.0000000000
16543  -44.504  -76.963  10.486 0.0000000000
16552  -44.917  -77.460  9.113 0.0000000000
17524  -46.249  -76.099  7.684 0.0000000000
17522  -43.883  -76.064  7.911 0.0000000000
17523  -45.098  -75.991  7.410 0.0000000000
17535  -46.741  -75.413  7.332 0.0000000000
18506  -47.185  -74.782  6.965 0.0000000000
19564  -47.901  -74.044  6.166 0.0000000000
20707  -44.292  -73.490  4.431 0.0000000000
19579  -44.859  -73.803  4.868 0.0000000000
19571  -45.440  -74.127  5.450 0.0000000000
19572  -46.252  -74.201  5.445 0.0000000000
18530  -47.098  -74.890  4.457 0.0000000000
17575  -46.579  -75.143  3.458 0.0000000000
17574  -46.319  -75.288  3.072 0.0000000000
16622  -46.494  -75.436  2.026 0.0000000000
16621  -46.255  -75.558  2.448 0.0000000000
10032  -46.124  -80.958  7.510 0.0000000000
10042  -46.019  -81.224  7.062 0.0000000000
10043  -46.273  -80.886  7.326 0.0000000000
10890  -46.162  -80.844  7.906 0.0000000000
10891  -46.541  -80.635  7.635 0.0000000000
10897  -46.231  -81.120  6.805 0.0000000000
10906  -46.452  -80.996  6.607 0.0000000000
10919  -46.588  -81.111  6.070 0.0000000000
11796  -48.103  -80.472  9.936 0.0000000000
11806  -46.376  -80.627  9.175 0.0000000000
11813  -47.229  -80.259  7.978 0.0000000000
11833  -47.791  -80.163  6.313 0.0000000000
11845  -47.947  -80.180  5.568 0.0000000000
11853  -48.089  -80.124  5.061 0.0000000000
11863  -47.873  -80.175  4.334 0.0000000000
11873  -46.509  -81.131  2.681 0.0000000000
11874  -47.020  -80.909  3.177 0.0000000000
12655  -48.326  -79.314  19.945 0.0000000000
12673  -48.498  -79.336  19.217 0.0000000000
12750  -48.229  -80.022  12.211 0.0000000000
12760  -47.617  -80.171  11.749 0.0000000000
12762  -49.109  -79.616  11.198 0.0000000000
12764  -50.497  -78.774  10.464 0.0000000000
12776  -50.112  -79.018  10.028 0.0000000000
12784  -48.993  -79.459  8.987 0.0000000000
12795  -49.443  -78.990  8.497 0.0000000000
12796  -50.008  -78.716  8.663 0.0000000000
12805  -49.684  -78.681  8.169 0.0000000000
12814  -48.233  -79.780  6.746 0.0000000000
12826  -48.705  -79.185  5.407 0.0000000000
12833  -48.803  -79.011  5.016 0.0000000000
13606  -48.311  -78.909  20.286 0.0000000000
13622  -49.234  -78.494  18.520 0.0000000000
13675  -50.477  -78.855  12.790 0.0000000000
13685  -49.494  -79.310  12.611 0.0000000000
13695  -47.140  -79.842  12.080 0.0000000000
13696  -50.325  -79.023  11.859 0.0000000000
13703  -50.879  -78.478  10.173 0.0000000000
13723  -49.001  -78.727  6.701 0.0000000000
13731  -48.939  -78.617  6.001 0.0000000000
13732  -49.398  -78.090  6.181 0.0000000000
13741  -49.411  -77.773  5.443 0.0000000000
13752  -49.529  -77.457  5.230 0.0000000000
14559  -47.966  -78.324  20.942 0.0000000000
14569  -48.201  -78.589  20.513 0.0000000000
14570  -48.434  -78.350  20.004 0.0000000000
14578  -48.775  -78.545  19.498 0.0000000000
14579  -49.051  -78.279  19.300 0.0000000000
14584  -49.464  -78.184  18.711 0.0000000000
14593  -49.583  -78.183  18.207 0.0000000000
14628  -49.318  -78.022  15.572 0.0000000000
14634  -49.124  -78.313  14.469 0.0000000000
14636  -50.000  -78.162  13.477 0.0000000000
14642  -49.619  -78.497  13.621 0.0000000000
14649  -50.606  -78.260  11.729 0.0000000000
14650  -50.927  -78.052  11.183 0.0000000000
14651  -51.156  -78.110  10.900 0.0000000000
14652  -51.192  -78.044  10.803 0.0000000000
14654  -51.567  -77.731  10.195 0.0000000000
14655  -51.182  -78.139  9.666 0.0000000000
14658  -51.181  -77.831  9.205 0.0000000000
14663  -50.674  -77.817  8.247 0.0000000000
14664  -50.925  -77.775  8.877 0.0000000000
14683  -46.187  -77.074  4.357 0.0000000000
14701  -47.526  -78.327  4.131 0.0000000000
14704  -49.335  -77.410  5.010 0.0000000000
14705  -50.013  -77.037  5.199 0.0000000000
14711  -47.971  -78.717  3.799 0.0000000000
14714  -49.024  -77.498  4.764 0.0000000000
15559  -47.900  -77.934  20.737 0.0000000000
15566  -48.145  -77.942  20.264 0.0000000000
15609  -49.498  -77.719  14.647 0.0000000000
15629  -50.949  -77.801  10.929 0.0000000000
15633  -51.358  -77.582  10.533 0.0000000000
15635  -51.657  -77.353  10.202 0.0000000000
15636  -43.962  -77.159  8.942 0.0000000000
15637  -44.241  -77.268  8.947 0.0000000000
15638  -51.668  -77.399  9.806 0.0000000000
15640  -44.083  -77.120  8.735 0.0000000000
15641  -44.300  -77.192  8.664 0.0000000000
15646  -50.904  -77.443  8.757 0.0000000000
15654  -50.783  -77.395  7.481 0.0000000000
15665  -51.016  -77.096  7.177 0.0000000000
15668  -46.249  -76.680  4.304 0.0000000000
15673  -50.447  -77.085  5.625 0.0000000000
15687  -47.831  -77.937  4.155 0.0000000000
15688  -48.352  -77.505  4.158 0.0000000000
15691  -50.181  -76.861  5.084 0.0000000000
15719  -46.911  -76.078  1.162 0.0000000000
16474  -47.334  -76.504  23.173 0.0000000000
16484  -47.900  -77.743  20.460 0.0000000000
16489  -47.997  -77.495  20.109 0.0000000000
16490  -48.647  -77.605  19.665 0.0000000000
16495  -49.013  -77.500  19.237 0.0000000000
16507  -49.248  -77.515  17.842 0.0000000000
16520  -47.841  -76.271  13.218 0.0000000000
16521  -48.091  -76.259  13.440 0.0000000000
16527  -48.394  -76.302  13.270 0.0000000000
16534  -44.682  -76.511  11.213 0.0000000000
16536  -46.304  -76.589  11.033 0.0000000000
16538  -50.782  -77.217  10.985 0.0000000000
16539  -51.065  -77.357  10.776 0.0000000000
16542  -43.612  -76.925  10.083 0.0000000000
16548  -51.072  -76.974  10.636 0.0000000000
16549  -51.413  -77.104  10.408 0.0000000000
16550  -43.408  -76.885  9.444 0.0000000000
16553  -46.263  -77.255  9.222 0.0000000000
16556  -51.672  -76.906  9.916 0.0000000000
16561  -43.724  -76.849  8.735 0.0000000000
16563  -45.718  -77.009  8.092 0.0000000000
16565  -47.521  -76.569  8.585 0.0000000000
16566  -51.215  -77.173  9.360 0.0000000000
16571  -50.890  -76.874  7.506 0.0000000000
16582  -50.875  -76.744  6.644 0.0000000000
16600  -50.698  -76.502  6.013 0.0000000000
16607  -45.791  -76.047  3.071 0.0000000000
16612  -50.112  -76.696  4.908 0.0000000000
16636  -46.426  -75.921  1.635 0.0000000000
17407  -46.440  -75.311  22.389 0.0000000000
17418  -47.988  -77.069  19.815 0.0000000000
17423  -47.662  -76.660  19.972 0.0000000000
17431  -48.529  -76.889  18.920 0.0000000000
17440  -48.175  -76.639  18.752 0.0000000000
17451  -48.770  -76.158  16.186 0.0000000000
17456  -49.204  -76.374  15.534 0.0000000000
17459  -47.675  -75.663  14.370 0.0000000000
17460  -48.156  -75.735  14.503 0.0000000000
17466  -45.847  -75.384  13.311 0.0000000000
17467  -46.384  -75.582  13.416 0.0000000000
17475  -45.600  -75.634  12.763 0.0000000000
17496  -50.218  -77.004  11.463 0.0000000000
17512  -48.781  -76.432  9.188 0.0000000000
17528  -49.789  -76.110  8.516 0.0000000000
17530  -50.646  -76.728  8.822 0.0000000000
17536  -47.659  -75.398  7.475 0.0000000000
17544  -50.352  -75.480  5.533 0.0000000000
17559  -49.292  -75.669  4.689 0.0000000000
17560  -49.990  -75.657  4.869 0.0000000000
17561  -50.421  -75.837  5.371 0.0000000000
17562  -50.621  -76.058  5.832 0.0000000000
17580  -46.426  -75.195  2.596 0.0000000000
17588  -47.812  -75.624  0.997 0.0000000000
17599  -47.829  -75.315  0.694 0.0000000000
18327  -47.640  -74.381  25.110 0.0000000000
18342  -46.829  -74.465  23.885 0.0000000000
18344  -47.690  -75.115  25.024 0.0000000000
18370  -46.017  -74.618  22.427 0.0000000000
18380  -47.166  -76.186  20.501 0.0000000000
18387  -45.828  -74.959  20.584 0.0000000000
18396  -46.369  -75.668  19.784 0.0000000000
18407  -48.222  -76.624  18.097 0.0000000000
18413  -42.905  -75.252  18.041 0.0000000000
18415  -44.238  -75.582  17.779 0.0000000000
18420  -48.454  -76.679  17.483 0.0000000000
18423  -42.052  -75.318  16.948 0.0000000000
18431  -48.622  -76.695  16.991 0.0000000000
18435  -42.961  -75.553  16.186 0.0000000000
18440  -47.962  -75.756  15.841 0.0000000000
18450  -48.889  -75.624  15.467 0.0000000000
18470  -44.996  -75.253  13.134 0.0000000000
18498  -50.202  -76.224  8.074 0.0000000000
18499  -50.452  -76.505  8.099 0.0000000000
18517  -47.556  -74.231  6.642 0.0000000000
18519  -49.978  -74.501  6.491 0.0000000000
18520  -50.226  -74.966  6.412 0.0000000000
18521  -50.442  -75.817  6.814 0.0000000000
18523  -49.957  -75.015  5.201 0.0000000000
18524  -50.305  -75.181  5.706 0.0000000000
18534  -50.433  -75.546  5.676 0.0000000000
18535  -50.509  -75.660  5.793 0.0000000000
19369  -51.684  -72.012  26.942 0.0000000000
19386  -46.536  -73.998  23.768 0.0000000000
19407  -46.007  -73.743  23.202 0.0000000000
19422  -51.698  -71.182  22.163 0.0000000000
19449  -45.732  -75.006  20.191 0.0000000000
19450  -51.923  -70.867  21.083 0.0000000000
19461  -42.994  -72.979  19.587 0.0000000000
19482  -46.060  -75.843  19.011 0.0000000000
19483  -46.536  -76.097  19.163 0.0000000000
19492  -42.212  -74.452  18.543 0.0000000000
19496  -45.592  -75.764  18.397 0.0000000000
19497  -46.217  -76.055  18.306 0.0000000000
19509  -42.256  -75.480  16.060 0.0000000000
19554  -49.477  -74.414  6.754 0.0000000000
19566  -49.814  -74.300  6.035 0.0000000000
19573  -47.120  -74.257  5.501 0.0000000000
19575  -49.052  -74.295  5.584 0.0000000000
19577  -50.048  -74.773  5.503 0.0000000000
19585  -49.567  -74.816  5.032 0.0000000000
20392  -52.281  -71.960  27.974 0.0000000000
20410  -52.380  -71.807  27.486 0.0000000000
20447  -47.936  -72.837  24.912 0.0000000000
20470  -47.517  -72.732  24.393 0.0000000000
20488  -45.891  -73.143  23.239 0.0000000000
20517  -52.508  -71.767  22.339 0.0000000000
20699  -42.966  -72.858  4.702 0.0000000000
21623  -53.572  -71.132  28.271 0.0000000000
21631  -53.524  -71.030  27.705 0.0000000000
21652  -53.904  -69.865  24.953 0.0000000000
21702  -48.616  -70.993  22.453 0.0000000000
21715  -44.547  -70.897  21.562 0.0000000000
21730  -47.899  -70.367  21.070 0.0000000000
22825  -54.621  -70.043  28.080 0.0000000000
22847  -54.033  -70.252  27.074 0.0000000000
22852  -54.447  -69.585  25.533 0.0000000000
22862  -54.489  -69.553  24.842 0.0000000000
22873  -54.754  -69.973  23.883 0.0000000000
22920  -44.704  -70.577  21.431 0.0000000000
24075  -54.630  -69.584  27.774 0.0000000000
24106  -54.266  -69.918  26.883 0.0000000000
24130  -54.582  -69.509  26.062 0.0000000000
24131  -55.066  -69.116  25.714 0.0000000000
24151  -55.342  -68.873  24.259 0.0000000000
25392  -54.573  -68.888  27.372 0.0000000000
25446  -55.589  -68.406  24.769 0.0000000000
26703  -54.926  -67.910  26.047 0.0000000000
