#!ascii label  , from subject 3430 vox2ras=TkReg
465
92877  -29.892  -11.538  -8.125 0.0000000000
96362  -26.004  -8.768  -7.458 0.0000000000
112482  -24.557  3.979  -10.136 0.0000000000
106294  -27.858  -0.408  -9.701 0.0000000000
98966  -29.803  -5.757  -11.810 0.0000000000
98946  -34.074  -6.206  -11.016 0.0000000000
112501  -22.979  5.173  -10.480 0.0000000000
103928  -29.028  -2.410  -10.416 0.0000000000
101473  -26.258  -4.537  -7.954 0.0000000000
94056  -28.270  -10.312  -8.397 0.0000000000
97650  -29.942  -7.142  -9.702 0.0000000000
96383  -31.221  -8.232  -8.025 0.0000000000
87064  -25.470  -16.207  -6.028 0.0000000000
91718  -25.397  -12.406  -7.012 0.0000000000
119726  -21.924  10.933  -11.074 0.0000000000
118539  -23.096  9.525  -12.473 0.0000000000
117377  -25.072  8.226  -12.304 0.0000000000
115059  -26.231  6.184  -12.203 0.0000000000
111228  -27.493  3.095  -12.598 0.0000000000
109947  -26.505  2.397  -9.383 0.0000000000
106351  -26.507  -0.333  -13.514 0.0000000000
102811  -27.369  -3.909  -15.565 0.0000000000
101568  -30.364  -4.846  -16.190 0.0000000000
101571  -33.503  -4.354  -15.587 0.0000000000
100183  -28.515  -5.701  -8.434 0.0000000000
100250  -32.382  -5.042  -11.561 0.0000000000
102697  -25.748  -3.561  -8.098 0.0000000000
101471  -24.116  -4.493  -8.618 0.0000000000
92900  -29.122  -11.165  -8.652 0.0000000000
95204  -29.575  -9.688  -8.937 0.0000000000
95186  -30.717  -9.672  -7.913 0.0000000000
83147  -26.466  -19.305  -2.723 0.0000000000
84471  -26.154  -18.535  -4.406 0.0000000000
85788  -26.633  -17.661  -5.041 0.0000000000
92849  -25.121  -11.492  -7.204 0.0000000000
90607  -23.842  -12.900  -6.931 0.0000000000
117376  -24.398  8.660  -12.466 0.0000000000
112493  -23.217  4.385  -9.903 0.0000000000
113809  -25.029  5.694  -11.303 0.0000000000
113803  -26.028  5.009  -10.698 0.0000000000
112514  -27.145  4.628  -12.703 0.0000000000
112505  -27.402  4.216  -10.980 0.0000000000
107536  -27.785  0.683  -9.378 0.0000000000
108776  -27.656  1.393  -11.114 0.0000000000
106329  -27.361  -0.543  -11.849 0.0000000000
103996  -26.388  -2.428  -14.355 0.0000000000
103967  -26.934  -2.423  -12.725 0.0000000000
101534  -29.000  -4.636  -11.953 0.0000000000
101549  -28.765  -4.632  -13.644 0.0000000000
100277  -30.229  -5.314  -14.698 0.0000000000
101570  -32.168  -4.006  -15.941 0.0000000000
101551  -31.705  -4.598  -14.095 0.0000000000
97599  -24.829  -7.701  -7.895 0.0000000000
98891  -26.176  -6.501  -7.751 0.0000000000
98870  -26.487  -7.135  -7.589 0.0000000000
100211  -31.911  -5.756  -9.584 0.0000000000
100210  -30.943  -5.723  -9.708 0.0000000000
101518  -33.030  -5.015  -11.286 0.0000000000
100279  -34.141  -5.502  -13.623 0.0000000000
100264  -34.034  -6.372  -12.542 0.0000000000
87066  -27.041  -16.189  -5.784 0.0000000000
88278  -24.908  -15.432  -6.530 0.0000000000
88298  -27.310  -14.781  -6.602 0.0000000000
89464  -27.075  -14.063  -6.730 0.0000000000
106273  -26.111  -0.501  -8.111 0.0000000000
105123  -28.517  -1.854  -10.920 0.0000000000
103911  -27.944  -2.111  -8.819 0.0000000000
103897  -28.024  -2.803  -8.713 0.0000000000
101497  -29.747  -4.079  -9.953 0.0000000000
95167  -26.584  -9.703  -7.459 0.0000000000
96380  -28.099  -8.508  -8.178 0.0000000000
96396  -29.362  -8.683  -9.231 0.0000000000
97627  -30.963  -7.669  -8.893 0.0000000000
98895  -32.190  -6.791  -8.487 0.0000000000
85805  -26.889  -16.998  -5.423 0.0000000000
95165  -24.737  -9.752  -7.603 0.0000000000
94015  -25.905  -10.663  -7.340 0.0000000000
92851  -27.264  -11.630  -7.605 0.0000000000
91720  -27.773  -12.371  -7.577 0.0000000000
120876  -21.350  12.278  -12.180 0.0000000000
118523  -22.004  9.974  -10.788 0.0000000000
118538  -22.352  9.719  -11.929 0.0000000000
119758  -24.542  10.335  -13.634 0.0000000000
118549  -25.009  9.566  -13.390 0.0000000000
117394  -26.126  8.059  -13.348 0.0000000000
113817  -24.085  6.200  -11.610 0.0000000000
116238  -26.021  7.019  -12.187 0.0000000000
115067  -26.460  6.388  -14.442 0.0000000000
113823  -26.640  5.349  -13.880 0.0000000000
111238  -26.606  3.335  -14.076 0.0000000000
110001  -25.925  2.261  -14.257 0.0000000000
111172  -26.355  3.105  -9.757 0.0000000000
111202  -27.556  3.184  -10.617 0.0000000000
108799  -27.055  1.490  -12.714 0.0000000000
106371  -25.471  -0.395  -14.973 0.0000000000
105204  -25.396  -1.764  -15.441 0.0000000000
102830  -28.147  -3.419  -17.023 0.0000000000
102783  -28.023  -3.376  -12.932 0.0000000000
101575  -28.595  -4.679  -16.356 0.0000000000
100180  -25.720  -5.625  -8.176 0.0000000000
101475  -28.464  -4.584  -8.227 0.0000000000
100230  -30.219  -4.727  -10.236 0.0000000000
98943  -29.314  -6.861  -9.525 0.0000000000
100209  -30.252  -5.596  -9.865 0.0000000000
100248  -30.498  -5.414  -11.428 0.0000000000
101552  -32.702  -4.763  -13.785 0.0000000000
101572  -34.786  -4.873  -15.362 0.0000000000
90609  -25.678  -13.230  -6.739 0.0000000000
90610  -26.846  -13.211  -6.817 0.0000000000
91722  -29.329  -12.562  -7.267 0.0000000000
92876  -29.413  -11.334  -8.446 0.0000000000
94039  -29.757  -10.777  -8.672 0.0000000000
94040  -30.219  -10.654  -8.315 0.0000000000
95168  -30.781  -9.839  -7.504 0.0000000000
92852  -30.257  -11.294  -7.642 0.0000000000
84425  -26.722  -18.922  -2.821 0.0000000000
83173  -26.101  -19.226  -3.531 0.0000000000
84445  -26.640  -18.836  -3.272 0.0000000000
112494  -24.294  4.303  -10.153 0.0000000000
113802  -25.164  5.091  -10.695 0.0000000000
112495  -25.427  4.394  -10.261 0.0000000000
113804  -26.501  4.843  -10.799 0.0000000000
111189  -25.901  4.083  -10.137 0.0000000000
107522  -27.287  0.117  -8.012 0.0000000000
107535  -27.419  0.677  -8.353 0.0000000000
107556  -27.723  0.529  -10.394 0.0000000000
106313  -27.643  -0.511  -10.842 0.0000000000
105154  -27.310  -1.331  -12.648 0.0000000000
100246  -29.185  -5.223  -11.870 0.0000000000
98999  -29.347  -5.329  -12.762 0.0000000000
99000  -29.577  -5.576  -12.669 0.0000000000
101550  -30.826  -4.895  -14.249 0.0000000000
98989  -30.025  -5.872  -12.268 0.0000000000
97579  -25.378  -7.857  -7.597 0.0000000000
98869  -25.808  -7.237  -7.643 0.0000000000
97580  -26.294  -7.832  -7.509 0.0000000000
100212  -32.977  -5.604  -9.509 0.0000000000
100234  -33.446  -5.476  -10.687 0.0000000000
100263  -33.531  -5.870  -12.228 0.0000000000
100252  -33.832  -6.320  -11.937 0.0000000000
98990  -34.518  -7.024  -12.881 0.0000000000
88280  -26.829  -15.539  -6.445 0.0000000000
105089  -25.708  -1.659  -7.888 0.0000000000
105090  -26.736  -1.521  -8.104 0.0000000000
102698  -26.792  -3.488  -7.876 0.0000000000
102699  -27.792  -3.518  -8.194 0.0000000000
102700  -28.635  -3.442  -8.813 0.0000000000
95184  -27.757  -9.724  -8.023 0.0000000000
95185  -28.424  -9.202  -8.467 0.0000000000
95202  -28.485  -9.825  -8.524 0.0000000000
96382  -30.830  -8.826  -8.339 0.0000000000
96398  -30.610  -8.417  -8.899 0.0000000000
96399  -30.983  -8.100  -8.523 0.0000000000
98894  -31.691  -7.005  -8.706 0.0000000000
97602  -31.499  -7.432  -8.454 0.0000000000
98871  -32.464  -6.928  -8.079 0.0000000000
97582  -31.665  -7.663  -7.704 0.0000000000
81850  -25.394  -20.530  -3.233 0.0000000000
81835  -25.705  -20.910  -2.708 0.0000000000
87046  -27.268  -16.572  -5.044 0.0000000000
94014  -24.916  -10.561  -7.439 0.0000000000
92850  -26.208  -11.595  -7.299 0.0000000000
91719  -26.534  -12.434  -7.151 0.0000000000
119708  -21.760  10.941  -10.351 0.0000000000
120859  -21.222  12.474  -11.381 0.0000000000
120877  -21.828  11.712  -11.583 0.0000000000
119742  -22.234  10.742  -11.856 0.0000000000
117374  -22.834  8.849  -11.901 0.0000000000
117369  -22.361  9.006  -11.208 0.0000000000
119743  -22.720  10.447  -12.546 0.0000000000
119744  -23.212  10.123  -12.878 0.0000000000
119757  -23.661  10.350  -13.308 0.0000000000
118547  -23.588  9.751  -12.886 0.0000000000
117384  -24.835  9.135  -12.940 0.0000000000
117385  -25.572  8.639  -12.953 0.0000000000
117393  -25.984  8.551  -14.216 0.0000000000
117386  -26.057  8.063  -12.903 0.0000000000
112513  -23.691  5.678  -11.457 0.0000000000
115050  -25.671  5.990  -11.682 0.0000000000
115049  -25.187  6.273  -11.590 0.0000000000
116243  -26.228  7.385  -12.800 0.0000000000
115063  -26.521  6.343  -13.307 0.0000000000
112529  -27.238  3.788  -12.826 0.0000000000
112528  -26.886  4.292  -13.243 0.0000000000
111227  -27.100  3.417  -13.267 0.0000000000
109989  -27.032  2.552  -13.497 0.0000000000
108744  -25.986  1.590  -9.209 0.0000000000
108743  -24.918  1.665  -9.534 0.0000000000
109946  -25.661  2.488  -9.669 0.0000000000
111191  -27.106  3.381  -9.972 0.0000000000
109965  -27.502  2.473  -9.981 0.0000000000
107595  -26.987  0.264  -12.194 0.0000000000
108787  -27.291  1.216  -12.189 0.0000000000
107609  -26.266  0.574  -13.346 0.0000000000
107623  -26.013  0.203  -14.219 0.0000000000
106372  -26.129  -0.709  -14.281 0.0000000000
102803  -26.781  -3.140  -14.988 0.0000000000
102818  -26.415  -2.844  -16.003 0.0000000000
102819  -27.021  -3.193  -16.182 0.0000000000
102829  -27.468  -3.219  -16.671 0.0000000000
103947  -28.727  -2.410  -11.595 0.0000000000
103946  -28.077  -2.161  -11.870 0.0000000000
103969  -28.481  -3.110  -12.345 0.0000000000
100285  -29.466  -5.337  -15.287 0.0000000000
101557  -28.539  -4.800  -14.520 0.0000000000
101576  -29.294  -5.024  -16.284 0.0000000000
102821  -28.794  -4.253  -16.740 0.0000000000
102823  -30.861  -3.648  -16.765 0.0000000000
101579  -33.230  -3.882  -16.471 0.0000000000
101580  -34.298  -4.103  -16.295 0.0000000000
100179  -24.543  -5.662  -8.778 0.0000000000
100182  -27.805  -5.585  -7.805 0.0000000000
100181  -26.727  -5.537  -7.620 0.0000000000
100207  -29.035  -5.263  -8.837 0.0000000000
100208  -29.633  -5.234  -9.520 0.0000000000
97624  -29.125  -7.643  -9.280 0.0000000000
97601  -28.503  -7.539  -8.588 0.0000000000
97649  -29.469  -7.240  -9.608 0.0000000000
100232  -31.295  -5.289  -10.541 0.0000000000
100231  -30.564  -5.120  -10.467 0.0000000000
100249  -31.498  -5.290  -11.612 0.0000000000
101545  -31.913  -4.601  -13.136 0.0000000000
101536  -32.119  -4.906  -12.282 0.0000000000
100280  -34.906  -5.727  -14.154 0.0000000000
101562  -34.702  -5.255  -14.720 0.0000000000
100288  -35.123  -5.520  -14.863 0.0000000000
89465  -27.908  -14.058  -6.638 0.0000000000
90611  -27.824  -13.223  -6.931 0.0000000000
91721  -28.607  -12.631  -7.526 0.0000000000
90612  -28.565  -13.236  -6.910 0.0000000000
103894  -25.233  -2.653  -8.016 0.0000000000
102696  -24.700  -3.605  -8.268 0.0000000000
101472  -25.215  -4.569  -8.411 0.0000000000
94057  -28.616  -10.775  -8.538 0.0000000000
95220  -29.160  -9.982  -8.819 0.0000000000
94058  -29.295  -10.605  -8.769 0.0000000000
95205  -30.302  -9.487  -8.682 0.0000000000
95187  -31.040  -8.941  -7.762 0.0000000000
95169  -31.040  -9.483  -7.119 0.0000000000
81851  -25.925  -19.800  -3.137 0.0000000000
84488  -25.291  -17.912  -5.209 0.0000000000
84472  -26.958  -17.844  -4.382 0.0000000000
92848  -23.980  -11.249  -7.295 0.0000000000
91716  -23.409  -12.136  -6.994 0.0000000000
91717  -24.368  -12.247  -6.909 0.0000000000
90608  -24.597  -13.206  -6.982 0.0000000000
117375  -23.459  8.740  -12.211 0.0000000000
116234  -23.204  8.389  -11.798 0.0000000000
116235  -23.647  7.981  -11.718 0.0000000000
116236  -24.582  7.783  -11.842 0.0000000000
113808  -24.254  5.606  -11.421 0.0000000000
112503  -24.464  5.149  -10.954 0.0000000000
113810  -25.821  5.515  -11.191 0.0000000000
115051  -26.118  5.698  -11.649 0.0000000000
113819  -26.901  5.175  -12.613 0.0000000000
113811  -26.712  5.160  -11.416 0.0000000000
113812  -27.293  4.709  -11.625 0.0000000000
108746  -27.505  1.651  -9.240 0.0000000000
108762  -27.690  1.543  -10.115 0.0000000000
107578  -27.417  0.399  -11.394 0.0000000000
106338  -27.012  -0.425  -12.613 0.0000000000
105172  -26.986  -0.744  -13.168 0.0000000000
105171  -26.626  -1.478  -13.630 0.0000000000
105153  -26.914  -2.071  -12.848 0.0000000000
102794  -26.977  -3.180  -13.971 0.0000000000
102764  -29.074  -3.625  -11.817 0.0000000000
102784  -28.754  -3.876  -12.584 0.0000000000
101544  -28.963  -4.586  -12.801 0.0000000000
100276  -29.549  -5.259  -14.195 0.0000000000
100287  -30.785  -4.988  -15.692 0.0000000000
101569  -31.023  -4.359  -15.874 0.0000000000
101558  -30.748  -5.003  -14.840 0.0000000000
101559  -31.281  -4.647  -15.115 0.0000000000
101560  -32.538  -4.440  -14.822 0.0000000000
98890  -25.145  -6.933  -8.080 0.0000000000
98892  -27.186  -6.626  -7.614 0.0000000000
98893  -28.142  -6.578  -8.243 0.0000000000
98920  -31.344  -6.767  -9.114 0.0000000000
98919  -30.393  -6.541  -9.623 0.0000000000
100233  -32.359  -5.237  -10.646 0.0000000000
101537  -32.883  -4.860  -12.004 0.0000000000
101547  -33.336  -5.202  -12.504 0.0000000000
100271  -33.839  -5.696  -12.922 0.0000000000
99011  -35.360  -6.307  -14.335 0.0000000000
99012  -35.859  -6.627  -14.594 0.0000000000
99002  -35.193  -6.817  -13.751 0.0000000000
87065  -26.330  -16.183  -6.142 0.0000000000
88279  -25.902  -15.539  -6.522 0.0000000000
88297  -26.436  -14.838  -6.725 0.0000000000
89463  -26.033  -14.054  -6.618 0.0000000000
106275  -27.816  -0.762  -8.885 0.0000000000
105122  -28.018  -1.320  -10.403 0.0000000000
105106  -28.061  -1.472  -9.390 0.0000000000
105107  -28.408  -1.912  -10.106 0.0000000000
103895  -26.259  -2.549  -7.974 0.0000000000
102740  -29.408  -2.955  -10.392 0.0000000000
102741  -29.569  -3.475  -10.548 0.0000000000
102720  -29.584  -3.596  -10.081 0.0000000000
101517  -29.732  -4.236  -10.803 0.0000000000
96363  -27.085  -8.521  -7.685 0.0000000000
96381  -28.772  -8.501  -8.754 0.0000000000
97625  -29.748  -7.898  -9.623 0.0000000000
95203  -28.943  -9.426  -8.824 0.0000000000
96397  -30.085  -8.716  -9.323 0.0000000000
97626  -30.479  -7.624  -9.400 0.0000000000
98921  -32.006  -6.329  -9.054 0.0000000000
100185  -32.935  -5.894  -8.986 0.0000000000
98922  -33.968  -6.217  -9.810 0.0000000000
98896  -33.223  -6.387  -8.708 0.0000000000
87045  -24.816  -16.455  -5.686 0.0000000000
84489  -26.016  -17.726  -5.248 0.0000000000
85804  -26.309  -17.163  -5.540 0.0000000000
85825  -26.008  -16.644  -5.817 0.0000000000
85826  -26.543  -16.660  -5.759 0.0000000000
96361  -25.105  -8.942  -7.554 0.0000000000
95166  -25.545  -9.748  -7.440 0.0000000000
94016  -26.998  -10.721  -7.506 0.0000000000
94037  -27.908  -10.877  -8.068 0.0000000000
94038  -28.327  -11.191  -8.270 0.0000000000
91743  -28.328  -11.857  -8.006 0.0000000000
91744  -28.702  -11.987  -8.040 0.0000000000
118506  -21.646  10.112  -9.906 0.0000000000
118524  -22.170  9.699  -11.358 0.0000000000
118537  -22.092  10.191  -11.422 0.0000000000
120893  -22.774  10.933  -12.973 0.0000000000
118548  -24.253  9.565  -13.060 0.0000000000
119759  -25.124  10.072  -13.940 0.0000000000
118556  -25.511  9.442  -14.017 0.0000000000
116247  -26.168  7.955  -14.832 0.0000000000
115056  -23.755  6.993  -11.566 0.0000000000
115057  -24.823  6.843  -11.577 0.0000000000
113818  -24.676  6.108  -11.557 0.0000000000
116237  -25.564  7.625  -12.188 0.0000000000
116248  -26.321  7.436  -13.981 0.0000000000
116252  -26.208  7.199  -14.994 0.0000000000
112545  -26.522  4.372  -14.629 0.0000000000
109964  -23.960  2.580  -10.062 0.0000000000
111171  -25.472  3.528  -10.013 0.0000000000
111190  -26.357  3.809  -10.087 0.0000000000
111214  -27.684  3.271  -11.506 0.0000000000
109973  -27.678  2.377  -10.838 0.0000000000
109981  -27.697  2.221  -11.852 0.0000000000
109990  -27.359  1.972  -12.760 0.0000000000
108810  -25.738  1.145  -13.949 0.0000000000
107622  -25.263  0.691  -14.718 0.0000000000
105191  -25.752  -1.537  -14.771 0.0000000000
104009  -26.240  -2.567  -16.400 0.0000000000
104015  -27.427  -2.487  -17.013 0.0000000000
104016  -28.460  -2.563  -17.325 0.0000000000
105137  -27.960  -1.617  -11.544 0.0000000000
103968  -27.559  -2.476  -12.426 0.0000000000
102804  -27.480  -3.756  -14.584 0.0000000000
102796  -28.496  -3.988  -13.363 0.0000000000
101556  -27.930  -4.428  -15.014 0.0000000000
102812  -27.918  -4.371  -15.815 0.0000000000
102825  -32.858  -3.416  -16.948 0.0000000000
101495  -23.916  -5.090  -8.926 0.0000000000
101474  -27.347  -4.495  -7.693 0.0000000000
101496  -29.234  -4.290  -9.106 0.0000000000
97600  -27.712  -7.548  -7.918 0.0000000000
98917  -29.025  -6.480  -9.192 0.0000000000
98945  -29.925  -6.668  -9.700 0.0000000000
98918  -29.785  -6.212  -9.632 0.0000000000
98967  -30.203  -5.819  -11.892 0.0000000000
100262  -31.250  -5.187  -12.656 0.0000000000
101553  -33.488  -5.066  -13.336 0.0000000000
101561  -33.877  -4.942  -14.425 0.0000000000
91745  -29.329  -12.062  -7.939 0.0000000000
85824  -25.686  -16.595  -5.787 0.0000000000
92874  -28.063  -11.587  -8.004 0.0000000000
92875  -28.689  -11.408  -8.380 0.0000000000
92899  -28.915  -11.024  -8.685 0.0000000000
94059  -29.894  -10.287  -8.788 0.0000000000
94078  -28.639  -10.254  -8.610 0.0000000000
94079  -28.959  -10.324  -8.765 0.0000000000
94080  -29.195  -10.278  -8.837 0.0000000000
95219  -28.854  -9.971  -8.707 0.0000000000
95221  -29.322  -10.142  -8.846 0.0000000000
97581  -26.961  -7.531  -7.635 0.0000000000
97603  -31.938  -7.253  -8.081 0.0000000000
97648  -29.193  -7.066  -9.476 0.0000000000
98868  -25.436  -7.322  -7.748 0.0000000000
98872  -32.763  -6.833  -8.078 0.0000000000
98944  -29.564  -6.769  -9.612 0.0000000000
98965  -29.284  -5.597  -11.949 0.0000000000
98968  -33.946  -6.336  -11.570 0.0000000000
98987  -29.295  -5.489  -12.415 0.0000000000
98988  -29.554  -5.806  -12.249 0.0000000000
99001  -30.006  -5.805  -12.532 0.0000000000
100184  -32.543  -6.050  -9.002 0.0000000000
100247  -29.735  -5.033  -11.361 0.0000000000
100251  -33.586  -5.878  -11.505 0.0000000000
100260  -28.962  -5.062  -12.238 0.0000000000
100261  -30.624  -5.672  -12.176 0.0000000000
100267  -29.147  -5.055  -12.997 0.0000000000
100268  -29.459  -5.303  -13.261 0.0000000000
100269  -30.228  -5.497  -13.234 0.0000000000
100270  -31.145  -4.890  -13.464 0.0000000000
100272  -34.452  -6.191  -13.307 0.0000000000
100275  -29.036  -5.107  -13.892 0.0000000000
100278  -30.641  -5.098  -15.229 0.0000000000
100284  -28.987  -5.185  -14.725 0.0000000000
100286  -30.216  -5.440  -15.663 0.0000000000
100289  -35.579  -5.766  -15.224 0.0000000000
100291  -29.617  -5.500  -15.938 0.0000000000
100292  -29.904  -5.331  -16.201 0.0000000000
101519  -33.364  -5.381  -11.314 0.0000000000
101535  -29.377  -4.303  -11.429 0.0000000000
101538  -33.280  -5.349  -11.802 0.0000000000
101546  -32.801  -4.683  -12.811 0.0000000000
101565  -27.928  -4.427  -15.544 0.0000000000
101566  -28.557  -4.848  -15.626 0.0000000000
101567  -29.239  -5.291  -15.843 0.0000000000
101577  -29.869  -4.956  -16.332 0.0000000000
101578  -32.560  -3.726  -16.598 0.0000000000
102719  -29.305  -3.293  -9.785 0.0000000000
102765  -29.444  -3.779  -11.190 0.0000000000
102795  -27.724  -3.600  -13.698 0.0000000000
102805  -28.143  -4.230  -14.151 0.0000000000
102810  -26.694  -3.089  -15.695 0.0000000000
102813  -30.297  -4.478  -16.329 0.0000000000
102814  -30.602  -4.225  -16.281 0.0000000000
102815  -31.306  -3.898  -16.312 0.0000000000
102820  -27.879  -4.131  -16.376 0.0000000000
102822  -29.900  -4.201  -16.492 0.0000000000
102824  -31.910  -3.584  -16.841 0.0000000000
103893  -24.295  -2.698  -8.188 0.0000000000
103896  -27.305  -2.478  -8.297 0.0000000000
103912  -28.507  -2.475  -9.414 0.0000000000
103929  -29.387  -2.793  -10.882 0.0000000000
103948  -29.385  -3.180  -11.283 0.0000000000
103984  -26.754  -2.551  -13.209 0.0000000000
103985  -27.182  -3.264  -13.084 0.0000000000
104003  -25.408  -2.144  -16.018 0.0000000000
104004  -25.866  -2.417  -15.614 0.0000000000
104008  -25.547  -2.135  -16.322 0.0000000000
105088  -24.738  -1.839  -8.016 0.0000000000
105091  -27.518  -1.458  -8.619 0.0000000000
105138  -28.409  -1.958  -11.358 0.0000000000
105190  -25.254  -1.208  -15.392 0.0000000000
105203  -25.162  -1.616  -16.012 0.0000000000
106274  -27.295  -0.444  -8.222 0.0000000000
106293  -27.857  -0.036  -8.800 0.0000000000
106337  -26.602  0.082  -12.827 0.0000000000
106352  -26.778  -0.346  -13.027 0.0000000000
107521  -26.839  0.068  -7.951 0.0000000000
107534  -26.352  0.729  -8.453 0.0000000000
107594  -26.683  0.843  -12.666 0.0000000000
108745  -26.857  1.689  -8.818 0.0000000000
108786  -26.897  1.271  -12.678 0.0000000000
108798  -26.597  1.524  -13.208 0.0000000000
109945  -24.575  2.632  -9.980 0.0000000000
109948  -27.106  2.469  -9.413 0.0000000000
111170  -24.604  3.601  -10.119 0.0000000000
111173  -26.815  2.883  -9.568 0.0000000000
112483  -24.851  3.985  -10.110 0.0000000000
112496  -26.293  4.441  -10.425 0.0000000000
112497  -26.847  4.141  -10.397 0.0000000000
112504  -26.813  4.617  -10.756 0.0000000000
112512  -23.202  5.578  -11.231 0.0000000000
112515  -27.425  4.299  -12.244 0.0000000000
113820  -27.242  4.942  -11.965 0.0000000000
115058  -25.644  6.685  -11.849 0.0000000000
116242  -25.939  7.974  -12.656 0.0000000000
118540  -23.744  9.228  -12.651 0.0000000000
