#!ascii label  , from subject 3430 vox2ras=TkReg
1209
81835  -25.705  -20.910  -2.708 0.4285714328
83172  -25.565  -19.628  -3.642 0.2857142985
81850  -25.394  -20.530  -3.233 0.4285714328
83147  -26.466  -19.305  -2.723 0.4285714328
84445  -26.640  -18.836  -3.272 0.4285714328
83192  -25.800  -19.171  -3.964 0.2857142985
84471  -26.154  -18.535  -4.406 0.4285714328
84472  -26.958  -17.844  -4.382 0.4285714328
84489  -26.016  -17.726  -5.248 0.4285714328
85788  -26.633  -17.661  -5.041 0.4285714328
85825  -26.008  -16.644  -5.817 0.4285714328
87066  -27.041  -16.189  -5.784 0.4285714328
88278  -24.908  -15.432  -6.530 0.5714285970
88279  -25.902  -15.539  -6.522 0.5714285970
88280  -26.829  -15.539  -6.445 0.4285714328
88299  -27.761  -14.651  -6.422 0.2857142985
88297  -26.436  -14.838  -6.725 0.7142857313
88298  -27.310  -14.781  -6.602 0.7142857313
90611  -27.824  -13.223  -6.931 0.7142857313
90612  -28.565  -13.236  -6.910 0.4285714328
89464  -27.075  -14.063  -6.730 0.7142857313
89465  -27.908  -14.058  -6.638 0.5714285970
91745  -29.329  -12.062  -7.939 0.5714285970
90610  -26.846  -13.211  -6.817 0.5714285970
91721  -28.607  -12.631  -7.526 0.5714285970
91744  -28.702  -11.987  -8.040 0.5714285970
92877  -29.892  -11.538  -8.125 0.5714285970
91720  -27.773  -12.371  -7.577 0.5714285970
92852  -30.257  -11.294  -7.642 0.4285714328
94039  -29.757  -10.777  -8.672 0.5714285970
96382  -30.830  -8.826  -8.339 0.5714285970
94038  -28.327  -11.191  -8.270 0.7142857313
95205  -30.302  -9.487  -8.682 0.7142857313
96383  -31.221  -8.232  -8.025 0.5714285970
92900  -29.122  -11.165  -8.652 0.5714285970
92850  -26.208  -11.595  -7.299 0.5714285970
95220  -29.160  -9.982  -8.819 0.8571428657
96399  -30.983  -8.100  -8.523 0.7142857313
97602  -31.499  -7.432  -8.454 0.5714285970
94056  -28.270  -10.312  -8.397 0.7142857313
94016  -26.998  -10.721  -7.506 0.5714285970
98920  -31.344  -6.767  -9.114 0.7142857313
98895  -32.190  -6.791  -8.487 0.5714285970
95203  -28.943  -9.426  -8.824 0.7142857313
97627  -30.963  -7.669  -8.893 0.7142857313
100211  -31.911  -5.756  -9.584 0.5714285970
96397  -30.085  -8.716  -9.323 0.7142857313
100212  -32.977  -5.604  -9.509 0.5714285970
96396  -29.362  -8.683  -9.231 0.5714285970
97625  -29.748  -7.898  -9.623 0.7142857313
100233  -32.359  -5.237  -10.646 0.7142857313
97649  -29.469  -7.240  -9.608 0.7142857313
98919  -30.393  -6.541  -9.623 0.7142857313
100210  -30.943  -5.723  -9.708 0.7142857313
100250  -32.382  -5.042  -11.561 0.7142857313
98945  -29.925  -6.668  -9.700 0.7142857313
96380  -28.099  -8.508  -8.178 0.5714285970
101536  -32.119  -4.906  -12.282 0.5714285970
101552  -32.702  -4.763  -13.785 0.5714285970
98918  -29.785  -6.212  -9.632 0.8571428657
98943  -29.314  -6.861  -9.525 0.8571428657
101545  -31.913  -4.601  -13.136 0.7142857313
100248  -30.498  -5.414  -11.428 0.7142857313
100209  -30.252  -5.596  -9.865 0.8571428657
100231  -30.564  -5.120  -10.467 0.7142857313
99000  -29.577  -5.576  -12.669 0.8571428657
101551  -31.705  -4.598  -14.095 0.5714285970
98967  -30.203  -5.819  -11.892 0.8571428657
100230  -30.219  -4.727  -10.236 0.8571428657
100208  -29.633  -5.234  -9.520 0.8571428657
101544  -28.963  -4.586  -12.801 0.8571428657
101549  -28.765  -4.632  -13.644 0.8571428657
102783  -28.023  -3.376  -12.932 0.8571428657
98966  -29.803  -5.757  -11.810 0.8571428657
102784  -28.754  -3.876  -12.584 0.8571428657
103947  -28.727  -2.410  -11.595 1.0000000000
103969  -28.481  -3.110  -12.345 1.0000000000
101534  -29.000  -4.636  -11.953 0.8571428657
103946  -28.077  -2.161  -11.870 1.0000000000
103928  -29.028  -2.410  -10.416 1.0000000000
106313  -27.643  -0.511  -10.842 1.0000000000
107536  -27.785  0.683  -9.378 0.7142857313
105137  -27.960  -1.617  -11.544 1.0000000000
105122  -28.018  -1.320  -10.403 1.0000000000
111214  -27.684  3.271  -11.506 1.0000000000
111190  -26.357  3.809  -10.087 0.8571428657
113803  -26.028  5.009  -10.698 0.8571428657
113804  -26.501  4.843  -10.799 1.0000000000
116237  -25.564  7.625  -12.188 0.8571428657
115049  -25.187  6.273  -11.590 0.8571428657
115050  -25.671  5.990  -11.682 1.0000000000
117384  -24.835  9.135  -12.940 0.8571428657
117385  -25.572  8.639  -12.953 0.8571428657
118548  -24.253  9.565  -13.060 0.7142857313
116234  -23.204  8.389  -11.798 0.5714285970
119744  -23.212  10.123  -12.878 0.7142857313
119757  -23.661  10.350  -13.308 0.5714285970
118524  -22.170  9.699  -11.358 0.5714285970
117374  -22.834  8.849  -11.901 0.5714285970
118523  -22.004  9.974  -10.788 0.4285714328
120877  -21.828  11.712  -11.583 0.4285714328
120876  -21.350  12.278  -12.180 0.4285714328
119696  -20.979  11.385  -9.954 0.2857142985
119695  -20.006  11.489  -9.431 0.2857142985
120848  -19.275  12.491  -8.879 0.2857142985
92876  -29.413  -11.334  -8.446 0.5714285970
98894  -31.691  -7.005  -8.706 0.5714285970
100232  -31.295  -5.289  -10.541 0.7142857313
100249  -31.498  -5.290  -11.612 0.7142857313
98989  -30.025  -5.872  -12.268 0.8571428657
100277  -30.229  -5.314  -14.698 0.8571428657
100276  -29.549  -5.259  -14.195 0.8571428657
102796  -28.496  -3.988  -13.363 0.8571428657
108762  -27.690  1.543  -10.115 0.8571428657
123248  -19.025  14.166  -7.655 0.1428571492
83171  -24.854  -19.822  -3.816 0.2857142985
84470  -24.981  -18.572  -4.764 0.2857142985
87046  -27.268  -16.572  -5.044 0.4285714328
84488  -25.291  -17.912  -5.209 0.2857142985
87065  -26.330  -16.183  -6.142 0.4285714328
87064  -25.470  -16.207  -6.028 0.5714285970
88296  -25.408  -14.803  -6.774 0.2857142985
89463  -26.033  -14.054  -6.618 0.7142857313
95169  -31.040  -9.483  -7.119 0.4285714328
91719  -26.534  -12.434  -7.151 0.7142857313
92851  -27.264  -11.630  -7.605 0.7142857313
94040  -30.219  -10.654  -8.315 0.7142857313
95186  -30.717  -9.672  -7.913 0.5714285970
95187  -31.040  -8.941  -7.762 0.4285714328
95204  -29.575  -9.688  -8.937 0.7142857313
96398  -30.610  -8.417  -8.899 0.7142857313
94037  -27.908  -10.877  -8.068 0.5714285970
100234  -33.446  -5.476  -10.687 0.5714285970
95184  -27.757  -9.724  -8.023 0.5714285970
100185  -32.935  -5.894  -8.986 0.5714285970
97650  -29.942  -7.142  -9.702 0.7142857313
97626  -30.479  -7.624  -9.400 0.7142857313
101518  -33.030  -5.015  -11.286 0.5714285970
96381  -28.772  -8.501  -8.754 0.8571428657
101550  -30.826  -4.895  -14.249 0.5714285970
101517  -29.732  -4.236  -10.803 1.0000000000
103968  -27.559  -2.476  -12.426 1.0000000000
109947  -26.505  2.397  -9.383 0.7142857313
108776  -27.656  1.393  -11.114 1.0000000000
111191  -27.106  3.381  -9.972 0.7142857313
109973  -27.678  2.377  -10.838 1.0000000000
109946  -25.661  2.488  -9.669 0.7142857313
112505  -27.402  4.216  -10.980 0.8571428657
115057  -24.823  6.843  -11.577 0.8571428657
115051  -26.118  5.698  -11.649 1.0000000000
113811  -26.712  5.160  -11.416 1.0000000000
117376  -24.398  8.660  -12.466 0.7142857313
119726  -21.924  10.933  -11.074 0.7142857313
118538  -22.352  9.719  -11.929 0.7142857313
119743  -22.720  10.447  -12.546 0.7142857313
120860  -21.277  12.024  -10.685 0.2857142985
120859  -21.222  12.474  -11.381 0.4285714328
120893  -22.774  10.933  -12.973 0.4285714328
120849  -20.406  13.754  -9.791 0.2857142985
90609  -25.678  -13.230  -6.739 0.4285714328
119708  -21.760  10.941  -10.351 0.4285714328
118537  -22.092  10.191  -11.422 0.7142857313
122026  -20.802  13.103  -10.901 0.2857142985
81851  -25.925  -19.800  -3.137 0.4285714328
81849  -24.503  -20.635  -3.603 0.2857142985
84425  -26.722  -18.922  -2.821 0.4285714328
83173  -26.101  -19.226  -3.531 0.4285714328
83191  -25.310  -19.176  -4.187 0.2857142985
85803  -25.528  -16.973  -5.552 0.2857142985
85804  -26.309  -17.163  -5.540 0.4285714328
85805  -26.889  -16.998  -5.423 0.4285714328
85826  -26.543  -16.660  -5.759 0.4285714328
87045  -24.816  -16.455  -5.686 0.4285714328
91743  -28.328  -11.857  -8.006 0.5714285970
95168  -30.781  -9.839  -7.504 0.4285714328
94058  -29.295  -10.605  -8.769 0.7142857313
94057  -28.616  -10.775  -8.538 0.7142857313
95202  -28.485  -9.825  -8.524 0.5714285970
98921  -32.006  -6.329  -9.054 0.5714285970
95185  -28.424  -9.202  -8.467 0.7142857313
97624  -29.125  -7.643  -9.280 0.8571428657
97601  -28.503  -7.539  -8.588 0.8571428657
100262  -31.250  -5.187  -12.656 0.8571428657
100246  -29.185  -5.223  -11.870 0.8571428657
98999  -29.347  -5.329  -12.762 0.8571428657
102764  -29.074  -3.625  -11.817 1.0000000000
106294  -27.858  -0.408  -9.701 1.0000000000
108746  -27.505  1.651  -9.240 0.8571428657
117377  -25.072  8.226  -12.304 0.8571428657
117375  -23.459  8.740  -12.211 0.7142857313
118547  -23.588  9.751  -12.886 0.7142857313
118539  -23.096  9.525  -12.473 0.5714285970
117369  -22.361  9.006  -11.208 0.5714285970
118506  -21.646  10.112  -9.906 0.4285714328
119742  -22.234  10.742  -11.856 0.4285714328
120834  -19.145  13.656  -8.972 0.2857142985
123264  -19.343  14.836  -8.613 0.1428571492
84487  -24.583  -17.949  -5.057 0.2857142985
89462  -24.871  -14.058  -7.008 0.2857142985
109965  -27.502  2.473  -9.981 1.0000000000
123343  -19.878  14.146  -14.483 0.2857142985
124459  -20.360  15.114  -13.240 0.1428571492
122054  -20.554  13.447  -13.131 0.2857142985
123307  -20.895  14.442  -12.695 0.1428571492
125484  -20.963  15.918  -12.971 0.1428571492
122039  -20.784  13.168  -11.760 0.2857142985
123294  -21.013  14.171  -10.971 0.1428571492
122094  -20.771  12.920  -14.664 0.2857142985
122075  -20.313  13.438  -14.020 0.2857142985
120938  -24.052  11.736  -16.553 0.2857142985
120928  -22.631  12.067  -15.701 0.2857142985
123292  -20.868  15.563  -11.768 0.1428571492
120891  -21.393  12.135  -13.121 0.2857142985
120921  -24.490  11.180  -14.458 0.2857142985
122095  -21.505  12.236  -14.479 0.2857142985
122076  -20.922  12.582  -13.703 0.2857142985
117411  -25.955  8.599  -16.328 0.1428571492
120930  -24.350  11.496  -15.351 0.2857142985
120919  -22.565  11.836  -14.687 0.2857142985
120918  -21.942  11.892  -14.448 0.2857142985
112601  -24.427  4.964  -17.692 0.1428571492
115076  -25.536  6.624  -16.874 0.1428571492
119775  -25.444  10.218  -15.579 0.4285714328
120908  -22.961  11.143  -13.648 0.2857142985
113826  -26.517  5.494  -15.092 0.2857142985
117393  -25.984  8.551  -14.216 0.4285714328
119766  -24.924  10.643  -14.235 0.2857142985
120892  -22.241  11.477  -12.682 0.2857142985
111253  -25.719  3.228  -15.273 0.1428571492
115071  -26.247  6.428  -15.412 0.2857142985
119759  -25.124  10.072  -13.940 0.4285714328
116248  -26.321  7.436  -13.981 0.5714285970
118549  -25.009  9.566  -13.390 0.7142857313
110000  -25.296  2.154  -14.751 0.1428571492
119758  -24.542  10.335  -13.634 0.4285714328
113823  -26.640  5.349  -13.880 0.4285714328
107638  -24.919  0.413  -15.508 0.2857142985
110001  -25.925  2.261  -14.257 0.7142857313
116243  -26.228  7.385  -12.800 0.7142857313
113812  -27.293  4.709  -11.625 0.8571428657
112528  -26.886  4.292  -13.243 0.8571428657
115063  -26.521  6.343  -13.307 0.5714285970
105211  -25.431  -1.470  -16.701 0.2857142985
106393  -25.103  -0.506  -15.804 0.2857142985
113817  -24.085  6.200  -11.610 0.5714285970
115059  -26.231  6.184  -12.203 0.8571428657
104013  -25.861  -2.038  -16.781 0.1428571492
108810  -25.738  1.145  -13.949 0.7142857313
104014  -26.501  -2.183  -16.914 0.1428571492
103894  -25.233  -2.653  -8.016 0.5714285970
105106  -28.061  -1.472  -9.390 0.8571428657
106275  -27.816  -0.762  -8.885 0.8571428657
106273  -26.111  -0.501  -8.111 0.4285714328
107522  -27.287  0.117  -8.012 0.5714285970
111202  -27.556  3.184  -10.617 0.8571428657
106338  -27.012  -0.425  -12.613 0.8571428657
104010  -26.941  -2.703  -16.603 0.2857142985
107609  -26.266  0.574  -13.346 0.8571428657
109990  -27.359  1.972  -12.760 0.8571428657
113819  -26.901  5.175  -12.613 0.8571428657
104016  -28.460  -2.563  -17.325 0.4285714328
106372  -26.129  -0.709  -14.281 0.7142857313
107623  -26.013  0.203  -14.219 0.7142857313
102695  -23.647  -3.586  -8.561 0.2857142985
103911  -27.944  -2.111  -8.819 0.5714285970
105089  -25.708  -1.659  -7.888 0.5714285970
105123  -28.517  -1.854  -10.920 0.8571428657
106329  -27.361  -0.543  -11.849 0.8571428657
107578  -27.417  0.399  -11.394 0.8571428657
107595  -26.987  0.264  -12.194 0.8571428657
108787  -27.291  1.216  -12.189 0.8571428657
102819  -27.021  -3.193  -16.182 0.4285714328
103996  -26.388  -2.428  -14.355 0.8571428657
106351  -26.507  -0.333  -13.514 0.8571428657
102830  -28.147  -3.419  -17.023 0.4285714328
98869  -25.808  -7.237  -7.643 0.7142857313
98890  -25.145  -6.933  -8.080 0.4285714328
98870  -26.487  -7.135  -7.589 0.7142857313
100182  -27.805  -5.585  -7.805 0.8571428657
100181  -26.727  -5.537  -7.620 0.5714285970
101472  -25.215  -4.569  -8.411 0.5714285970
101471  -24.116  -4.493  -8.618 0.4285714328
101475  -28.464  -4.584  -8.227 0.8571428657
101473  -26.258  -4.537  -7.954 0.5714285970
102697  -25.748  -3.561  -8.098 0.5714285970
102720  -29.584  -3.596  -10.081 0.8571428657
103897  -28.024  -2.803  -8.713 0.7142857313
101557  -28.539  -4.800  -14.520 0.7142857313
101556  -27.930  -4.428  -15.014 0.7142857313
102794  -26.977  -3.180  -13.971 0.7142857313
105153  -26.914  -2.071  -12.848 0.8571428657
102833  -31.246  -3.050  -17.412 0.2857142985
102821  -28.794  -4.253  -16.740 0.4285714328
95167  -26.584  -9.703  -7.459 0.4285714328
96362  -26.004  -8.768  -7.458 0.4285714328
97599  -24.829  -7.701  -7.895 0.4285714328
100183  -28.515  -5.701  -8.434 0.7142857313
101497  -29.747  -4.079  -9.953 0.8571428657
100287  -30.785  -4.988  -15.692 0.7142857313
102824  -31.910  -3.584  -16.841 0.2857142985
101568  -30.364  -4.846  -16.190 0.5714285970
100285  -29.466  -5.337  -15.287 0.5714285970
95165  -24.737  -9.752  -7.603 0.5714285970
96363  -27.085  -8.521  -7.685 0.5714285970
97580  -26.294  -7.832  -7.509 0.5714285970
98917  -29.025  -6.480  -9.192 0.7142857313
101560  -32.538  -4.440  -14.822 0.4285714328
101570  -32.168  -4.006  -15.941 0.4285714328
102825  -32.858  -3.416  -16.948 0.4285714328
101569  -31.023  -4.359  -15.874 0.4285714328
91718  -25.397  -12.406  -7.012 0.5714285970
98896  -33.223  -6.387  -8.708 0.4285714328
98946  -34.074  -6.206  -11.016 0.4285714328
101562  -34.702  -5.255  -14.720 0.4285714328
101537  -32.883  -4.860  -12.004 0.4285714328
101572  -34.786  -4.873  -15.362 0.4285714328
88257  -28.313  -15.185  -5.147 0.1428571492
100263  -33.531  -5.870  -12.228 0.4285714328
100271  -33.839  -5.696  -12.922 0.4285714328
100280  -34.906  -5.727  -14.154 0.4285714328
89444  -28.190  -14.498  -6.304 0.1428571492
89467  -29.082  -13.727  -6.291 0.1428571492
92832  -30.439  -11.036  -6.770 0.2857142985
97605  -34.346  -7.469  -8.474 0.2857142985
96451  -34.876  -8.604  -12.684 0.2857142985
98947  -34.714  -6.879  -10.624 0.2857142985
97582  -31.665  -7.663  -7.704 0.4285714328
97699  -34.893  -7.811  -13.206 0.2857142985
98897  -34.051  -6.724  -8.934 0.2857142985
98990  -34.518  -7.024  -12.881 0.2857142985
89425  -28.728  -14.653  -5.469 0.1428571492
89445  -28.814  -14.266  -6.000 0.1428571492
88281  -27.690  -15.224  -6.041 0.1428571492
91697  -29.603  -12.543  -6.503 0.2857142985
91698  -30.077  -11.779  -6.181 0.2857142985
96344  -32.434  -8.412  -6.013 0.2857142985
96365  -33.808  -7.875  -7.015 0.2857142985
97564  -33.403  -7.664  -6.941 0.2857142985
96343  -31.590  -8.682  -6.484 0.2857142985
97585  -34.128  -7.556  -7.883 0.2857142985
90573  -29.500  -13.376  -5.283 0.1428571492
93965  -31.574  -10.315  -4.845 0.2857142985
91685  -29.812  -12.513  -5.519 0.2857142985
93983  -31.222  -10.014  -5.534 0.2857142985
92819  -30.593  -10.989  -5.692 0.2857142985
90613  -29.134  -13.242  -6.672 0.2857142985
95144  -31.556  -9.565  -5.600 0.2857142985
84446  -27.216  -18.246  -3.580 0.2857142985
88236  -27.543  -16.248  -4.567 0.1428571492
85789  -27.120  -17.225  -4.729 0.2857142985
80500  -25.929  -21.031  -2.261 0.2857142985
80477  -26.017  -21.559  -1.458 0.2857142985
80499  -25.132  -21.525  -2.497 0.2857142985
87010  -27.535  -16.877  -3.954 0.2857142985
81819  -26.469  -20.634  -1.873 0.1428571492
79170  -25.146  -22.120  -1.585 0.2857142985
90588  -29.388  -13.216  -6.056 0.1428571492
92804  -30.897  -11.413  -4.836 0.2857142985
95145  -32.106  -9.389  -5.309 0.2857142985
97651  -35.047  -7.849  -10.231 0.2857142985
98871  -32.464  -6.928  -8.079 0.4285714328
98922  -33.968  -6.217  -9.810 0.4285714328
98969  -34.424  -6.803  -11.802 0.2857142985
99003  -35.678  -7.175  -14.012 0.2857142985
98891  -26.176  -6.501  -7.751 0.7142857313
99011  -35.360  -6.307  -14.335 0.4285714328
102699  -27.792  -3.518  -8.194 0.5714285970
101553  -33.488  -5.066  -13.336 0.4285714328
101559  -31.281  -4.647  -15.115 0.4285714328
101579  -33.230  -3.882  -16.471 0.2857142985
102834  -32.233  -2.900  -17.239 0.2857142985
102823  -30.861  -3.648  -16.765 0.5714285970
113810  -25.821  5.515  -11.191 0.7142857313
102811  -27.369  -3.909  -15.565 0.7142857313
116235  -23.647  7.981  -11.718 0.4285714328
116236  -24.582  7.783  -11.842 0.5714285970
116238  -26.021  7.019  -12.187 0.7142857313
102831  -29.159  -3.400  -17.167 0.2857142985
111228  -27.493  3.095  -12.598 0.8571428657
106371  -25.471  -0.395  -14.973 0.5714285970
112545  -26.522  4.372  -14.629 0.4285714328
115067  -26.460  6.388  -14.442 0.4285714328
167006  -21.245  15.549  -10.357 0.1428571492
118574  -26.139  9.578  -16.077 0.2857142985
116256  -25.671  7.517  -16.436 0.1428571492
122108  -21.373  12.693  -15.351 0.2857142985
83129  -26.722  -19.792  -2.082 0.1428571492
80519  -24.878  -21.150  -3.249 0.2857142985
84427  -27.958  -18.289  -2.885 0.1428571492
87029  -27.450  -16.745  -4.309 0.1428571492
88258  -28.892  -14.741  -4.903 0.1428571492
90559  -29.825  -13.727  -4.377 0.1428571492
91672  -30.598  -12.310  -4.660 0.1428571492
91723  -29.957  -11.893  -7.067 0.2857142985
93982  -30.702  -10.438  -6.261 0.2857142985
95155  -31.877  -8.942  -5.939 0.2857142985
96366  -34.376  -8.148  -7.636 0.2857142985
94017  -30.646  -10.321  -7.419 0.2857142985
97628  -34.895  -7.927  -9.319 0.2857142985
95166  -25.545  -9.748  -7.440 0.5714285970
96364  -31.347  -8.436  -7.303 0.2857142985
97562  -31.936  -7.828  -6.865 0.2857142985
97578  -24.660  -8.351  -7.833 0.2857142985
96474  -36.355  -7.879  -14.054 0.2857142985
99013  -36.566  -6.480  -14.521 0.2857142985
98892  -27.186  -6.626  -7.614 0.7142857313
98893  -28.142  -6.578  -8.243 0.5714285970
100179  -24.543  -5.662  -8.778 0.4285714328
100180  -25.720  -5.625  -8.176 0.5714285970
99012  -35.859  -6.627  -14.594 0.4285714328
103893  -24.295  -2.698  -8.188 0.2857142985
102696  -24.700  -3.605  -8.268 0.5714285970
100281  -35.377  -6.022  -14.702 0.2857142985
101547  -33.336  -5.202  -12.504 0.4285714328
101474  -27.347  -4.495  -7.693 0.7142857313
103892  -23.634  -2.523  -8.523 0.2857142985
101573  -35.574  -5.035  -15.654 0.1428571492
101580  -34.298  -4.103  -16.295 0.4285714328
101571  -33.503  -4.354  -15.587 0.4285714328
102827  -35.028  -3.356  -16.646 0.1428571492
105154  -27.310  -1.331  -12.648 0.8571428657
102837  -34.728  -2.660  -17.082 0.1428571492
101576  -29.294  -5.024  -16.284 0.5714285970
102832  -30.211  -3.246  -17.345 0.2857142985
105191  -25.752  -1.537  -14.771 0.7142857313
112529  -27.238  3.788  -12.826 0.8571428657
105223  -27.794  -1.600  -17.131 0.2857142985
105204  -25.396  -1.764  -15.441 0.4285714328
104015  -27.427  -2.487  -17.013 0.4285714328
105221  -25.962  -1.510  -17.146 0.1428571492
111238  -26.606  3.335  -14.076 0.5714285970
106408  -25.197  -0.560  -16.470 0.1428571492
108822  -24.608  1.244  -15.244 0.1428571492
110013  -24.761  2.258  -15.339 0.1428571492
107637  -24.315  0.945  -15.843 0.1428571492
112562  -25.210  3.898  -16.227 0.1428571492
119767  -25.253  10.097  -14.657 0.2857142985
117402  -26.095  8.686  -15.361 0.2857142985
113834  -26.156  5.760  -15.998 0.2857142985
112580  -25.172  4.731  -17.016 0.1428571492
113843  -25.449  5.798  -17.096 0.1428571492
119783  -24.791  10.786  -16.071 0.2857142985
119793  -24.566  10.371  -17.363 0.2857142985
118584  -24.881  9.245  -17.496 0.1428571492
117421  -24.601  8.394  -17.729 0.1428571492
84412  -28.030  -18.701  -2.091 0.1428571492
88238  -28.839  -15.132  -4.188 0.1428571492
104020  -32.517  -2.309  -17.256 0.2857142985
115087  -24.287  6.586  -17.881 0.1428571492
119792  -23.707  10.822  -17.766 0.2857142985
80498  -24.568  -21.755  -2.826 0.2857142985
81836  -26.106  -20.299  -2.585 0.2857142985
84411  -27.540  -18.881  -2.131 0.1428571492
84447  -27.840  -17.772  -3.343 0.1428571492
88282  -28.340  -14.773  -5.840 0.1428571492
91722  -29.329  -12.562  -7.267 0.4285714328
89466  -28.618  -13.857  -6.518 0.1428571492
91746  -29.775  -11.893  -7.665 0.2857142985
97600  -27.712  -7.548  -7.918 0.5714285970
101561  -33.877  -4.942  -14.425 0.4285714328
101496  -29.234  -4.290  -9.106 0.7142857313
102804  -27.480  -3.756  -14.584 0.7142857313
105107  -28.408  -1.912  -10.106 0.8571428657
102741  -29.569  -3.475  -10.548 0.8571428657
102740  -29.408  -2.955  -10.392 0.8571428657
103967  -26.934  -2.423  -12.725 0.8571428657
107556  -27.723  0.529  -10.394 0.8571428657
117386  -26.057  8.063  -12.903 0.7142857313
119756  -23.077  10.607  -13.065 0.2857142985
120909  -24.005  10.953  -13.895 0.2857142985
101558  -30.748  -5.003  -14.840 0.4285714328
88256  -27.562  -15.826  -5.127 0.1428571492
94018  -30.830  -10.034  -6.982 0.2857142985
100252  -33.832  -6.320  -11.937 0.4285714328
109981  -27.697  2.221  -11.852 0.8571428657
112514  -27.145  4.628  -12.703 0.8571428657
120907  -21.843  11.745  -13.851 0.2857142985
122055  -20.830  12.808  -12.697 0.2857142985
100207  -29.035  -5.263  -8.837 0.8571428657
123324  -20.103  14.258  -13.300 0.2857142985
124475  -19.776  15.065  -14.034 0.1428571492
124458  -21.058  15.022  -12.886 0.1428571492
123308  -20.539  13.919  -12.713 0.2857142985
122093  -20.075  13.520  -14.983 0.2857142985
123293  -20.744  14.081  -12.032 0.1428571492
122109  -22.016  12.200  -15.184 0.2857142985
120929  -23.443  11.936  -15.498 0.2857142985
120920  -23.683  11.562  -14.530 0.2857142985
119774  -24.931  10.787  -15.054 0.2857142985
122077  -21.373  12.128  -13.923 0.2857142985
122096  -21.993  12.013  -14.703 0.2857142985
118564  -25.728  9.480  -15.098 0.2857142985
118585  -25.530  9.539  -16.964 0.1428571492
117422  -25.262  8.451  -17.042 0.1428571492
115088  -25.023  6.412  -17.384 0.1428571492
115077  -25.969  6.586  -16.196 0.1428571492
116266  -24.969  7.367  -17.350 0.1428571492
119794  -25.327  10.106  -17.035 0.1428571492
112563  -25.950  4.665  -15.876 0.1428571492
117394  -26.126  8.059  -13.348 0.5714285970
116247  -26.168  7.955  -14.832 0.4285714328
118556  -25.511  9.442  -14.017 0.5714285970
111252  -24.537  3.142  -16.142 0.1428571492
110014  -25.446  2.443  -14.925 0.1428571492
116257  -26.035  7.118  -15.729 0.2857142985
113844  -25.868  6.031  -16.600 0.2857142985
116252  -26.208  7.199  -14.994 0.4285714328
107622  -25.263  0.691  -14.718 0.5714285970
109989  -27.032  2.552  -13.497 0.7142857313
111227  -27.100  3.417  -13.267 0.7142857313
104009  -26.240  -2.567  -16.400 0.4285714328
108799  -27.055  1.490  -12.714 0.8571428657
103895  -26.259  -2.549  -7.974 0.5714285970
105090  -26.736  -1.521  -8.104 0.5714285970
105171  -26.626  -1.478  -13.630 0.8571428657
105172  -26.986  -0.744  -13.168 0.8571428657
102818  -26.415  -2.844  -16.003 0.4285714328
102829  -27.468  -3.219  -16.671 0.5714285970
102803  -26.781  -3.140  -14.988 0.7142857313
97579  -25.378  -7.857  -7.597 0.5714285970
102698  -26.792  -3.488  -7.876 0.5714285970
101495  -23.916  -5.090  -8.926 0.4285714328
100206  -23.715  -5.623  -9.186 0.2857142985
102700  -28.635  -3.442  -8.813 0.8571428657
101575  -28.595  -4.679  -16.356 0.5714285970
102812  -27.918  -4.371  -15.815 0.7142857313
96361  -25.105  -8.942  -7.554 0.5714285970
102835  -33.217  -2.843  -17.188 0.2857142985
100279  -34.141  -5.502  -13.623 0.4285714328
100288  -35.123  -5.520  -14.863 0.4285714328
100264  -34.034  -6.372  -12.542 0.4285714328
93999  -30.945  -9.933  -6.464 0.2857142985
98923  -34.617  -7.104  -9.533 0.2857142985
97604  -33.813  -6.899  -8.409 0.2857142985
97689  -34.814  -7.793  -12.322 0.2857142985
97583  -32.403  -7.189  -7.679 0.2857142985
97584  -33.534  -7.278  -7.707 0.2857142985
99002  -35.193  -6.817  -13.751 0.4285714328
89426  -29.216  -14.179  -5.212 0.1428571492
91686  -30.330  -11.776  -5.359 0.2857142985
96345  -33.425  -8.110  -6.352 0.2857142985
91671  -29.991  -12.959  -4.735 0.1428571492
92820  -31.121  -10.707  -5.007 0.2857142985
93984  -31.744  -9.901  -4.989 0.2857142985
80478  -26.819  -20.885  -1.278 0.1428571492
81820  -27.201  -20.207  -1.577 0.1428571492
166995  -20.705  14.557  -10.440 0.1428571492
113808  -24.254  5.606  -11.421 0.5714285970
112494  -24.294  4.303  -10.153 0.4285714328
112493  -23.217  4.385  -9.903 0.4285714328
112503  -24.464  5.149  -10.954 0.5714285970
112482  -24.557  3.979  -10.136 0.4285714328
113802  -25.164  5.091  -10.695 0.5714285970
113809  -25.029  5.694  -11.303 0.4285714328
108743  -24.918  1.665  -9.534 0.4285714328
111172  -26.355  3.105  -9.757 0.4285714328
109964  -23.960  2.580  -10.062 0.4285714328
111171  -25.472  3.528  -10.013 0.5714285970
111189  -25.901  4.083  -10.137 0.5714285970
112495  -25.427  4.394  -10.261 0.5714285970
107535  -27.419  0.677  -8.353 0.5714285970
95278  -36.617  -9.090  -13.522 0.1428571492
96465  -36.083  -8.403  -13.817 0.1428571492
96476  -37.555  -8.073  -14.179 0.1428571492
88277  -23.895  -15.258  -6.448 0.2857142985
97670  -34.995  -7.776  -11.312 0.1428571492
96433  -37.783  -8.730  -11.955 0.1428571492
95265  -36.268  -9.589  -12.725 0.1428571492
96452  -38.101  -8.576  -12.877 0.1428571492
97671  -37.543  -7.956  -11.327 0.1428571492
87063  -24.506  -15.819  -6.008 0.2857142985
96400  -35.159  -8.781  -9.749 0.1428571492
95242  -35.317  -9.790  -11.694 0.1428571492
96412  -35.141  -8.771  -10.803 0.1428571492
95264  -35.541  -9.604  -12.358 0.1428571492
96413  -37.962  -8.968  -10.728 0.1428571492
94132  -36.555  -9.932  -12.258 0.1428571492
98873  -37.477  -6.675  -7.382 0.1428571492
97630  -37.932  -8.199  -9.187 0.1428571492
98898  -37.384  -6.782  -8.344 0.1428571492
87044  -24.111  -16.147  -5.459 0.2857142985
87043  -23.283  -15.774  -5.385 0.2857142985
95156  -34.459  -9.262  -6.151 0.1428571492
95170  -34.770  -9.064  -6.974 0.1428571492
95188  -34.978  -9.312  -7.950 0.1428571492
96329  -33.867  -8.728  -5.976 0.1428571492
96384  -34.889  -8.564  -8.699 0.1428571492
94108  -35.338  -10.482  -11.102 0.1428571492
94107  -35.282  -10.554  -10.528 0.1428571492
94110  -36.677  -10.484  -11.406 0.1428571492
95223  -38.014  -10.006  -10.771 0.1428571492
96385  -38.258  -9.007  -8.265 0.1428571492
97565  -37.864  -7.383  -6.999 0.1428571492
97607  -38.040  -8.211  -8.519 0.1428571492
85801  -23.543  -16.557  -5.024 0.2857142985
85786  -23.646  -17.442  -4.908 0.2857142985
93966  -32.270  -10.075  -4.497 0.1428571492
93985  -34.574  -9.969  -5.671 0.1428571492
95157  -34.846  -9.687  -6.544 0.1428571492
95189  -35.425  -10.349  -8.087 0.1428571492
92939  -35.372  -11.010  -10.569 0.1428571492
95206  -35.464  -9.808  -9.078 0.1428571492
94082  -37.516  -10.536  -10.947 0.1428571492
96402  -38.199  -8.936  -9.249 0.1428571492
94083  -38.049  -10.841  -10.386 0.1428571492
98844  -37.334  -6.538  -5.416 0.1428571492
98856  -37.457  -6.599  -6.423 0.1428571492
92805  -31.699  -10.970  -4.423 0.1428571492
93967  -33.228  -9.985  -4.253 0.1428571492
93950  -32.901  -10.442  -3.852 0.1428571492
94019  -35.519  -10.738  -7.201 0.1428571492
93986  -34.968  -10.565  -5.360 0.1428571492
92919  -35.396  -12.046  -10.082 0.1428571492
95171  -35.127  -9.912  -7.170 0.1428571492
91806  -35.669  -11.874  -10.523 0.1428571492
94060  -35.501  -10.788  -9.096 0.1428571492
92942  -36.492  -11.300  -10.857 0.1428571492
96367  -38.382  -9.003  -7.295 0.1428571492
94062  -38.537  -10.757  -9.523 0.1428571492
97566  -38.317  -8.128  -6.637 0.1428571492
92793  -33.116  -11.151  -3.433 0.1428571492
91687  -35.790  -11.925  -5.831 0.1428571492
91675  -35.466  -11.649  -4.985 0.1428571492
93952  -34.168  -10.825  -4.046 0.1428571492
92853  -35.655  -11.570  -7.321 0.1428571492
92833  -35.701  -11.274  -6.489 0.1428571492
93968  -34.249  -10.382  -4.689 0.1428571492
91791  -36.149  -12.381  -10.354 0.1428571492
91789  -35.404  -12.684  -9.569 0.1428571492
91792  -36.642  -12.251  -10.188 0.1428571492
92904  -38.032  -11.433  -9.843 0.1428571492
91807  -35.790  -12.073  -10.507 0.1428571492
92921  -36.981  -11.462  -10.462 0.1428571492
90574  -35.816  -12.707  -6.107 0.1428571492
91674  -35.075  -11.631  -4.363 0.1428571492
92795  -34.602  -11.174  -4.138 0.1428571492
90632  -35.094  -13.484  -8.588 0.1428571492
90616  -35.361  -13.056  -7.504 0.1428571492
91768  -35.268  -12.637  -9.169 0.1428571492
94042  -38.544  -10.714  -8.519 0.1428571492
91770  -36.956  -12.317  -9.721 0.1428571492
91725  -35.511  -12.391  -7.515 0.1428571492
94001  -35.187  -10.348  -6.261 0.1428571492
92901  -35.368  -11.678  -9.070 0.1428571492
96346  -34.161  -8.474  -6.640 0.1428571492
97547  -37.871  -7.322  -6.012 0.1428571492
97587  -38.147  -8.181  -7.613 0.1428571492
95243  -37.679  -9.752  -11.511 0.1428571492
96432  -34.969  -8.683  -11.801 0.1428571492
95267  -38.019  -8.982  -13.405 0.1428571492
85787  -24.181  -17.705  -5.005 0.2857142985
95190  -38.379  -9.847  -7.948 0.1428571492
100121  -36.914  -5.619  -4.774 0.1428571492
108744  -25.986  1.590  -9.209 0.4285714328
100139  -37.094  -5.748  -5.873 0.1428571492
97586  -37.767  -7.465  -7.942 0.1428571492
98925  -37.191  -7.018  -9.447 0.1428571492
100164  -37.125  -5.989  -7.752 0.1428571492
97702  -38.229  -7.616  -13.806 0.1428571492
97710  -37.134  -7.430  -14.132 0.1428571492
112513  -23.691  5.678  -11.457 0.4285714328
115056  -23.755  6.993  -11.566 0.4285714328
119802  -23.549  10.218  -18.321 0.1428571492
113818  -24.676  6.108  -11.557 0.4285714328
85802  -24.446  -17.155  -5.295 0.2857142985
120944  -23.822  11.341  -17.452 0.1428571492
95277  -35.744  -9.174  -13.224 0.1428571492
95146  -33.016  -9.183  -5.137 0.1428571492
92806  -32.404  -10.810  -3.916 0.1428571492
91673  -31.463  -11.886  -4.228 0.1428571492
95134  -32.725  -9.605  -4.737 0.1428571492
100282  -36.685  -5.860  -14.921 0.1428571492
100290  -36.217  -5.728  -15.327 0.1428571492
95263  -35.061  -9.289  -12.152 0.1428571492
95276  -35.148  -9.143  -12.856 0.1428571492
95282  -36.935  -8.870  -14.041 0.1428571492
95266  -37.208  -9.271  -12.608 0.1428571492
97690  -37.902  -7.714  -12.460 0.1428571492
98949  -37.057  -7.157  -10.641 0.1428571492
97652  -37.527  -7.930  -10.244 0.1428571492
95222  -35.242  -9.743  -10.240 0.1428571492
95241  -35.170  -9.641  -11.232 0.1428571492
94130  -35.586  -10.081  -11.643 0.1428571492
96401  -37.915  -8.493  -9.817 0.1428571492
96414  -38.129  -9.055  -9.956 0.1428571492
97606  -37.669  -7.582  -8.820 0.1428571492
95147  -33.840  -9.404  -5.422 0.1428571492
94109  -35.811  -10.677  -11.250 0.1428571492
94081  -35.335  -10.718  -9.735 0.1428571492
95224  -38.332  -9.774  -9.983 0.1428571492
95207  -35.517  -10.520  -8.728 0.1428571492
94041  -35.587  -11.105  -7.862 0.1428571492
92941  -36.027  -11.532  -10.842 0.1428571492
92940  -35.502  -11.459  -10.574 0.1428571492
92922  -37.695  -11.388  -10.224 0.1428571492
95208  -38.530  -9.827  -8.938 0.1428571492
92792  -32.213  -11.525  -3.710 0.1428571492
92794  -34.072  -11.249  -3.651 0.1428571492
92807  -34.993  -11.050  -4.636 0.1428571492
92918  -35.298  -11.612  -9.968 0.1428571492
91790  -35.544  -12.458  -10.083 0.1428571492
94061  -35.529  -11.133  -8.534 0.1428571492
91699  -35.753  -12.155  -6.696 0.1428571492
92878  -35.382  -12.032  -8.514 0.1428571492
91769  -36.451  -12.719  -9.963 0.1428571492
92903  -37.470  -11.681  -9.976 0.1428571492
92881  -38.050  -11.561  -8.985 0.1428571492
91747  -35.275  -12.665  -8.525 0.1428571492
91724  -35.335  -12.809  -7.945 0.1428571492
77785  -23.786  -22.827  -1.667 0.1428571492
79197  -24.664  -21.906  -2.093 0.1428571492
77800  -23.040  -22.487  -2.246 0.1428571492
79168  -23.820  -22.352  -2.172 0.1428571492
79218  -23.923  -21.997  -2.991 0.1428571492
80518  -24.244  -21.571  -3.261 0.1428571492
83170  -23.981  -19.870  -4.064 0.1428571492
83169  -23.007  -19.675  -4.006 0.1428571492
83189  -23.498  -19.008  -4.444 0.1428571492
84469  -24.043  -18.295  -4.799 0.1428571492
81847  -22.580  -20.471  -3.641 0.1428571492
83188  -22.574  -18.758  -4.323 0.1428571492
84468  -23.071  -18.070  -4.656 0.1428571492
85784  -21.698  -17.184  -4.547 0.1428571492
87042  -22.466  -15.828  -4.980 0.1428571492
85800  -23.002  -16.193  -4.898 0.1428571492
88254  -22.696  -15.309  -5.785 0.2857142985
87062  -23.844  -15.568  -5.819 0.1428571492
88255  -23.330  -15.324  -5.991 0.1428571492
88295  -24.397  -14.832  -6.975 0.1428571492
89461  -23.901  -14.375  -7.429 0.2857142985
92848  -23.980  -11.249  -7.295 0.4285714328
94015  -25.905  -10.663  -7.340 0.4285714328
94014  -24.916  -10.561  -7.439 0.4285714328
106291  -25.639  -0.086  -8.505 0.2857142985
107532  -24.243  0.636  -9.950 0.2857142985
107533  -25.263  0.685  -9.102 0.2857142985
111185  -21.524  3.331  -9.881 0.2857142985
112502  -23.693  5.114  -10.890 0.2857142985
112501  -22.979  5.173  -10.480 0.4285714328
88253  -21.926  -15.157  -5.518 0.1428571492
88275  -22.346  -14.894  -6.170 0.2857142985
80517  -23.189  -21.483  -3.361 0.1428571492
83168  -21.904  -19.222  -3.815 0.1428571492
84466  -21.463  -18.083  -4.195 0.1428571492
87028  -21.932  -16.409  -4.628 0.1428571492
87041  -21.690  -15.728  -4.754 0.1428571492
89424  -21.948  -14.573  -6.029 0.2857142985
88294  -23.479  -14.777  -7.001 0.2857142985
89443  -22.971  -14.530  -6.804 0.2857142985
89442  -22.483  -14.196  -6.435 0.2857142985
89460  -23.132  -14.165  -7.002 0.2857142985
89485  -24.224  -13.809  -7.388 0.2857142985
90608  -24.597  -13.206  -6.982 0.4285714328
91717  -24.368  -12.247  -6.909 0.4285714328
92847  -23.262  -11.532  -7.430 0.2857142985
106272  -25.117  -0.929  -8.205 0.2857142985
106290  -24.421  -0.529  -9.187 0.2857142985
107555  -23.484  0.200  -10.620 0.2857142985
108761  -23.421  1.070  -10.444 0.2857142985
109944  -23.971  2.309  -10.029 0.2857142985
109962  -22.522  2.326  -10.446 0.2857142985
109961  -21.651  2.337  -10.329 0.2857142985
111186  -22.421  3.302  -10.013 0.2857142985
89484  -23.539  -13.798  -7.348 0.2857142985
106312  -23.700  -0.303  -10.143 0.2857142985
106289  -23.132  -1.000  -9.724 0.2857142985
107554  -22.724  0.293  -11.034 0.2857142985
108759  -21.822  1.433  -10.702 0.2857142985
108742  -24.047  1.761  -9.971 0.2857142985
109963  -23.454  2.225  -10.270 0.2857142985
108758  -20.963  1.458  -10.698 0.2857142985
111188  -23.982  3.117  -10.054 0.2857142985
107577  -22.012  -0.142  -11.248 0.2857142985
107575  -20.764  -0.068  -11.004 0.2857142985
108760  -22.638  1.314  -10.675 0.2857142985
92849  -25.121  -11.492  -7.204 0.4285714328
83190  -24.446  -19.159  -4.391 0.1428571492
111187  -23.272  3.274  -10.122 0.2857142985
88276  -22.980  -14.950  -6.474 0.1428571492
85785  -22.679  -16.924  -4.674 0.1428571492
77801  -23.378  -22.534  -2.099 0.1428571492
81848  -23.583  -20.660  -3.723 0.1428571492
83187  -21.996  -18.506  -4.230 0.1428571492
84467  -22.205  -17.925  -4.461 0.1428571492
91716  -23.409  -12.136  -6.994 0.4285714328
90607  -23.842  -12.900  -6.931 0.4285714328
108774  -21.242  0.651  -10.938 0.2857142985
94013  -24.192  -10.273  -7.688 0.2857142985
96379  -24.166  -8.718  -8.175 0.2857142985
124520  -20.669  15.097  -17.755 0.1428571492
123392  -21.697  14.237  -18.341 0.1428571492
123370  -21.287  13.631  -16.876 0.1428571492
122124  -22.899  12.573  -16.753 0.1428571492
122137  -23.400  12.047  -17.252 0.1428571492
125562  -20.914  15.772  -18.276 0.1428571492
123371  -22.014  13.192  -16.717 0.1428571492
122106  -19.327  13.292  -15.748 0.1428571492
125538  -19.110  16.473  -16.493 0.1428571492
95183  -23.802  -9.605  -8.167 0.2857142985
95182  -23.321  -9.394  -8.634 0.2857142985
120943  -23.121  11.454  -17.982 0.1428571492
122145  -22.600  13.098  -18.612 0.1428571492
123382  -22.063  13.270  -17.590 0.1428571492
122136  -22.664  12.475  -17.671 0.1428571492
122107  -20.524  13.184  -15.549 0.1428571492
120937  -23.176  12.114  -16.267 0.1428571492
122132  -18.514  13.481  -17.742 0.1428571492
125547  -18.025  15.839  -16.633 0.1428571492
122091  -17.322  12.795  -15.622 0.1428571492
124496  -19.851  14.852  -15.293 0.1428571492
123360  -19.357  13.956  -15.369 0.1428571492
122123  -22.112  12.524  -16.159 0.1428571492
122122  -21.269  13.095  -16.170 0.1428571492
123381  -21.333  14.037  -17.671 0.1428571492
125556  -20.117  15.674  -17.751 0.1428571492
122121  -20.249  13.283  -16.503 0.1428571492
123369  -20.522  13.601  -17.225 0.1428571492
126546  -20.140  16.692  -18.343 0.1428571492
122120  -19.103  13.147  -16.669 0.1428571492
122135  -22.426  12.949  -18.282 0.1428571492
105152  -21.347  -1.578  -11.907 0.1428571492
105136  -21.978  -1.066  -10.920 0.1428571492
106328  -22.222  -0.477  -11.096 0.1428571492
108772  -20.049  0.763  -11.106 0.1428571492
108741  -17.642  1.461  -9.501 0.1428571492
108755  -18.243  1.482  -10.159 0.1428571492
105105  -23.520  -1.645  -8.876 0.1428571492
108757  -19.966  1.358  -10.979 0.1428571492
109942  -17.652  2.516  -9.534 0.1428571492
111182  -18.592  3.093  -9.897 0.1428571492
111183  -19.300  3.501  -10.026 0.2857142985
98916  -23.962  -6.178  -9.066 0.2857142985
98915  -23.417  -6.641  -9.337 0.1428571492
102717  -22.360  -3.609  -9.555 0.1428571492
103910  -23.050  -2.771  -9.139 0.1428571492
105120  -21.726  -2.224  -10.782 0.1428571492
104017  -29.494  -2.541  -17.622 0.1428571492
106326  -21.070  -1.081  -11.350 0.1428571492
109960  -20.685  2.340  -10.319 0.1428571492
111184  -20.500  3.405  -9.999 0.1428571492
112490  -20.462  4.472  -9.785 0.2857142985
113800  -21.241  5.088  -9.830 0.2857142985
116214  -20.815  7.876  -9.588 0.2857142985
117356  -21.329  9.001  -9.572 0.2857142985
122013  -18.747  12.499  -8.647 0.1428571492
112511  -22.785  5.602  -10.962 0.2857142985
113801  -21.833  5.792  -10.267 0.2857142985
116231  -23.270  7.638  -11.527 0.2857142985
115043  -21.776  6.907  -10.376 0.2857142985
115034  -21.359  6.897  -9.654 0.2857142985
116229  -22.228  7.909  -10.723 0.2857142985
116227  -21.645  7.918  -9.993 0.2857142985
115033  -20.554  6.809  -9.135 0.2857142985
117368  -21.986  8.991  -10.289 0.2857142985
117339  -20.291  8.942  -9.290 0.2857142985
115032  -19.753  6.885  -8.741 0.1428571492
115021  -19.270  6.467  -8.397 0.1428571492
111169  -19.053  4.017  -9.645 0.2857142985
116213  -19.887  7.783  -9.141 0.2857142985
118493  -20.752  10.186  -9.414 0.1428571492
118492  -19.593  10.045  -9.189 0.1428571492
111166  -16.361  3.062  -8.640 0.2857142985
117338  -19.107  8.761  -9.146 0.1428571492
120833  -18.331  12.431  -8.352 0.1428571492
118491  -18.385  9.769  -8.914 0.1428571492
109898  -15.425  2.394  -6.300 0.1428571492
105224  -28.861  -1.815  -17.330 0.1428571492
104021  -33.466  -2.267  -17.106 0.1428571492
102718  -23.009  -3.645  -8.998 0.1428571492
103926  -21.510  -2.608  -10.972 0.1428571492
105225  -29.836  -1.778  -17.481 0.1428571492
102763  -21.117  -3.055  -11.789 0.1428571492
106310  -19.916  -1.053  -10.838 0.1428571492
106309  -19.334  -0.595  -10.750 0.1428571492
106324  -19.808  -0.272  -10.854 0.1428571492
107531  -17.994  0.759  -10.057 0.1428571492
108756  -18.934  1.529  -10.753 0.1428571492
109941  -16.476  2.441  -9.132 0.1428571492
109959  -19.628  2.469  -10.514 0.1428571492
111168  -18.363  3.548  -9.501 0.2857142985
112481  -20.085  4.891  -9.299 0.1428571492
113792  -21.616  6.286  -9.898 0.2857142985
113790  -19.951  5.778  -8.784 0.1428571492
119694  -18.846  11.088  -9.116 0.1428571492
120847  -18.239  11.972  -8.752 0.1428571492
104019  -31.581  -2.307  -17.635 0.1428571492
104018  -30.548  -2.419  -17.794 0.1428571492
105226  -30.812  -1.772  -17.354 0.1428571492
116230  -22.890  7.963  -11.424 0.2857142985
113816  -23.397  6.109  -11.563 0.2857142985
101470  -23.640  -4.246  -8.661 0.1428571492
101493  -22.303  -4.915  -9.665 0.1428571492
115047  -23.110  7.201  -11.482 0.2857142985
105087  -24.008  -1.958  -8.255 0.1428571492
104022  -34.427  -2.110  -16.947 0.1428571492
115054  -22.657  6.241  -11.352 0.2857142985
112492  -22.371  4.399  -9.803 0.1428571492
112491  -21.492  4.551  -9.826 0.1428571492
105135  -21.601  -1.898  -11.332 0.1428571492
106325  -20.267  -0.722  -10.931 0.1428571492
107552  -19.339  0.491  -10.908 0.1428571492
105119  -20.312  -1.850  -11.099 0.1428571492
103944  -20.525  -2.331  -11.474 0.1428571492
107551  -18.539  0.668  -10.532 0.1428571492
109957  -18.078  1.966  -9.739 0.1428571492
103909  -22.388  -2.530  -9.766 0.1428571492
109943  -18.275  2.885  -9.768 0.1428571492
109958  -18.549  2.436  -10.103 0.1428571492
102738  -21.336  -3.473  -10.635 0.1428571492
112489  -19.595  4.293  -9.622 0.2857142985
113807  -22.439  5.899  -11.035 0.2857142985
112500  -22.396  5.344  -10.302 0.2857142985
121997  -18.600  12.988  -8.074 0.1428571492
115046  -22.384  6.778  -11.174 0.2857142985
166996  -20.319  15.513  -8.825 0.1428571492
113791  -21.076  5.659  -9.389 0.2857142985
89422  -20.896  -14.343  -5.255 0.1428571492
89441  -21.759  -13.996  -5.986 0.1428571492
90587  -21.785  -13.726  -6.123 0.1428571492
89421  -19.072  -14.253  -5.765 0.1428571492
90584  -19.109  -13.396  -6.247 0.1428571492
90602  -19.541  -12.765  -6.383 0.1428571492
90585  -20.930  -13.195  -6.287 0.1428571492
91713  -21.059  -12.006  -7.052 0.1428571492
90604  -21.379  -12.759  -6.565 0.1428571492
90628  -23.011  -13.375  -6.743 0.1428571492
91712  -20.230  -11.677  -6.972 0.1428571492
91714  -21.853  -12.207  -7.018 0.1428571492
91715  -22.629  -12.320  -6.986 0.1428571492
91741  -22.249  -11.676  -7.575 0.1428571492
91711  -19.413  -11.824  -6.616 0.1428571492
91739  -20.883  -11.287  -7.618 0.1428571492
92872  -22.852  -11.160  -7.856 0.1428571492
94035  -22.867  -10.138  -8.489 0.1428571492
96378  -23.629  -8.626  -8.669 0.1428571492
97598  -24.315  -7.802  -8.356 0.1428571492
90605  -22.391  -13.189  -6.503 0.1428571492
90629  -23.437  -13.380  -6.963 0.1428571492
88251  -20.344  -14.689  -4.882 0.1428571492
88273  -19.727  -14.377  -5.510 0.1428571492
89458  -20.375  -13.322  -6.234 0.1428571492
92873  -23.370  -11.170  -7.611 0.1428571492
89440  -20.886  -13.752  -5.805 0.1428571492
89423  -21.493  -14.435  -5.545 0.1428571492
89459  -22.809  -13.769  -6.685 0.1428571492
90606  -23.125  -12.897  -6.755 0.1428571492
94036  -23.498  -10.628  -7.863 0.1428571492
88274  -20.316  -14.225  -5.560 0.1428571492
89438  -18.822  -13.875  -6.218 0.1428571492
89457  -19.990  -13.161  -6.347 0.1428571492
90603  -20.482  -12.698  -6.536 0.1428571492
91740  -21.514  -11.519  -7.673 0.1428571492
92846  -19.689  -11.296  -7.047 0.1428571492
91710  -18.840  -11.887  -6.411 0.1428571492
79196  -24.273  -22.000  -2.580 0.1428571492
79217  -23.686  -21.852  -3.133 0.1428571492
80476  -25.393  -21.702  -1.821 0.2857142985
83148  -26.893  -19.216  -2.224 0.1428571492
84426  -27.189  -18.798  -2.583 0.1428571492
85765  -27.454  -17.311  -3.888 0.2857142985
85824  -25.686  -16.595  -5.787 0.4285714328
87030  -27.680  -16.344  -4.169 0.1428571492
89410  -29.325  -14.484  -4.327 0.1428571492
89446  -29.231  -13.788  -5.820 0.1428571492
89482  -23.144  -13.656  -6.883 0.1428571492
89483  -23.145  -13.695  -6.939 0.2857142985
90586  -21.563  -13.407  -6.182 0.1428571492
90590  -35.522  -13.017  -6.825 0.1428571492
90627  -22.795  -13.457  -6.634 0.1428571492
90630  -23.987  -13.414  -7.245 0.1428571492
91742  -22.853  -11.797  -7.385 0.2857142985
91748  -35.394  -12.339  -8.141 0.1428571492
92808  -35.236  -10.981  -5.073 0.1428571492
92821  -35.502  -11.084  -5.639 0.1428571492
92874  -28.063  -11.587  -8.004 0.5714285970
92875  -28.689  -11.408  -8.380 0.5714285970
92879  -35.485  -11.751  -8.081 0.1428571492
92899  -28.915  -11.024  -8.685 0.5714285970
92902  -35.428  -11.660  -8.580 0.1428571492
92920  -36.394  -11.683  -10.673 0.1428571492
93951  -33.639  -10.629  -3.914 0.1428571492
93969  -34.894  -10.722  -4.915 0.1428571492
93998  -30.706  -10.361  -6.811 0.2857142985
94000  -34.758  -9.823  -6.158 0.1428571492
94059  -29.894  -10.287  -8.788 0.7142857313
94078  -28.639  -10.254  -8.610 0.8571428657
94079  -28.959  -10.324  -8.765 0.8571428657
94080  -29.195  -10.278  -8.837 0.7142857313
94131  -36.034  -10.117  -12.006 0.1428571492
95133  -32.366  -9.674  -4.822 0.2857142985
95135  -33.424  -9.678  -4.806 0.1428571492
95154  -31.417  -9.383  -6.035 0.2857142985
95164  -24.277  -9.717  -7.807 0.2857142985
95201  -22.891  -9.103  -9.032 0.1428571492
95219  -28.854  -9.971  -8.707 0.8571428657
95221  -29.322  -10.142  -8.846 0.8571428657
95279  -37.499  -9.012  -13.790 0.1428571492
95280  -38.154  -8.774  -13.954 0.1428571492
95283  -37.362  -8.594  -14.175 0.1428571492
96327  -32.703  -8.907  -5.510 0.2857142985
96328  -33.231  -8.727  -5.673 0.1428571492
96360  -24.428  -9.181  -7.815 0.2857142985
96453  -38.315  -8.379  -13.602 0.1428571492
96464  -35.243  -8.557  -13.375 0.1428571492
96466  -36.594  -8.708  -13.955 0.1428571492
96467  -37.861  -8.511  -14.204 0.1428571492
96468  -38.207  -8.173  -14.089 0.1428571492
96475  -36.829  -8.188  -14.099 0.1428571492
96477  -37.963  -8.071  -14.226 0.1428571492
97563  -32.851  -7.577  -6.806 0.2857142985
97581  -26.961  -7.531  -7.635 0.5714285970
97603  -31.938  -7.253  -8.081 0.4285714328
97629  -37.632  -7.855  -9.496 0.1428571492
97648  -29.193  -7.066  -9.476 0.7142857313
97691  -38.314  -7.913  -13.213 0.1428571492
97700  -35.484  -7.746  -13.738 0.2857142985
97701  -38.079  -7.276  -13.242 0.1428571492
97708  -35.999  -7.538  -14.074 0.2857142985
97709  -36.481  -7.340  -14.207 0.2857142985
97711  -37.856  -7.588  -14.132 0.1428571492
98868  -25.436  -7.322  -7.748 0.7142857313
98872  -32.763  -6.833  -8.078 0.4285714328
98944  -29.564  -6.769  -9.612 0.8571428657
98965  -29.284  -5.597  -11.949 0.8571428657
98968  -33.946  -6.336  -11.570 0.4285714328
98987  -29.295  -5.489  -12.415 0.8571428657
98988  -29.554  -5.806  -12.249 0.8571428657
99001  -30.006  -5.805  -12.532 0.8571428657
99014  -37.311  -6.953  -14.060 0.1428571492
99019  -35.999  -6.202  -15.246 0.2857142985
99020  -36.203  -6.297  -15.017 0.1428571492
100184  -32.543  -6.050  -9.002 0.5714285970
100205  -23.022  -5.615  -9.635 0.2857142985
100247  -29.735  -5.033  -11.361 0.8571428657
100251  -33.586  -5.878  -11.505 0.4285714328
100260  -28.962  -5.062  -12.238 0.8571428657
100261  -30.624  -5.672  -12.176 0.8571428657
100267  -29.147  -5.055  -12.997 0.8571428657
100268  -29.459  -5.303  -13.261 0.8571428657
100269  -30.228  -5.497  -13.234 0.8571428657
100270  -31.145  -4.890  -13.464 0.5714285970
100272  -34.452  -6.191  -13.307 0.4285714328
100275  -29.036  -5.107  -13.892 0.8571428657
100278  -30.641  -5.098  -15.229 0.4285714328
100284  -28.987  -5.185  -14.725 0.8571428657
100286  -30.216  -5.440  -15.663 0.7142857313
100289  -35.579  -5.766  -15.224 0.4285714328
100291  -29.617  -5.500  -15.938 0.5714285970
100292  -29.904  -5.331  -16.201 0.5714285970
101494  -23.244  -4.577  -9.002 0.1428571492
101519  -33.364  -5.381  -11.314 0.4285714328
101535  -29.377  -4.303  -11.429 0.8571428657
101538  -33.280  -5.349  -11.802 0.4285714328
101546  -32.801  -4.683  -12.811 0.5714285970
101565  -27.928  -4.427  -15.544 0.7142857313
101566  -28.557  -4.848  -15.626 0.5714285970
101567  -29.239  -5.291  -15.843 0.7142857313
101574  -35.934  -4.780  -15.678 0.1428571492
101577  -29.869  -4.956  -16.332 0.5714285970
101578  -32.560  -3.726  -16.598 0.4285714328
102719  -29.305  -3.293  -9.785 0.8571428657
102739  -21.776  -3.500  -10.082 0.1428571492
102762  -20.763  -2.725  -11.944 0.1428571492
102765  -29.444  -3.779  -11.190 0.8571428657
102781  -20.891  -2.473  -12.335 0.1428571492
102782  -20.980  -2.713  -12.246 0.1428571492
102795  -27.724  -3.600  -13.698 0.8571428657
102805  -28.143  -4.230  -14.151 0.8571428657
102810  -26.694  -3.089  -15.695 0.4285714328
102813  -30.297  -4.478  -16.329 0.5714285970
102814  -30.602  -4.225  -16.281 0.5714285970
102815  -31.306  -3.898  -16.312 0.4285714328
102820  -27.879  -4.131  -16.376 0.7142857313
102822  -29.900  -4.201  -16.492 0.5714285970
102826  -33.855  -3.478  -16.999 0.2857142985
102836  -34.200  -2.769  -17.266 0.1428571492
103896  -27.305  -2.478  -8.297 0.5714285970
103912  -28.507  -2.475  -9.414 0.5714285970
103925  -20.095  -2.398  -10.873 0.1428571492
103927  -21.867  -2.798  -10.334 0.1428571492
103929  -29.387  -2.793  -10.882 0.8571428657
103945  -21.386  -2.707  -11.498 0.1428571492
103948  -29.385  -3.180  -11.283 1.0000000000
103965  -20.769  -2.184  -12.104 0.1428571492
103966  -21.227  -2.309  -12.133 0.1428571492
103984  -26.754  -2.551  -13.209 0.7142857313
103985  -27.182  -3.264  -13.084 1.0000000000
104003  -25.408  -2.144  -16.018 0.4285714328
104004  -25.866  -2.417  -15.614 0.7142857313
104008  -25.547  -2.135  -16.322 0.4285714328
104011  -34.708  -2.025  -16.627 0.1428571492
104023  -34.919  -2.550  -16.921 0.1428571492
105088  -24.738  -1.839  -8.016 0.4285714328
105091  -27.518  -1.458  -8.619 0.5714285970
105104  -22.764  -1.880  -9.516 0.1428571492
105118  -19.770  -1.582  -10.805 0.1428571492
105121  -22.180  -1.690  -10.352 0.1428571492
105133  -20.256  -1.361  -10.937 0.1428571492
105134  -20.611  -1.591  -11.482 0.1428571492
105138  -28.409  -1.958  -11.358 0.8571428657
105151  -20.986  -1.618  -12.086 0.1428571492
105190  -25.254  -1.208  -15.392 0.5714285970
105203  -25.162  -1.616  -16.012 0.4285714328
105219  -34.453  -1.909  -16.280 0.1428571492
105227  -31.779  -1.775  -17.138 0.1428571492
105228  -32.693  -1.896  -16.873 0.2857142985
105229  -33.536  -1.864  -16.722 0.1428571492
105230  -34.049  -1.815  -16.590 0.1428571492
106271  -24.344  -1.350  -8.483 0.2857142985
106274  -27.295  -0.444  -8.222 0.8571428657
106288  -18.707  -1.005  -10.526 0.1428571492
106292  -26.287  0.071  -8.124 0.2857142985
106293  -27.857  -0.036  -8.800 0.5714285970
106308  -18.848  0.062  -10.611 0.1428571492
106311  -22.810  -0.587  -10.648 0.1428571492
106327  -21.582  -0.974  -11.333 0.1428571492
106335  -21.149  -1.418  -11.874 0.1428571492
106336  -21.269  -1.331  -11.662 0.1428571492
106337  -26.602  0.082  -12.827 0.8571428657
106352  -26.778  -0.346  -13.027 0.8571428657
106419  -25.485  -0.656  -17.017 0.1428571492
107520  -17.675  0.477  -9.534 0.1428571492
107521  -26.839  0.068  -7.951 0.5714285970
107534  -26.352  0.729  -8.453 0.5714285970
107553  -19.801  0.712  -11.079 0.1428571492
107573  -19.616  -0.026  -10.848 0.1428571492
107574  -20.005  0.209  -11.001 0.1428571492
107576  -21.450  -0.186  -11.138 0.2857142985
107594  -26.683  0.843  -12.666 0.8571428657
108745  -26.857  1.689  -8.818 0.8571428657
108773  -20.489  0.737  -11.011 0.1428571492
108775  -21.980  0.561  -11.000 0.2857142985
108786  -26.897  1.271  -12.678 0.8571428657
108798  -26.597  1.524  -13.208 0.8571428657
108809  -25.184  1.632  -14.634 0.1428571492
109945  -24.575  2.632  -9.980 0.4285714328
109948  -27.106  2.469  -9.413 0.7142857313
111170  -24.604  3.601  -10.119 0.5714285970
111173  -26.815  2.883  -9.568 0.7142857313
111251  -24.147  3.081  -16.386 0.1428571492
112483  -24.851  3.985  -10.110 0.4285714328
112496  -26.293  4.441  -10.425 0.5714285970
112497  -26.847  4.141  -10.397 0.8571428657
112504  -26.813  4.617  -10.756 1.0000000000
112512  -23.202  5.578  -11.231 0.4285714328
112515  -27.425  4.299  -12.244 0.8571428657
112581  -25.766  5.385  -16.546 0.2857142985
113815  -22.869  5.940  -11.398 0.2857142985
113820  -27.242  4.942  -11.965 1.0000000000
113857  -24.742  5.680  -17.572 0.1428571492
115048  -23.446  7.444  -11.544 0.2857142985
115055  -23.004  6.505  -11.480 0.2857142985
115058  -25.644  6.685  -11.849 0.8571428657
116242  -25.939  7.974  -12.656 0.7142857313
116251  -26.052  7.852  -15.618 0.2857142985
118540  -23.744  9.228  -12.651 0.7142857313
118565  -25.887  9.893  -15.727 0.2857142985
118575  -26.072  9.954  -16.002 0.2857142985
119776  -25.819  10.115  -16.002 0.2857142985
119784  -25.536  10.178  -16.471 0.1428571492
119785  -25.953  10.003  -16.216 0.2857142985
120906  -21.371  12.132  -13.651 0.2857142985
120910  -24.550  10.865  -13.987 0.2857142985
120936  -22.679  12.272  -16.248 0.1428571492
122012  -18.562  12.556  -8.459 0.1428571492
122038  -20.639  13.481  -12.446 0.2857142985
122090  -16.875  12.846  -15.781 0.1428571492
122092  -17.560  12.807  -15.542 0.1428571492
122103  -16.791  13.168  -16.222 0.1428571492
122104  -17.366  12.944  -16.180 0.1428571492
122105  -18.057  12.986  -15.914 0.1428571492
122117  -16.989  13.528  -16.491 0.1428571492
122118  -17.371  13.367  -16.624 0.1428571492
122119  -18.150  13.294  -16.971 0.1428571492
122125  -23.458  12.232  -16.723 0.1428571492
122133  -19.080  13.329  -17.542 0.1428571492
122134  -19.811  13.291  -17.222 0.1428571492
123323  -20.581  14.673  -13.015 0.1428571492
123340  -16.926  12.883  -15.324 0.1428571492
123341  -17.440  12.943  -15.315 0.1428571492
123342  -17.785  12.915  -15.448 0.1428571492
123357  -16.531  13.339  -15.642 0.1428571492
123358  -17.133  13.431  -15.392 0.1428571492
123359  -18.096  13.502  -15.481 0.1428571492
123366  -16.638  13.765  -16.312 0.1428571492
123368  -17.808  13.619  -17.069 0.1428571492
123372  -22.427  12.880  -16.680 0.1428571492
123378  -17.967  13.720  -17.968 0.1428571492
123379  -18.903  13.866  -18.231 0.1428571492
123383  -22.593  13.106  -17.108 0.1428571492
123390  -17.851  14.369  -18.669 0.1428571492
123391  -18.266  14.175  -18.668 0.1428571492
124493  -16.828  13.761  -15.560 0.1428571492
124505  -16.594  14.067  -15.797 0.1428571492
124514  -20.674  14.471  -17.750 0.1428571492
124521  -21.510  14.882  -18.126 0.1428571492
125535  -17.558  15.192  -16.242 0.1428571492
125536  -18.144  15.383  -16.026 0.1428571492
125537  -19.347  15.833  -16.176 0.1428571492
125546  -17.766  15.606  -16.815 0.1428571492
125548  -18.536  15.939  -16.632 0.1428571492
125549  -18.764  16.434  -16.546 0.1428571492
125555  -19.220  15.477  -17.611 0.1428571492
126526  -19.254  16.732  -16.295 0.1428571492
126536  -18.788  16.772  -16.414 0.1428571492
126542  -19.582  16.289  -17.718 0.1428571492
126549  -20.614  17.184  -18.767 0.1428571492
127627  -20.147  17.390  -18.607 0.1428571492
167080  -18.496  16.805  -16.408 0.1428571492
