#!ascii label  , from subject 3430 vox2ras=TkReg
1696
138003  47.663  32.388  24.187 0.0000000000
144123  53.934  39.992  32.394 0.0000000000
132102  43.819  24.812  28.510 0.0000000000
134603  40.759  28.585  25.604 0.0000000000
131352  40.578  24.162  22.465 0.0000000000
141964  53.226  37.619  29.734 0.0000000000
147945  47.143  45.782  30.220 0.0000000000
153274  50.014  51.192  30.578 0.0000000000
128223  48.911  20.045  32.326 0.0000000000
128300  52.413  19.417  26.457 0.0000000000
138840  54.543  33.146  27.988 0.0000000000
132980  47.618  27.019  23.579 0.0000000000
134587  53.218  28.635  26.219 0.0000000000
132915  49.309  26.589  29.928 0.0000000000
150384  51.029  48.085  24.620 0.0000000000
146412  52.915  42.202  27.034 0.0000000000
128346  44.477  20.288  23.653 0.0000000000
136310  43.827  30.298  24.725 0.0000000000
132969  40.375  26.742  24.155 0.0000000000
134632  44.534  28.560  23.763 0.0000000000
140533  50.229  35.009  26.414 0.0000000000
139740  46.790  34.437  25.224 0.0000000000
152488  46.256  51.527  33.937 0.0000000000
128949  52.024  20.007  34.665 0.0000000000
129744  53.949  20.271  33.378 0.0000000000
128162  54.856  19.201  37.265 0.0000000000
146464  53.456  42.546  20.766 0.0000000000
139652  55.781  34.776  32.007 0.0000000000
136281  55.070  30.553  26.725 0.0000000000
137887  54.884  33.023  32.798 0.0000000000
137939  48.201  32.930  29.644 0.0000000000
137132  49.669  31.761  27.557 0.0000000000
134566  47.343  28.767  28.772 0.0000000000
132897  49.035  26.351  32.288 0.0000000000
147958  50.743  45.255  28.543 0.0000000000
150311  52.550  48.215  28.898 0.0000000000
146366  53.439  42.321  30.457 0.0000000000
142702  55.905  38.356  30.680 0.0000000000
132951  45.951  26.117  25.552 0.0000000000
131331  42.684  24.058  24.212 0.0000000000
129089  43.822  21.885  26.134 0.0000000000
129821  39.381  22.464  23.989 0.0000000000
128360  41.600  19.881  22.741 0.0000000000
142740  55.009  38.945  25.619 0.0000000000
142729  52.212  38.770  26.257 0.0000000000
145617  50.211  41.967  29.713 0.0000000000
141923  52.210  37.537  33.650 0.0000000000
151773  43.106  50.324  29.776 0.0000000000
152581  48.153  50.760  29.525 0.0000000000
150288  48.791  48.705  31.360 0.0000000000
129031  45.938  21.207  30.107 0.0000000000
129062  47.467  20.834  27.635 0.0000000000
129026  51.180  20.431  29.643 0.0000000000
127408  54.701  18.956  31.690 0.0000000000
138877  51.450  33.127  25.165 0.0000000000
136319  48.336  29.976  23.840 0.0000000000
136315  52.233  30.218  23.538 0.0000000000
132977  51.113  27.160  23.931 0.0000000000
132126  48.309  26.179  26.763 0.0000000000
137098  52.399  31.466  30.325 0.0000000000
134600  51.031  28.350  25.731 0.0000000000
131283  47.279  24.919  29.462 0.0000000000
130499  47.012  23.322  32.301 0.0000000000
128211  48.304  20.846  33.995 0.0000000000
148057  50.929  44.513  23.163 0.0000000000
149658  52.996  45.672  23.250 0.0000000000
149607  53.541  47.311  25.741 0.0000000000
145658  53.707  41.907  25.059 0.0000000000
142709  55.487  38.589  28.290 0.0000000000
140501  53.454  34.751  30.045 0.0000000000
132997  43.759  26.359  23.239 0.0000000000
129827  42.015  22.262  22.737 0.0000000000
125732  43.990  18.683  22.160 0.0000000000
128328  48.425  19.459  24.786 0.0000000000
137167  45.711  31.479  24.381 0.0000000000
135458  44.311  29.433  24.196 0.0000000000
137183  46.095  30.680  24.026 0.0000000000
139753  49.186  33.716  24.992 0.0000000000
140553  49.308  34.848  25.910 0.0000000000
138882  46.763  33.075  24.568 0.0000000000
138006  45.257  32.319  24.699 0.0000000000
128187  51.843  19.549  35.881 0.0000000000
128926  53.793  19.671  35.523 0.0000000000
128154  53.807  18.916  37.862 0.0000000000
125693  41.257  18.033  24.198 0.0000000000
142666  54.869  38.102  32.751 0.0000000000
139634  55.573  34.357  32.712 0.0000000000
141228  54.708  36.000  33.490 0.0000000000
137941  46.437  32.651  29.244 0.0000000000
137969  47.532  31.966  27.919 0.0000000000
146369  51.539  42.127  29.490 0.0000000000
146383  51.337  42.678  28.546 0.0000000000
144838  54.068  41.157  31.870 0.0000000000
143425  55.386  38.995  32.334 0.0000000000
132114  44.391  25.500  27.686 0.0000000000
131316  42.910  24.768  25.929 0.0000000000
130538  43.064  23.420  27.733 0.0000000000
133755  39.072  27.347  26.616 0.0000000000
132953  39.556  26.734  25.309 0.0000000000
132168  40.289  25.606  22.963 0.0000000000
131343  39.050  24.315  23.889 0.0000000000
130565  39.097  23.209  23.213 0.0000000000
129110  40.081  21.766  23.658 0.0000000000
129829  40.125  22.404  22.979 0.0000000000
141991  54.919  38.207  26.825 0.0000000000
141993  53.667  38.029  26.108 0.0000000000
141974  52.525  38.124  28.568 0.0000000000
136300  41.604  30.448  25.783 0.0000000000
135439  40.453  29.477  26.203 0.0000000000
147144  48.124  44.315  29.109 0.0000000000
144873  49.136  41.251  30.507 0.0000000000
145638  47.110  42.380  29.627 0.0000000000
150272  46.664  48.594  32.230 0.0000000000
150996  47.909  50.105  33.083 0.0000000000
149551  47.818  47.298  30.808 0.0000000000
147943  49.093  46.048  29.667 0.0000000000
128252  47.511  20.389  31.088 0.0000000000
128263  48.547  20.557  29.942 0.0000000000
128994  50.293  20.520  31.152 0.0000000000
128208  55.134  19.466  34.767 0.0000000000
128233  54.100  19.636  31.674 0.0000000000
126506  56.180  18.074  34.811 0.0000000000
138853  52.975  33.446  26.426 0.0000000000
138014  51.848  31.885  23.972 0.0000000000
137997  53.512  31.937  25.361 0.0000000000
135430  54.426  29.500  26.250 0.0000000000
134609  53.839  28.817  24.781 0.0000000000
132946  53.262  27.651  24.809 0.0000000000
132150  49.955  26.455  24.701 0.0000000000
133763  52.360  27.681  25.497 0.0000000000
140461  51.674  35.357  33.356 0.0000000000
137890  52.572  33.312  32.358 0.0000000000
137912  51.401  32.761  31.477 0.0000000000
134591  48.836  28.959  26.901 0.0000000000
135434  50.340  29.108  25.919 0.0000000000
133737  49.690  27.176  27.707 0.0000000000
132096  49.258  26.273  28.287 0.0000000000
132088  48.804  25.765  29.685 0.0000000000
131272  47.121  24.700  30.485 0.0000000000
132079  48.462  25.331  30.868 0.0000000000
132060  48.450  25.022  33.531 0.0000000000
129740  48.194  23.346  33.885 0.0000000000
149645  51.010  46.659  23.166 0.0000000000
148878  52.099  45.353  22.527 0.0000000000
150419  52.310  47.046  24.047 0.0000000000
153987  48.783  51.911  29.845 0.0000000000
153343  49.369  51.221  28.856 0.0000000000
153327  50.975  51.695  28.637 0.0000000000
147969  52.177  44.970  27.240 0.0000000000
149580  53.109  47.448  27.191 0.0000000000
147995  52.930  45.843  26.525 0.0000000000
147180  52.749  44.482  25.070 0.0000000000
146414  53.366  42.013  26.400 0.0000000000
144898  54.859  40.724  26.447 0.0000000000
144169  55.103  40.780  27.773 0.0000000000
140488  54.880  35.037  31.330 0.0000000000
141249  54.696  36.258  31.154 0.0000000000
139692  53.944  34.163  29.397 0.0000000000
139710  52.483  34.332  27.452 0.0000000000
134628  48.566  28.315  23.333 0.0000000000
134645  45.794  27.863  23.032 0.0000000000
132995  45.718  26.846  23.296 0.0000000000
129108  42.881  21.619  23.990 0.0000000000
129826  42.396  22.323  23.404 0.0000000000
129115  42.797  21.229  23.091 0.0000000000
128358  42.589  20.458  22.465 0.0000000000
127504  44.758  19.186  22.149 0.0000000000
129073  49.894  20.328  27.009 0.0000000000
128304  48.123  20.277  26.014 0.0000000000
128313  50.515  19.426  25.687 0.0000000000
135448  42.366  29.511  25.282 0.0000000000
133776  40.883  27.680  24.760 0.0000000000
134613  42.731  28.509  24.650 0.0000000000
133794  41.760  27.202  23.918 0.0000000000
132985  42.381  26.721  23.385 0.0000000000
140503  51.409  35.856  29.754 0.0000000000
137155  43.514  31.498  25.205 0.0000000000
128971  50.660  20.409  33.068 0.0000000000
128980  51.507  20.513  32.426 0.0000000000
129722  53.165  20.420  34.074 0.0000000000
128945  54.621  19.633  35.339 0.0000000000
138822  55.436  33.494  29.741 0.0000000000
137985  55.013  31.815  26.949 0.0000000000
137937  55.841  32.718  30.083 0.0000000000
136224  55.443  31.269  30.256 0.0000000000
135390  54.423  30.576  29.650 0.0000000000
137907  49.387  33.402  31.620 0.0000000000
137088  50.186  32.533  30.386 0.0000000000
137116  49.032  32.323  28.475 0.0000000000
136287  48.014  30.085  26.879 0.0000000000
134564  48.888  28.193  28.668 0.0000000000
132899  49.462  26.908  31.679 0.0000000000
134537  48.690  27.517  31.076 0.0000000000
133707  48.102  27.350  32.213 0.0000000000
132883  47.910  25.793  33.721 0.0000000000
149609  50.452  47.700  25.619 0.0000000000
150285  50.438  49.013  30.338 0.0000000000
151756  51.673  49.955  29.965 0.0000000000
149546  51.583  47.484  29.365 0.0000000000
147156  51.416  43.717  27.350 0.0000000000
145633  53.725  41.954  29.083 0.0000000000
144884  55.430  41.535  29.264 0.0000000000
144871  56.022  40.855  30.854 0.0000000000
141244  55.405  37.027  31.968 0.0000000000
132967  45.846  26.272  24.663 0.0000000000
132165  45.018  26.202  23.843 0.0000000000
132143  44.423  25.925  25.166 0.0000000000
129814  42.739  22.329  25.106 0.0000000000
129097  44.715  20.756  24.846 0.0000000000
125673  54.033  17.761  27.954 0.0000000000
126569  53.139  18.119  25.599 0.0000000000
129809  38.856  22.835  25.833 0.0000000000
132159  39.030  25.241  24.756 0.0000000000
130561  38.839  23.720  24.698 0.0000000000
129815  39.283  22.222  25.171 0.0000000000
128334  40.231  20.792  24.863 0.0000000000
127471  40.913  19.718  24.283 0.0000000000
125708  41.751  18.515  23.176 0.0000000000
142027  54.966  38.755  24.252 0.0000000000
142013  53.217  38.587  24.825 0.0000000000
145592  51.904  41.279  31.234 0.0000000000
142669  52.955  38.846  33.068 0.0000000000
143427  51.525  39.748  31.948 0.0000000000
142671  50.746  38.440  32.753 0.0000000000
141925  50.028  37.284  33.505 0.0000000000
140463  49.425  35.654  33.426 0.0000000000
139655  48.294  34.328  32.241 0.0000000000
152564  44.974  50.708  30.208 0.0000000000
153983  46.880  51.597  30.861 0.0000000000
153959  47.848  52.077  31.487 0.0000000000
151728  49.308  50.421  31.322 0.0000000000
149548  50.110  47.952  30.254 0.0000000000
147158  49.787  44.624  28.607 0.0000000000
129774  44.489  22.728  29.981 0.0000000000
129065  44.532  21.920  28.183 0.0000000000
129048  46.160  21.111  28.954 0.0000000000
129045  49.414  20.666  28.564 0.0000000000
129058  51.633  19.972  27.845 0.0000000000
129008  52.619  20.185  30.742 0.0000000000
129023  53.494  19.778  29.731 0.0000000000
128274  53.915  19.472  28.574 0.0000000000
138879  49.702  33.031  24.783 0.0000000000
137181  47.732  30.869  23.945 0.0000000000
138016  50.023  31.801  24.074 0.0000000000
136317  50.335  30.099  23.626 0.0000000000
134627  49.650  28.363  23.384 0.0000000000
136306  53.957  30.251  24.752 0.0000000000
134624  52.464  28.560  23.610 0.0000000000
132979  48.880  27.026  23.721 0.0000000000
132964  48.670  26.546  24.205 0.0000000000
132140  47.818  26.293  25.929 0.0000000000
132112  46.694  25.383  27.755 0.0000000000
140459  53.647  35.197  33.637 0.0000000000
136206  53.903  31.739  31.312 0.0000000000
136271  53.299  30.358  27.482 0.0000000000
137114  51.591  31.517  28.736 0.0000000000
137143  52.011  30.696  27.123 0.0000000000
135433  52.344  28.918  26.066 0.0000000000
133764  50.879  27.571  25.764 0.0000000000
131304  47.824  25.044  27.888 0.0000000000
132091  45.530  25.033  29.177 0.0000000000
130513  45.487  23.895  30.891 0.0000000000
129756  45.997  22.570  31.773 0.0000000000
128225  47.372  20.809  32.594 0.0000000000
131255  48.366  24.849  32.371 0.0000000000
129742  47.539  22.430  33.241 0.0000000000
128216  48.917  20.179  33.259 0.0000000000
128963  49.309  20.196  34.356 0.0000000000
147231  52.109  43.726  22.011 0.0000000000
148062  53.341  43.406  21.736 0.0000000000
147207  53.674  43.367  23.187 0.0000000000
151789  52.119  50.211  28.442 0.0000000000
151105  52.717  48.881  24.924 0.0000000000
149628  53.427  46.700  24.550 0.0000000000
147198  53.338  44.189  23.734 0.0000000000
145668  54.178  41.788  23.281 0.0000000000
144902  55.070  40.919  25.483 0.0000000000
142717  55.222  38.992  26.958 0.0000000000
141972  54.659  37.763  28.767 0.0000000000
142706  55.732  38.425  29.593 0.0000000000
141962  54.780  37.703  30.052 0.0000000000
141257  53.586  36.962  30.388 0.0000000000
140511  51.884  34.794  28.248 0.0000000000
139723  51.550  34.479  26.378 0.0000000000
135472  46.086  29.025  23.464 0.0000000000
132984  43.341  26.885  23.364 0.0000000000
132177  41.680  25.233  22.499 0.0000000000
131340  42.924  24.934  23.322 0.0000000000
131350  42.155  24.419  22.649 0.0000000000
130579  41.388  23.661  22.445 0.0000000000
128359  41.845  20.344  22.448 0.0000000000
127507  41.995  19.121  21.873 0.0000000000
129077  45.489  21.287  26.855 0.0000000000
129095  46.541  20.642  25.063 0.0000000000
128344  46.712  19.753  23.774 0.0000000000
127478  50.993  18.464  24.528 0.0000000000
127502  46.621  18.815  22.806 0.0000000000
127334  54.414  18.983  40.143 0.0000000000
128127  56.015  18.837  39.685 0.0000000000
138004  47.180  32.246  24.272 0.0000000000
136308  45.293  30.661  24.098 0.0000000000
138019  47.263  31.480  24.108 0.0000000000
138880  48.836  32.935  24.433 0.0000000000
139754  48.298  33.759  24.732 0.0000000000
138881  47.827  32.835  24.298 0.0000000000
138005  46.199  32.324  24.522 0.0000000000
128165  52.526  19.324  36.559 0.0000000000
143417  54.238  39.036  32.688 0.0000000000
141208  54.667  36.969  33.215 0.0000000000
143402  53.980  38.552  32.923 0.0000000000
145581  53.069  41.183  31.644 0.0000000000
145590  53.063  41.583  31.479 0.0000000000
144825  53.576  40.722  31.937 0.0000000000
144122  54.680  40.064  32.453 0.0000000000
132115  43.557  25.051  27.936 0.0000000000
131298  43.495  24.243  28.518 0.0000000000
134604  40.194  28.397  25.832 0.0000000000
133767  39.250  26.970  25.948 0.0000000000
133766  39.926  27.808  25.670 0.0000000000
132179  40.035  24.743  22.807 0.0000000000
131353  39.871  24.171  22.700 0.0000000000
130573  39.842  23.563  22.679 0.0000000000
141973  53.826  37.759  28.620 0.0000000000
141982  53.653  37.929  27.372 0.0000000000
135449  41.448  29.429  25.705 0.0000000000
135438  41.028  29.959  25.999 0.0000000000
134592  40.405  28.944  26.041 0.0000000000
134593  40.006  28.738  26.321 0.0000000000
147962  47.636  45.100  29.644 0.0000000000
146388  47.601  43.336  29.084 0.0000000000
147145  47.145  44.213  29.474 0.0000000000
148764  46.833  47.110  31.019 0.0000000000
150290  47.241  48.256  31.766 0.0000000000
148781  47.599  46.834  30.625 0.0000000000
147944  48.124  46.001  29.916 0.0000000000
128236  48.118  20.123  31.783 0.0000000000
128251  48.208  20.214  30.895 0.0000000000
128222  49.690  20.266  31.764 0.0000000000
127394  55.966  18.658  35.027 0.0000000000
138852  53.513  33.148  26.910 0.0000000000
138861  53.376  32.798  26.015 0.0000000000
138860  53.917  32.463  26.556 0.0000000000
135415  54.305  30.094  26.895 0.0000000000
134586  53.881  28.810  25.700 0.0000000000
133750  53.484  28.264  25.553 0.0000000000
132947  52.608  27.285  24.946 0.0000000000
133751  52.891  27.845  25.827 0.0000000000
139639  51.203  34.662  32.922 0.0000000000
138771  51.819  33.846  32.486 0.0000000000
137905  50.953  33.261  31.684 0.0000000000
134563  49.393  27.927  28.221 0.0000000000
134572  49.482  28.063  27.459 0.0000000000
133731  49.718  26.983  28.692 0.0000000000
132922  49.496  26.563  29.030 0.0000000000
132087  49.184  26.187  29.594 0.0000000000
132078  48.822  25.720  30.655 0.0000000000
132077  49.079  25.992  30.502 0.0000000000
131250  48.353  24.273  33.998 0.0000000000
149620  50.410  47.024  24.815 0.0000000000
148854  50.679  46.301  23.686 0.0000000000
149630  50.926  47.338  23.927 0.0000000000
149644  51.697  46.796  23.440 0.0000000000
150402  51.599  47.561  24.111 0.0000000000
153979  49.167  51.831  30.287 0.0000000000
153328  50.248  51.607  29.075 0.0000000000
153291  50.411  51.335  29.938 0.0000000000
147167  52.245  43.816  26.549 0.0000000000
147979  52.667  45.328  26.722 0.0000000000
146415  52.926  42.915  26.157 0.0000000000
146411  53.330  41.851  26.739 0.0000000000
145651  53.716  41.447  26.820 0.0000000000
145647  54.058  41.218  27.776 0.0000000000
139698  54.923  33.642  29.127 0.0000000000
140499  54.720  34.301  30.032 0.0000000000
139699  54.403  33.657  28.748 0.0000000000
139708  54.000  33.571  28.096 0.0000000000
133805  47.306  27.432  23.148 0.0000000000
133806  46.642  27.594  22.984 0.0000000000
132994  46.586  27.127  23.214 0.0000000000
129107  43.733  20.898  23.849 0.0000000000
129114  43.510  20.790  23.179 0.0000000000
128357  43.694  20.360  22.817 0.0000000000
128364  45.202  19.382  22.529 0.0000000000
128301  51.374  19.658  26.653 0.0000000000
128302  50.168  19.869  26.396 0.0000000000
128312  51.671  19.365  25.572 0.0000000000
136311  43.110  30.042  25.018 0.0000000000
134601  42.382  28.899  25.146 0.0000000000
135459  43.478  29.399  24.622 0.0000000000
134611  44.268  28.905  24.087 0.0000000000
134634  43.059  28.022  24.259 0.0000000000
133793  42.842  27.598  24.002 0.0000000000
132986  41.469  26.540  23.280 0.0000000000
140512  51.000  35.643  28.830 0.0000000000
140513  50.317  36.108  28.567 0.0000000000
140521  49.977  35.773  27.779 0.0000000000
139739  47.810  34.457  25.227 0.0000000000
140554  48.325  35.044  25.927 0.0000000000
137168  44.854  31.458  24.535 0.0000000000
138007  44.383  32.264  24.910 0.0000000000
137169  43.977  31.410  24.925 0.0000000000
136298  43.383  30.954  25.176 0.0000000000
128961  51.764  20.210  34.084 0.0000000000
128969  52.412  20.303  33.515 0.0000000000
128960  52.596  20.284  34.095 0.0000000000
128913  54.512  19.234  36.647 0.0000000000
128925  54.305  19.510  35.706 0.0000000000
128924  54.809  19.230  36.416 0.0000000000
128182  55.256  19.173  36.591 0.0000000000
128161  55.368  19.237  37.505 0.0000000000
146465  52.951  42.597  21.113 0.0000000000
145710  52.683  41.102  20.200 0.0000000000
139671  55.684  34.594  31.744 0.0000000000
137952  55.628  32.784  29.446 0.0000000000
138816  55.958  33.436  30.870 0.0000000000
138785  55.493  33.156  32.625 0.0000000000
137083  55.742  31.809  31.006 0.0000000000
137070  55.198  31.576  31.391 0.0000000000
136239  55.007  30.785  29.678 0.0000000000
137071  54.633  31.426  31.259 0.0000000000
137915  48.860  33.396  31.093 0.0000000000
137924  49.319  32.945  30.417 0.0000000000
137954  48.772  32.697  29.249 0.0000000000
136274  47.005  30.010  27.908 0.0000000000
136273  47.453  30.493  27.346 0.0000000000
135419  47.636  29.569  27.503 0.0000000000
134574  48.000  28.860  27.771 0.0000000000
134565  48.067  28.486  28.558 0.0000000000
134546  48.827  27.583  30.249 0.0000000000
134556  47.578  28.470  29.523 0.0000000000
134538  47.996  27.679  31.205 0.0000000000
133697  48.156  26.962  32.807 0.0000000000
133698  47.278  27.250  33.064 0.0000000000
149547  50.894  47.593  29.592 0.0000000000
150300  50.833  48.346  29.823 0.0000000000
148777  51.284  47.034  29.322 0.0000000000
146367  52.794  42.096  30.057 0.0000000000
147140  51.077  43.924  27.755 0.0000000000
146382  51.945  42.253  28.772 0.0000000000
146402  51.542  42.867  27.703 0.0000000000
146381  53.092  42.106  29.509 0.0000000000
145614  54.791  42.101  29.705 0.0000000000
145598  54.918  42.223  30.881 0.0000000000
141240  55.199  36.281  32.264 0.0000000000
142680  55.619  38.270  32.087 0.0000000000
141239  55.133  35.880  32.201 0.0000000000
139680  55.483  34.771  31.689 0.0000000000
132966  46.835  26.351  24.730 0.0000000000
132968  45.113  26.264  24.850 0.0000000000
130548  42.753  23.283  26.422 0.0000000000
131317  42.648  23.938  26.149 0.0000000000
129813  43.230  22.082  25.730 0.0000000000
129098  43.511  21.500  25.031 0.0000000000
130549  38.621  23.406  26.569 0.0000000000
130556  38.620  23.654  25.627 0.0000000000
133777  40.092  27.063  24.884 0.0000000000
132970  39.717  26.385  24.509 0.0000000000
130566  38.968  23.837  23.893 0.0000000000
129822  38.973  23.241  24.063 0.0000000000
129816  38.877  23.002  24.839 0.0000000000
129101  39.978  21.449  24.647 0.0000000000
129109  40.587  21.218  23.567 0.0000000000
128348  41.060  20.375  23.522 0.0000000000
126582  41.456  18.726  23.384 0.0000000000
127496  41.662  19.041  22.646 0.0000000000
144180  55.891  40.133  24.529 0.0000000000
142009  55.041  38.940  24.831 0.0000000000
141994  53.034  38.439  25.703 0.0000000000
142012  53.688  38.292  25.065 0.0000000000
142741  52.409  38.983  25.018 0.0000000000
144856  51.456  41.014  31.188 0.0000000000
144857  50.632  40.970  30.840 0.0000000000
143436  50.349  39.988  31.503 0.0000000000
141937  50.376  37.861  33.143 0.0000000000
141926  48.966  37.136  33.557 0.0000000000
139641  49.043  34.651  32.671 0.0000000000
151793  44.436  49.551  29.425 0.0000000000
151772  44.118  50.175  29.831 0.0000000000
153294  45.149  51.793  30.820 0.0000000000
153972  46.625  51.925  31.359 0.0000000000
153971  47.479  52.178  31.108 0.0000000000
151009  48.410  50.005  32.500 0.0000000000
151709  48.436  50.748  32.964 0.0000000000
152517  48.676  50.929  32.285 0.0000000000
151008  49.028  49.964  31.491 0.0000000000
150268  49.536  49.444  31.013 0.0000000000
149532  49.297  48.301  30.817 0.0000000000
147143  49.195  44.464  28.717 0.0000000000
147960  49.434  45.431  29.060 0.0000000000
146386  49.653  43.426  28.499 0.0000000000
145616  50.895  42.338  29.361 0.0000000000
129032  45.210  21.803  30.253 0.0000000000
129049  45.011  21.669  29.162 0.0000000000
129028  49.097  20.640  29.607 0.0000000000
129046  48.333  20.796  28.598 0.0000000000
129044  50.427  20.421  28.592 0.0000000000
129059  50.599  20.225  27.873 0.0000000000
129043  51.245  20.256  28.775 0.0000000000
129747  52.833  20.173  32.391 0.0000000000
128992  52.400  20.336  31.796 0.0000000000
128991  52.971  20.066  31.698 0.0000000000
128232  54.380  19.337  31.968 0.0000000000
128248  53.763  19.731  30.247 0.0000000000
128260  53.961  19.647  29.688 0.0000000000
129040  53.673  19.706  29.174 0.0000000000
128259  54.548  19.324  29.740 0.0000000000
126536  54.991  18.916  29.294 0.0000000000
126530  54.727  18.590  30.854 0.0000000000
138878  50.550  33.039  25.030 0.0000000000
138001  50.316  32.414  24.471 0.0000000000
138000  51.207  32.411  24.577 0.0000000000
137176  52.651  31.175  23.740 0.0000000000
137177  51.616  31.074  23.639 0.0000000000
136316  51.310  30.149  23.589 0.0000000000
135468  50.000  29.205  23.404 0.0000000000
135467  50.999  29.260  23.387 0.0000000000
137142  55.161  31.391  27.282 0.0000000000
137154  54.788  31.121  25.766 0.0000000000
136295  54.618  30.309  25.328 0.0000000000
133773  53.203  27.845  24.285 0.0000000000
134623  53.112  28.636  23.859 0.0000000000
133784  52.207  27.904  23.658 0.0000000000
133786  50.379  27.684  23.533 0.0000000000
132978  50.015  27.040  23.861 0.0000000000
132963  49.629  26.601  24.272 0.0000000000
132138  49.222  26.432  25.497 0.0000000000
132139  48.498  26.378  25.755 0.0000000000
132128  46.917  25.869  26.799 0.0000000000
132127  47.658  25.875  26.787 0.0000000000
142656  52.618  38.177  33.366 0.0000000000
141210  53.618  36.794  33.715 0.0000000000
140442  53.156  36.019  33.763 0.0000000000
137065  52.683  32.469  31.650 0.0000000000
137064  53.351  32.334  31.690 0.0000000000
136215  53.118  31.554  30.960 0.0000000000
136241  53.605  30.688  29.676 0.0000000000
136256  52.837  30.916  28.777 0.0000000000
137115  50.241  31.958  28.585 0.0000000000
137100  50.655  31.954  29.657 0.0000000000
137131  50.877  31.533  27.597 0.0000000000
136284  50.957  30.224  26.090 0.0000000000
136297  51.425  29.369  25.893 0.0000000000
136283  52.282  29.987  26.537 0.0000000000
135446  51.675  28.763  25.846 0.0000000000
132937  49.766  27.089  26.641 0.0000000000
132098  48.410  25.346  28.904 0.0000000000
132109  48.839  26.075  27.497 0.0000000000
131294  47.469  24.904  28.659 0.0000000000
131306  47.131  24.995  28.266 0.0000000000
131284  46.202  24.940  29.477 0.0000000000
131274  44.984  24.145  30.427 0.0000000000
131273  46.024  24.342  30.720 0.0000000000
131261  47.073  24.217  31.604 0.0000000000
131262  46.413  23.979  31.410 0.0000000000
130500  46.354  22.965  31.995 0.0000000000
128995  46.911  21.130  32.249 0.0000000000
129748  47.135  22.381  32.715 0.0000000000
132896  49.348  26.948  31.974 0.0000000000
132062  49.052  26.174  31.984 0.0000000000
132063  48.731  25.618  32.442 0.0000000000
129741  47.868  22.771  33.726 0.0000000000
128972  48.010  21.551  33.944 0.0000000000
128982  47.854  21.136  33.526 0.0000000000
128217  48.301  20.682  33.676 0.0000000000
128209  49.717  20.184  33.607 0.0000000000
148058  50.326  44.498  23.344 0.0000000000
147208  49.533  44.188  23.247 0.0000000000
147221  49.872  43.942  22.970 0.0000000000
147219  51.612  43.682  22.297 0.0000000000
148877  52.531  45.109  22.579 0.0000000000
148892  52.396  44.520  22.253 0.0000000000
148876  53.053  44.681  22.595 0.0000000000
148053  53.451  43.707  22.319 0.0000000000
148043  53.437  44.079  22.924 0.0000000000
151039  52.285  49.115  29.406 0.0000000000
151770  51.996  50.313  29.279 0.0000000000
151047  52.614  48.898  28.530 0.0000000000
150337  53.346  47.806  26.747 0.0000000000
151072  53.147  48.527  26.436 0.0000000000
151086  53.600  48.456  25.842 0.0000000000
151103  53.757  48.522  25.311 0.0000000000
150381  53.419  47.795  24.971 0.0000000000
149618  53.590  47.153  25.039 0.0000000000
146420  52.885  43.006  25.157 0.0000000000
147181  53.096  44.551  24.501 0.0000000000
146426  53.192  42.869  24.154 0.0000000000
146431  53.646  42.603  23.531 0.0000000000
145663  53.786  41.881  24.085 0.0000000000
145657  54.590  41.343  24.783 0.0000000000
144173  55.006  40.321  27.003 0.0000000000
143472  55.028  39.633  26.376 0.0000000000
143465  55.293  39.517  27.620 0.0000000000
142718  55.211  38.404  27.396 0.0000000000
142710  55.357  38.159  28.084 0.0000000000
144157  56.309  40.142  30.393 0.0000000000
144165  56.181  40.194  29.286 0.0000000000
143455  56.271  39.236  29.918 0.0000000000
140490  53.961  35.269  30.568 0.0000000000
141255  54.626  36.905  30.772 0.0000000000
141251  53.819  36.177  30.607 0.0000000000
140491  53.269  35.550  30.422 0.0000000000
140502  52.282  35.258  29.819 0.0000000000
139734  51.947  33.886  25.958 0.0000000000
139711  51.937  34.580  26.989 0.0000000000
139735  51.313  34.033  25.632 0.0000000000
139751  50.768  33.723  25.282 0.0000000000
136320  47.373  29.899  23.806 0.0000000000
136321  46.493  29.874  23.699 0.0000000000
135471  46.979  29.014  23.499 0.0000000000
133808  44.886  27.188  23.117 0.0000000000
133791  45.055  27.811  23.272 0.0000000000
133809  44.105  26.931  23.238 0.0000000000
132998  42.901  26.149  23.132 0.0000000000
132176  42.487  25.406  22.856 0.0000000000
131330  43.140  24.791  23.931 0.0000000000
132167  43.695  25.425  23.777 0.0000000000
130570  42.155  23.308  22.929 0.0000000000
130578  41.815  23.681  22.536 0.0000000000
131357  41.724  23.957  22.462 0.0000000000
130571  41.536  23.079  22.580 0.0000000000
129828  41.187  22.260  22.700 0.0000000000
129116  41.874  21.292  22.658 0.0000000000
127506  42.816  19.265  22.036 0.0000000000
128367  42.325  19.757  22.076 0.0000000000
126608  42.480  18.872  22.035 0.0000000000
125722  42.637  18.252  22.747 0.0000000000
125721  43.651  18.285  22.450 0.0000000000
129063  46.368  21.054  27.787 0.0000000000
129064  45.293  21.412  27.981 0.0000000000
129076  46.544  20.846  26.676 0.0000000000
128315  48.263  19.951  25.418 0.0000000000
128316  47.334  20.392  25.329 0.0000000000
128329  47.468  19.911  24.604 0.0000000000
128330  46.503  20.343  24.633 0.0000000000
128343  47.598  19.327  23.876 0.0000000000
124730  52.578  17.722  25.598 0.0000000000
126571  51.821  18.288  24.659 0.0000000000
124745  51.530  17.480  24.945 0.0000000000
136309  44.545  30.527  24.370 0.0000000000
136323  44.943  29.837  23.854 0.0000000000
135474  44.779  29.228  23.841 0.0000000000
140552  49.901  34.656  25.786 0.0000000000
139738  48.765  34.399  25.303 0.0000000000
139755  47.311  33.778  24.747 0.0000000000
139756  46.367  33.783  24.911 0.0000000000
128928  52.272  19.738  35.265 0.0000000000
128927  53.021  19.644  35.504 0.0000000000
128186  52.410  19.544  35.794 0.0000000000
128164  53.501  19.227  36.940 0.0000000000
128153  54.595  19.037  38.010 0.0000000000
141226  55.149  36.467  32.601 0.0000000000
139653  55.960  34.181  32.129 0.0000000000
141227  54.935  36.610  33.038 0.0000000000
140457  55.097  35.368  33.166 0.0000000000
139635  54.956  34.367  33.213 0.0000000000
137940  47.381  32.873  29.389 0.0000000000
137955  48.114  32.583  28.807 0.0000000000
137118  46.870  31.667  28.044 0.0000000000
135405  46.738  29.325  28.603 0.0000000000
147142  50.767  44.249  28.210 0.0000000000
147141  51.167  43.982  27.912 0.0000000000
146361  52.686  41.992  30.631 0.0000000000
145599  53.833  42.316  31.103 0.0000000000
145588  54.514  41.773  31.795 0.0000000000
144837  54.746  40.913  32.253 0.0000000000
143415  55.096  38.624  32.573 0.0000000000
132130  44.696  25.892  26.410 0.0000000000
132952  45.172  26.131  25.659 0.0000000000
132131  43.535  25.352  26.803 0.0000000000
130539  42.804  23.611  27.010 0.0000000000
129079  43.793  22.193  26.680 0.0000000000
132988  39.918  26.054  23.683 0.0000000000
132169  39.626  25.198  23.425 0.0000000000
131342  39.311  24.238  23.205 0.0000000000
129118  40.443  21.677  23.219 0.0000000000
129117  41.081  21.201  22.958 0.0000000000
142728  55.077  38.738  26.318 0.0000000000
142010  54.829  38.715  25.430 0.0000000000
141992  54.395  38.007  26.409 0.0000000000
141983  52.877  38.305  26.907 0.0000000000
136288  41.087  30.433  26.008 0.0000000000
135440  39.922  29.459  26.615 0.0000000000
133754  39.555  28.019  26.653 0.0000000000
146387  48.648  43.389  28.752 0.0000000000
145603  50.111  41.394  30.376 0.0000000000
145637  48.282  42.478  29.317 0.0000000000
145619  47.949  41.857  29.963 0.0000000000
150997  46.830  49.852  33.093 0.0000000000
151694  46.937  51.095  33.676 0.0000000000
151010  47.723  49.535  32.603 0.0000000000
150289  48.035  48.430  31.594 0.0000000000
149533  48.551  48.006  31.041 0.0000000000
149549  49.153  47.518  30.557 0.0000000000
148780  48.699  46.739  30.288 0.0000000000
147961  48.600  45.255  29.329 0.0000000000
129013  46.587  20.863  31.232 0.0000000000
129030  47.157  20.674  30.035 0.0000000000
128265  47.733  20.364  30.549 0.0000000000
129012  49.305  20.600  30.206 0.0000000000
129010  50.792  20.569  30.412 0.0000000000
128976  54.587  19.967  33.590 0.0000000000
128978  53.903  20.051  32.938 0.0000000000
128221  54.581  19.515  33.181 0.0000000000
128220  54.672  19.120  32.819 0.0000000000
127401  54.695  18.801  32.546 0.0000000000
138862  52.571  33.335  25.829 0.0000000000
137999  52.051  32.412  24.571 0.0000000000
138875  52.962  32.679  25.346 0.0000000000
137998  52.845  32.153  24.646 0.0000000000
137164  53.401  31.188  24.384 0.0000000000
135429  54.761  29.657  26.157 0.0000000000
135444  54.684  29.609  25.631 0.0000000000
134597  54.053  28.941  25.453 0.0000000000
133772  53.534  28.115  24.589 0.0000000000
132960  52.770  27.519  24.343 0.0000000000
132962  50.659  26.647  24.620 0.0000000000
132948  51.579  27.013  25.190 0.0000000000
132949  50.471  26.862  25.575 0.0000000000
141212  51.663  36.855  33.830 0.0000000000
140460  52.689  35.273  33.471 0.0000000000
139638  52.246  34.572  33.004 0.0000000000
137904  51.968  33.048  31.865 0.0000000000
137086  51.807  31.874  30.763 0.0000000000
135435  49.305  29.432  26.537 0.0000000000
137145  50.318  31.122  26.683 0.0000000000
134590  49.512  28.509  26.752 0.0000000000
133753  49.698  27.849  26.928 0.0000000000
133752  49.840  27.477  26.731 0.0000000000
132928  49.539  26.757  27.927 0.0000000000
132097  48.834  25.799  28.596 0.0000000000
131282  47.972  24.989  29.240 0.0000000000
131271  47.915  25.033  30.224 0.0000000000
131260  48.033  24.862  31.372 0.0000000000
132059  48.739  25.625  32.944 0.0000000000
131252  48.437  24.715  33.276 0.0000000000
131249  48.428  24.278  33.710 0.0000000000
129733  48.208  23.364  34.123 0.0000000000
148855  50.151  45.769  24.159 0.0000000000
148864  50.383  45.422  23.720 0.0000000000
148880  51.322  45.347  22.964 0.0000000000
148056  51.681  44.521  22.524 0.0000000000
148862  51.392  46.114  22.857 0.0000000000
149660  52.188  45.920  22.951 0.0000000000
149642  52.798  46.147  23.720 0.0000000000
153331  47.770  51.254  29.969 0.0000000000
152580  48.629  50.993  29.275 0.0000000000
153329  49.457  51.570  29.269 0.0000000000
153342  50.090  51.392  28.547 0.0000000000
148803  52.169  46.026  27.840 0.0000000000
150320  52.743  48.166  27.864 0.0000000000
148813  52.766  46.392  27.209 0.0000000000
149597  53.163  46.862  26.941 0.0000000000
148824  53.320  46.634  26.018 0.0000000000
148833  53.473  46.438  25.316 0.0000000000
147994  53.038  45.614  25.879 0.0000000000
146419  53.368  42.258  25.750 0.0000000000
144903  54.456  41.434  25.517 0.0000000000
145654  53.879  41.636  25.936 0.0000000000
144895  54.589  40.791  27.204 0.0000000000
144168  55.462  40.359  28.151 0.0000000000
141248  54.803  36.054  31.487 0.0000000000
141957  55.162  37.442  30.869 0.0000000000
140489  54.587  34.814  30.756 0.0000000000
140500  54.247  34.500  30.077 0.0000000000
139701  52.780  34.372  28.525 0.0000000000
139709  53.377  33.832  27.680 0.0000000000
139721  52.989  33.818  26.950 0.0000000000
135470  47.948  29.048  23.586 0.0000000000
134630  46.577  28.244  23.109 0.0000000000
133807  45.750  27.559  23.009 0.0000000000
132174  44.068  26.113  23.355 0.0000000000
129820  42.587  22.409  24.186 0.0000000000
130564  42.457  23.242  23.735 0.0000000000
128366  43.219  19.782  22.238 0.0000000000
126606  44.294  18.889  22.043 0.0000000000
129074  48.859  20.512  26.820 0.0000000000
129075  47.639  20.542  26.498 0.0000000000
128303  49.100  20.102  26.215 0.0000000000
128314  49.315  19.607  25.596 0.0000000000
128327  49.549  19.056  24.941 0.0000000000
134602  41.928  28.778  25.368 0.0000000000
133765  40.494  28.056  25.309 0.0000000000
134614  41.587  28.187  25.053 0.0000000000
133775  42.065  27.812  24.459 0.0000000000
133795  41.000  26.943  23.823 0.0000000000
132987  40.652  26.355  23.350 0.0000000000
133000  41.125  25.869  22.752 0.0000000000
141965  52.327  37.486  29.905 0.0000000000
141966  51.588  37.595  29.597 0.0000000000
141274  49.937  36.426  28.476 0.0000000000
140534  48.934  35.679  26.868 0.0000000000
138883  45.722  33.322  24.915 0.0000000000
136299  42.590  30.718  25.407 0.0000000000
151695  46.121  50.932  34.001 0.0000000000
150257  46.444  49.083  32.743 0.0000000000
149535  46.311  47.801  31.673 0.0000000000
128215  49.781  20.206  32.712 0.0000000000
128981  50.559  20.454  32.098 0.0000000000
128979  52.328  20.325  32.764 0.0000000000
129738  53.322  20.231  33.351 0.0000000000
128947  53.771  20.160  34.934 0.0000000000
129720  53.940  20.449  34.434 0.0000000000
129729  54.268  20.488  34.077 0.0000000000
128957  55.244  19.583  34.960 0.0000000000
128181  55.754  18.963  36.333 0.0000000000
138829  55.249  33.172  29.120 0.0000000000
138850  54.812  32.614  27.637 0.0000000000
137953  55.488  32.780  29.148 0.0000000000
137128  55.508  32.233  28.814 0.0000000000
137129  55.335  31.754  28.372 0.0000000000
137923  56.060  32.621  30.890 0.0000000000
137097  55.820  31.947  30.143 0.0000000000
136268  55.107  30.891  27.642 0.0000000000
136269  54.657  30.636  27.825 0.0000000000
136254  54.559  30.619  28.978 0.0000000000
136270  54.119  30.424  27.838 0.0000000000
137906  50.094  33.278  31.715 0.0000000000
137913  50.692  32.872  31.347 0.0000000000
137914  49.855  32.944  31.143 0.0000000000
137101  49.613  32.547  29.508 0.0000000000
137968  47.909  32.246  28.214 0.0000000000
137133  48.381  31.871  27.597 0.0000000000
137146  49.155  31.110  26.846 0.0000000000
135436  48.545  29.579  26.835 0.0000000000
134573  48.815  28.476  27.682 0.0000000000
134553  49.357  27.296  29.560 0.0000000000
132914  49.325  26.644  30.515 0.0000000000
133710  49.453  27.240  31.182 0.0000000000
134526  49.697  27.158  31.746 0.0000000000
133705  49.621  26.915  32.259 0.0000000000
134528  48.425  27.390  31.696 0.0000000000
133706  48.807  26.925  32.117 0.0000000000
132891  48.388  25.928  33.288 0.0000000000
132882  48.178  25.605  33.653 0.0000000000
132044  47.844  25.010  34.333 0.0000000000
149608  50.699  47.949  25.297 0.0000000000
151743  50.498  50.425  30.742 0.0000000000
151757  51.206  50.490  30.200 0.0000000000
151029  51.305  49.324  30.093 0.0000000000
150299  51.712  48.410  29.678 0.0000000000
149559  52.098  47.222  28.896 0.0000000000
147957  51.194  45.427  28.338 0.0000000000
147956  51.621  45.615  28.125 0.0000000000
148791  51.854  46.472  28.451 0.0000000000
147970  51.710  44.662  27.532 0.0000000000
147155  51.855  43.383  27.154 0.0000000000
145648  53.545  41.754  28.056 0.0000000000
145632  54.456  41.696  28.651 0.0000000000
144883  56.128  40.997  29.836 0.0000000000
143446  56.169  39.228  30.948 0.0000000000
144149  55.602  40.409  31.837 0.0000000000
142692  55.891  38.335  31.476 0.0000000000
141952  55.543  37.629  31.453 0.0000000000
141247  55.009  36.036  31.866 0.0000000000
139689  55.464  33.885  30.245 0.0000000000
132981  46.692  26.664  23.793 0.0000000000
132982  45.609  26.344  23.867 0.0000000000
132155  45.072  26.159  24.138 0.0000000000
132156  44.434  25.833  24.283 0.0000000000
131323  43.078  24.803  24.825 0.0000000000
132144  43.663  25.463  25.571 0.0000000000
131324  42.582  24.045  25.176 0.0000000000
130560  42.520  23.209  24.620 0.0000000000
129099  42.831  21.870  24.566 0.0000000000
129106  44.356  20.550  24.139 0.0000000000
127444  53.319  18.879  26.455 0.0000000000
127456  53.023  18.850  25.582 0.0000000000
125680  53.384  17.854  26.404 0.0000000000
129800  39.070  22.704  26.798 0.0000000000
132971  39.225  25.990  24.987 0.0000000000
132160  38.806  24.955  25.304 0.0000000000
132158  39.327  25.667  24.159 0.0000000000
131333  38.924  24.437  24.624 0.0000000000
131325  38.701  24.206  25.284 0.0000000000
129090  39.756  21.449  25.816 0.0000000000
128319  40.101  20.474  25.546 0.0000000000
129100  40.282  21.313  24.005 0.0000000000
128333  40.518  20.693  24.341 0.0000000000
126573  40.960  18.781  24.280 0.0000000000
142011  54.274  38.336  25.283 0.0000000000
142029  54.114  38.523  24.328 0.0000000000
141975  51.244  38.145  28.915 0.0000000000
142711  51.529  38.494  28.161 0.0000000000
144826  52.920  40.778  31.844 0.0000000000
143418  53.466  39.321  32.746 0.0000000000
144125  52.580  40.259  32.213 0.0000000000
143420  52.064  39.695  32.419 0.0000000000
142670  51.816  38.705  32.952 0.0000000000
144150  50.867  40.518  31.264 0.0000000000
142682  51.144  39.054  32.324 0.0000000000
141936  51.027  38.198  33.162 0.0000000000
141924  51.207  37.689  33.512 0.0000000000
141213  50.624  36.812  33.768 0.0000000000
139640  50.153  34.746  32.903 0.0000000000
138788  49.466  33.779  32.135 0.0000000000
139654  48.883  34.097  32.208 0.0000000000
138805  48.202  33.842  31.281 0.0000000000
152582  47.005  50.573  30.191 0.0000000000
153315  44.631  51.304  30.574 0.0000000000
153314  45.513  51.248  30.626 0.0000000000
153332  47.248  51.123  30.323 0.0000000000
153982  47.477  51.951  30.657 0.0000000000
153980  48.685  52.126  30.317 0.0000000000
153968  49.002  51.778  30.798 0.0000000000
153227  46.967  51.933  33.937 0.0000000000
153948  47.650  51.865  32.283 0.0000000000
153276  48.792  51.410  31.511 0.0000000000
152532  49.713  50.854  31.075 0.0000000000
151006  50.133  49.872  30.792 0.0000000000
150301  50.336  48.588  30.246 0.0000000000
148778  50.640  46.966  29.605 0.0000000000
148779  49.759  46.744  29.947 0.0000000000
148795  49.806  45.991  29.411 0.0000000000
147972  50.368  44.914  28.547 0.0000000000
146403  50.621  43.753  28.251 0.0000000000
145591  52.470  41.347  31.378 0.0000000000
130524  43.810  23.484  29.257 0.0000000000
129783  43.789  22.759  28.740 0.0000000000
129782  44.243  22.436  29.233 0.0000000000
129029  48.088  20.640  29.505 0.0000000000
129047  47.268  20.867  28.738 0.0000000000
129061  48.583  20.725  27.617 0.0000000000
129060  49.650  20.545  27.725 0.0000000000
129072  50.818  19.927  27.215 0.0000000000
128288  52.186  19.766  27.339 0.0000000000
128993  51.251  20.590  31.420 0.0000000000
129009  51.750  20.442  30.621 0.0000000000
129025  52.034  20.236  29.719 0.0000000000
129006  53.827  19.769  31.571 0.0000000000
129007  53.410  19.873  30.836 0.0000000000
129042  52.310  20.034  28.817 0.0000000000
129056  53.119  19.822  28.209 0.0000000000
128286  53.613  19.241  27.605 0.0000000000
127435  54.086  18.733  27.926 0.0000000000
138891  48.327  32.488  24.168 0.0000000000
138018  47.959  32.018  24.058 0.0000000000
138017  49.004  32.006  24.097 0.0000000000
137180  48.670  31.002  23.977 0.0000000000
137179  49.677  30.994  23.945 0.0000000000
138015  50.954  31.757  24.091 0.0000000000
137178  50.657  30.994  23.786 0.0000000000
136318  49.332  30.063  23.684 0.0000000000
135469  48.970  29.134  23.510 0.0000000000
133788  48.061  27.593  23.225 0.0000000000
137986  54.610  31.928  26.442 0.0000000000
137163  54.053  31.000  25.294 0.0000000000
136314  52.997  30.185  23.704 0.0000000000
135456  53.775  29.448  24.432 0.0000000000
135457  53.336  29.391  23.937 0.0000000000
135466  51.923  29.315  23.484 0.0000000000
134626  50.695  28.420  23.338 0.0000000000
133787  49.261  27.641  23.488 0.0000000000
132965  47.739  26.442  24.333 0.0000000000
132950  46.412  26.246  25.133 0.0000000000
132151  49.388  26.378  24.772 0.0000000000
132153  47.861  26.268  25.123 0.0000000000
132141  46.968  26.192  25.787 0.0000000000
132129  45.905  25.921  26.550 0.0000000000
132113  45.478  25.616  27.619 0.0000000000
132101  44.250  25.099  28.478 0.0000000000
141921  53.995  37.531  33.430 0.0000000000
140441  54.074  36.002  33.723 0.0000000000
138768  54.560  33.601  33.099 0.0000000000
139637  53.206  34.453  33.280 0.0000000000
137902  53.712  32.659  32.215 0.0000000000
136205  54.223  31.612  31.300 0.0000000000
135360  54.141  30.919  30.426 0.0000000000
136255  53.933  30.532  28.942 0.0000000000
135417  53.357  29.902  26.791 0.0000000000
137087  50.956  32.031  30.554 0.0000000000
137099  51.597  31.640  29.964 0.0000000000
137113  52.301  31.335  29.558 0.0000000000
137130  51.788  31.134  27.645 0.0000000000
136257  52.184  31.085  28.194 0.0000000000
136272  52.453  30.741  27.602 0.0000000000
136282  53.075  29.865  26.776 0.0000000000
134588  52.764  28.360  25.942 0.0000000000
132124  49.608  26.732  26.047 0.0000000000
132108  49.262  26.625  27.162 0.0000000000
132111  47.509  25.339  27.504 0.0000000000
132099  46.015  25.262  28.541 0.0000000000
131296  44.655  24.957  28.923 0.0000000000
131286  44.169  23.995  29.629 0.0000000000
131275  44.661  23.763  30.265 0.0000000000
129765  45.184  22.813  30.809 0.0000000000
129757  45.573  22.715  31.262 0.0000000000
129014  45.720  21.547  31.013 0.0000000000
128237  47.367  20.512  32.006 0.0000000000
132066  49.131  26.033  31.306 0.0000000000
131259  48.448  25.194  31.726 0.0000000000
130498  47.786  23.854  32.682 0.0000000000
130493  48.169  23.878  33.273 0.0000000000
130494  47.691  23.197  33.072 0.0000000000
130495  47.401  22.829  32.846 0.0000000000
128983  47.393  21.464  32.984 0.0000000000
128224  47.929  20.384  32.901 0.0000000000
128962  50.624  20.150  34.046 0.0000000000
128950  51.066  20.059  34.776 0.0000000000
147238  53.179  43.043  20.981 0.0000000000
148065  51.968  44.357  22.263 0.0000000000
148063  52.831  43.483  21.725 0.0000000000
147237  53.218  42.833  21.165 0.0000000000
147228  53.963  43.139  21.569 0.0000000000
146442  54.251  42.890  22.281 0.0000000000
145672  54.350  42.197  22.577 0.0000000000
150358  50.704  48.754  26.195 0.0000000000
151107  51.204  48.624  25.037 0.0000000000
152561  51.370  50.989  29.525 0.0000000000
152579  51.466  51.355  28.718 0.0000000000
151059  52.713  48.745  27.500 0.0000000000
151106  51.826  48.853  25.211 0.0000000000
151124  51.924  48.071  24.674 0.0000000000
150401  52.199  47.600  24.426 0.0000000000
150399  53.132  46.884  24.493 0.0000000000
149641  53.167  46.131  23.965 0.0000000000
148008  53.287  45.427  24.744 0.0000000000
148022  53.477  45.569  24.195 0.0000000000
148033  53.323  45.033  23.756 0.0000000000
147197  53.578  43.375  23.326 0.0000000000
146434  53.995  42.710  22.931 0.0000000000
145662  54.552  41.193  23.972 0.0000000000
144181  55.528  40.250  24.976 0.0000000000
144177  55.000  40.243  25.835 0.0000000000
142727  55.019  39.187  25.857 0.0000000000
141980  55.086  37.922  27.880 0.0000000000
144891  55.073  41.153  28.199 0.0000000000
143460  55.879  39.358  28.782 0.0000000000
141958  54.832  37.157  30.796 0.0000000000
141961  55.303  38.033  29.669 0.0000000000
141970  55.486  38.252  29.086 0.0000000000
141971  55.231  38.021  28.817 0.0000000000
141963  54.115  37.630  29.738 0.0000000000
141258  52.693  36.620  30.377 0.0000000000
140520  51.216  35.042  27.284 0.0000000000
140519  51.891  34.705  27.470 0.0000000000
140532  51.031  34.890  26.466 0.0000000000
139736  50.417  34.352  25.621 0.0000000000
139752  50.040  33.743  25.185 0.0000000000
137182  46.903  30.720  23.981 0.0000000000
136322  45.674  29.884  23.710 0.0000000000
134631  45.615  28.198  23.223 0.0000000000
133792  44.042  27.584  23.505 0.0000000000
132999  42.003  25.967  22.949 0.0000000000
131351  41.315  24.518  22.384 0.0000000000
132983  44.896  26.283  23.639 0.0000000000
132175  43.369  25.674  23.291 0.0000000000
131341  42.609  24.122  23.397 0.0000000000
131349  42.722  25.103  23.011 0.0000000000
131358  41.468  24.091  22.404 0.0000000000
130580  41.056  23.864  22.372 0.0000000000
130572  40.768  23.274  22.488 0.0000000000
128368  41.844  19.656  22.141 0.0000000000
126595  41.862  18.773  22.308 0.0000000000
129796  44.050  22.332  27.781 0.0000000000
129078  44.422  21.935  27.069 0.0000000000
129087  45.690  20.958  25.804 0.0000000000
129088  44.610  21.389  25.951 0.0000000000
128331  45.348  20.283  24.410 0.0000000000
128345  45.644  19.903  23.731 0.0000000000
127458  51.771  19.265  25.072 0.0000000000
127468  51.411  18.869  24.705 0.0000000000
127470  49.472  18.737  24.615 0.0000000000
125713  50.573  17.805  24.317 0.0000000000
126580  49.662  18.212  24.203 0.0000000000
127480  49.052  18.554  24.286 0.0000000000
127482  47.503  19.117  23.526 0.0000000000
128354  46.898  19.306  23.297 0.0000000000
128355  45.920  19.425  23.014 0.0000000000
127503  45.713  19.050  22.489 0.0000000000
126605  45.161  18.763  22.073 0.0000000000
128144  54.263  18.802  38.590 0.0000000000
128143  54.859  18.788  38.941 0.0000000000
128129  55.205  18.846  39.627 0.0000000000
128142  55.535  18.795  38.907 0.0000000000
124715  52.961  17.508  26.033 0.0000000000
124731  52.111  17.581  25.497 0.0000000000
124744  51.865  17.741  25.042 0.0000000000
125662  54.225  18.038  28.319 0.0000000000
125663  53.858  17.784  27.866 0.0000000000
125674  53.642  17.816  27.282 0.0000000000
125681  53.211  17.729  26.031 0.0000000000
125689  53.244  17.972  25.877 0.0000000000
125690  52.936  17.869  25.621 0.0000000000
125691  52.273  17.901  25.173 0.0000000000
125698  51.659  17.841  24.784 0.0000000000
125699  51.070  17.676  24.555 0.0000000000
125700  50.620  17.491  24.374 0.0000000000
125723  42.023  18.519  22.725 0.0000000000
125724  41.832  18.660  22.651 0.0000000000
125731  44.558  18.471  22.143 0.0000000000
126513  54.857  18.328  33.119 0.0000000000
126529  54.694  18.629  31.533 0.0000000000
126535  54.775  18.570  30.023 0.0000000000
126541  54.703  18.384  29.369 0.0000000000
126542  54.626  18.493  28.788 0.0000000000
126548  54.195  18.439  28.078 0.0000000000
126549  53.892  18.558  27.670 0.0000000000
126554  53.833  18.237  27.611 0.0000000000
126555  53.531  18.382  26.987 0.0000000000
126562  53.278  18.428  25.883 0.0000000000
126563  53.089  18.579  25.402 0.0000000000
126570  52.844  18.307  25.202 0.0000000000
126572  51.277  18.431  24.538 0.0000000000
126578  51.349  17.982  24.561 0.0000000000
126579  50.747  18.140  24.388 0.0000000000
126588  50.099  17.948  23.895 0.0000000000
126593  42.831  18.634  22.323 0.0000000000
126594  42.238  18.644  22.273 0.0000000000
126596  41.682  18.746  22.822 0.0000000000
126607  43.396  18.869  22.128 0.0000000000
126609  42.072  18.770  21.988 0.0000000000
127332  56.034  19.023  40.331 0.0000000000
127333  55.201  19.158  40.425 0.0000000000
127351  56.232  18.780  39.615 0.0000000000
127396  55.394  18.611  34.292 0.0000000000
127398  54.892  18.690  33.435 0.0000000000
127409  54.688  19.138  31.286 0.0000000000
127416  54.817  18.831  31.196 0.0000000000
127417  54.894  18.968  30.758 0.0000000000
127422  54.981  19.148  29.959 0.0000000000
127423  54.820  19.018  29.103 0.0000000000
127428  54.361  18.939  28.325 0.0000000000
127429  53.966  19.118  27.991 0.0000000000
127436  53.733  19.175  27.422 0.0000000000
127445  52.820  19.166  26.062 0.0000000000
127446  52.447  19.262  25.889 0.0000000000
127455  53.246  18.756  25.931 0.0000000000
127457  52.298  19.215  25.372 0.0000000000
127466  52.946  18.656  25.201 0.0000000000
127467  52.499  18.771  24.959 0.0000000000
127469  50.174  19.017  24.912 0.0000000000
127479  50.358  18.477  24.506 0.0000000000
127481  48.074  19.073  23.943 0.0000000000
127483  41.295  19.384  23.429 0.0000000000
127493  46.388  19.127  22.900 0.0000000000
127494  45.908  19.178  22.735 0.0000000000
127495  41.762  19.007  22.161 0.0000000000
127505  43.787  19.257  22.155 0.0000000000
127508  41.790  19.290  22.228 0.0000000000
128128  55.722  18.850  39.683 0.0000000000
128151  55.747  19.100  38.255 0.0000000000
128152  55.207  19.082  38.160 0.0000000000
128163  54.236  19.171  37.198 0.0000000000
128183  55.078  19.213  37.000 0.0000000000
128184  54.137  20.019  35.301 0.0000000000
128185  53.938  20.041  35.168 0.0000000000
128200  55.602  19.032  35.349 0.0000000000
128201  55.215  19.223  35.631 0.0000000000
128202  54.297  20.141  35.088 0.0000000000
128203  54.063  20.184  35.070 0.0000000000
128207  55.323  19.108  34.507 0.0000000000
128213  54.920  19.134  33.713 0.0000000000
128214  54.927  19.590  33.992 0.0000000000
128231  54.588  19.060  32.221 0.0000000000
128234  49.509  20.448  30.918 0.0000000000
128235  48.904  20.202  31.356 0.0000000000
128246  54.638  19.262  30.804 0.0000000000
128247  54.130  19.609  30.803 0.0000000000
128249  49.388  20.562  30.472 0.0000000000
128250  48.888  20.457  30.450 0.0000000000
128258  54.797  19.124  30.299 0.0000000000
128261  50.809  20.383  29.017 0.0000000000
128262  50.529  20.420  28.947 0.0000000000
128264  48.102  20.398  30.202 0.0000000000
128273  54.542  19.236  28.890 0.0000000000
128275  53.366  19.711  28.301 0.0000000000
128276  50.930  20.338  28.743 0.0000000000
128277  50.689  20.373  28.785 0.0000000000
128287  53.108  19.628  27.665 0.0000000000
128289  51.679  19.788  27.298 0.0000000000
128298  53.478  19.056  27.116 0.0000000000
128299  53.171  19.234  26.881 0.0000000000
128305  47.586  20.395  25.862 0.0000000000
128311  52.230  19.321  25.783 0.0000000000
128317  46.781  20.599  25.119 0.0000000000
128318  40.316  20.485  24.927 0.0000000000
128325  51.489  19.229  25.022 0.0000000000
128326  50.852  19.151  25.034 0.0000000000
128332  44.693  20.365  24.276 0.0000000000
128341  49.097  18.805  24.578 0.0000000000
128342  48.567  19.006  24.359 0.0000000000
128347  43.851  20.625  23.291 0.0000000000
128353  47.290  19.190  23.420 0.0000000000
128356  44.849  19.781  22.968 0.0000000000
128363  45.668  19.241  22.660 0.0000000000
128365  44.258  19.635  22.387 0.0000000000
128912  54.760  19.223  36.820 0.0000000000
128914  53.942  19.310  36.351 0.0000000000
128915  53.358  19.403  36.164 0.0000000000
128923  55.022  19.205  36.299 0.0000000000
128929  51.435  19.819  35.321 0.0000000000
128944  55.034  19.179  35.944 0.0000000000
128946  54.267  20.173  34.876 0.0000000000
128948  52.953  20.085  34.619 0.0000000000
128958  54.560  20.194  34.509 0.0000000000
128959  54.231  20.452  34.305 0.0000000000
128967  54.853  19.948  34.272 0.0000000000
128968  54.465  20.325  33.908 0.0000000000
128970  51.598  20.371  33.335 0.0000000000
128973  47.752  21.869  33.579 0.0000000000
128977  54.167  20.146  33.321 0.0000000000
128984  46.817  21.805  32.470 0.0000000000
128988  54.278  19.759  32.911 0.0000000000
128989  54.003  19.815  32.392 0.0000000000
128990  53.508  19.940  32.156 0.0000000000
128996  46.205  21.708  31.883 0.0000000000
128997  45.705  22.123  31.408 0.0000000000
129011  49.826  20.585  30.300 0.0000000000
129015  45.352  22.218  30.876 0.0000000000
129024  52.875  19.975  29.762 0.0000000000
129027  50.283  20.527  29.368 0.0000000000
129041  53.206  19.815  28.809 0.0000000000
129050  44.432  22.045  28.756 0.0000000000
129057  52.649  19.927  28.094 0.0000000000
129071  51.382  19.798  27.281 0.0000000000
129085  47.292  20.479  25.780 0.0000000000
129086  46.718  20.644  25.596 0.0000000000
129096  45.969  20.700  25.027 0.0000000000
129721  53.574  20.444  34.280 0.0000000000
129730  53.932  20.553  34.049 0.0000000000
129731  53.494  20.455  33.857 0.0000000000
129732  52.981  20.328  33.678 0.0000000000
129734  47.993  22.740  34.069 0.0000000000
129736  54.093  20.431  33.736 0.0000000000
129737  53.754  20.367  33.576 0.0000000000
129739  52.857  20.191  33.086 0.0000000000
129745  53.520  20.104  33.006 0.0000000000
129746  53.103  20.085  32.719 0.0000000000
129749  46.527  22.459  32.285 0.0000000000
129753  53.121  20.041  32.358 0.0000000000
129754  52.953  20.215  32.008 0.0000000000
129755  52.941  20.160  31.971 0.0000000000
129766  44.794  22.955  30.454 0.0000000000
129773  44.906  22.419  30.401 0.0000000000
129781  44.718  22.162  29.824 0.0000000000
129788  44.096  22.363  28.457 0.0000000000
129789  43.635  22.794  28.098 0.0000000000
129797  43.511  22.581  27.174 0.0000000000
129798  43.069  22.765  26.587 0.0000000000
129806  43.388  22.350  26.370 0.0000000000
129807  42.916  22.637  25.963 0.0000000000
130490  48.336  23.776  33.833 0.0000000000
130497  48.117  24.281  32.707 0.0000000000
130502  46.628  23.760  31.714 0.0000000000
130503  45.980  23.439  31.428 0.0000000000
130504  45.462  23.113  31.058 0.0000000000
130514  45.111  23.454  30.713 0.0000000000
130515  44.519  23.356  30.141 0.0000000000
130523  44.106  23.162  29.613 0.0000000000
130531  43.794  23.014  29.157 0.0000000000
130532  43.501  23.363  28.694 0.0000000000
130547  42.966  23.108  27.000 0.0000000000
130555  42.622  23.223  25.559 0.0000000000
131240  47.882  24.517  34.398 0.0000000000
131253  48.414  24.517  33.648 0.0000000000
131256  47.847  24.378  32.214 0.0000000000
131257  47.469  23.952  32.228 0.0000000000
131285  45.084  24.733  29.544 0.0000000000
131287  43.667  23.802  29.070 0.0000000000
131293  47.948  24.978  28.380 0.0000000000
131295  46.809  25.013  28.683 0.0000000000
131297  44.207  24.678  28.968 0.0000000000
131305  47.469  25.004  28.046 0.0000000000
131307  42.886  24.365  27.148 0.0000000000
131308  42.708  23.815  26.686 0.0000000000
131332  39.152  24.845  23.977 0.0000000000
131334  38.795  24.551  25.231 0.0000000000
131359  41.111  24.153  22.372 0.0000000000
132053  48.136  25.180  33.933 0.0000000000
132065  49.293  26.385  31.132 0.0000000000
132067  48.742  25.576  31.618 0.0000000000
132068  48.480  25.275  31.409 0.0000000000
132076  49.248  26.363  30.522 0.0000000000
132086  49.244  26.410  30.174 0.0000000000
132089  48.418  25.397  29.917 0.0000000000
132090  45.718  25.128  28.968 0.0000000000
132100  45.128  25.227  28.645 0.0000000000
132110  48.207  25.445  27.759 0.0000000000
132125  48.938  26.503  26.460 0.0000000000
132137  49.954  26.481  25.201 0.0000000000
132142  46.455  26.035  26.157 0.0000000000
132152  48.613  26.296  24.907 0.0000000000
132154  47.423  26.266  25.338 0.0000000000
132157  43.767  25.367  24.520 0.0000000000
132166  44.424  25.991  23.659 0.0000000000
132178  40.822  25.040  22.541 0.0000000000
132890  48.823  26.088  32.779 0.0000000000
132892  47.720  26.545  33.400 0.0000000000
132895  49.620  26.890  32.026 0.0000000000
132900  49.258  26.514  31.698 0.0000000000
132907  49.439  26.758  30.990 0.0000000000
132938  45.600  26.030  25.948 0.0000000000
132939  45.343  26.005  26.129 0.0000000000
132959  53.234  27.728  24.505 0.0000000000
132961  51.870  27.069  24.479 0.0000000000
132975  52.524  27.645  23.941 0.0000000000
132976  52.041  27.425  23.944 0.0000000000
132993  47.037  27.292  23.178 0.0000000000
132996  44.686  26.500  23.404 0.0000000000
133696  48.704  26.455  32.628 0.0000000000
133704  49.669  27.087  31.894 0.0000000000
133709  49.562  27.133  31.487 0.0000000000
133717  49.461  27.006  30.871 0.0000000000
133718  49.344  27.134  30.596 0.0000000000
133723  49.352  26.920  30.371 0.0000000000
133724  49.433  26.992  29.710 0.0000000000
133725  49.581  27.276  29.163 0.0000000000
133732  49.665  27.433  28.467 0.0000000000
133738  49.664  27.594  27.614 0.0000000000
133739  39.460  28.068  27.029 0.0000000000
133749  53.661  28.440  25.483 0.0000000000
133760  54.070  28.656  25.168 0.0000000000
133761  53.670  28.300  25.252 0.0000000000
133762  53.176  27.735  25.318 0.0000000000
133771  53.978  28.517  24.781 0.0000000000
133774  42.561  27.922  24.386 0.0000000000
133782  53.315  28.181  24.125 0.0000000000
133783  52.884  27.953  23.898 0.0000000000
133785  51.387  27.773  23.540 0.0000000000
133789  47.220  27.796  22.988 0.0000000000
133790  45.475  27.842  23.135 0.0000000000
134527  49.202  27.101  31.618 0.0000000000
134535  49.710  27.063  31.304 0.0000000000
134536  49.339  27.303  31.047 0.0000000000
134545  49.177  27.278  30.098 0.0000000000
134554  49.264  27.675  29.270 0.0000000000
134555  48.497  28.095  29.471 0.0000000000
134584  54.641  29.339  26.098 0.0000000000
134585  54.472  29.146  25.894 0.0000000000
134589  50.226  28.067  26.258 0.0000000000
134596  54.592  29.322  25.925 0.0000000000
134598  54.047  28.835  25.367 0.0000000000
134599  51.903  28.199  25.794 0.0000000000
134610  53.540  28.703  24.225 0.0000000000
134612  43.838  28.798  24.243 0.0000000000
134615  41.044  28.169  25.107 0.0000000000
134625  51.642  28.494  23.427 0.0000000000
134629  47.547  28.309  23.190 0.0000000000
134633  43.533  28.137  24.077 0.0000000000
134644  46.068  27.883  22.967 0.0000000000
135361  53.875  30.961  30.403 0.0000000000
135374  54.669  30.606  30.042 0.0000000000
135375  54.318  30.601  30.076 0.0000000000
135376  53.959  30.648  30.147 0.0000000000
135389  54.687  30.613  29.827 0.0000000000
135391  54.118  30.531  29.695 0.0000000000
135402  54.303  30.560  29.312 0.0000000000
135403  54.215  30.536  29.463 0.0000000000
135404  47.458  29.042  28.175 0.0000000000
135414  54.746  30.195  26.893 0.0000000000
135416  53.739  29.973  26.853 0.0000000000
135418  48.287  29.135  27.241 0.0000000000
135420  47.203  29.498  28.048 0.0000000000
135431  53.866  29.338  26.298 0.0000000000
135432  53.151  29.294  26.407 0.0000000000
135437  48.092  29.586  27.065 0.0000000000
135445  54.222  29.543  25.057 0.0000000000
135447  51.128  28.865  25.699 0.0000000000
135450  40.916  29.359  25.889 0.0000000000
135460  42.918  29.369  24.860 0.0000000000
135465  52.726  29.361  23.645 0.0000000000
135473  45.272  29.107  23.630 0.0000000000
136212  54.799  31.120  30.862 0.0000000000
136213  54.329  31.221  30.815 0.0000000000
136214  53.708  31.391  30.876 0.0000000000
136225  54.982  30.844  30.385 0.0000000000
136226  54.532  30.845  30.420 0.0000000000
136227  53.566  30.947  30.301 0.0000000000
136228  53.075  31.307  30.600 0.0000000000
136238  55.476  31.428  29.506 0.0000000000
136240  54.648  30.637  29.579 0.0000000000
136242  52.979  31.054  29.914 0.0000000000
136252  55.494  31.542  29.054 0.0000000000
136253  55.187  31.140  28.748 0.0000000000
136285  49.811  30.219  26.420 0.0000000000
136286  48.814  30.256  26.685 0.0000000000
136294  55.044  30.369  25.946 0.0000000000
136296  51.963  29.218  26.073 0.0000000000
136301  41.122  30.694  26.023 0.0000000000
136307  53.487  30.193  24.119 0.0000000000
137060  55.639  32.143  31.942 0.0000000000
137061  55.397  32.116  31.938 0.0000000000
137062  54.758  31.983  31.804 0.0000000000
137063  54.030  32.137  31.706 0.0000000000
137069  55.652  32.048  31.707 0.0000000000
137072  53.621  31.901  31.366 0.0000000000
137073  53.040  31.938  31.274 0.0000000000
137074  52.099  32.262  31.364 0.0000000000
137075  51.246  32.358  31.133 0.0000000000
137076  50.584  32.542  30.947 0.0000000000
137084  55.255  31.241  30.805 0.0000000000
137085  52.598  31.706  30.933 0.0000000000
137111  55.660  32.053  29.210 0.0000000000
137112  55.476  31.610  28.839 0.0000000000
137117  48.356  32.283  28.261 0.0000000000
137134  47.470  31.358  27.503 0.0000000000
137144  51.445  30.915  26.793 0.0000000000
137147  48.092  30.990  26.844 0.0000000000
137153  55.100  31.217  26.445 0.0000000000
137165  52.909  31.684  24.107 0.0000000000
137166  46.562  31.484  24.249 0.0000000000
137175  53.205  30.720  23.874 0.0000000000
137886  55.191  33.059  32.749 0.0000000000
137888  54.121  33.064  32.750 0.0000000000
137889  53.304  33.176  32.583 0.0000000000
137899  55.676  32.432  32.082 0.0000000000
137900  55.280  32.752  32.492 0.0000000000
137901  54.487  32.563  32.360 0.0000000000
137903  52.939  32.826  32.051 0.0000000000
137911  55.956  32.553  31.666 0.0000000000
137925  48.484  33.220  30.338 0.0000000000
137938  48.881  32.894  29.845 0.0000000000
137956  47.193  32.354  28.557 0.0000000000
137966  55.554  32.493  29.022 0.0000000000
137967  55.353  32.492  28.655 0.0000000000
137977  55.089  32.174  27.735 0.0000000000
137978  54.814  32.234  27.148 0.0000000000
137987  53.863  32.071  26.128 0.0000000000
137996  54.192  31.573  25.843 0.0000000000
138002  49.559  32.460  24.335 0.0000000000
138013  52.495  31.921  24.118 0.0000000000
138766  55.631  33.679  32.671 0.0000000000
138767  55.348  33.429  32.812 0.0000000000
138769  53.687  33.681  33.077 0.0000000000
138770  52.811  33.806  32.802 0.0000000000
138773  49.938  34.134  32.476 0.0000000000
138784  55.752  33.294  32.401 0.0000000000
138786  51.171  33.589  32.080 0.0000000000
138789  48.715  33.813  31.781 0.0000000000
138804  56.058  33.368  31.604 0.0000000000
138821  55.648  33.407  30.086 0.0000000000
138828  55.498  33.121  29.492 0.0000000000
138830  54.885  33.299  28.624 0.0000000000
138839  55.053  32.839  28.256 0.0000000000
138841  53.941  33.238  27.584 0.0000000000
138851  54.322  32.630  27.191 0.0000000000
138863  51.924  33.471  25.544 0.0000000000
138876  52.320  32.879  25.165 0.0000000000
138892  48.043  32.478  24.140 0.0000000000
139636  54.123  34.372  33.438 0.0000000000
139672  55.923  34.115  31.581 0.0000000000
139681  55.503  34.246  31.131 0.0000000000
139682  55.157  34.298  30.666 0.0000000000
139690  55.138  33.980  29.844 0.0000000000
139691  54.629  34.049  29.501 0.0000000000
139693  53.193  34.431  29.309 0.0000000000
139700  53.633  33.975  28.604 0.0000000000
139722  52.387  34.037  26.526 0.0000000000
139724  50.954  34.657  26.017 0.0000000000
139737  49.611  34.319  25.443 0.0000000000
140443  52.164  36.070  33.703 0.0000000000
140444  51.143  36.107  33.692 0.0000000000
140456  55.280  35.654  32.656 0.0000000000
140458  54.507  35.209  33.545 0.0000000000
140474  55.333  35.455  32.212 0.0000000000
140475  55.572  35.068  32.309 0.0000000000
140481  55.414  35.229  31.965 0.0000000000
140487  55.189  35.175  31.687 0.0000000000
140492  52.819  35.865  30.479 0.0000000000
141209  54.448  36.780  33.459 0.0000000000
141211  52.665  36.813  33.814 0.0000000000
141229  49.138  36.329  33.680 0.0000000000
141243  55.121  36.139  32.065 0.0000000000
141250  54.349  36.074  30.859 0.0000000000
141252  53.259  36.232  30.523 0.0000000000
141256  54.256  37.003  30.541 0.0000000000
141259  51.699  36.575  30.064 0.0000000000
141266  51.018  36.296  29.639 0.0000000000
141920  54.600  37.453  33.114 0.0000000000
141922  53.133  37.542  33.587 0.0000000000
141934  55.183  37.368  32.450 0.0000000000
141935  54.872  37.384  32.852 0.0000000000
141946  55.583  37.489  31.930 0.0000000000
141951  55.222  36.897  31.684 0.0000000000
141956  55.031  36.692  31.523 0.0000000000
141981  54.480  37.814  27.630 0.0000000000
142026  55.413  38.825  23.872 0.0000000000
142028  54.596  38.685  24.377 0.0000000000
142030  53.674  38.619  24.195 0.0000000000
142653  54.581  38.054  32.924 0.0000000000
142654  54.262  38.195  33.018 0.0000000000
142655  53.553  38.312  33.190 0.0000000000
142657  51.963  38.046  33.432 0.0000000000
142665  55.243  38.287  32.440 0.0000000000
142667  54.598  38.480  32.811 0.0000000000
142668  53.446  38.812  32.980 0.0000000000
142681  51.654  39.310  32.434 0.0000000000
142719  51.973  38.612  27.368 0.0000000000
142738  55.447  39.427  24.342 0.0000000000
142739  55.077  39.064  25.045 0.0000000000
142756  55.263  38.878  24.296 0.0000000000
143403  53.746  38.783  32.883 0.0000000000
143416  54.907  39.030  32.657 0.0000000000
143419  52.683  39.542  32.696 0.0000000000
143426  55.165  39.685  32.401 0.0000000000
143428  50.714  39.473  31.818 0.0000000000
143434  55.873  39.150  31.761 0.0000000000
143435  51.034  40.029  31.534 0.0000000000
143480  55.735  40.085  24.521 0.0000000000
143481  55.324  39.686  25.097 0.0000000000
144124  53.188  40.161  32.382 0.0000000000
144126  52.083  40.361  31.940 0.0000000000
144137  55.557  39.823  32.027 0.0000000000
144138  55.256  40.381  32.196 0.0000000000
144139  51.555  40.475  31.557 0.0000000000
144148  55.955  40.208  31.382 0.0000000000
144151  50.050  40.487  31.175 0.0000000000
144174  55.073  40.620  27.525 0.0000000000
144185  55.643  40.061  24.448 0.0000000000
144823  54.637  40.542  32.316 0.0000000000
144824  54.314  40.591  32.213 0.0000000000
144827  52.488  40.726  31.810 0.0000000000
144839  53.481  41.280  31.682 0.0000000000
144840  52.594  41.043  31.612 0.0000000000
144841  52.115  40.955  31.554 0.0000000000
144854  55.865  40.745  31.288 0.0000000000
144855  55.529  41.121  31.560 0.0000000000
144858  49.667  40.958  30.739 0.0000000000
144872  55.611  41.587  30.392 0.0000000000
144890  55.839  40.949  28.885 0.0000000000
144894  54.792  40.629  26.891 0.0000000000
144899  54.467  41.169  26.220 0.0000000000
144911  54.523  41.244  23.311 0.0000000000
145582  52.815  41.147  31.591 0.0000000000
145589  53.665  41.751  31.649 0.0000000000
145600  53.161  41.999  31.220 0.0000000000
145601  52.534  41.740  31.008 0.0000000000
145602  51.465  41.527  30.495 0.0000000000
145604  49.512  41.344  30.429 0.0000000000
145615  53.996  42.276  30.137 0.0000000000
145618  49.117  41.790  30.037 0.0000000000
145634  50.670  42.803  28.831 0.0000000000
145635  50.222  42.666  28.965 0.0000000000
145636  49.348  42.542  29.127 0.0000000000
145652  53.556  41.604  27.445 0.0000000000
145659  53.273  42.416  24.714 0.0000000000
145664  53.463  42.180  24.476 0.0000000000
145667  54.545  41.222  23.557 0.0000000000
145699  52.474  41.761  20.794 0.0000000000
146359  53.524  42.390  30.849 0.0000000000
146360  53.246  42.247  30.809 0.0000000000
146362  52.125  41.867  30.356 0.0000000000
146368  52.088  41.965  29.686 0.0000000000
146384  50.927  43.003  28.450 0.0000000000
146385  50.410  43.216  28.470 0.0000000000
146401  52.526  42.081  28.187 0.0000000000
146404  50.181  43.912  28.327 0.0000000000
146405  49.757  44.179  28.460 0.0000000000
146421  52.897  43.766  24.575 0.0000000000
146425  53.516  42.387  23.842 0.0000000000
146427  53.133  43.922  24.241 0.0000000000
146432  53.375  43.328  23.740 0.0000000000
146455  52.313  42.785  21.452 0.0000000000
147157  50.499  44.364  28.357 0.0000000000
147159  49.718  44.529  28.574 0.0000000000
147173  52.598  44.213  25.899 0.0000000000
147189  53.228  43.771  24.012 0.0000000000
147190  53.266  44.549  24.135 0.0000000000
147199  53.315  44.932  24.016 0.0000000000
147209  49.017  44.121  23.183 0.0000000000
147218  53.797  43.390  22.444 0.0000000000
147220  51.019  43.799  22.767 0.0000000000
147227  54.096  43.175  21.844 0.0000000000
147229  52.966  43.205  21.191 0.0000000000
147230  52.743  43.293  21.313 0.0000000000
147235  54.179  43.002  21.295 0.0000000000
147236  53.801  42.959  21.139 0.0000000000
147959  50.128  45.518  28.883 0.0000000000
147963  46.704  44.918  29.967 0.0000000000
147971  50.679  44.727  28.414 0.0000000000
147973  49.823  44.932  28.667 0.0000000000
147980  52.847  46.006  26.781 0.0000000000
148009  53.254  44.938  24.382 0.0000000000
148023  53.376  45.182  24.222 0.0000000000
148032  53.410  44.102  23.319 0.0000000000
148034  53.430  45.281  24.011 0.0000000000
148044  53.338  44.610  23.341 0.0000000000
148045  50.689  45.072  23.421 0.0000000000
148054  53.041  44.019  21.996 0.0000000000
148055  52.013  44.766  22.368 0.0000000000
148061  54.061  43.201  21.782 0.0000000000
148064  52.193  44.009  22.129 0.0000000000
148073  53.421  43.032  21.333 0.0000000000
148074  53.212  43.133  21.452 0.0000000000
148763  47.350  47.197  30.914 0.0000000000
148776  51.529  47.101  29.216 0.0000000000
148792  51.615  46.682  28.926 0.0000000000
148793  51.067  46.274  29.067 0.0000000000
148794  50.422  46.138  29.296 0.0000000000
148802  52.237  45.602  27.493 0.0000000000
148812  52.408  45.693  27.332 0.0000000000
148825  53.095  46.381  26.590 0.0000000000
148844  53.605  46.249  24.610 0.0000000000
148853  53.485  45.912  24.025 0.0000000000
148860  53.308  44.563  22.901 0.0000000000
148861  53.231  45.119  23.360 0.0000000000
148863  50.927  45.894  23.219 0.0000000000
148875  53.327  44.256  22.701 0.0000000000
148879  51.750  45.434  22.585 0.0000000000
148890  52.821  44.027  22.021 0.0000000000
148891  52.852  44.194  22.178 0.0000000000
149531  49.690  48.552  30.664 0.0000000000
149534  47.580  47.593  31.145 0.0000000000
149545  51.960  47.749  29.397 0.0000000000
149550  48.253  47.364  30.726 0.0000000000
149560  51.809  47.142  29.110 0.0000000000
149567  52.519  47.288  27.986 0.0000000000
149579  53.328  47.522  26.860 0.0000000000
149596  53.354  47.276  26.554 0.0000000000
149619  50.766  47.741  24.934 0.0000000000
149629  51.423  47.261  23.776 0.0000000000
149631  50.447  46.544  24.224 0.0000000000
149643  52.383  46.379  23.562 0.0000000000
149659  52.686  45.708  23.065 0.0000000000
149661  51.808  45.960  22.810 0.0000000000
150269  48.897  49.408  31.516 0.0000000000
150270  48.257  49.189  31.947 0.0000000000
150271  47.528  48.869  32.134 0.0000000000
150284  50.930  49.022  30.093 0.0000000000
150286  49.939  48.885  30.599 0.0000000000
150287  49.382  48.913  31.001 0.0000000000
150298  52.203  47.967  29.353 0.0000000000
150312  52.285  48.401  29.436 0.0000000000
150338  53.096  48.178  27.041 0.0000000000
150356  53.558  48.057  26.193 0.0000000000
150357  53.353  48.174  26.599 0.0000000000
150367  53.713  47.971  25.468 0.0000000000
150368  50.834  48.312  25.397 0.0000000000
150369  50.621  48.268  25.915 0.0000000000
150382  53.248  48.202  24.851 0.0000000000
150383  51.458  48.151  24.676 0.0000000000
150400  52.855  47.601  24.663 0.0000000000
150403  51.234  47.857  24.252 0.0000000000
150417  52.940  46.471  24.091 0.0000000000
150418  52.728  46.718  24.159 0.0000000000
150420  51.959  47.253  23.986 0.0000000000
150995  48.238  50.240  33.005 0.0000000000
151007  49.814  49.859  30.934 0.0000000000
151011  47.069  49.175  32.589 0.0000000000
151019  50.901  49.312  30.269 0.0000000000
151020  50.532  49.633  30.561 0.0000000000
151021  50.041  49.409  30.676 0.0000000000
151030  51.120  49.948  30.460 0.0000000000
151038  52.608  48.751  29.007 0.0000000000
151048  52.368  49.638  28.741 0.0000000000
151071  53.493  48.392  26.105 0.0000000000
151087  53.366  48.812  25.723 0.0000000000
151104  53.385  48.825  24.967 0.0000000000
151122  53.001  48.394  24.811 0.0000000000
151123  52.467  48.246  24.819 0.0000000000
151693  47.773  50.982  33.606 0.0000000000
151710  48.189  50.523  33.201 0.0000000000
151711  47.460  50.562  33.450 0.0000000000
151712  46.528  50.586  33.634 0.0000000000
151727  50.039  50.111  30.874 0.0000000000
151729  48.633  50.446  32.224 0.0000000000
151730  48.434  50.463  32.807 0.0000000000
151744  49.901  50.441  30.973 0.0000000000
151771  51.601  50.470  29.776 0.0000000000
151788  52.365  49.443  28.020 0.0000000000
151858  51.990  49.035  25.766 0.0000000000
152468  45.909  51.322  34.259 0.0000000000
152487  47.225  51.527  33.665 0.0000000000
152516  49.093  50.793  31.484 0.0000000000
152531  50.297  50.907  30.752 0.0000000000
152546  50.681  50.950  30.335 0.0000000000
152560  51.811  50.785  29.238 0.0000000000
152562  46.584  50.781  30.471 0.0000000000
152563  46.059  50.717  30.507 0.0000000000
152578  51.878  50.849  28.888 0.0000000000
152583  45.836  50.069  30.247 0.0000000000
152584  44.938  49.969  29.929 0.0000000000
152594  51.813  50.736  28.175 0.0000000000
152598  48.910  50.770  28.832 0.0000000000
153210  45.945  51.888  33.976 0.0000000000
153258  48.961  51.104  31.540 0.0000000000
153259  48.468  51.328  32.059 0.0000000000
153275  49.216  51.452  31.033 0.0000000000
153292  49.614  51.535  30.363 0.0000000000
153293  46.013  51.563  30.996 0.0000000000
153309  50.812  51.619  29.269 0.0000000000
153310  49.929  51.552  29.736 0.0000000000
153311  47.929  51.891  29.976 0.0000000000
153312  47.376  51.530  30.400 0.0000000000
153313  46.607  51.139  30.602 0.0000000000
153330  48.666  51.404  29.446 0.0000000000
153344  48.991  51.173  29.029 0.0000000000
153947  47.965  51.592  32.535 0.0000000000
153957  48.925  51.690  31.064 0.0000000000
153958  48.505  51.714  31.474 0.0000000000
153969  48.598  52.140  30.842 0.0000000000
153970  48.074  52.400  30.876 0.0000000000
153981  48.131  52.273  30.295 0.0000000000
153986  49.353  51.687  29.780 0.0000000000
153988  48.379  52.011  29.824 0.0000000000
154586  47.300  52.162  32.182 0.0000000000
