#!ascii label  , from subject 3430 vox2ras=TkReg
658
73732  23.804  -27.993  -1.215 0.1428571492
72548  22.576  -28.872  -1.192 0.1428571492
73757  22.791  -26.866  -2.427 0.1428571492
72546  24.476  -28.580  -0.637 0.1428571492
73743  24.021  -27.307  -1.608 0.2857142985
72557  22.694  -28.267  -1.564 0.1428571492
73731  24.909  -27.541  -1.073 0.1428571492
76004  23.943  -25.964  -3.089 0.5714285970
74912  25.332  -26.507  -1.678 0.1428571492
75990  26.182  -25.825  -1.930 0.2857142985
76000  27.455  -25.064  -2.219 0.1428571492
76001  26.554  -25.387  -2.537 0.2857142985
78335  28.026  -23.107  -4.211 0.2857142985
78322  27.804  -23.525  -3.875 0.1428571492
77206  27.256  -24.120  -3.764 0.2857142985
80774  28.325  -21.655  -5.641 0.2857142985
79496  28.704  -21.950  -4.739 0.2857142985
82071  29.270  -20.435  -6.704 0.2857142985
80773  28.752  -20.921  -6.143 0.2857142985
83352  30.323  -20.016  -8.016 0.2857142985
86203  30.920  -17.876  -9.712 0.8571428657
84845  30.755  -19.117  -8.601 0.4285714328
83342  30.042  -19.547  -7.202 0.2857142985
87583  31.199  -16.388  -10.716 0.7142857313
86216  31.682  -16.907  -10.265 0.7142857313
86202  31.450  -17.518  -9.504 0.7142857313
84858  30.444  -18.494  -9.654 0.7142857313
88858  32.414  -14.816  -11.465 0.8571428657
88845  31.640  -15.684  -11.129 0.5714285970
86217  30.780  -17.397  -10.203 0.7142857313
91115  33.059  -13.714  -12.752 0.4285714328
90017  32.289  -14.403  -12.029 0.7142857313
88860  31.434  -15.197  -11.310 0.8571428657
93485  32.653  -12.002  -13.153 0.2857142985
93470  32.261  -11.799  -13.006 0.5714285970
91116  32.227  -13.665  -12.716 0.8571428657
92291  32.059  -13.112  -12.962 0.7142857313
91104  31.568  -13.896  -12.167 0.8571428657
94621  32.740  -10.934  -13.465 0.1428571492
94620  33.324  -11.163  -13.288 0.1428571492
94600  32.282  -11.345  -12.847 0.4285714328
93486  32.107  -12.645  -12.994 0.5714285970
92272  31.372  -12.983  -12.586 0.8571428657
95799  32.601  -9.846  -13.759 0.1428571492
94636  32.631  -10.604  -14.383 0.1428571492
93472  31.107  -11.950  -11.918 0.8571428657
96977  33.706  -8.336  -13.794 0.1428571492
96978  32.830  -8.959  -14.249 0.1428571492
96970  32.993  -8.765  -13.060 0.1428571492
95783  32.229  -10.039  -12.593 0.4285714328
94601  31.789  -11.125  -12.009 0.5714285970
93473  30.066  -11.879  -11.470 0.8571428657
96969  33.533  -8.209  -13.160 0.1428571492
98022  33.570  -7.711  -12.627 0.1428571492
96958  32.524  -8.732  -12.032 0.5714285970
95784  31.505  -10.180  -11.625 0.8571428657
94602  30.700  -10.872  -11.246 0.8571428657
98021  33.946  -7.321  -12.818 0.1428571492
99108  33.638  -7.191  -12.119 0.2857142985
98023  33.076  -8.284  -12.339 0.1428571492
97987  32.514  -7.814  -11.177 0.8571428657
96959  31.902  -9.408  -11.724 0.8571428657
95763  31.342  -9.504  -11.157 0.8571428657
100171  33.511  -5.686  -11.123 0.1428571492
101331  34.022  -5.165  -11.958 0.1428571492
99073  33.183  -6.784  -10.966 0.4285714328
99075  31.513  -6.767  -10.111 0.8571428657
97988  31.791  -7.818  -10.611 0.8571428657
96936  31.122  -8.785  -10.616 0.8571428657
96937  30.187  -8.949  -10.154 0.8571428657
100145  33.185  -6.447  -10.837 0.4285714328
99076  30.785  -7.090  -10.071 0.8571428657
97989  30.705  -7.804  -10.207 0.8571428657
101332  33.235  -4.714  -11.668 0.1428571492
101333  32.264  -4.371  -11.536 0.2857142985
100172  32.767  -5.032  -10.994 0.5714285970
100147  31.661  -5.577  -9.861 0.8571428657
100146  32.573  -5.875  -10.423 0.8571428657
99053  31.220  -6.243  -9.744 0.8571428657
99054  30.575  -6.609  -9.805 0.8571428657
97968  30.444  -7.256  -10.046 0.8571428657
101334  31.547  -4.292  -11.085 0.7142857313
101308  32.011  -4.887  -10.658 0.5714285970
101309  31.237  -4.450  -10.227 0.8571428657
100126  30.480  -5.672  -9.337 0.8571428657
100127  29.897  -5.293  -9.006 0.8571428657
101310  30.873  -3.913  -9.912 0.8571428657
101290  30.059  -4.803  -8.830 0.8571428657
102520  29.500  -2.959  -9.109 0.7142857313
101277  29.696  -4.412  -8.685 0.7142857313
102541  30.916  -3.473  -10.621 0.8571428657
102529  30.635  -3.289  -9.776 0.8571428657
101276  30.270  -4.022  -8.810 0.8571428657
103732  29.954  -2.529  -9.311 0.8571428657
103743  29.850  -2.243  -9.437 0.8571428657
104988  31.075  -1.466  -11.174 0.7142857313
104972  30.682  -1.336  -10.501 0.8571428657
104971  31.003  -0.855  -10.615 0.8571428657
106162  30.334  -0.720  -10.357 0.8571428657
108644  30.151  0.796  -11.038 0.7142857313
102519  30.120  -3.253  -9.073 0.8571428657
104955  30.147  -1.479  -10.095 0.8571428657
106219  29.163  -1.099  -13.743 0.1428571492
107411  31.008  -0.235  -10.738 0.8571428657
107412  30.810  0.249  -11.322 0.7142857313
107413  30.282  0.554  -11.786 0.7142857313
107394  30.462  0.045  -10.646 0.8571428657
106220  28.594  -0.737  -14.397 0.1428571492
107421  29.824  0.295  -12.394 0.5714285970
107425  29.191  0.190  -13.218 0.5714285970
109933  28.719  1.785  -12.883 0.5714285970
107426  28.628  0.183  -13.847 0.1428571492
106240  27.758  -0.057  -16.216 0.1428571492
108669  28.593  1.644  -13.176 0.5714285970
108684  27.302  0.909  -15.862 0.1428571492
108700  26.441  1.155  -16.695 0.1428571492
108673  28.348  1.242  -13.843 0.1428571492
108701  26.327  1.728  -16.992 0.1428571492
108685  26.714  1.259  -16.115 0.1428571492
108686  26.494  2.328  -16.073 0.1428571492
109990  26.160  2.645  -18.030 0.1428571492
109978  26.262  2.795  -16.971 0.1428571492
72547  23.482  -28.797  -0.873 0.1428571492
71442  23.019  -29.610  -0.636 0.1428571492
74913  24.224  -26.736  -1.892 0.2857142985
74899  25.613  -27.110  -1.063 0.1428571492
74911  26.610  -26.254  -1.411 0.2857142985
74925  25.062  -26.161  -2.428 0.2857142985
77205  27.931  -23.789  -3.422 0.2857142985
82084  29.603  -20.498  -7.705 0.2857142985
80799  28.918  -20.681  -7.634 0.2857142985
84844  31.043  -18.192  -8.944 0.4285714328
83365  30.093  -19.830  -9.067 0.5714285970
90016  33.018  -14.519  -11.479 0.2857142985
84872  30.194  -17.841  -10.183 0.7142857313
92289  33.231  -12.774  -12.735 0.1428571492
91105  30.677  -13.689  -11.589 0.8571428657
93471  31.886  -11.978  -12.765 0.7142857313
98031  33.800  -7.948  -13.226 0.1428571492
96934  32.520  -8.242  -11.542 0.8571428657
96935  31.979  -8.622  -11.232 0.8571428657
95764  30.587  -9.967  -10.637 0.8571428657
97990  30.060  -8.219  -10.104 0.8571428657
102540  31.120  -3.898  -11.038 0.8571428657
103754  30.738  -2.438  -10.545 0.8571428657
106179  31.234  -0.545  -11.092 0.8571428657
107420  30.638  0.167  -12.051 0.7142857313
107445  27.736  0.444  -15.708 0.1428571492
108726  27.335  1.615  -17.903 0.1428571492
71443  22.040  -29.618  -0.699 0.1428571492
74926  24.453  -26.285  -2.394 0.4285714328
76017  26.045  -25.329  -3.098 0.2857142985
76003  24.845  -25.983  -3.022 0.4285714328
77193  27.085  -24.914  -3.062 0.1428571492
79478  29.015  -22.253  -4.034 0.2857142985
79497  28.074  -22.546  -4.975 0.2857142985
79498  27.418  -23.108  -5.176 0.2857142985
80762  28.559  -21.826  -5.058 0.2857142985
83381  29.821  -19.145  -9.511 0.7142857313
95830  32.483  -9.856  -15.480 0.1428571492
96988  34.174  -8.203  -14.585 0.1428571492
99107  33.979  -6.818  -12.444 0.1428571492
100170  33.975  -6.143  -11.841 0.2857142985
100183  34.343  -5.779  -12.590 0.1428571492
99074  32.730  -7.014  -10.731 0.8571428657
94581  30.377  -10.550  -10.806 0.8571428657
94582  29.854  -10.824  -10.598 1.0000000000
101350  33.552  -4.525  -12.528 0.1428571492
101351  32.792  -4.155  -12.404 0.1428571492
102556  31.518  -3.556  -11.661 0.2857142985
100110  28.678  -5.158  -8.659 0.8571428657
102557  31.079  -3.434  -11.248 0.5714285970
103776  30.824  -2.508  -12.501 0.5714285970
104996  30.718  -1.680  -12.058 0.5714285970
106187  30.973  -0.604  -11.881 0.7142857313
106201  29.709  -0.721  -13.020 0.4285714328
105006  30.250  -1.743  -12.965 0.2857142985
105007  29.709  -1.460  -13.608 0.2857142985
106202  28.959  -0.481  -13.572 0.1428571492
107430  28.188  0.328  -14.778 0.1428571492
109943  27.479  2.054  -14.133 0.2857142985
108677  26.712  1.953  -15.292 0.1428571492
109956  26.392  3.021  -15.506 0.1428571492
107446  27.261  0.552  -16.279 0.1428571492
111288  26.005  3.410  -17.588 0.1428571492
112464  26.150  4.206  -17.346 0.1428571492
109991  26.064  3.039  -18.582 0.1428571492
103775  31.353  -3.017  -12.142 0.4285714328
103786  31.231  -3.122  -12.958 0.4285714328
106200  30.465  -1.001  -12.506 0.5714285970
73744  22.993  -27.577  -1.984 0.1428571492
73733  23.108  -28.321  -1.389 0.1428571492
72549  21.572  -29.008  -1.266 0.1428571492
74927  23.439  -26.555  -2.415 0.4285714328
76002  25.626  -25.802  -2.598 0.1428571492
77194  26.475  -25.147  -3.120 0.1428571492
79479  28.379  -22.776  -4.163 0.2857142985
87584  30.263  -16.431  -10.583 0.7142857313
90028  32.668  -14.069  -12.541 0.8571428657
90018  31.354  -14.584  -11.535 0.8571428657
98008  33.456  -7.396  -11.981 0.5714285970
95785  31.034  -10.127  -11.147 0.8571428657
101288  31.216  -5.197  -9.392 0.8571428657
99035  29.419  -5.758  -9.024 0.8571428657
108672  28.851  0.703  -13.484 0.5714285970
108668  29.070  1.150  -12.912 0.5714285970
108676  27.552  1.376  -15.160 0.1428571492
107494  26.556  1.256  -17.220 0.1428571492
107468  26.808  0.791  -16.856 0.1428571492
109954  26.955  1.917  -14.689 0.1428571492
78307  29.172  -23.623  -2.808 0.1428571492
103768  31.052  -2.745  -11.520 0.5714285970
76019  24.487  -25.535  -3.694 0.4285714328
79513  27.668  -22.136  -6.133 0.5714285970
109955  26.756  2.727  -14.637 0.1428571492
79529  26.177  -22.724  -6.455 0.5714285970
79530  25.256  -22.136  -6.240 0.5714285970
79516  24.016  -22.276  -5.606 0.2857142985
79547  26.877  -21.855  -7.268 0.5714285970
79549  25.903  -21.907  -6.606 0.5714285970
78355  24.435  -23.411  -5.214 0.4285714328
79548  26.450  -21.961  -6.966 0.5714285970
80791  24.567  -21.383  -6.305 0.4285714328
80800  28.274  -20.843  -7.624 0.4285714328
80820  27.021  -21.049  -7.658 0.5714285970
82087  25.725  -20.553  -7.055 0.5714285970
82099  28.515  -20.302  -8.370 0.5714285970
82100  27.636  -20.237  -8.169 0.5714285970
82086  26.322  -20.752  -7.414 0.4285714328
83367  27.933  -19.661  -8.644 0.7142857313
83368  27.073  -19.636  -8.483 0.4285714328
82120  28.610  -19.696  -8.853 0.4285714328
80790  25.457  -21.252  -6.523 0.4285714328
80792  23.920  -21.304  -6.280 0.2857142985
80776  23.383  -21.456  -5.997 0.2857142985
82119  29.057  -20.010  -8.863 0.7142857313
84860  28.551  -18.438  -9.771 0.7142857313
86206  26.902  -17.582  -9.568 0.4285714328
87573  27.746  -16.944  -10.103 0.7142857313
87574  27.261  -16.699  -9.940 0.5714285970
87587  27.501  -16.018  -10.013 0.7142857313
88830  26.877  -15.532  -9.632 0.2857142985
84859  29.456  -18.650  -9.832 0.5714285970
84874  29.031  -18.078  -10.112 0.5714285970
86205  27.874  -17.480  -9.983 0.7142857313
88848  28.744  -15.605  -10.218 0.7142857313
88829  27.547  -15.041  -9.783 0.7142857313
90005  28.208  -14.671  -10.082 0.7142857313
89981  27.105  -14.417  -9.558 0.7142857313
89982  26.212  -14.503  -9.375 0.4285714328
91074  26.620  -13.526  -9.548 0.4285714328
87585  29.270  -16.495  -10.412 0.5714285970
88847  29.744  -15.524  -10.505 0.5714285970
90004  29.183  -14.600  -10.421 0.5714285970
91092  27.973  -13.995  -10.026 0.7142857313
91072  28.132  -13.201  -9.835 0.7142857313
92243  28.209  -12.556  -9.722 0.7142857313
91073  27.661  -13.516  -9.738 0.7142857313
92244  27.144  -12.574  -9.530 0.5714285970
93440  27.655  -11.640  -9.494 0.5714285970
91090  29.763  -13.719  -10.855 0.5714285970
91106  29.966  -13.061  -11.405 0.7142857313
91091  28.565  -13.489  -10.210 0.7142857313
93457  29.083  -11.781  -10.166 0.8571428657
93439  28.415  -11.510  -9.685 0.7142857313
94561  28.136  -10.874  -9.644 0.7142857313
94583  28.965  -10.684  -9.882 0.7142857313
94562  27.405  -10.712  -9.570 0.5714285970
92259  28.832  -12.606  -10.183 0.7142857313
93456  29.605  -11.634  -10.884 0.8571428657
95744  28.364  -9.824  -9.748 0.7142857313
95745  27.239  -9.698  -9.662 0.5714285970
96920  27.080  -8.663  -9.714 0.2857142985
94603  30.001  -11.266  -11.100 0.7142857313
95766  29.091  -9.952  -9.849 0.7142857313
97971  27.779  -7.711  -9.470 0.7142857313
95743  29.336  -9.315  -9.855 0.8571428657
97970  28.740  -7.650  -9.475 0.8571428657
96918  28.978  -8.618  -9.684 0.8571428657
99056  28.426  -6.766  -9.192 0.8571428657
99057  27.556  -6.761  -9.299 0.7142857313
97969  29.809  -7.623  -9.871 0.8571428657
99037  28.111  -6.028  -8.762 0.8571428657
99055  29.507  -6.401  -9.377 0.8571428657
99036  28.940  -5.960  -8.879 0.8571428657
100111  27.740  -5.121  -8.532 0.7142857313
103733  29.597  -2.351  -9.234 0.7142857313
104947  28.528  -1.761  -9.220 0.7142857313
104956  29.654  -1.731  -9.620 0.5714285970
103744  27.316  -1.709  -9.292 0.7142857313
104958  27.954  -1.313  -9.467 0.7142857313
104957  28.902  -1.327  -9.560 0.7142857313
106147  29.491  -0.672  -10.123 0.8571428657
107377  28.270  0.433  -9.866 0.7142857313
106149  27.667  -0.415  -9.804 0.7142857313
108633  28.016  1.644  -9.783 0.7142857313
109882  28.159  2.548  -10.232 0.7142857313
108634  26.893  1.643  -9.889 0.5714285970
108632  28.928  1.101  -10.108 0.7142857313
108646  28.724  2.056  -10.249 0.7142857313
109884  26.524  2.544  -10.223 0.5714285970
109883  27.356  2.720  -10.107 0.5714285970
111159  26.701  3.007  -10.282 0.5714285970
108645  29.471  1.662  -10.785 0.5714285970
109898  25.638  2.427  -10.709 0.5714285970
109896  28.439  2.782  -11.054 0.5714285970
109897  27.835  2.926  -10.575 0.5714285970
111174  26.186  3.313  -10.933 0.5714285970
111175  25.394  2.912  -11.116 0.4285714328
111199  24.989  3.507  -11.342 0.5714285970
109899  24.712  2.496  -11.120 0.4285714328
111198  25.627  3.859  -11.425 0.5714285970
111172  27.787  3.263  -11.461 0.5714285970
112390  24.340  4.443  -11.251 0.4285714328
109901  23.608  2.451  -10.586 0.4285714328
112389  25.192  4.457  -11.470 0.5714285970
114774  24.866  6.107  -11.501 0.4285714328
90003  30.120  -14.616  -10.728 0.5714285970
113571  25.432  5.314  -11.655 0.2857142985
113572  24.703  5.322  -11.304 0.4285714328
114736  24.014  6.328  -10.150 0.2857142985
78372  25.968  -23.297  -5.916 0.5714285970
77237  24.958  -24.002  -5.190 0.5714285970
80788  28.053  -21.509  -6.749 0.2857142985
79527  27.601  -21.984  -6.720 0.4285714328
78373  25.322  -23.046  -5.933 0.5714285970
80787  28.787  -20.784  -7.110 0.2857142985
78356  23.614  -22.786  -5.041 0.2857142985
82073  24.949  -20.711  -6.527 0.4285714328
82102  25.791  -19.735  -7.694 0.4285714328
83369  26.143  -19.292  -8.358 0.5714285970
82074  23.738  -20.524  -6.377 0.2857142985
82088  24.603  -19.919  -6.809 0.2857142985
84862  26.657  -18.457  -9.221 0.5714285970
87572  32.234  -16.118  -9.292 0.2857142985
87552  25.554  -16.503  -8.574 0.2857142985
95765  29.724  -9.975  -10.033 0.8571428657
96919  28.006  -8.711  -9.537 0.7142857313
102521  27.860  -2.957  -8.899 0.7142857313
103734  28.906  -2.119  -9.170 0.7142857313
107378  27.332  0.588  -9.905 0.7142857313
108635  25.987  1.624  -10.292 0.5714285970
111200  24.138  3.521  -11.395 0.2857142985
109895  29.191  2.183  -11.621 0.5714285970
108660  29.700  1.199  -11.790 0.5714285970
112359  26.594  3.820  -11.162 0.5714285970
112358  26.727  3.999  -11.353 0.2857142985
83370  25.320  -18.959  -7.918 0.4285714328
88846  30.809  -15.372  -10.964 0.7142857313
86218  29.847  -17.288  -10.397 0.5714285970
92273  30.483  -12.679  -11.795 0.7142857313
92274  29.923  -12.541  -11.448 0.7142857313
96917  29.669  -8.544  -9.918 0.7142857313
107395  29.639  0.411  -10.508 0.8571428657
83366  29.471  -20.011  -9.044 0.5714285970
83382  29.170  -19.418  -9.325 0.5714285970
79528  27.142  -22.293  -6.857 0.5714285970
79515  26.424  -23.175  -5.986 0.4285714328
79531  24.546  -22.007  -6.001 0.5714285970
80775  24.082  -21.704  -6.078 0.4285714328
80801  27.396  -21.529  -7.392 0.5714285970
80803  26.070  -21.383  -6.860 0.5714285970
80802  26.553  -21.240  -7.365 0.5714285970
82072  25.415  -20.816  -6.640 0.4285714328
77238  24.667  -24.111  -5.072 0.5714285970
80818  28.006  -20.564  -7.984 0.5714285970
82101  26.650  -20.386  -7.787 0.5714285970
83384  27.357  -19.084  -9.024 0.5714285970
84846  26.167  -18.722  -8.869 0.4285714328
83383  28.235  -19.064  -9.121 0.5714285970
84861  27.579  -18.389  -9.524 0.7142857313
87575  26.233  -16.567  -9.082 0.4285714328
86187  25.497  -17.120  -8.527 0.4285714328
86207  26.116  -17.734  -9.038 0.4285714328
86219  28.971  -17.386  -10.308 0.7142857313
87586  28.163  -16.628  -10.185 0.7142857313
88849  27.920  -15.613  -10.022 0.7142857313
92258  29.435  -12.580  -10.846 0.5714285970
93441  26.729  -11.600  -9.486 0.2857142985
106148  28.537  -0.547  -9.893 0.7142857313
111173  27.271  3.508  -10.997 0.7142857313
112388  26.117  4.254  -11.580 0.5714285970
113550  24.174  5.382  -10.679 0.4285714328
82089  23.847  -19.444  -6.646 0.1428571492
83371  24.754  -18.654  -7.477 0.4285714328
74928  22.553  -26.288  -2.569 0.4285714328
82048  29.485  -20.280  -5.103 0.1428571492
82059  29.329  -20.269  -5.806 0.1428571492
84832  30.589  -19.081  -7.650 0.1428571492
84831  31.062  -18.371  -8.027 0.1428571492
83326  29.836  -19.495  -6.151 0.1428571492
82058  29.734  -19.844  -5.336 0.1428571492
86163  31.133  -17.557  -7.287 0.1428571492
84814  30.310  -18.804  -6.733 0.1428571492
86186  31.475  -17.488  -8.411 0.1428571492
88828  32.477  -15.334  -9.792 0.2857142985
90001  32.875  -14.623  -10.345 0.1428571492
101278  28.006  -3.991  -8.806 0.5714285970
114860  26.176  6.111  -19.042 0.1428571492
100112  26.839  -5.304  -8.763 0.4285714328
115986  25.927  7.366  -18.748 0.1428571492
111277  26.219  3.638  -16.752 0.1428571492
103736  26.910  -2.755  -9.118 0.4285714328
103735  27.626  -2.168  -9.041 0.5714285970
104959  27.087  -1.213  -9.551 0.4285714328
113633  26.638  5.917  -15.279 0.2857142985
112426  27.550  4.543  -13.308 0.2857142985
111196  27.987  3.081  -11.953 0.2857142985
111239  27.866  3.825  -13.732 0.2857142985
104974  24.602  -1.452  -10.492 0.1428571492
113623  27.461  5.119  -13.661 0.2857142985
109917  28.545  2.596  -12.101 0.4285714328
106164  25.068  -0.527  -10.478 0.4285714328
107379  26.297  0.581  -10.190 0.5714285970
107397  24.766  0.517  -10.566 0.4285714328
108648  24.314  1.463  -10.818 0.2857142985
113570  26.237  5.312  -11.632 0.1428571492
112387  26.849  4.391  -11.661 0.1428571492
112415  27.204  4.626  -12.434 0.1428571492
108649  23.724  1.500  -10.470 0.1428571492
109900  23.968  2.211  -11.040 0.4285714328
113569  26.837  5.395  -11.851 0.1428571492
113610  27.288  5.516  -13.113 0.1428571492
114773  25.644  6.373  -11.524 0.2857142985
115881  24.705  7.100  -9.893 0.1428571492
113592  27.138  5.621  -12.261 0.1428571492
114772  26.526  6.202  -11.377 0.1428571492
114751  26.131  6.875  -10.967 0.1428571492
114771  27.369  6.313  -11.398 0.1428571492
76005  23.039  -25.739  -2.950 0.4285714328
77210  22.453  -24.218  -3.202 0.2857142985
80761  29.115  -21.105  -4.857 0.1428571492
87551  31.772  -16.854  -8.353 0.1428571492
102522  26.999  -3.274  -8.936 0.2857142985
109935  27.913  3.190  -13.418 0.2857142985
112433  27.621  4.677  -14.086 0.2857142985
114803  27.290  6.260  -13.166 0.2857142985
76022  22.228  -24.659  -2.877 0.2857142985
77192  28.272  -24.343  -2.659 0.1428571492
80746  29.796  -21.501  -3.933 0.1428571492
88844  32.406  -15.376  -10.883 0.1428571492
86185  31.910  -16.866  -8.948 0.1428571492
107398  23.837  0.503  -10.543 0.1428571492
101279  27.310  -4.125  -8.426 0.4285714328
109916  28.996  1.948  -12.422 0.4285714328
113624  27.333  5.741  -14.141 0.2857142985
112434  27.047  4.784  -14.834 0.2857142985
109944  27.715  3.004  -13.983 0.2857142985
111252  27.379  3.804  -14.476 0.2857142985
113641  26.061  5.545  -16.162 0.1428571492
114831  25.816  6.535  -16.431 0.1428571492
114786  27.359  6.344  -12.475 0.2857142985
113611  27.303  6.053  -13.521 0.2857142985
112452  26.156  4.493  -16.439 0.1428571492
113653  26.267  5.609  -17.476 0.1428571492
111265  26.242  3.787  -15.894 0.1428571492
114823  26.410  6.843  -15.198 0.2857142985
111253  26.536  3.806  -15.042 0.2857142985
87581  32.287  -16.113  -10.145 0.4285714328
109934  28.229  2.391  -13.116 0.2857142985
103745  26.641  -2.230  -9.399 0.4285714328
106150  26.767  -0.382  -9.932 0.5714285970
111223  28.144  2.898  -12.480 0.2857142985
115897  24.477  6.876  -10.825 0.2857142985
108647  25.117  1.587  -10.607 0.5714285970
111197  27.402  3.657  -11.904 0.2857142985
86164  30.674  -18.336  -7.267 0.1428571492
83310  30.339  -19.433  -5.205 0.1428571492
87527  31.684  -16.843  -7.720 0.1428571492
102530  25.985  -3.193  -9.858 0.2857142985
111224  27.809  3.530  -12.793 0.2857142985
104973  25.464  -1.399  -10.257 0.2857142985
106151  25.908  -0.484  -10.213 0.4285714328
107380  25.515  0.193  -10.389 0.4285714328
106165  24.161  -0.506  -10.725 0.2857142985
107396  25.521  0.901  -10.367 0.5714285970
76006  22.193  -25.395  -2.672 0.2857142985
101280  26.648  -4.301  -9.130 0.2857142985
112442  26.326  4.715  -15.560 0.2857142985
114830  26.188  5.886  -16.835 0.1428571492
117058  26.138  8.316  -13.732 0.1428571492
114814  26.701  6.716  -14.505 0.1428571492
118143  26.073  9.634  -14.757 0.1428571492
115916  27.688  6.824  -11.899 0.1428571492
118132  26.222  9.456  -14.042 0.1428571492
117059  25.719  7.836  -14.001 0.1428571492
115948  25.822  7.697  -14.354 0.1428571492
115932  27.558  7.313  -12.583 0.1428571492
117048  27.052  8.346  -13.011 0.1428571492
115933  26.845  7.450  -13.308 0.1428571492
118118  26.628  9.105  -13.439 0.1428571492
119132  26.200  10.547  -14.553 0.1428571492
114787  27.298  6.795  -13.061 0.1428571492
118116  27.793  10.656  -12.903 0.1428571492
119118  26.822  10.308  -13.921 0.1428571492
117047  27.904  8.331  -12.072 0.1428571492
119107  27.315  11.182  -13.870 0.1428571492
119147  25.938  10.159  -15.054 0.1428571492
82097  30.030  -20.434  -8.372 0.2857142985
114804  27.104  6.690  -13.708 0.1428571492
115971  26.054  7.347  -15.320 0.1428571492
117074  25.712  8.180  -14.448 0.1428571492
117086  25.641  8.662  -15.423 0.1428571492
118117  27.463  9.651  -13.211 0.1428571492
82085  28.980  -20.609  -8.017 0.4285714328
77220  25.269  -24.504  -4.679 0.4285714328
77219  26.431  -24.230  -4.440 0.2857142985
78338  26.089  -24.012  -5.035 0.2857142985
78353  26.411  -23.502  -5.496 0.2857142985
76032  24.963  -25.083  -4.045 0.2857142985
79514  27.074  -22.928  -5.842 0.2857142985
77221  24.085  -24.250  -4.809 0.4285714328
78352  27.022  -23.372  -5.211 0.1428571492
78337  26.721  -23.745  -4.865 0.1428571492
77207  26.162  -24.808  -3.692 0.1428571492
78354  25.496  -23.726  -5.401 0.4285714328
104960  26.268  -1.325  -9.858 0.2857142985
76020  23.531  -25.274  -3.746 0.2857142985
76033  24.307  -25.008  -4.339 0.2857142985
77209  23.157  -24.276  -3.814 0.2857142985
84847  25.502  -18.238  -8.523 0.2857142985
92245  26.130  -12.564  -9.595 0.1428571492
95746  26.232  -9.577  -9.923 0.1428571492
96938  26.403  -8.533  -10.151 0.1428571492
97972  26.979  -7.622  -9.789 0.1428571492
97991  26.254  -7.540  -10.231 0.1428571492
99058  26.704  -6.468  -9.526 0.1428571492
99077  25.916  -6.543  -10.185 0.1428571492
103746  25.808  -2.252  -9.981 0.1428571492
103755  25.035  -2.303  -10.288 0.1428571492
109919  24.064  2.839  -11.332 0.1428571492
112391  23.776  3.966  -10.927 0.1428571492
109885  23.338  2.558  -9.639 0.1428571492
112360  23.947  4.672  -10.681 0.1428571492
113547  23.713  5.341  -9.643 0.1428571492
99038  27.344  -5.999  -8.854 0.2857142985
100128  26.135  -5.387  -9.624 0.1428571492
74929  21.806  -26.225  -2.326 0.2857142985
83354  25.084  -19.440  -7.317 0.2857142985
84848  24.864  -18.191  -7.820 0.2857142985
86188  24.650  -17.201  -7.696 0.2857142985
91075  25.604  -13.591  -9.519 0.1428571492
93442  25.690  -11.458  -9.541 0.1428571492
94563  26.493  -10.592  -9.594 0.1428571492
95768  25.303  -9.513  -10.382 0.1428571492
95767  25.953  -9.081  -10.319 0.1428571492
96939  25.744  -8.488  -10.444 0.1428571492
102531  25.375  -3.016  -10.144 0.1428571492
111160  23.551  3.644  -9.429 0.1428571492
111176  23.584  3.360  -10.346 0.1428571492
84833  24.414  -17.799  -7.205 0.2857142985
83355  24.267  -18.794  -6.947 0.1428571492
102523  26.546  -3.350  -9.381 0.1428571492
76007  21.481  -25.391  -2.081 0.1428571492
77195  21.734  -24.469  -2.610 0.1428571492
78340  23.418  -23.555  -4.448 0.1428571492
91103  33.367  -13.994  -12.129 0.1428571492
91102  33.520  -13.534  -11.349 0.1428571492
73759  21.608  -26.911  -2.258 0.1428571492
77211  22.053  -24.248  -2.897 0.1428571492
78324  22.699  -23.564  -3.686 0.1428571492
78339  23.906  -23.780  -4.931 0.1428571492
79517  23.156  -22.178  -5.333 0.1428571492
102569  31.767  -3.438  -12.488 0.1428571492
80777  22.476  -21.555  -5.313 0.1428571492
102568  32.232  -3.837  -12.748 0.1428571492
73758  22.232  -26.939  -2.399 0.1428571492
91114  33.467  -13.344  -12.230 0.1428571492
76021  22.721  -24.948  -3.224 0.1428571492
77196  21.393  -24.578  -2.202 0.1428571492
78341  22.705  -22.874  -4.156 0.1428571492
73742  24.609  -27.003  -1.542 0.2857142985
74914  23.661  -27.044  -1.989 0.2857142985
76034  23.672  -24.661  -4.279 0.2857142985
77208  25.424  -24.924  -3.961 0.2857142985
77218  26.962  -23.897  -4.415 0.2857142985
77222  23.559  -24.207  -4.350 0.2857142985
78323  23.109  -23.789  -3.923 0.1428571492
78336  27.421  -23.445  -4.571 0.1428571492
78374  24.740  -22.565  -5.781 0.5714285970
79499  23.005  -22.554  -4.690 0.1428571492
79518  22.681  -22.138  -5.007 0.1428571492
80789  27.571  -21.893  -6.990 0.4285714328
80819  27.509  -20.785  -7.761 0.5714285970
82060  23.273  -20.927  -6.192 0.2857142985
82083  30.098  -20.456  -8.042 0.2857142985
82098  29.430  -20.409  -8.579 0.2857142985
83343  29.651  -19.990  -6.966 0.2857142985
83353  29.948  -20.068  -7.470 0.2857142985
83385  26.651  -19.105  -8.883 0.4285714328
84857  30.952  -18.009  -9.443 0.8571428657
84863  26.069  -18.317  -8.993 0.4285714328
84873  29.660  -18.006  -10.178 0.7142857313
86201  32.105  -16.780  -9.771 0.7142857313
86204  28.567  -17.738  -10.084 0.7142857313
86215  32.119  -16.586  -10.272 0.7142857313
86220  28.391  -17.308  -10.167 0.7142857313
87582  31.980  -16.266  -10.682 0.7142857313
88850  27.456  -15.579  -9.869 0.7142857313
88859  31.938  -15.049  -11.448 0.8571428657
89980  27.671  -14.328  -9.841 0.7142857313
90002  30.673  -14.470  -11.158 0.5714285970
90027  32.953  -14.249  -12.291 0.1428571492
91089  30.341  -14.097  -11.026 0.5714285970
92290  32.587  -13.036  -13.053 0.7142857313
95815  32.451  -9.762  -14.703 0.1428571492
97992  25.456  -7.545  -10.475 0.1428571492
98009  33.050  -7.819  -11.772 0.1428571492
98030  34.322  -7.480  -13.379 0.1428571492
99096  33.817  -6.586  -11.911 0.2857142985
99097  33.487  -6.861  -11.485 0.4285714328
99098  32.993  -7.400  -11.242 0.5714285970
100109  29.351  -5.346  -8.836 0.8571428657
100125  31.066  -5.915  -9.516 0.8571428657
101289  30.640  -4.431  -9.102 0.8571428657
102555  32.157  -3.816  -12.145 0.2857142985
103742  30.218  -2.288  -9.746 0.8571428657
103767  31.325  -3.088  -11.767 0.5714285970
104945  29.472  -2.033  -9.383 0.7142857313
104946  29.193  -1.905  -9.311 0.7142857313
104987  31.126  -0.946  -10.780 0.8571428657
106146  29.900  -1.190  -10.105 0.8571428657
106161  30.865  -0.645  -10.571 0.8571428657
106163  30.005  -0.234  -10.442 0.8571428657
106178  31.129  -0.618  -10.723 0.8571428657
106188  30.390  -0.334  -12.409 0.7142857313
107376  28.981  0.155  -10.111 0.8571428657
107393  30.726  -0.363  -10.567 0.8571428657
107469  26.399  1.149  -16.950 0.1428571492
107493  27.047  1.110  -17.431 0.1428571492
108659  30.246  0.698  -11.462 0.7142857313
108678  26.492  2.476  -15.341 0.1428571492
109869  26.927  2.745  -9.913 0.5714285970
109870  26.684  2.751  -10.116 0.5714285970
109918  24.433  3.090  -11.376 0.1428571492
109920  23.826  2.672  -11.066 0.4285714328
109966  26.400  3.128  -16.244 0.1428571492
110007  26.218  2.878  -18.694 0.1428571492
111147  27.054  3.054  -10.057 0.5714285970
111148  26.842  2.932  -10.048 0.5714285970
111158  26.936  3.273  -10.384 0.5714285970
111201  23.746  3.131  -11.049 0.1428571492
111289  25.943  3.415  -18.336 0.1428571492
111301  26.224  3.417  -19.063 0.1428571492
112361  23.772  4.384  -10.070 0.1428571492
113546  23.867  5.625  -10.134 0.1428571492
113551  23.893  5.090  -10.252 0.1428571492
113652  26.357  5.140  -17.102 0.1428571492
114752  24.431  6.109  -10.971 0.2857142985
114839  26.283  5.754  -17.215 0.1428571492
115917  24.896  6.823  -11.401 0.2857142985
115918  24.567  6.527  -11.255 0.4285714328
115947  26.183  7.358  -13.946 0.1428571492
115962  26.158  7.340  -14.683 0.1428571492
115963  25.815  7.813  -14.992 0.1428571492
117073  25.929  8.881  -14.541 0.1428571492
118131  26.699  9.699  -13.705 0.1428571492
119119  26.467  9.989  -14.047 0.1428571492
