#!ascii label  , from subject 3253 vox2ras=TkReg
666
38042  -8.319  -29.009  83.149 0.0000000000
47198  -29.711  -18.035  77.049 0.0000000000
50972  -34.344  -12.715  74.413 0.0000000000
43143  -23.112  -23.244  78.131 0.0000000000
110608  -43.916  -11.268  62.851 0.0000000000
51009  -38.781  -12.134  69.319 0.0000000000
47943  -29.483  -16.272  80.900 0.0000000000
44494  -27.099  -21.381  78.668 0.0000000000
54860  -45.585  -7.145  65.672 0.0000000000
58292  -44.686  -3.669  63.897 0.0000000000
60692  -45.298  -0.478  62.474 0.0000000000
53190  -35.833  -9.726  74.427 0.0000000000
50991  -34.750  -12.361  71.423 0.0000000000
53202  -38.056  -9.781  71.245 0.0000000000
54012  -41.389  -9.220  69.045 0.0000000000
41700  -17.195  -25.444  76.316 0.0000000000
38018  -5.546  -29.764  85.958 0.0000000000
49553  -32.026  -14.720  77.221 0.0000000000
53163  -33.865  -10.153  77.514 0.0000000000
42483  -19.521  -24.144  73.195 0.0000000000
44540  -22.199  -21.799  72.870 0.0000000000
59915  -42.831  -0.592  59.170 0.0000000000
62268  -46.998  2.227  60.666 0.0000000000
110574  -41.963  -12.623  67.268 0.0000000000
53227  -44.530  -9.377  68.593 0.0000000000
38923  -9.838  -28.034  79.744 0.0000000000
34802  -2.703  -34.155  83.627 0.0000000000
56613  -44.980  -5.438  64.413 0.0000000000
53196  -36.746  -9.641  73.283 0.0000000000
41726  -15.384  -25.512  74.065 0.0000000000
38031  -6.772  -29.378  85.026 0.0000000000
47975  -30.909  -16.600  75.386 0.0000000000
48768  -30.611  -16.381  76.947 0.0000000000
43176  -20.982  -23.137  75.862 0.0000000000
43197  -20.447  -22.010  73.142 0.0000000000
43853  -21.852  -22.447  75.348 0.0000000000
45831  -28.745  -19.559  78.164 0.0000000000
44512  -27.241  -21.762  76.770 0.0000000000
45850  -28.823  -19.904  76.192 0.0000000000
43130  -22.139  -23.528  79.431 0.0000000000
42443  -20.341  -24.055  77.473 0.0000000000
55768  -42.198  -5.889  60.064 0.0000000000
58319  -40.845  -1.683  59.350 0.0000000000
61454  -45.898  0.574  61.706 0.0000000000
51724  -36.656  -12.037  70.529 0.0000000000
51013  -40.459  -11.625  68.561 0.0000000000
53217  -42.851  -9.509  69.530 0.0000000000
40816  -13.435  -25.766  77.626 0.0000000000
40792  -11.943  -26.498  79.074 0.0000000000
39809  -11.278  -26.828  80.766 0.0000000000
39854  -10.218  -27.712  77.951 0.0000000000
34821  -4.175  -34.110  82.645 0.0000000000
47172  -29.845  -17.036  79.219 0.0000000000
48759  -30.735  -15.551  79.256 0.0000000000
49540  -30.454  -14.518  80.472 0.0000000000
43801  -25.273  -21.866  80.327 0.0000000000
43822  -25.517  -22.357  78.664 0.0000000000
45132  -26.861  -20.796  80.246 0.0000000000
45813  -28.422  -19.150  80.247 0.0000000000
110645  -45.109  -9.723  64.163 0.0000000000
110652  -44.416  -8.226  62.654 0.0000000000
55753  -43.499  -6.243  61.728 0.0000000000
57476  -42.806  -3.859  61.739 0.0000000000
58312  -42.540  -2.487  60.986 0.0000000000
59109  -44.512  -2.288  63.096 0.0000000000
51703  -35.079  -11.161  74.315 0.0000000000
51709  -34.578  -11.753  73.477 0.0000000000
51711  -35.759  -11.015  72.966 0.0000000000
52440  -36.805  -10.592  72.232 0.0000000000
52448  -38.235  -10.583  70.581 0.0000000000
52454  -40.123  -10.335  69.046 0.0000000000
53206  -39.012  -9.273  69.991 0.0000000000
41685  -16.776  -25.604  77.367 0.0000000000
41711  -13.821  -25.412  75.393 0.0000000000
110767  -47.044  3.426  56.354 0.0000000000
37188  -3.576  -30.171  86.365 0.0000000000
110528  -32.608  -15.961  75.212 0.0000000000
50290  -33.593  -13.713  76.252 0.0000000000
50282  -32.089  -13.716  78.725 0.0000000000
50963  -33.279  -12.840  77.496 0.0000000000
51686  -34.391  -11.745  76.242 0.0000000000
53175  -35.487  -9.573  75.923 0.0000000000
43842  -24.720  -22.721  76.098 0.0000000000
41673  -19.141  -25.026  77.988 0.0000000000
41729  -18.105  -25.183  74.512 0.0000000000
59910  -43.696  -1.080  60.566 0.0000000000
60701  -45.118  0.021  60.339 0.0000000000
110739  -46.808  1.436  59.030 0.0000000000
63862  -47.860  4.502  58.528 0.0000000000
37240  -7.729  -30.254  80.699 0.0000000000
37231  -6.508  -30.789  82.324 0.0000000000
110622  -43.713  -12.440  65.259 0.0000000000
52464  -41.977  -10.955  68.247 0.0000000000
51739  -43.637  -11.570  67.514 0.0000000000
52478  -45.142  -10.858  66.081 0.0000000000
54026  -45.587  -8.102  66.833 0.0000000000
38905  -9.276  -28.349  82.198 0.0000000000
36472  -5.524  -31.855  83.040 0.0000000000
36458  -3.687  -31.824  84.598 0.0000000000
35659  -2.363  -32.353  84.402 0.0000000000
38041  -7.527  -29.415  83.504 0.0000000000
47206  -29.601  -18.121  76.244 0.0000000000
47962  -30.187  -16.929  76.690 0.0000000000
47954  -30.380  -16.728  77.669 0.0000000000
43165  -21.692  -23.302  76.770 0.0000000000
43852  -21.449  -22.689  75.562 0.0000000000
43156  -23.168  -23.205  77.183 0.0000000000
45832  -29.229  -19.035  77.926 0.0000000000
45841  -28.799  -19.861  77.062 0.0000000000
45851  -29.151  -19.278  76.521 0.0000000000
45858  -29.084  -19.314  75.773 0.0000000000
43799  -23.468  -22.903  80.017 0.0000000000
43121  -22.730  -23.287  79.853 0.0000000000
43131  -22.919  -23.314  79.123 0.0000000000
43154  -21.521  -23.508  77.776 0.0000000000
57484  -41.371  -2.892  59.310 0.0000000000
50302  -34.033  -13.793  74.413 0.0000000000
50311  -34.004  -13.375  73.540 0.0000000000
51001  -37.249  -12.313  69.832 0.0000000000
51007  -37.500  -12.874  69.035 0.0000000000
110553  -39.391  -12.603  68.683 0.0000000000
40815  -12.343  -26.099  77.271 0.0000000000
40805  -12.599  -26.140  78.362 0.0000000000
40804  -11.666  -26.365  78.108 0.0000000000
39842  -11.242  -26.795  78.784 0.0000000000
39869  -10.586  -27.330  77.016 0.0000000000
47167  -29.671  -16.983  79.893 0.0000000000
47948  -30.116  -16.356  79.911 0.0000000000
48752  -30.047  -15.327  80.799 0.0000000000
44461  -25.916  -20.930  81.240 0.0000000000
44471  -26.216  -21.157  80.616 0.0000000000
45806  -27.082  -19.663  81.459 0.0000000000
47942  -28.956  -16.707  81.296 0.0000000000
45808  -28.370  -18.733  80.803 0.0000000000
46478  -28.848  -18.240  80.332 0.0000000000
46483  -29.259  -18.160  79.493 0.0000000000
53245  -45.415  -8.865  64.882 0.0000000000
110630  -44.566  -9.202  62.975 0.0000000000
54052  -45.190  -8.114  63.865 0.0000000000
57467  -44.738  -4.394  64.142 0.0000000000
55749  -44.623  -6.189  63.542 0.0000000000
56618  -44.282  -5.134  63.401 0.0000000000
56623  -43.137  -4.964  61.904 0.0000000000
57470  -43.534  -3.845  62.563 0.0000000000
58296  -43.734  -3.167  62.599 0.0000000000
58297  -44.314  -3.178  63.270 0.0000000000
52429  -35.492  -10.385  74.246 0.0000000000
52430  -35.972  -10.108  73.921 0.0000000000
53199  -37.738  -9.337  71.690 0.0000000000
52437  -36.980  -10.062  72.800 0.0000000000
52441  -37.338  -10.082  72.115 0.0000000000
51721  -37.417  -10.949  71.183 0.0000000000
52445  -38.263  -10.058  70.919 0.0000000000
52449  -38.776  -10.165  70.341 0.0000000000
41672  -18.361  -25.369  78.118 0.0000000000
41671  -17.458  -25.579  78.280 0.0000000000
41712  -14.796  -25.395  74.929 0.0000000000
63869  -47.325  3.959  56.975 0.0000000000
64678  -46.822  4.973  55.717 0.0000000000
38005  -4.224  -29.760  86.648 0.0000000000
48770  -31.831  -15.349  76.636 0.0000000000
49557  -32.109  -15.199  76.590 0.0000000000
50293  -33.256  -14.814  75.820 0.0000000000
50289  -33.226  -13.872  76.782 0.0000000000
50281  -31.654  -13.996  79.179 0.0000000000
49548  -31.593  -14.564  78.528 0.0000000000
50960  -32.368  -12.980  78.728 0.0000000000
52399  -33.152  -10.868  78.045 0.0000000000
51676  -33.184  -11.805  78.168 0.0000000000
51677  -33.571  -11.451  77.769 0.0000000000
51680  -33.978  -11.747  77.185 0.0000000000
52408  -34.335  -10.778  77.086 0.0000000000
52418  -34.584  -10.869  76.400 0.0000000000
52409  -34.762  -10.323  76.792 0.0000000000
43884  -21.394  -21.472  72.842 0.0000000000
43823  -26.165  -22.127  78.404 0.0000000000
43833  -25.273  -22.650  77.512 0.0000000000
43844  -25.872  -22.544  76.895 0.0000000000
110432  -25.961  -22.530  75.619 0.0000000000
42423  -20.139  -24.293  79.342 0.0000000000
42462  -19.506  -24.311  75.162 0.0000000000
42450  -19.156  -24.696  75.625 0.0000000000
42482  -18.646  -24.924  73.777 0.0000000000
41763  -17.611  -25.411  72.864 0.0000000000
59902  -44.492  -1.361  62.112 0.0000000000
59901  -43.816  -1.473  61.394 0.0000000000
60691  -44.890  -0.704  61.723 0.0000000000
62267  -46.714  1.734  61.121 0.0000000000
110731  -45.786  0.355  60.814 0.0000000000
62270  -46.729  1.619  60.560 0.0000000000
62271  -46.980  1.909  59.912 0.0000000000
63046  -47.348  2.557  58.880 0.0000000000
63855  -47.607  3.565  59.421 0.0000000000
50983  -34.481  -12.069  72.094 0.0000000000
50990  -34.011  -12.537  71.525 0.0000000000
110592  -42.472  -13.276  64.245 0.0000000000
110600  -43.145  -12.880  65.434 0.0000000000
53214  -40.353  -9.858  68.674 0.0000000000
52455  -40.622  -10.439  68.516 0.0000000000
53225  -41.714  -10.102  68.408 0.0000000000
53218  -43.781  -9.650  69.222 0.0000000000
52466  -43.730  -10.624  68.504 0.0000000000
52467  -44.655  -10.468  67.834 0.0000000000
51745  -44.498  -11.536  66.428 0.0000000000
52474  -45.168  -9.880  67.308 0.0000000000
52479  -45.410  -10.047  66.160 0.0000000000
53228  -45.150  -9.143  67.920 0.0000000000
39822  -10.480  -27.311  80.223 0.0000000000
39808  -10.514  -27.331  81.299 0.0000000000
38896  -9.806  -27.844  82.575 0.0000000000
38922  -9.267  -28.623  80.343 0.0000000000
38068  -8.701  -29.366  79.979 0.0000000000
38939  -9.233  -28.864  79.350 0.0000000000
36483  -6.245  -31.460  81.833 0.0000000000
36473  -6.036  -31.383  82.449 0.0000000000
35680  -5.305  -32.627  82.403 0.0000000000
34803  -3.581  -33.896  83.304 0.0000000000
35661  -3.962  -32.789  83.801 0.0000000000
34786  -3.388  -33.174  83.896 0.0000000000
36457  -2.938  -31.719  84.965 0.0000000000
34785  -2.893  -33.329  84.027 0.0000000000
45803  -27.386  -18.855  81.904 0.0000000000
56609  -45.415  -5.340  66.079 0.0000000000
55746  -45.348  -6.175  65.241 0.0000000000
56614  -45.234  -5.173  65.337 0.0000000000
53191  -36.312  -9.381  74.021 0.0000000000
41728  -17.273  -25.415  74.349 0.0000000000
41714  -16.710  -25.494  75.258 0.0000000000
38867  -7.088  -28.897  86.008 0.0000000000
38019  -6.392  -29.419  85.652 0.0000000000
47207  -29.711  -17.699  75.686 0.0000000000
48778  -30.366  -16.691  76.320 0.0000000000
48769  -31.268  -15.668  76.860 0.0000000000
53168  -34.357  -9.750  77.230 0.0000000000
42475  -19.862  -23.786  74.351 0.0000000000
42484  -20.131  -23.114  73.469 0.0000000000
43187  -20.496  -22.773  74.497 0.0000000000
43865  -21.231  -22.386  75.049 0.0000000000
43854  -22.283  -22.356  75.035 0.0000000000
45152  -28.135  -20.304  78.690 0.0000000000
44502  -27.283  -21.533  77.769 0.0000000000
45160  -28.211  -20.618  77.580 0.0000000000
44520  -28.169  -20.936  76.110 0.0000000000
45857  -28.820  -19.942  75.465 0.0000000000
43129  -21.460  -23.705  79.932 0.0000000000
42433  -20.404  -24.116  78.469 0.0000000000
43153  -20.825  -23.749  78.023 0.0000000000
42452  -20.314  -23.908  76.482 0.0000000000
110661  -42.134  -7.118  59.112 0.0000000000
59125  -42.034  -0.780  58.558 0.0000000000
61448  -46.093  1.030  62.927 0.0000000000
61450  -45.714  0.442  62.377 0.0000000000
51719  -35.824  -11.986  71.291 0.0000000000
110565  -40.839  -12.607  67.702 0.0000000000
54003  -41.920  -8.833  70.146 0.0000000000
53216  -41.977  -9.625  68.929 0.0000000000
53210  -42.470  -9.094  69.969 0.0000000000
40817  -13.914  -25.811  78.241 0.0000000000
40794  -13.675  -26.155  79.592 0.0000000000
40778  -13.036  -26.333  80.385 0.0000000000
40777  -12.096  -26.543  80.109 0.0000000000
39823  -11.247  -26.868  79.672 0.0000000000
38940  -9.777  -28.244  78.696 0.0000000000
38957  -9.155  -29.065  78.259 0.0000000000
38958  -9.661  -28.388  77.827 0.0000000000
47188  -29.773  -17.984  77.963 0.0000000000
47951  -30.355  -16.477  78.735 0.0000000000
49544  -30.794  -14.875  79.874 0.0000000000
43811  -24.509  -22.619  79.311 0.0000000000
43144  -23.658  -23.107  77.710 0.0000000000
43812  -25.277  -22.121  79.752 0.0000000000
44482  -26.444  -21.399  79.781 0.0000000000
44483  -26.889  -21.261  79.308 0.0000000000
45807  -27.743  -19.192  81.246 0.0000000000
45812  -27.909  -19.832  80.078 0.0000000000
45143  -28.019  -20.192  79.253 0.0000000000
46491  -28.874  -19.236  78.896 0.0000000000
46492  -29.289  -18.681  78.564 0.0000000000
43800  -24.598  -22.147  80.569 0.0000000000
110594  -42.459  -12.249  61.025 0.0000000000
110625  -44.559  -9.741  63.251 0.0000000000
110610  -43.780  -9.791  61.832 0.0000000000
110633  -43.491  -8.696  60.812 0.0000000000
54870  -45.045  -7.106  63.786 0.0000000000
54876  -44.275  -7.048  62.653 0.0000000000
54882  -43.162  -6.958  60.902 0.0000000000
56633  -42.347  -4.975  61.020 0.0000000000
57486  -42.253  -4.287  61.081 0.0000000000
57475  -42.278  -3.293  61.019 0.0000000000
58301  -43.213  -2.845  61.773 0.0000000000
59113  -44.045  -2.139  62.425 0.0000000000
59903  -45.102  -1.184  62.840 0.0000000000
59895  -45.176  -1.556  64.459 0.0000000000
61447  -45.652  0.317  63.150 0.0000000000
51702  -34.637  -11.866  74.365 0.0000000000
50975  -34.221  -12.496  73.530 0.0000000000
51710  -35.198  -11.160  73.375 0.0000000000
51716  -35.238  -11.625  72.314 0.0000000000
52436  -36.326  -10.337  73.157 0.0000000000
51717  -36.170  -11.186  72.267 0.0000000000
51720  -36.856  -11.287  71.385 0.0000000000
51725  -37.767  -11.415  70.354 0.0000000000
51731  -38.609  -11.533  69.703 0.0000000000
51732  -39.669  -11.432  69.276 0.0000000000
51727  -39.167  -10.696  69.864 0.0000000000
52450  -39.480  -10.182  69.639 0.0000000000
53208  -40.404  -8.888  68.878 0.0000000000
54001  -40.001  -8.272  69.152 0.0000000000
54002  -40.984  -8.717  69.451 0.0000000000
41670  -16.418  -25.728  78.517 0.0000000000
41699  -16.151  -25.606  76.297 0.0000000000
41698  -14.915  -25.495  76.255 0.0000000000
41683  -14.441  -25.668  77.788 0.0000000000
41697  -13.901  -25.463  76.814 0.0000000000
50294  -33.833  -13.930  75.424 0.0000000000
50969  -34.271  -12.837  75.371 0.0000000000
48764  -30.828  -15.872  78.005 0.0000000000
48765  -31.282  -15.207  77.944 0.0000000000
50285  -32.344  -14.060  78.007 0.0000000000
50283  -32.473  -13.443  78.273 0.0000000000
50286  -32.722  -13.794  77.548 0.0000000000
50966  -33.547  -13.134  76.800 0.0000000000
50967  -33.964  -12.815  76.372 0.0000000000
51694  -34.602  -11.937  75.247 0.0000000000
51695  -34.908  -11.180  75.172 0.0000000000
52425  -35.253  -10.397  75.131 0.0000000000
53183  -35.553  -9.678  75.007 0.0000000000
53964  -35.343  -8.851  76.563 0.0000000000
53972  -35.822  -8.716  76.066 0.0000000000
43157  -23.902  -23.057  77.057 0.0000000000
43168  -24.130  -22.848  76.279 0.0000000000
43868  -22.890  -22.451  74.404 0.0000000000
43857  -25.973  -22.502  76.106 0.0000000000
110423  -24.984  -22.634  75.212 0.0000000000
41660  -18.902  -25.159  78.886 0.0000000000
41687  -18.679  -25.272  77.201 0.0000000000
42432  -19.745  -24.485  77.805 0.0000000000
41702  -19.012  -24.927  76.356 0.0000000000
41715  -17.650  -25.306  75.362 0.0000000000
41747  -17.092  -25.570  73.360 0.0000000000
58311  -41.649  -2.279  60.265 0.0000000000
59120  -42.376  -1.318  60.287 0.0000000000
59909  -42.771  -0.873  59.847 0.0000000000
60697  -45.389  -0.045  61.694 0.0000000000
59916  -43.932  -0.675  59.730 0.0000000000
60700  -45.607  0.309  59.352 0.0000000000
110721  -45.825  0.481  58.661 0.0000000000
110755  -46.812  1.321  57.637 0.0000000000
63048  -47.246  2.712  57.263 0.0000000000
63861  -47.631  3.865  58.230 0.0000000000
38050  -8.224  -29.354  82.228 0.0000000000
38049  -7.623  -29.651  82.634 0.0000000000
37239  -7.321  -30.448  81.249 0.0000000000
50321  -33.847  -13.032  72.864 0.0000000000
110621  -44.207  -11.914  64.538 0.0000000000
51733  -40.425  -11.037  68.844 0.0000000000
51737  -40.882  -11.364  68.327 0.0000000000
110585  -42.708  -12.221  67.342 0.0000000000
52457  -42.833  -10.211  68.823 0.0000000000
52465  -42.866  -11.058  68.265 0.0000000000
110603  -43.561  -12.387  66.446 0.0000000000
110623  -44.554  -11.255  64.211 0.0000000000
51755  -45.217  -10.422  65.274 0.0000000000
53237  -45.586  -8.842  65.898 0.0000000000
54032  -45.658  -7.880  66.060 0.0000000000
38884  -9.173  -28.156  84.237 0.0000000000
38895  -9.232  -28.221  83.236 0.0000000000
38043  -8.773  -28.792  82.526 0.0000000000
38060  -8.727  -29.162  80.865 0.0000000000
38077  -8.241  -30.012  79.797 0.0000000000
37215  -6.876  -29.847  83.755 0.0000000000
37214  -6.277  -29.985  84.488 0.0000000000
37213  -5.311  -30.752  84.613 0.0000000000
35679  -4.651  -33.048  82.913 0.0000000000
36459  -4.574  -31.721  84.311 0.0000000000
37212  -4.640  -30.899  85.032 0.0000000000
36446  -3.479  -31.134  85.297 0.0000000000
36445  -2.817  -30.978  85.500 0.0000000000
34784  -2.220  -33.377  83.978 0.0000000000
38894  -8.643  -28.547  83.843 0.0000000000
38033  -8.118  -28.986  83.977 0.0000000000
47189  -30.024  -17.406  77.339 0.0000000000
43155  -22.371  -23.344  77.469 0.0000000000
46501  -29.489  -18.609  77.605 0.0000000000
45842  -29.188  -19.183  77.342 0.0000000000
46508  -29.450  -18.657  76.788 0.0000000000
43810  -23.718  -23.101  78.807 0.0000000000
57485  -41.687  -3.651  60.241 0.0000000000
51008  -38.048  -12.354  69.405 0.0000000000
110548  -38.638  -12.784  68.825 0.0000000000
40829  -12.038  -26.266  76.080 0.0000000000
40814  -11.395  -26.598  77.057 0.0000000000
47947  -29.627  -16.721  80.268 0.0000000000
47944  -30.083  -15.885  80.492 0.0000000000
45120  -26.213  -20.090  82.038 0.0000000000
45124  -26.614  -20.281  81.251 0.0000000000
47161  -29.064  -17.046  80.995 0.0000000000
47165  -28.837  -17.614  80.881 0.0000000000
47166  -29.283  -17.272  80.370 0.0000000000
54039  -45.558  -8.062  65.236 0.0000000000
54047  -45.344  -8.282  64.314 0.0000000000
54868  -45.385  -7.264  64.583 0.0000000000
57471  -44.200  -4.163  63.380 0.0000000000
56617  -43.796  -4.666  62.797 0.0000000000
58298  -44.919  -3.050  64.031 0.0000000000
52444  -37.767  -10.365  71.247 0.0000000000
53203  -38.272  -9.338  70.866 0.0000000000
41686  -17.788  -25.512  77.267 0.0000000000
64674  -47.325  4.973  56.539 0.0000000000
38007  -5.956  -29.315  86.438 0.0000000000
38006  -5.207  -29.411  86.737 0.0000000000
38017  -4.853  -29.981  86.134 0.0000000000
49554  -32.567  -14.800  76.538 0.0000000000
50279  -31.754  -13.398  79.354 0.0000000000
50957  -32.021  -12.696  79.344 0.0000000000
52400  -33.794  -10.814  77.714 0.0000000000
44501  -26.629  -21.912  78.164 0.0000000000
43834  -26.042  -22.336  77.838 0.0000000000
42474  -19.239  -24.505  74.363 0.0000000000
42489  -18.351  -25.093  72.493 0.0000000000
59922  -44.203  -0.613  59.535 0.0000000000
61458  -46.516  1.252  60.826 0.0000000000
63044  -47.364  2.769  60.052 0.0000000000
110584  -42.522  -13.463  65.696 0.0000000000
110602  -43.036  -12.833  66.280 0.0000000000
53215  -40.963  -9.542  68.416 0.0000000000
53226  -44.211  -10.090  68.623 0.0000000000
52468  -44.945  -9.754  67.966 0.0000000000
38915  -9.886  -27.944  80.788 0.0000000000
36482  -5.711  -32.160  81.917 0.0000000000
53192  -36.842  -9.079  73.521 0.0000000000
41727  -16.371  -25.533  74.181 0.0000000000
38032  -7.412  -29.138  84.614 0.0000000000
38868  -7.657  -28.551  85.620 0.0000000000
38020  -7.095  -29.124  85.404 0.0000000000
42463  -20.125  -23.716  75.421 0.0000000000
43177  -21.835  -22.843  75.978 0.0000000000
43866  -21.798  -22.133  74.703 0.0000000000
43178  -22.676  -22.659  75.605 0.0000000000
45167  -28.441  -20.510  76.575 0.0000000000
45172  -28.476  -20.489  75.818 0.0000000000
45866  -29.064  -19.354  75.140 0.0000000000
43798  -22.815  -23.154  80.289 0.0000000000
43120  -22.222  -23.379  80.364 0.0000000000
43141  -21.201  -23.798  78.812 0.0000000000
43164  -20.944  -23.626  77.066 0.0000000000
54889  -42.347  -6.454  59.899 0.0000000000
51723  -35.972  -12.438  70.536 0.0000000000
54015  -43.777  -8.818  69.673 0.0000000000
40807  -14.337  -25.912  78.846 0.0000000000
40806  -13.462  -26.023  78.673 0.0000000000
40793  -12.804  -26.293  79.369 0.0000000000
39855  -10.895  -26.972  77.997 0.0000000000
39841  -10.503  -27.381  79.018 0.0000000000
47178  -29.594  -17.755  78.861 0.0000000000
47179  -30.052  -17.253  78.308 0.0000000000
48755  -30.433  -15.440  80.172 0.0000000000
45141  -26.942  -21.040  79.705 0.0000000000
46474  -27.946  -18.542  81.492 0.0000000000
45820  -27.972  -20.099  79.526 0.0000000000
45821  -28.396  -19.683  79.308 0.0000000000
47171  -29.473  -17.494  79.643 0.0000000000
44470  -25.449  -21.531  80.866 0.0000000000
110624  -44.906  -10.507  64.261 0.0000000000
110631  -44.463  -8.883  62.727 0.0000000000
110609  -44.318  -9.300  62.573 0.0000000000
110632  -44.105  -8.798  62.038 0.0000000000
55745  -45.155  -6.530  64.286 0.0000000000
55754  -43.961  -5.797  62.652 0.0000000000
54875  -43.750  -7.010  61.719 0.0000000000
58302  -43.963  -2.741  62.651 0.0000000000
59898  -44.685  -1.731  62.798 0.0000000000
60689  -45.386  -0.521  63.404 0.0000000000
52435  -35.721  -10.575  73.528 0.0000000000
51726  -38.713  -10.984  70.060 0.0000000000
53207  -39.817  -9.290  68.969 0.0000000000
41713  -15.700  -25.523  75.132 0.0000000000
37187  -2.946  -30.110  86.444 0.0000000000
48760  -31.163  -15.164  78.629 0.0000000000
49549  -32.001  -14.428  78.072 0.0000000000
51679  -33.562  -12.057  77.568 0.0000000000
50961  -32.757  -12.709  78.303 0.0000000000
50964  -33.651  -12.492  77.080 0.0000000000
51687  -34.641  -11.206  75.816 0.0000000000
52419  -34.987  -10.457  76.031 0.0000000000
53963  -34.683  -8.874  77.093 0.0000000000
53169  -35.184  -9.676  76.827 0.0000000000
53176  -35.784  -9.131  75.496 0.0000000000
43196  -20.057  -22.850  72.336 0.0000000000
43201  -20.281  -22.744  71.049 0.0000000000
43821  -24.376  -22.897  78.022 0.0000000000
43843  -25.158  -22.713  76.713 0.0000000000
43832  -24.602  -22.865  76.940 0.0000000000
43188  -22.832  -22.494  74.919 0.0000000000
43845  -26.511  -22.290  76.586 0.0000000000
42442  -19.766  -24.349  76.959 0.0000000000
41716  -18.536  -24.999  75.416 0.0000000000
41701  -18.156  -25.301  76.319 0.0000000000
58300  -42.398  -2.748  60.991 0.0000000000
59911  -44.333  -1.026  61.363 0.0000000000
61451  -46.242  1.120  62.187 0.0000000000
60695  -44.596  -0.386  60.192 0.0000000000
110746  -47.147  1.954  58.193 0.0000000000
64670  -47.690  4.680  57.480 0.0000000000
64663  -47.905  4.671  58.145 0.0000000000
38059  -8.075  -29.681  81.309 0.0000000000
38058  -7.695  -29.913  81.917 0.0000000000
50982  -34.042  -12.397  72.497 0.0000000000
110596  -42.771  -12.973  63.436 0.0000000000
52463  -41.248  -10.707  68.297 0.0000000000
51738  -41.642  -11.819  67.986 0.0000000000
110644  -44.941  -11.104  65.209 0.0000000000
51749  -45.202  -10.625  65.696 0.0000000000
53233  -45.472  -9.070  67.012 0.0000000000
38051  -8.785  -29.021  81.758 0.0000000000
37232  -7.139  -30.327  82.101 0.0000000000
37225  -6.998  -30.129  82.939 0.0000000000
37224  -6.215  -30.641  83.233 0.0000000000
37223  -5.718  -30.935  83.862 0.0000000000
35693  -4.712  -33.728  82.305 0.0000000000
35662  -4.572  -32.499  83.701 0.0000000000
36447  -4.096  -31.202  84.994 0.0000000000
36444  -2.461  -30.675  85.544 0.0000000000
34801  -1.860  -34.000  83.446 0.0000000000
47199  -29.832  -17.499  76.411 0.0000000000
43166  -22.522  -23.097  76.535 0.0000000000
46513  -29.365  -18.720  76.032 0.0000000000
43142  -22.209  -23.453  78.460 0.0000000000
55760  -42.043  -5.355  60.182 0.0000000000
51000  -36.300  -12.763  69.831 0.0000000000
39868  -10.029  -28.149  77.127 0.0000000000
44481  -25.765  -21.669  80.135 0.0000000000
45125  -27.200  -19.834  81.150 0.0000000000
46475  -28.316  -18.203  81.238 0.0000000000
46482  -28.881  -18.883  79.490 0.0000000000
46479  -29.251  -17.804  79.985 0.0000000000
45123  -25.896  -20.511  81.704 0.0000000000
52490  -45.280  -9.300  64.457 0.0000000000
110646  -45.109  -9.231  63.878 0.0000000000
53250  -45.299  -8.906  64.293 0.0000000000
54046  -45.129  -8.399  63.755 0.0000000000
54051  -44.860  -7.940  63.453 0.0000000000
56624  -43.801  -5.153  62.695 0.0000000000
53197  -37.211  -9.337  72.779 0.0000000000
52443  -37.229  -10.653  71.642 0.0000000000
41659  -18.148  -25.503  79.042 0.0000000000
63874  -46.823  4.140  55.988 0.0000000000
63880  -46.469  4.450  55.507 0.0000000000
110518  -31.936  -15.887  75.914 0.0000000000
110527  -32.664  -15.424  75.919 0.0000000000
49545  -31.229  -14.592  79.348 0.0000000000
54777  -35.432  -8.354  76.246 0.0000000000
43202  -20.734  -21.565  71.691 0.0000000000
43858  -26.698  -22.261  75.818 0.0000000000
42422  -19.595  -24.630  78.725 0.0000000000
42451  -19.633  -24.393  76.100 0.0000000000
42461  -19.038  -24.706  75.048 0.0000000000
42473  -18.698  -24.862  74.630 0.0000000000
41748  -17.830  -25.310  73.536 0.0000000000
59112  -43.686  -1.952  61.779 0.0000000000
59121  -42.987  -1.945  60.987 0.0000000000
61455  -46.351  1.079  61.359 0.0000000000
61456  -46.330  0.870  60.819 0.0000000000
110737  -46.453  1.038  60.198 0.0000000000
37247  -7.825  -30.451  80.101 0.0000000000
37246  -7.278  -30.908  80.414 0.0000000000
51715  -34.632  -11.722  72.744 0.0000000000
110593  -42.342  -13.480  64.408 0.0000000000
110607  -42.545  -13.275  64.508 0.0000000000
53224  -41.453  -10.291  68.313 0.0000000000
52458  -43.309  -10.037  69.077 0.0000000000
51740  -44.224  -11.169  67.680 0.0000000000
52473  -45.086  -10.624  66.809 0.0000000000
38906  -9.876  -27.885  81.755 0.0000000000
38914  -9.283  -28.471  81.293 0.0000000000
38078  -8.583  -29.780  79.065 0.0000000000
34804  -4.100  -33.658  82.975 0.0000000000
35678  -4.087  -33.405  83.236 0.0000000000
35660  -3.188  -32.541  84.316 0.0000000000
46467  -27.245  -18.655  82.192 0.0000000000
47160  -28.569  -17.235  81.371 0.0000000000
55735  -45.494  -6.278  66.301 0.0000000000
58293  -45.089  -3.457  64.679 0.0000000000
37201  -5.735  -30.067  85.249 0.0000000000
47974  -30.132  -17.130  75.528 0.0000000000
48779  -30.627  -16.456  76.179 0.0000000000
43876  -21.225  -21.802  74.046 0.0000000000
43877  -22.024  -21.896  74.153 0.0000000000
45151  -27.651  -20.911  78.307 0.0000000000
45159  -27.736  -21.091  77.745 0.0000000000
44503  -27.716  -21.251  77.315 0.0000000000
44513  -27.966  -21.140  76.706 0.0000000000
44519  -27.624  -21.427  75.869 0.0000000000
42434  -20.634  -24.072  79.075 0.0000000000
43140  -20.799  -23.871  78.446 0.0000000000
110654  -42.731  -7.733  59.911 0.0000000000
63849  -47.548  3.587  60.345 0.0000000000
54013  -41.669  -9.132  69.445 0.0000000000
53209  -42.173  -9.234  69.608 0.0000000000
54014  -43.342  -9.164  69.731 0.0000000000
53219  -44.242  -9.112  69.330 0.0000000000
54021  -44.846  -8.390  68.486 0.0000000000
33915  -3.311  -34.811  83.409 0.0000000000
43820  -23.722  -23.097  78.168 0.0000000000
44492  -25.881  -21.869  79.449 0.0000000000
44493  -26.382  -21.767  78.919 0.0000000000
45133  -27.331  -20.128  80.592 0.0000000000
45142  -27.468  -20.586  79.431 0.0000000000
44469  -24.846  -21.575  81.325 0.0000000000
110611  -42.859  -10.853  60.818 0.0000000000
110634  -43.085  -9.797  60.398 0.0000000000
54057  -43.861  -7.794  61.641 0.0000000000
110653  -43.373  -7.793  60.798 0.0000000000
55761  -42.461  -5.698  60.636 0.0000000000
56632  -41.930  -4.830  60.317 0.0000000000
59110  -44.952  -2.366  63.810 0.0000000000
59899  -45.103  -1.501  63.523 0.0000000000
51730  -38.275  -11.839  69.670 0.0000000000
54000  -39.138  -8.367  69.540 0.0000000000
41684  -15.655  -25.641  77.513 0.0000000000
41682  -13.915  -25.579  77.419 0.0000000000
40830  -13.019  -25.735  76.378 0.0000000000
65403  -47.216  5.712  55.859 0.0000000000
65407  -46.821  5.591  55.225 0.0000000000
50301  -33.396  -15.475  74.180 0.0000000000
49552  -31.618  -14.886  77.717 0.0000000000
53184  -35.892  -9.133  74.859 0.0000000000
43167  -23.405  -22.939  76.280 0.0000000000
44534  -22.707  -22.305  74.032 0.0000000000
44511  -26.643  -22.134  77.347 0.0000000000
43856  -25.292  -22.638  76.142 0.0000000000
110424  -25.463  -22.596  75.609 0.0000000000
110422  -24.903  -22.662  75.665 0.0000000000
43179  -24.058  -22.690  75.048 0.0000000000
44542  -23.172  -22.519  73.828 0.0000000000
41649  -18.661  -25.273  79.569 0.0000000000
41703  -19.430  -24.630  76.654 0.0000000000
41688  -19.304  -24.804  77.167 0.0000000000
59126  -41.564  -0.983  59.456 0.0000000000
60696  -44.799  -0.408  60.971 0.0000000000
64675  -47.781  5.385  57.130 0.0000000000
37238  -6.664  -30.983  81.532 0.0000000000
37245  -6.851  -31.183  80.898 0.0000000000
52456  -42.273  -10.345  68.476 0.0000000000
52486  -45.332  -9.695  65.019 0.0000000000
38067  -8.197  -29.801  80.454 0.0000000000
37200  -5.055  -30.345  85.472 0.0000000000
35694  -5.257  -33.245  81.902 0.0000000000
36471  -4.988  -32.206  83.629 0.0000000000
36460  -5.291  -31.544  83.950 0.0000000000
37199  -4.141  -30.506  85.736 0.0000000000
37198  -3.262  -30.602  85.925 0.0000000000
37197  -2.652  -30.449  85.922 0.0000000000
33914  -2.437  -35.129  83.499 0.0000000000
43855  -24.963  -22.669  75.959 0.0000000000
43867  -22.360  -22.219  74.564 0.0000000000
43878  -22.459  -22.167  74.179 0.0000000000
44532  -21.954  -21.722  73.512 0.0000000000
44533  -22.423  -22.106  73.823 0.0000000000
44541  -22.457  -22.097  73.394 0.0000000000
54867  -45.240  -6.979  64.213 0.0000000000
54871  -45.227  -7.754  63.985 0.0000000000
58310  -40.915  -2.220  59.278 0.0000000000
110620  -42.481  -13.424  64.703 0.0000000000
110650  -45.189  -8.749  63.904 0.0000000000
110651  -44.805  -8.814  63.330 0.0000000000
