#!ascii label  , from subject 3253 vox2ras=TkReg
926
110550  -42.755  -14.317  65.041 0.0000000000
57488  -49.463  -4.320  61.744 0.0000000000
52493  -46.689  -10.662  63.154 0.0000000000
37226  -11.902  -30.406  84.183 0.0000000000
50312  -36.626  -13.766  73.035 0.0000000000
41614  -24.167  -24.945  83.353 0.0000000000
43792  -30.225  -22.388  81.800 0.0000000000
47181  -33.210  -17.663  78.516 0.0000000000
49561  -37.572  -14.918  76.233 0.0000000000
38963  -17.534  -27.799  78.611 0.0000000000
40722  -20.435  -26.770  83.911 0.0000000000
39860  -20.894  -27.265  78.582 0.0000000000
43158  -27.702  -23.639  77.799 0.0000000000
45144  -30.507  -20.214  78.820 0.0000000000
49604  -43.734  -14.758  70.382 0.0000000000
48838  -46.173  -15.466  66.327 0.0000000000
55750  -47.567  -6.994  62.951 0.0000000000
48872  -45.848  -16.083  61.894 0.0000000000
59917  -47.902  -0.283  60.427 0.0000000000
36461  -8.010  -31.881  85.445 0.0000000000
49581  -40.445  -14.664  73.398 0.0000000000
51002  -40.023  -13.287  70.162 0.0000000000
41689  -24.967  -25.835  78.307 0.0000000000
43102  -27.383  -23.528  82.511 0.0000000000
48863  -48.323  -15.862  62.642 0.0000000000
63081  -51.054  2.789  51.905 0.0000000000
47190  -32.074  -17.980  77.312 0.0000000000
47964  -33.643  -16.497  77.138 0.0000000000
39844  -19.365  -27.569  79.188 0.0000000000
43837  -30.346  -22.271  76.591 0.0000000000
45843  -30.642  -19.738  77.030 0.0000000000
45834  -31.364  -18.915  78.283 0.0000000000
50349  -43.079  -13.944  68.528 0.0000000000
49615  -44.290  -15.187  68.268 0.0000000000
49622  -44.759  -14.721  65.623 0.0000000000
56628  -48.639  -5.536  62.671 0.0000000000
54885  -49.280  -7.335  62.016 0.0000000000
58322  -50.115  -3.041  60.581 0.0000000000
36493  -10.988  -32.317  81.744 0.0000000000
37216  -10.351  -31.186  85.299 0.0000000000
50296  -36.810  -13.904  74.919 0.0000000000
49567  -38.669  -14.769  75.283 0.0000000000
50305  -38.361  -13.446  74.279 0.0000000000
50978  -40.408  -13.281  72.088 0.0000000000
50323  -38.031  -13.045  72.156 0.0000000000
40737  -22.452  -25.906  83.647 0.0000000000
39773  -23.158  -27.312  85.490 0.0000000000
40716  -24.437  -26.686  85.251 0.0000000000
41604  -25.566  -25.707  84.221 0.0000000000
40851  -23.453  -26.927  75.661 0.0000000000
41704  -25.181  -26.179  76.235 0.0000000000
44484  -28.902  -21.933  80.227 0.0000000000
43124  -26.879  -23.144  79.941 0.0000000000
43780  -28.820  -22.857  82.227 0.0000000000
42397  -29.203  -24.542  82.936 0.0000000000
38071  -14.390  -29.217  81.071 0.0000000000
38889  -16.165  -28.564  84.071 0.0000000000
39737  -16.636  -27.443  87.230 0.0000000000
50362  -46.427  -13.219  63.605 0.0000000000
49643  -47.474  -14.967  62.488 0.0000000000
51036  -47.578  -12.723  63.556 0.0000000000
63087  -50.883  1.958  50.329 0.0000000000
38843  -10.876  -28.918  87.554 0.0000000000
47183  -35.206  -17.906  78.789 0.0000000000
47968  -37.361  -16.924  77.267 0.0000000000
47966  -35.601  -16.453  77.849 0.0000000000
49558  -35.375  -14.960  76.116 0.0000000000
38919  -17.511  -28.377  81.160 0.0000000000
39785  -19.611  -27.201  84.001 0.0000000000
39811  -19.306  -27.691  81.126 0.0000000000
40764  -20.827  -27.232  81.461 0.0000000000
40783  -22.633  -27.119  80.860 0.0000000000
42466  -27.280  -24.754  76.020 0.0000000000
43170  -29.213  -23.697  76.402 0.0000000000
43826  -29.218  -22.213  78.426 0.0000000000
44474  -30.060  -21.211  80.483 0.0000000000
45135  -31.481  -19.996  80.286 0.0000000000
46487  -34.139  -18.741  79.314 0.0000000000
38960  -15.439  -28.199  78.078 0.0000000000
48806  -42.668  -15.735  71.931 0.0000000000
47233  -44.171  -17.695  71.306 0.0000000000
48019  -44.555  -16.746  69.666 0.0000000000
48829  -45.731  -16.764  67.624 0.0000000000
54059  -47.116  -8.737  62.819 0.0000000000
51768  -48.609  -11.434  63.058 0.0000000000
53257  -48.993  -9.420  62.623 0.0000000000
33009  -3.538  -35.355  88.448 0.0000000000
47287  -44.304  -17.530  62.812 0.0000000000
110647  -45.150  -12.669  63.108 0.0000000000
54892  -45.971  -8.588  61.079 0.0000000000
55763  -46.038  -6.592  61.715 0.0000000000
57478  -46.304  -4.773  62.271 0.0000000000
58306  -47.466  -3.760  62.562 0.0000000000
59122  -48.303  -1.960  62.132 0.0000000000
59904  -46.339  -2.466  61.672 0.0000000000
37995  -8.765  -29.721  87.720 0.0000000000
37172  -6.590  -30.813  88.842 0.0000000000
35619  -4.826  -32.741  88.904 0.0000000000
47227  -40.249  -17.754  72.914 0.0000000000
47979  -38.738  -16.714  75.991 0.0000000000
47989  -40.038  -16.384  74.143 0.0000000000
47994  -41.067  -16.394  72.946 0.0000000000
49588  -41.744  -14.640  72.197 0.0000000000
50336  -42.110  -13.698  70.664 0.0000000000
110558  -41.594  -13.724  68.199 0.0000000000
39757  -21.607  -27.789  85.661 0.0000000000
39878  -23.122  -27.400  78.061 0.0000000000
41661  -23.903  -25.831  80.274 0.0000000000
41676  -25.943  -24.960  78.047 0.0000000000
42417  -25.223  -24.240  80.530 0.0000000000
42395  -25.220  -24.154  82.424 0.0000000000
42384  -27.240  -24.809  83.181 0.0000000000
36506  -12.335  -31.510  81.095 0.0000000000
38069  -13.007  -30.166  81.017 0.0000000000
38036  -13.127  -29.330  84.301 0.0000000000
48054  -46.457  -16.593  63.432 0.0000000000
48848  -47.546  -16.427  65.176 0.0000000000
48048  -48.646  -17.112  65.082 0.0000000000
50369  -48.604  -13.473  62.377 0.0000000000
59923  -49.890  -0.573  60.175 0.0000000000
61466  -50.557  0.549  57.891 0.0000000000
62286  -51.342  1.243  55.854 0.0000000000
63070  -50.615  2.638  54.666 0.0000000000
61485  -51.665  0.788  54.155 0.0000000000
46509  -31.485  -18.498  76.690 0.0000000000
47208  -31.795  -18.117  76.099 0.0000000000
46521  -31.453  -18.707  75.079 0.0000000000
45168  -30.536  -20.501  75.748 0.0000000000
45852  -30.661  -19.833  76.079 0.0000000000
45844  -31.120  -18.991  77.344 0.0000000000
110583  -43.476  -14.147  67.118 0.0000000000
50356  -44.153  -14.446  66.445 0.0000000000
110601  -43.997  -14.709  65.033 0.0000000000
57481  -48.892  -4.432  62.410 0.0000000000
56629  -49.341  -5.407  62.109 0.0000000000
56636  -49.789  -5.334  61.357 0.0000000000
57489  -50.021  -4.230  60.995 0.0000000000
36485  -11.111  -32.183  82.926 0.0000000000
36484  -10.228  -32.462  82.569 0.0000000000
36465  -11.208  -31.255  84.537 0.0000000000
50303  -36.408  -13.987  74.096 0.0000000000
50297  -37.732  -13.742  75.123 0.0000000000
50304  -37.214  -13.499  74.134 0.0000000000
50314  -38.728  -12.996  73.083 0.0000000000
50313  -37.588  -13.176  73.012 0.0000000000
39753  -18.537  -27.678  85.944 0.0000000000
41601  -23.105  -25.707  83.895 0.0000000000
40725  -23.348  -25.989  84.632 0.0000000000
41602  -23.967  -25.364  84.081 0.0000000000
40727  -25.134  -26.301  84.872 0.0000000000
42370  -24.773  -24.901  83.683 0.0000000000
44462  -29.471  -21.944  81.213 0.0000000000
43805  -28.903  -22.113  81.144 0.0000000000
43791  -29.344  -22.268  81.540 0.0000000000
43105  -29.861  -23.755  82.525 0.0000000000
38901  -17.046  -28.491  82.925 0.0000000000
39782  -16.906  -28.124  84.342 0.0000000000
39752  -17.680  -27.551  86.122 0.0000000000
46533  -41.001  -18.475  72.319 0.0000000000
51760  -46.751  -12.102  63.755 0.0000000000
51029  -47.086  -12.698  63.754 0.0000000000
51761  -47.275  -12.075  63.816 0.0000000000
47182  -34.265  -17.576  78.638 0.0000000000
47957  -35.761  -17.301  78.232 0.0000000000
47956  -34.896  -17.031  78.170 0.0000000000
110526  -34.387  -15.816  76.471 0.0000000000
48788  -34.463  -15.793  75.256 0.0000000000
49571  -35.186  -15.388  74.469 0.0000000000
38928  -17.734  -28.102  80.110 0.0000000000
39810  -18.367  -27.936  81.115 0.0000000000
39824  -18.683  -27.696  79.993 0.0000000000
39859  -19.962  -27.365  78.387 0.0000000000
39825  -19.738  -27.533  80.198 0.0000000000
39826  -20.671  -27.549  80.264 0.0000000000
39814  -21.765  -27.380  80.990 0.0000000000
39847  -22.153  -27.669  79.565 0.0000000000
43189  -28.007  -23.906  75.016 0.0000000000
44505  -30.355  -21.610  77.228 0.0000000000
44504  -29.806  -21.894  78.009 0.0000000000
44496  -30.066  -21.101  78.314 0.0000000000
44495  -29.523  -21.551  78.804 0.0000000000
44486  -29.951  -20.956  79.360 0.0000000000
45134  -30.628  -20.441  79.887 0.0000000000
45145  -31.053  -19.775  79.473 0.0000000000
46494  -32.504  -18.065  78.458 0.0000000000
46485  -32.553  -18.456  79.108 0.0000000000
47174  -33.813  -18.046  79.007 0.0000000000
47175  -34.503  -18.177  79.084 0.0000000000
38961  -16.375  -27.868  78.189 0.0000000000
48813  -43.169  -15.240  71.413 0.0000000000
48815  -44.233  -16.234  70.630 0.0000000000
48818  -44.073  -15.322  70.431 0.0000000000
48834  -45.761  -15.460  67.028 0.0000000000
48828  -45.180  -16.425  67.827 0.0000000000
48835  -46.133  -16.331  67.305 0.0000000000
48033  -46.188  -17.139  67.473 0.0000000000
48839  -46.799  -15.958  66.247 0.0000000000
54872  -47.556  -7.567  62.970 0.0000000000
53256  -48.480  -9.469  63.047 0.0000000000
54054  -48.319  -8.362  63.036 0.0000000000
54066  -49.968  -8.201  60.993 0.0000000000
54884  -46.153  -7.736  61.474 0.0000000000
55762  -45.712  -7.057  61.036 0.0000000000
57487  -45.408  -5.032  61.439 0.0000000000
57477  -45.745  -4.587  61.920 0.0000000000
58305  -46.655  -3.930  62.367 0.0000000000
59115  -46.134  -3.221  62.039 0.0000000000
35666  -8.648  -32.232  84.422 0.0000000000
35646  -6.666  -32.139  85.636 0.0000000000
38814  -10.436  -28.814  89.203 0.0000000000
37996  -9.651  -29.368  87.676 0.0000000000
38813  -9.773  -28.978  89.102 0.0000000000
37165  -7.252  -30.651  89.611 0.0000000000
37154  -6.561  -31.659  90.083 0.0000000000
36426  -5.506  -31.797  88.236 0.0000000000
35610  -5.566  -32.940  89.777 0.0000000000
33877  -5.339  -34.221  90.035 0.0000000000
48782  -37.312  -15.769  77.012 0.0000000000
47978  -38.024  -16.771  76.704 0.0000000000
48783  -38.324  -15.663  76.065 0.0000000000
49574  -39.138  -14.476  74.729 0.0000000000
48794  -39.703  -15.481  74.532 0.0000000000
48795  -40.280  -15.500  73.852 0.0000000000
47993  -40.455  -16.382  73.449 0.0000000000
48799  -40.815  -15.543  73.161 0.0000000000
48800  -41.622  -15.626  72.502 0.0000000000
49582  -41.059  -14.711  72.759 0.0000000000
50993  -40.122  -12.942  70.907 0.0000000000
50335  -41.222  -13.469  71.252 0.0000000000
50994  -40.840  -13.232  70.361 0.0000000000
50995  -41.430  -13.455  69.430 0.0000000000
110552  -40.318  -13.776  68.867 0.0000000000
39786  -20.188  -26.982  84.390 0.0000000000
39770  -20.335  -27.165  85.009 0.0000000000
39771  -21.291  -27.158  85.356 0.0000000000
40835  -23.761  -27.101  76.534 0.0000000000
40820  -23.045  -27.246  77.295 0.0000000000
40809  -24.082  -26.923  78.623 0.0000000000
40799  -23.820  -26.581  79.698 0.0000000000
40800  -24.416  -26.046  79.303 0.0000000000
42445  -27.588  -24.102  77.372 0.0000000000
42444  -26.967  -24.586  77.265 0.0000000000
42437  -27.298  -23.846  77.915 0.0000000000
43788  -26.928  -22.778  80.903 0.0000000000
43123  -26.429  -23.295  80.481 0.0000000000
43122  -25.728  -23.650  81.003 0.0000000000
42407  -25.137  -24.145  81.525 0.0000000000
43112  -25.771  -23.752  81.923 0.0000000000
43091  -26.139  -24.179  82.968 0.0000000000
43092  -26.872  -24.155  82.974 0.0000000000
45137  -33.297  -20.896  80.648 0.0000000000
38070  -13.757  -29.522  80.634 0.0000000000
38062  -13.649  -29.764  81.738 0.0000000000
38061  -13.033  -30.198  82.032 0.0000000000
39711  -17.014  -27.881  88.605 0.0000000000
48070  -44.970  -17.178  61.941 0.0000000000
48052  -45.391  -16.408  63.778 0.0000000000
48071  -46.265  -16.611  62.294 0.0000000000
48862  -47.456  -16.218  62.784 0.0000000000
48855  -48.144  -16.443  63.982 0.0000000000
48849  -48.101  -16.611  64.881 0.0000000000
48856  -48.863  -16.080  63.432 0.0000000000
51772  -49.118  -11.207  62.397 0.0000000000
51040  -48.998  -12.346  62.486 0.0000000000
50373  -49.238  -13.326  61.700 0.0000000000
59128  -48.279  -0.830  61.314 0.0000000000
59129  -49.424  -1.695  61.136 0.0000000000
59918  -49.018  -0.050  60.724 0.0000000000
61462  -49.425  1.259  58.412 0.0000000000
62273  -49.723  1.560  57.792 0.0000000000
61473  -50.803  0.792  57.402 0.0000000000
63053  -50.365  1.946  56.763 0.0000000000
63896  -50.248  3.287  52.592 0.0000000000
63890  -49.892  3.092  53.839 0.0000000000
63075  -50.861  2.852  53.916 0.0000000000
63071  -51.421  2.039  54.329 0.0000000000
62298  -51.565  1.229  52.880 0.0000000000
62303  -51.410  1.092  51.871 0.0000000000
62310  -51.029  1.138  49.671 0.0000000000
47180  -32.682  -17.728  78.209 0.0000000000
47192  -33.157  -16.998  77.672 0.0000000000
47963  -32.982  -16.919  76.829 0.0000000000
47201  -32.468  -17.483  75.760 0.0000000000
39843  -18.591  -27.660  78.942 0.0000000000
44514  -30.478  -21.536  75.812 0.0000000000
45161  -30.523  -20.633  76.609 0.0000000000
45153  -30.422  -20.472  77.680 0.0000000000
45822  -31.044  -19.449  78.823 0.0000000000
45833  -30.712  -19.552  78.022 0.0000000000
46493  -31.954  -18.448  78.446 0.0000000000
50350  -43.562  -14.342  69.176 0.0000000000
49611  -44.255  -15.253  69.264 0.0000000000
49617  -43.936  -14.663  67.946 0.0000000000
49618  -44.508  -14.760  67.157 0.0000000000
49623  -45.821  -15.057  66.014 0.0000000000
56620  -48.202  -5.922  63.061 0.0000000000
54880  -48.766  -7.307  62.516 0.0000000000
55758  -49.091  -6.418  62.361 0.0000000000
54886  -49.667  -7.296  61.278 0.0000000000
59136  -50.677  -2.007  59.047 0.0000000000
35684  -9.635  -32.435  83.067 0.0000000000
36451  -9.173  -31.422  85.625 0.0000000000
49565  -37.199  -14.140  75.798 0.0000000000
49573  -38.458  -14.138  75.091 0.0000000000
50306  -39.358  -13.713  73.900 0.0000000000
50316  -40.533  -13.752  72.797 0.0000000000
50315  -39.680  -13.333  73.116 0.0000000000
50984  -39.435  -12.914  71.868 0.0000000000
50333  -39.048  -13.172  71.178 0.0000000000
40723  -21.425  -26.420  84.045 0.0000000000
40713  -21.800  -26.575  84.959 0.0000000000
40714  -22.748  -26.533  85.156 0.0000000000
40715  -23.664  -26.592  85.249 0.0000000000
39788  -26.129  -27.218  84.501 0.0000000000
40852  -24.337  -26.760  75.681 0.0000000000
40837  -25.153  -26.432  77.101 0.0000000000
43813  -27.824  -22.888  78.905 0.0000000000
43134  -27.128  -23.248  79.288 0.0000000000
43803  -27.525  -22.649  80.060 0.0000000000
43789  -27.726  -22.517  81.201 0.0000000000
43779  -27.932  -22.800  82.132 0.0000000000
43103  -28.273  -23.620  82.707 0.0000000000
43104  -29.116  -23.599  82.670 0.0000000000
38942  -15.034  -28.571  79.182 0.0000000000
38917  -15.679  -28.863  81.367 0.0000000000
38888  -15.527  -28.606  84.407 0.0000000000
39765  -15.897  -27.927  85.382 0.0000000000
39781  -16.251  -28.150  84.687 0.0000000000
50366  -46.071  -13.903  63.354 0.0000000000
48873  -46.815  -15.886  62.196 0.0000000000
49642  -46.645  -14.611  62.793 0.0000000000
49644  -48.406  -14.644  62.375 0.0000000000
110732  -46.741  -0.238  59.396 0.0000000000
60702  -48.264  0.590  59.256 0.0000000000
110734  -47.372  0.212  59.033 0.0000000000
63082  -51.175  1.927  51.367 0.0000000000
63902  -50.649  2.665  50.465 0.0000000000
63906  -50.803  2.501  49.656 0.0000000000
38023  -12.263  -29.350  85.318 0.0000000000
38022  -11.672  -29.676  85.659 0.0000000000
47194  -37.019  -17.918  77.756 0.0000000000
47958  -36.227  -17.499  78.162 0.0000000000
47967  -36.496  -16.994  77.832 0.0000000000
48773  -36.342  -16.011  77.498 0.0000000000
47965  -34.569  -16.199  77.373 0.0000000000
48772  -35.437  -15.705  77.265 0.0000000000
48781  -36.122  -15.172  77.008 0.0000000000
49564  -36.068  -14.445  75.349 0.0000000000
49572  -35.831  -14.581  74.272 0.0000000000
39794  -17.790  -28.015  83.186 0.0000000000
39784  -18.634  -27.647  84.095 0.0000000000
39795  -18.737  -27.603  83.081 0.0000000000
39796  -19.485  -27.201  82.937 0.0000000000
40734  -20.171  -26.847  82.914 0.0000000000
39812  -20.291  -27.480  81.200 0.0000000000
40748  -20.675  -26.884  82.049 0.0000000000
40749  -21.630  -26.554  82.274 0.0000000000
40750  -22.490  -26.098  82.344 0.0000000000
41638  -23.239  -25.736  82.009 0.0000000000
42467  -27.896  -24.553  76.157 0.0000000000
43159  -28.338  -23.600  77.467 0.0000000000
43846  -29.750  -23.382  76.036 0.0000000000
43835  -28.930  -23.247  77.479 0.0000000000
43825  -28.544  -22.887  78.109 0.0000000000
43815  -29.106  -21.838  79.077 0.0000000000
44485  -29.332  -21.634  79.741 0.0000000000
44464  -30.816  -21.582  81.332 0.0000000000
44475  -30.913  -20.761  80.677 0.0000000000
45136  -32.384  -20.262  80.746 0.0000000000
45815  -33.099  -19.760  80.358 0.0000000000
45823  -31.780  -18.992  79.345 0.0000000000
45824  -32.772  -18.964  79.759 0.0000000000
45825  -33.661  -19.254  79.765 0.0000000000
45826  -34.575  -19.843  79.501 0.0000000000
38926  -15.790  -28.598  80.273 0.0000000000
48000  -42.246  -16.768  72.284 0.0000000000
48005  -43.584  -16.886  71.442 0.0000000000
47236  -44.496  -17.566  70.299 0.0000000000
47241  -44.557  -17.456  69.479 0.0000000000
48823  -44.489  -16.102  68.749 0.0000000000
48824  -44.642  -16.696  68.394 0.0000000000
53260  -47.119  -9.381  62.965 0.0000000000
52494  -47.418  -10.570  63.389 0.0000000000
53255  -47.661  -9.359  63.193 0.0000000000
52496  -48.845  -10.365  62.860 0.0000000000
52500  -49.227  -10.211  62.223 0.0000000000
54061  -48.960  -8.336  62.451 0.0000000000
52504  -49.542  -10.095  61.533 0.0000000000
110560  -43.024  -15.689  63.699 0.0000000000
48861  -43.729  -15.376  64.119 0.0000000000
110586  -43.254  -17.699  62.608 0.0000000000
47300  -44.504  -17.586  62.225 0.0000000000
48871  -44.652  -15.947  61.950 0.0000000000
50372  -45.350  -14.504  62.847 0.0000000000
51034  -45.810  -12.974  63.528 0.0000000000
51765  -46.003  -11.784  63.457 0.0000000000
52499  -46.023  -10.784  62.582 0.0000000000
53259  -46.641  -9.601  62.584 0.0000000000
54058  -46.611  -8.381  62.270 0.0000000000
54877  -46.574  -7.660  62.196 0.0000000000
55756  -47.091  -6.550  62.640 0.0000000000
56634  -45.484  -5.994  61.278 0.0000000000
56635  -45.905  -5.961  61.874 0.0000000000
56627  -47.119  -5.858  62.674 0.0000000000
57479  -47.208  -5.016  62.722 0.0000000000
57480  -48.142  -4.670  62.862 0.0000000000
58307  -48.281  -3.446  62.456 0.0000000000
59123  -49.161  -2.486  61.774 0.0000000000
59117  -47.556  -2.680  62.253 0.0000000000
59906  -47.324  -1.986  61.764 0.0000000000
59912  -46.422  -1.246  60.600 0.0000000000
110716  -46.430  -0.532  59.697 0.0000000000
37204  -10.568  -30.463  85.807 0.0000000000
37192  -9.432  -30.370  86.499 0.0000000000
37191  -8.582  -30.480  86.775 0.0000000000
37978  -8.409  -29.930  89.527 0.0000000000
37179  -7.623  -30.368  87.906 0.0000000000
36438  -7.264  -31.096  86.683 0.0000000000
36436  -5.846  -31.636  87.539 0.0000000000
35623  -4.844  -32.259  87.799 0.0000000000
35622  -4.128  -32.846  87.633 0.0000000000
33884  -4.268  -34.105  89.031 0.0000000000
47228  -40.774  -17.731  72.639 0.0000000000
47209  -39.028  -17.551  75.558 0.0000000000
48790  -39.050  -15.563  75.313 0.0000000000
47983  -39.141  -16.628  75.384 0.0000000000
47221  -39.979  -17.363  73.536 0.0000000000
47222  -40.619  -17.122  73.054 0.0000000000
47995  -41.623  -16.599  72.557 0.0000000000
48801  -42.063  -16.178  72.372 0.0000000000
48805  -42.109  -15.209  72.173 0.0000000000
49599  -42.809  -14.590  71.343 0.0000000000
50317  -41.182  -14.089  72.326 0.0000000000
50326  -41.637  -13.844  71.767 0.0000000000
50343  -43.137  -14.037  69.929 0.0000000000
50342  -42.311  -13.661  69.156 0.0000000000
50348  -42.401  -13.783  68.123 0.0000000000
110572  -42.257  -13.896  66.964 0.0000000000
49587  -35.978  -14.390  72.358 0.0000000000
50322  -37.095  -13.793  71.181 0.0000000000
110537  -38.405  -13.530  70.749 0.0000000000
110545  -39.326  -13.695  70.031 0.0000000000
110551  -39.602  -13.965  69.327 0.0000000000
110564  -40.466  -14.127  67.785 0.0000000000
110549  -41.889  -13.958  65.954 0.0000000000
110543  -41.690  -14.219  65.361 0.0000000000
39772  -22.219  -27.349  85.467 0.0000000000
39876  -21.562  -27.023  77.890 0.0000000000
40819  -22.198  -27.007  77.185 0.0000000000
39861  -21.809  -27.460  78.703 0.0000000000
39829  -22.999  -27.273  80.218 0.0000000000
40785  -23.521  -26.193  80.697 0.0000000000
42393  -23.958  -24.946  81.846 0.0000000000
41719  -25.811  -25.534  76.269 0.0000000000
41706  -26.082  -25.421  76.736 0.0000000000
41675  -25.391  -25.212  78.565 0.0000000000
42427  -26.399  -24.084  79.023 0.0000000000
42426  -25.622  -24.471  79.330 0.0000000000
41663  -24.977  -25.127  79.187 0.0000000000
42416  -24.719  -24.792  80.084 0.0000000000
42406  -24.418  -24.734  81.118 0.0000000000
42381  -24.674  -24.530  82.952 0.0000000000
42371  -25.500  -25.055  83.876 0.0000000000
41616  -26.716  -25.612  83.372 0.0000000000
36505  -11.636  -32.011  80.869 0.0000000000
37241  -12.042  -31.025  82.851 0.0000000000
38092  -13.064  -30.466  78.612 0.0000000000
37268  -12.593  -31.196  79.238 0.0000000000
37255  -12.588  -30.938  80.436 0.0000000000
37242  -12.521  -30.827  82.334 0.0000000000
37227  -12.222  -30.287  83.776 0.0000000000
38872  -12.850  -28.814  85.573 0.0000000000
39750  -15.847  -27.679  86.425 0.0000000000
110604  -44.988  -15.399  64.586 0.0000000000
49627  -45.580  -15.389  64.968 0.0000000000
48846  -46.310  -15.836  64.851 0.0000000000
48063  -46.727  -16.587  62.905 0.0000000000
48854  -47.105  -16.392  63.897 0.0000000000
48847  -46.829  -16.035  64.960 0.0000000000
48840  -47.319  -16.526  65.948 0.0000000000
51037  -48.333  -12.567  63.113 0.0000000000
59133  -50.271  -1.868  60.038 0.0000000000
59927  -50.428  -0.900  59.310 0.0000000000
60703  -49.418  0.439  59.722 0.0000000000
60705  -50.089  0.145  59.303 0.0000000000
60707  -50.503  -0.111  58.580 0.0000000000
60712  -51.259  -0.122  57.448 0.0000000000
61476  -51.409  0.424  56.299 0.0000000000
63064  -50.092  2.440  55.895 0.0000000000
63066  -51.256  1.993  55.242 0.0000000000
62290  -51.499  1.218  54.999 0.0000000000
62306  -51.151  1.090  50.832 0.0000000000
45860  -31.048  -19.228  75.469 0.0000000000
46514  -31.423  -18.638  75.854 0.0000000000
45859  -30.666  -19.858  75.178 0.0000000000
45853  -31.030  -19.142  76.414 0.0000000000
50358  -43.839  -14.357  65.839 0.0000000000
58316  -49.524  -3.174  61.380 0.0000000000
36486  -11.682  -31.490  83.238 0.0000000000
36476  -11.179  -31.824  83.932 0.0000000000
36477  -11.618  -31.097  84.056 0.0000000000
39768  -18.576  -27.742  85.042 0.0000000000
41613  -23.516  -25.394  83.181 0.0000000000
41603  -24.867  -25.518  84.302 0.0000000000
44463  -29.850  -21.817  81.242 0.0000000000
39767  -17.720  -27.742  85.163 0.0000000000
51766  -46.990  -11.456  63.608 0.0000000000
47955  -33.936  -16.915  77.976 0.0000000000
110517  -33.582  -16.436  75.999 0.0000000000
38945  -17.922  -27.817  79.155 0.0000000000
39845  -20.287  -27.505  79.353 0.0000000000
39846  -21.209  -27.577  79.467 0.0000000000
39827  -21.552  -27.611  80.319 0.0000000000
46495  -32.872  -18.096  78.849 0.0000000000
47173  -33.444  -18.020  78.912 0.0000000000
38944  -17.064  -27.955  79.086 0.0000000000
49600  -43.427  -14.883  71.068 0.0000000000
54873  -47.907  -7.523  63.163 0.0000000000
53266  -50.078  -8.969  60.678 0.0000000000
54883  -45.787  -7.562  60.955 0.0000000000
58304  -45.927  -3.946  62.077 0.0000000000
110726  -45.576  -3.689  61.694 0.0000000000
59114  -45.773  -3.414  61.840 0.0000000000
35665  -7.778  -32.330  84.629 0.0000000000
35647  -7.501  -31.993  85.432 0.0000000000
37980  -10.067  -29.082  89.681 0.0000000000
36402  -6.077  -32.388  90.092 0.0000000000
34748  -6.317  -33.528  90.341 0.0000000000
49575  -39.914  -14.585  74.097 0.0000000000
40711  -20.468  -26.919  84.522 0.0000000000
40712  -20.941  -26.787  84.681 0.0000000000
40822  -24.817  -26.454  77.757 0.0000000000
40821  -23.930  -27.179  77.644 0.0000000000
40810  -24.554  -26.319  78.808 0.0000000000
43778  -27.063  -22.912  81.842 0.0000000000
43113  -26.365  -23.268  81.436 0.0000000000
43101  -26.487  -23.652  82.354 0.0000000000
38887  -14.673  -28.845  84.431 0.0000000000
48062  -46.036  -17.058  62.811 0.0000000000
110762  -49.376  2.000  57.145 0.0000000000
62280  -49.914  1.887  57.383 0.0000000000
63052  -49.947  2.186  56.915 0.0000000000
63891  -50.479  3.106  53.353 0.0000000000
63076  -51.324  2.492  53.140 0.0000000000
63077  -51.392  1.928  52.228 0.0000000000
47191  -32.446  -17.662  77.539 0.0000000000
46515  -31.859  -18.197  75.398 0.0000000000
46502  -31.826  -18.327  77.561 0.0000000000
46503  -32.210  -18.151  78.000 0.0000000000
50354  -43.587  -14.375  68.331 0.0000000000
49619  -45.218  -14.934  66.641 0.0000000000
55757  -48.483  -6.540  62.757 0.0000000000
55765  -50.075  -6.326  60.982 0.0000000000
54893  -50.082  -7.277  60.563 0.0000000000
58326  -50.455  -3.072  59.561 0.0000000000
36475  -10.141  -32.331  83.824 0.0000000000
36474  -9.238  -32.216  84.407 0.0000000000
36463  -9.768  -31.783  85.031 0.0000000000
50976  -39.304  -12.970  72.538 0.0000000000
50324  -38.771  -12.895  72.053 0.0000000000
50332  -38.257  -13.257  71.473 0.0000000000
40736  -22.017  -26.024  83.235 0.0000000000
40724  -22.423  -26.055  84.222 0.0000000000
40726  -24.238  -26.018  84.803 0.0000000000
40728  -25.845  -26.373  84.398 0.0000000000
41717  -24.922  -26.193  75.770 0.0000000000
40836  -24.783  -26.688  76.653 0.0000000000
41705  -25.459  -26.023  76.712 0.0000000000
43814  -28.598  -22.231  79.390 0.0000000000
43804  -28.529  -22.169  80.621 0.0000000000
43790  -28.541  -22.398  81.510 0.0000000000
38925  -14.673  -28.961  80.410 0.0000000000
38900  -16.436  -28.605  83.307 0.0000000000
51035  -47.269  -13.003  63.632 0.0000000000
50367  -47.056  -13.560  63.374 0.0000000000
50368  -47.906  -13.644  62.863 0.0000000000
63901  -49.893  3.156  51.127 0.0000000000
63086  -50.904  2.624  51.045 0.0000000000
38871  -12.229  -28.984  85.909 0.0000000000
38815  -11.332  -28.595  89.333 0.0000000000
47184  -36.046  -18.055  78.425 0.0000000000
47185  -36.598  -18.291  78.148 0.0000000000
48780  -35.181  -15.291  76.395 0.0000000000
48771  -34.869  -15.678  76.915 0.0000000000
49559  -35.761  -14.813  76.213 0.0000000000
39802  -18.105  -28.039  82.143 0.0000000000
39803  -18.938  -27.606  82.082 0.0000000000
39804  -19.777  -27.245  82.050 0.0000000000
40735  -21.016  -26.493  83.079 0.0000000000
40765  -21.364  -27.062  81.534 0.0000000000
40766  -22.332  -26.898  81.372 0.0000000000
40751  -22.934  -25.907  82.106 0.0000000000
40767  -23.098  -26.172  81.500 0.0000000000
43181  -28.547  -24.214  75.847 0.0000000000
43180  -27.830  -24.435  75.654 0.0000000000
42455  -28.090  -24.295  76.659 0.0000000000
43169  -28.590  -23.915  76.755 0.0000000000
43847  -30.198  -22.720  75.946 0.0000000000
43836  -29.714  -22.894  77.224 0.0000000000
45814  -32.281  -19.525  80.176 0.0000000000
46486  -33.306  -18.394  79.160 0.0000000000
46488  -34.998  -18.825  79.282 0.0000000000
46496  -35.679  -18.835  78.820 0.0000000000
38943  -16.071  -28.263  79.174 0.0000000000
38911  -17.310  -28.553  82.166 0.0000000000
48807  -43.247  -16.303  71.627 0.0000000000
48001  -42.999  -16.859  72.005 0.0000000000
48006  -44.209  -16.774  70.940 0.0000000000
48011  -44.408  -16.611  70.333 0.0000000000
48026  -44.816  -17.217  68.287 0.0000000000
48027  -45.439  -17.235  67.843 0.0000000000
48034  -46.881  -17.291  67.124 0.0000000000
54060  -48.558  -7.847  62.700 0.0000000000
54065  -49.425  -8.266  61.620 0.0000000000
53261  -49.333  -9.248  61.966 0.0000000000
33016  -3.059  -35.507  87.775 0.0000000000
48084  -44.351  -16.700  61.654 0.0000000000
49652  -44.705  -14.629  62.525 0.0000000000
110627  -45.157  -13.740  63.077 0.0000000000
52498  -45.625  -11.152  62.161 0.0000000000
52503  -45.804  -10.647  61.937 0.0000000000
54064  -46.235  -9.071  61.641 0.0000000000
54878  -47.079  -7.617  62.674 0.0000000000
55755  -46.559  -6.989  62.196 0.0000000000
56625  -45.832  -5.368  61.926 0.0000000000
56626  -46.488  -5.878  62.299 0.0000000000
59905  -46.923  -2.251  61.742 0.0000000000
35664  -6.277  -33.035  84.159 0.0000000000
38011  -11.316  -29.480  86.378 0.0000000000
38021  -11.049  -29.894  85.966 0.0000000000
38010  -10.649  -29.636  86.634 0.0000000000
38009  -9.843  -29.717  86.849 0.0000000000
38008  -9.197  -29.823  87.024 0.0000000000
37202  -9.053  -30.852  86.057 0.0000000000
37970  -9.144  -30.058  90.237 0.0000000000
37977  -7.766  -30.257  89.281 0.0000000000
37173  -7.296  -30.397  88.721 0.0000000000
37190  -7.757  -30.598  87.071 0.0000000000
37189  -7.170  -30.770  87.324 0.0000000000
36437  -6.519  -31.332  87.130 0.0000000000
36427  -6.151  -31.210  88.093 0.0000000000
36417  -5.124  -32.405  88.869 0.0000000000
35618  -4.432  -32.757  88.217 0.0000000000
34762  -4.173  -33.386  88.476 0.0000000000
34763  -4.595  -33.628  89.142 0.0000000000
32999  -5.860  -35.540  90.405 0.0000000000
47195  -37.597  -17.932  77.219 0.0000000000
47969  -37.830  -17.372  77.064 0.0000000000
49566  -38.114  -14.595  75.652 0.0000000000
48789  -38.542  -15.141  75.577 0.0000000000
47988  -39.550  -16.424  74.777 0.0000000000
47216  -39.714  -17.066  74.278 0.0000000000
47223  -41.138  -17.079  72.739 0.0000000000
49589  -42.326  -14.872  71.900 0.0000000000
49598  -42.188  -14.260  71.651 0.0000000000
50325  -40.956  -13.547  71.989 0.0000000000
49597  -36.050  -14.285  71.775 0.0000000000
110520  -38.416  -13.911  69.934 0.0000000000
39769  -19.438  -27.578  84.960 0.0000000000
39756  -20.919  -27.695  85.761 0.0000000000
39877  -22.407  -27.284  77.990 0.0000000000
39862  -22.700  -27.600  78.748 0.0000000000
39848  -23.138  -27.444  79.604 0.0000000000
41650  -23.734  -25.636  80.853 0.0000000000
41639  -23.623  -25.513  81.519 0.0000000000
41640  -23.910  -25.194  81.051 0.0000000000
42453  -26.749  -24.917  76.646 0.0000000000
41691  -26.337  -24.988  77.418 0.0000000000
41690  -25.610  -25.714  77.631 0.0000000000
43145  -26.789  -23.751  78.894 0.0000000000
43132  -25.842  -23.804  80.161 0.0000000000
42425  -24.885  -24.929  79.542 0.0000000000
42394  -24.571  -24.550  82.100 0.0000000000
42382  -25.526  -24.437  83.163 0.0000000000
42383  -26.270  -24.885  83.463 0.0000000000
42396  -28.734  -24.056  82.974 0.0000000000
42385  -28.222  -24.608  83.042 0.0000000000
42386  -28.658  -24.997  83.077 0.0000000000
44465  -31.825  -21.793  81.417 0.0000000000
36494  -11.889  -31.649  82.100 0.0000000000
38924  -13.984  -29.250  79.910 0.0000000000
38079  -12.931  -30.221  79.866 0.0000000000
38052  -12.928  -30.086  82.956 0.0000000000
37234  -12.428  -30.516  83.222 0.0000000000
38045  -12.686  -29.854  83.815 0.0000000000
38035  -12.623  -29.449  84.702 0.0000000000
46538  -43.934  -18.693  71.515 0.0000000000
48060  -44.694  -16.147  63.695 0.0000000000
48053  -45.936  -16.668  63.578 0.0000000000
48852  -45.872  -16.029  64.328 0.0000000000
48845  -45.998  -15.630  64.857 0.0000000000
48853  -46.436  -16.295  64.169 0.0000000000
48072  -46.847  -16.376  62.491 0.0000000000
48055  -48.461  -16.736  64.787 0.0000000000
48047  -48.145  -16.980  65.468 0.0000000000
52495  -48.193  -10.456  63.340 0.0000000000
51767  -47.844  -11.661  63.732 0.0000000000
49645  -49.082  -14.415  62.151 0.0000000000
61459  -49.126  1.096  59.093 0.0000000000
61463  -50.084  0.819  58.468 0.0000000000
61460  -49.657  0.778  59.045 0.0000000000
60708  -51.004  -0.211  57.975 0.0000000000
62283  -51.253  1.050  56.550 0.0000000000
61474  -51.244  0.543  57.073 0.0000000000
61479  -51.499  0.447  55.491 0.0000000000
63886  -49.829  2.901  54.524 0.0000000000
63068  -49.190  2.478  55.459 0.0000000000
63069  -49.996  2.685  55.164 0.0000000000
63065  -50.650  2.332  55.539 0.0000000000
62297  -51.594  1.342  53.779 0.0000000000
62293  -51.602  1.161  54.394 0.0000000000
61482  -51.578  0.358  54.686 0.0000000000
61486  -51.629  0.274  53.732 0.0000000000
47200  -31.949  -17.947  76.834 0.0000000000
44521  -30.354  -21.269  74.514 0.0000000000
49621  -44.419  -14.799  65.095 0.0000000000
56637  -50.207  -5.278  60.546 0.0000000000
57495  -50.360  -4.182  60.089 0.0000000000
36464  -10.662  -31.673  84.692 0.0000000000
41612  -22.732  -25.785  83.269 0.0000000000
41600  -22.673  -25.844  83.781 0.0000000000
44472  -28.889  -21.967  80.554 0.0000000000
43781  -29.655  -22.947  82.257 0.0000000000
43782  -30.401  -23.152  82.212 0.0000000000
39766  -16.847  -27.734  85.301 0.0000000000
51028  -46.461  -12.623  63.708 0.0000000000
50363  -46.772  -13.038  63.700 0.0000000000
51762  -47.541  -12.213  63.766 0.0000000000
47976  -33.963  -16.096  76.781 0.0000000000
49563  -35.249  -14.980  75.643 0.0000000000
39813  -21.065  -27.447  80.989 0.0000000000
39828  -22.485  -27.414  80.495 0.0000000000
46484  -32.171  -18.442  78.881 0.0000000000
38927  -16.806  -28.414  80.164 0.0000000000
48814  -43.751  -15.765  71.087 0.0000000000
48819  -44.402  -15.829  70.086 0.0000000000
48827  -44.820  -15.545  67.666 0.0000000000
48039  -46.767  -16.656  67.047 0.0000000000
48040  -47.274  -16.961  66.447 0.0000000000
54053  -47.595  -8.180  63.039 0.0000000000
54055  -48.674  -8.901  62.787 0.0000000000
53265  -49.783  -9.138  61.286 0.0000000000
59934  -51.265  -1.033  57.601 0.0000000000
51771  -45.363  -11.840  62.534 0.0000000000
59116  -46.844  -3.001  62.207 0.0000000000
38829  -10.727  -28.743  88.476 0.0000000000
38842  -10.276  -28.983  87.880 0.0000000000
38828  -9.999  -28.942  88.475 0.0000000000
37987  -9.301  -29.237  88.518 0.0000000000
37156  -7.989  -30.978  90.309 0.0000000000
37155  -7.138  -31.335  90.184 0.0000000000
37164  -6.534  -31.199  89.612 0.0000000000
36419  -5.977  -31.433  88.954 0.0000000000
36413  -6.065  -31.795  89.678 0.0000000000
36412  -5.882  -32.341  89.874 0.0000000000
35609  -5.142  -32.950  89.414 0.0000000000
34753  -5.079  -33.508  89.605 0.0000000000
34754  -5.624  -33.735  90.090 0.0000000000
33870  -6.002  -34.556  90.434 0.0000000000
48774  -36.896  -16.397  77.438 0.0000000000
47977  -37.595  -16.424  77.024 0.0000000000
50985  -40.011  -12.993  71.678 0.0000000000
50986  -40.602  -13.178  71.402 0.0000000000
38876  -22.775  -27.977  85.545 0.0000000000
39863  -23.474  -27.397  78.639 0.0000000000
39849  -23.671  -27.176  79.154 0.0000000000
42454  -27.448  -24.553  76.677 0.0000000000
42436  -26.629  -24.303  78.217 0.0000000000
43100  -25.823  -24.015  82.659 0.0000000000
43090  -25.831  -24.184  82.953 0.0000000000
38063  -14.258  -29.342  81.661 0.0000000000
38053  -13.717  -29.797  82.787 0.0000000000
38046  -13.398  -29.557  83.668 0.0000000000
39725  -17.449  -27.699  88.015 0.0000000000
48061  -45.230  -17.187  63.041 0.0000000000
62274  -50.189  1.152  57.863 0.0000000000
62276  -50.408  1.166  57.452 0.0000000000
62275  -50.096  1.517  57.552 0.0000000000
62282  -50.786  1.376  56.914 0.0000000000
62285  -51.068  1.555  56.334 0.0000000000
63895  -49.782  3.229  53.186 0.0000000000
63092  -50.984  1.827  49.155 0.0000000000
39858  -19.040  -27.507  78.219 0.0000000000
43860  -30.020  -22.353  74.815 0.0000000000
50344  -43.626  -14.401  69.797 0.0000000000
49610  -43.975  -14.675  69.595 0.0000000000
49614  -43.979  -14.703  68.786 0.0000000000
48833  -45.064  -15.161  67.134 0.0000000000
55751  -48.044  -6.724  63.153 0.0000000000
54879  -48.324  -7.378  62.894 0.0000000000
57499  -50.455  -4.149  59.101 0.0000000000
35683  -8.805  -32.378  83.507 0.0000000000
36462  -8.737  -31.935  85.097 0.0000000000
49560  -36.699  -14.674  76.427 0.0000000000
50307  -40.105  -13.908  73.610 0.0000000000
50977  -39.910  -13.132  72.393 0.0000000000
50992  -39.624  -12.965  71.278 0.0000000000
50334  -39.612  -13.160  70.714 0.0000000000
39774  -24.051  -27.378  85.525 0.0000000000
39787  -25.628  -26.926  84.919 0.0000000000
43824  -27.925  -23.123  78.335 0.0000000000
43146  -27.401  -23.500  78.406 0.0000000000
43802  -26.923  -22.932  80.343 0.0000000000
38916  -14.880  -29.003  81.592 0.0000000000
38909  -15.641  -28.885  82.423 0.0000000000
38898  -14.834  -28.981  83.574 0.0000000000
38875  -15.167  -28.454  85.079 0.0000000000
39751  -16.743  -27.588  86.265 0.0000000000
39738  -17.579  -27.483  87.082 0.0000000000
49641  -45.921  -14.645  62.829 0.0000000000
49654  -46.305  -15.300  62.349 0.0000000000
49655  -46.845  -15.232  62.438 0.0000000000
60698  -47.305  -0.071  59.843 0.0000000000
38034  -11.966  -29.829  84.774 0.0000000000
37218  -11.485  -30.506  84.813 0.0000000000
38858  -11.849  -28.906  86.587 0.0000000000
50295  -36.282  -14.189  74.687 0.0000000000
40721  -19.892  -26.957  83.455 0.0000000000
41611  -22.445  -25.888  82.915 0.0000000000
41626  -22.656  -25.850  82.786 0.0000000000
41627  -23.022  -25.744  82.585 0.0000000000
41628  -23.570  -25.375  82.310 0.0000000000
42446  -28.165  -23.987  77.057 0.0000000000
43160  -28.998  -23.508  77.079 0.0000000000
43147  -27.955  -23.296  77.981 0.0000000000
44473  -29.236  -21.842  80.777 0.0000000000
45126  -31.651  -20.807  81.125 0.0000000000
38918  -16.614  -28.717  81.227 0.0000000000
49605  -44.231  -15.076  70.010 0.0000000000
48020  -44.489  -17.027  68.892 0.0000000000
47242  -44.539  -17.914  68.843 0.0000000000
53254  -47.106  -9.899  63.084 0.0000000000
51774  -49.365  -10.903  61.809 0.0000000000
33892  -3.279  -34.415  87.502 0.0000000000
110590  -43.499  -16.768  63.318 0.0000000000
47299  -43.890  -17.646  61.909 0.0000000000
47288  -44.751  -17.448  62.458 0.0000000000
49653  -45.478  -15.227  62.403 0.0000000000
110626  -45.600  -14.223  63.119 0.0000000000
53264  -46.165  -10.013  62.015 0.0000000000
55770  -45.134  -6.640  60.531 0.0000000000
56619  -47.591  -6.047  63.003 0.0000000000
57472  -47.893  -5.377  63.105 0.0000000000
57473  -48.239  -5.372  62.966 0.0000000000
58315  -49.040  -3.272  62.108 0.0000000000
37205  -11.125  -30.291  85.455 0.0000000000
37217  -10.869  -30.880  85.057 0.0000000000
37193  -10.045  -30.204  86.291 0.0000000000
37203  -9.774  -30.909  85.796 0.0000000000
36450  -8.431  -31.329  85.931 0.0000000000
37979  -9.316  -29.432  89.478 0.0000000000
37986  -8.611  -29.625  88.678 0.0000000000
37166  -7.931  -30.364  89.839 0.0000000000
37985  -7.940  -30.006  88.705 0.0000000000
37994  -8.191  -29.928  88.088 0.0000000000
37180  -8.179  -30.214  87.511 0.0000000000
36439  -7.896  -30.988  86.457 0.0000000000
36449  -7.530  -31.596  86.006 0.0000000000
36448  -6.870  -31.562  86.360 0.0000000000
35634  -6.416  -31.743  86.443 0.0000000000
35624  -5.432  -31.883  87.557 0.0000000000
34769  -3.728  -33.542  87.634 0.0000000000
33883  -3.809  -34.391  88.535 0.0000000000
33005  -4.034  -35.364  89.100 0.0000000000
33876  -4.806  -34.486  89.623 0.0000000000
33875  -4.269  -34.744  89.195 0.0000000000
48784  -38.842  -16.126  75.708 0.0000000000
47215  -39.379  -17.445  74.790 0.0000000000
49603  -43.244  -14.406  70.731 0.0000000000
50337  -42.878  -14.084  70.733 0.0000000000
110573  -42.805  -13.892  67.696 0.0000000000
110544  -41.017  -14.009  66.661 0.0000000000
39755  -20.119  -27.697  85.758 0.0000000000
39875  -20.629  -26.938  77.540 0.0000000000
40798  -23.254  -27.090  80.049 0.0000000000
40784  -23.070  -26.923  80.660 0.0000000000
42380  -24.031  -24.883  82.651 0.0000000000
40823  -25.294  -26.201  77.299 0.0000000000
43133  -26.439  -23.678  79.583 0.0000000000
42435  -25.878  -24.716  78.525 0.0000000000
41674  -24.788  -25.680  78.974 0.0000000000
41662  -24.472  -25.546  79.706 0.0000000000
41651  -24.179  -25.280  80.509 0.0000000000
42405  -23.937  -25.062  81.377 0.0000000000
42372  -25.879  -25.329  83.884 0.0000000000
41615  -26.131  -25.711  83.897 0.0000000000
43093  -27.621  -24.114  82.974 0.0000000000
41617  -27.579  -25.477  83.042 0.0000000000
37233  -11.951  -30.791  83.531 0.0000000000
36516  -12.169  -31.697  80.027 0.0000000000
37248  -12.659  -30.826  81.433 0.0000000000
36495  -12.365  -31.225  81.730 0.0000000000
38044  -12.244  -29.932  84.222 0.0000000000
39724  -16.462  -27.579  88.099 0.0000000000
110605  -44.461  -15.109  64.639 0.0000000000
48051  -45.153  -16.168  63.868 0.0000000000
110591  -45.301  -15.917  64.184 0.0000000000
49628  -46.104  -15.480  65.356 0.0000000000
49624  -46.293  -15.501  65.914 0.0000000000
49629  -46.486  -15.732  65.480 0.0000000000
48046  -47.648  -16.783  65.859 0.0000000000
48864  -49.069  -15.493  62.581 0.0000000000
59928  -50.925  -1.046  58.504 0.0000000000
60714  -51.407  -0.333  56.830 0.0000000000
60716  -51.510  -0.494  55.867 0.0000000000
63063  -49.693  2.295  56.292 0.0000000000
63056  -50.158  2.221  56.442 0.0000000000
63057  -50.651  2.041  56.287 0.0000000000
63058  -51.125  1.936  55.911 0.0000000000
33869  -5.399  -34.859  90.159 0.0000000000
35599  -6.123  -32.682  90.147 0.0000000000
35620  -5.236  -32.706  89.304 0.0000000000
36403  -6.317  -32.211  90.150 0.0000000000
36418  -5.457  -32.248  89.134 0.0000000000
36425  -5.111  -32.248  88.595 0.0000000000
37178  -6.821  -30.707  87.972 0.0000000000
37971  -10.178  -29.688  90.276 0.0000000000
40768  -23.476  -25.880  81.141 0.0000000000
47193  -36.504  -17.742  78.064 0.0000000000
51030  -47.386  -12.418  63.754 0.0000000000
58303  -45.705  -4.188  61.886 0.0000000000
58314  -45.663  -3.957  61.832 0.0000000000
61467  -50.993  0.325  57.582 0.0000000000
62281  -50.250  1.706  57.177 0.0000000000
63885  -49.422  2.812  54.792 0.0000000000
110769  -49.546  2.169  56.682 0.0000000000
