#!ascii label  , from subject 3253 vox2ras=TkReg
1126
50266  -28.350  -13.515  82.913 0.0000000000
60676  -44.502  -0.849  67.340 0.0000000000
54804  -37.399  -7.660  71.658 0.0000000000
38966  -1.280  -28.485  77.271 0.0000000000
42379  -19.362  -23.567  82.706 0.0000000000
45830  -2.526  -18.896  77.998 0.0000000000
44431  -0.656  -21.319  85.566 0.0000000000
55646  -42.696  -6.319  71.107 0.0000000000
46529  -1.588  -18.427  73.088 0.0000000000
38016  -1.525  -29.536  85.706 0.0000000000
50957  -32.021  -12.696  79.344 0.0000000000
45802  -26.783  -19.319  82.162 0.0000000000
45792  -24.462  -19.162  83.748 0.0000000000
63025  -44.711  2.121  65.094 0.0000000000
55662  -39.163  -7.163  70.188 0.0000000000
41656  -15.555  -25.973  79.468 0.0000000000
50288  -0.142  -13.872  76.142 0.0000000000
42440  -2.505  -24.273  78.047 0.0000000000
43186  -5.390  -23.853  74.638 0.0000000000
38120  -3.520  -29.415  73.829 0.0000000000
40693  -9.052  -26.287  88.334 0.0000000000
40682  -4.332  -26.159  89.826 0.0000000000
55586  -35.448  -7.026  75.214 0.0000000000
45106  -21.773  -19.999  85.088 0.0000000000
43119  -21.469  -23.521  80.777 0.0000000000
44467  -0.307  -20.853  81.309 0.0000000000
41633  -1.371  -24.902  81.345 0.0000000000
58248  -44.043  -3.653  69.390 0.0000000000
40709  -11.285  -26.391  85.440 0.0000000000
40744  -13.009  -26.281  82.342 0.0000000000
47204  -4.794  -17.159  75.217 0.0000000000
43199  -2.005  -23.674  72.438 0.0000000000
44411  -3.656  -21.746  88.738 0.0000000000
41586  -0.913  -25.768  86.128 0.0000000000
38057  -0.783  -29.349  82.009 0.0000000000
51663  -29.643  -11.686  82.004 0.0000000000
48746  -29.188  -15.255  81.845 0.0000000000
50271  -30.035  -13.452  81.451 0.0000000000
47923  -27.835  -16.224  82.579 0.0000000000
46469  -28.193  -17.704  81.610 0.0000000000
47921  -26.084  -16.360  83.175 0.0000000000
62246  -44.376  0.868  66.185 0.0000000000
57457  -45.382  -4.510  66.735 0.0000000000
59104  -45.261  -2.583  65.464 0.0000000000
60683  -45.179  -0.744  65.124 0.0000000000
54821  -38.249  -7.158  70.051 0.0000000000
53983  -36.637  -8.505  74.031 0.0000000000
53988  -37.821  -8.335  71.368 0.0000000000
53993  -38.376  -8.427  70.427 0.0000000000
40813  -1.976  -26.071  77.834 0.0000000000
40841  -3.444  -26.552  76.120 0.0000000000
38976  -2.034  -28.278  75.665 0.0000000000
36544  -2.501  -31.357  73.575 0.0000000000
36538  -1.661  -31.366  75.597 0.0000000000
38869  -8.581  -28.060  85.567 0.0000000000
38841  -7.033  -28.220  87.238 0.0000000000
55567  -33.867  -7.262  76.827 0.0000000000
53150  -32.285  -10.060  78.941 0.0000000000
52391  -32.684  -10.936  78.576 0.0000000000
53952  -33.130  -8.949  77.816 0.0000000000
53963  -34.683  -8.874  77.093 0.0000000000
47887  -22.579  -16.334  85.835 0.0000000000
43787  -24.213  -21.786  81.568 0.0000000000
43772  -23.241  -21.494  82.812 0.0000000000
63034  -46.591  2.670  63.121 0.0000000000
63843  -47.031  3.813  62.103 0.0000000000
44446  -0.303  -21.107  83.710 0.0000000000
43117  -0.636  -23.107  81.149 0.0000000000
43082  -0.834  -23.424  83.423 0.0000000000
57399  -43.597  -4.882  70.072 0.0000000000
53994  -42.170  -8.150  70.847 0.0000000000
54005  -43.892  -8.012  69.975 0.0000000000
55696  -44.854  -6.572  68.645 0.0000000000
42350  -11.585  -24.390  87.799 0.0000000000
41590  -13.066  -25.154  86.239 0.0000000000
47950  -2.746  -16.810  79.198 0.0000000000
47959  -3.025  -15.854  77.309 0.0000000000
46506  -4.275  -18.594  76.894 0.0000000000
40892  -3.579  -26.746  72.426 0.0000000000
43193  -3.275  -23.588  73.307 0.0000000000
41769  -2.046  -25.852  71.561 0.0000000000
44404  -5.136  -21.773  89.113 0.0000000000
38836  -2.626  -28.454  87.528 0.0000000000
41575  -1.812  -25.928  88.077 0.0000000000
39741  -1.361  -27.840  86.260 0.0000000000
39789  -0.597  -27.421  83.458 0.0000000000
38040  -0.862  -29.458  84.002 0.0000000000
52387  -31.357  -11.371  80.253 0.0000000000
47910  -23.967  -16.466  84.530 0.0000000000
47134  -25.010  -17.296  83.741 0.0000000000
45798  -25.635  -19.265  83.109 0.0000000000
63836  -45.345  3.304  64.056 0.0000000000
61442  -45.579  0.429  64.062 0.0000000000
55644  -41.040  -6.493  71.780 0.0000000000
54824  -40.330  -7.987  70.149 0.0000000000
41649  -18.661  -25.273  79.569 0.0000000000
41647  -17.141  -25.523  80.333 0.0000000000
48792  -2.165  -15.640  74.534 0.0000000000
44499  -1.782  -21.598  77.993 0.0000000000
45164  -3.650  -20.762  76.621 0.0000000000
42449  -3.982  -23.969  76.344 0.0000000000
40857  -5.035  -26.443  74.308 0.0000000000
38138  -3.978  -29.313  71.914 0.0000000000
43055  -8.421  -23.838  89.911 0.0000000000
43049  -6.250  -23.824  90.397 0.0000000000
40690  -6.744  -26.677  89.160 0.0000000000
38826  -4.833  -28.187  88.325 0.0000000000
55611  -36.273  -6.871  73.279 0.0000000000
54786  -36.182  -8.176  75.298 0.0000000000
43764  -20.664  -22.063  84.107 0.0000000000
45110  -23.073  -20.002  84.083 0.0000000000
43770  -21.479  -22.213  83.181 0.0000000000
42403  -20.402  -23.771  81.290 0.0000000000
47164  -1.404  -17.257  80.642 0.0000000000
47162  -0.541  -17.943  81.697 0.0000000000
45131  -0.747  -19.683  80.042 0.0000000000
43809  -0.961  -22.622  79.467 0.0000000000
42421  -1.661  -24.328  79.507 0.0000000000
39839  -1.193  -27.090  79.028 0.0000000000
59089  -44.426  -2.822  68.366 0.0000000000
56586  -45.157  -5.516  67.846 0.0000000000
42346  -10.096  -24.437  88.733 0.0000000000
40704  -10.322  -26.486  86.657 0.0000000000
39778  -9.673  -27.594  84.699 0.0000000000
41623  -16.306  -25.140  82.375 0.0000000000
41609  -15.344  -25.064  83.385 0.0000000000
41594  -14.087  -25.146  85.181 0.0000000000
40719  -12.556  -26.075  84.329 0.0000000000
39800  -10.451  -27.365  82.307 0.0000000000
49551  -0.471  -14.597  78.042 0.0000000000
48787  -2.883  -15.834  75.955 0.0000000000
47210  -3.381  -17.524  74.232 0.0000000000
45171  -5.097  -20.409  74.893 0.0000000000
45182  -3.297  -20.575  73.897 0.0000000000
45188  -1.680  -20.623  72.644 0.0000000000
44418  -1.763  -21.597  87.231 0.0000000000
43053  -3.675  -23.792  89.760 0.0000000000
43058  -1.923  -23.569  88.042 0.0000000000
43071  -0.805  -23.641  85.483 0.0000000000
41605  -1.026  -25.253  82.973 0.0000000000
39807  -0.736  -27.229  81.283 0.0000000000
38076  -0.992  -29.295  79.794 0.0000000000
35676  -1.188  -32.026  83.622 0.0000000000
36499  -1.128  -32.119  81.422 0.0000000000
36523  -1.383  -31.599  77.702 0.0000000000
50947  -29.289  -12.578  82.321 0.0000000000
51660  -28.308  -11.774  83.165 0.0000000000
49530  -28.519  -14.266  82.534 0.0000000000
50268  -29.569  -13.423  82.075 0.0000000000
48740  -28.038  -15.034  82.685 0.0000000000
47924  -28.317  -15.664  82.375 0.0000000000
50263  -27.825  -13.707  83.117 0.0000000000
48739  -27.245  -15.321  82.877 0.0000000000
61431  -44.461  -0.014  66.857 0.0000000000
59098  -45.104  -2.815  67.121 0.0000000000
59101  -45.222  -2.670  66.355 0.0000000000
60677  -44.931  -0.896  66.665 0.0000000000
61432  -44.817  -0.325  66.297 0.0000000000
54809  -37.834  -7.453  70.611 0.0000000000
55660  -38.016  -6.909  70.008 0.0000000000
54808  -37.325  -7.051  70.872 0.0000000000
54795  -37.286  -8.180  72.999 0.0000000000
53992  -38.100  -7.991  70.689 0.0000000000
39866  -1.408  -27.733  77.431 0.0000000000
39882  -1.917  -27.496  76.594 0.0000000000
38975  -1.516  -28.470  76.506 0.0000000000
37289  -1.797  -30.249  75.136 0.0000000000
37283  -1.364  -30.338  76.377 0.0000000000
38883  -8.395  -28.427  84.594 0.0000000000
38868  -7.657  -28.551  85.620 0.0000000000
53944  -32.107  -9.114  78.915 0.0000000000
53161  -32.534  -9.672  78.478 0.0000000000
53951  -32.571  -9.048  78.339 0.0000000000
54765  -33.273  -8.221  77.536 0.0000000000
63841  -46.647  3.734  62.836 0.0000000000
63035  -47.034  3.085  62.546 0.0000000000
65379  -46.781  5.594  61.967 0.0000000000
44441  -0.396  -21.170  84.429 0.0000000000
43766  -0.398  -21.687  83.567 0.0000000000
43750  -0.513  -21.790  84.722 0.0000000000
56540  -42.990  -5.469  70.898 0.0000000000
58218  -42.781  -4.130  70.813 0.0000000000
54814  -42.546  -7.305  71.003 0.0000000000
54826  -42.861  -7.782  70.636 0.0000000000
54815  -42.965  -6.811  70.865 0.0000000000
55664  -43.804  -6.334  70.143 0.0000000000
42356  -13.253  -23.966  87.063 0.0000000000
43068  -13.544  -23.382  86.857 0.0000000000
43087  -19.276  -23.234  83.293 0.0000000000
42378  -18.819  -23.837  82.702 0.0000000000
47997  -1.420  -16.557  72.621 0.0000000000
47177  -2.579  -17.592  78.893 0.0000000000
47186  -3.179  -17.614  78.280 0.0000000000
46499  -3.088  -18.432  77.881 0.0000000000
39948  -3.083  -27.700  71.658 0.0000000000
40909  -2.807  -26.654  72.095 0.0000000000
39947  -2.442  -27.517  71.199 0.0000000000
45074  -5.888  -20.426  88.254 0.0000000000
44405  -5.952  -21.693  89.184 0.0000000000
38852  -2.288  -28.864  87.090 0.0000000000
39742  -1.645  -27.598  86.966 0.0000000000
38865  -1.249  -28.776  85.757 0.0000000000
38881  -0.809  -28.626  84.756 0.0000000000
38029  -1.114  -29.665  85.014 0.0000000000
51667  -30.556  -11.790  81.180 0.0000000000
50951  -30.774  -12.633  80.830 0.0000000000
52385  -30.938  -11.083  80.829 0.0000000000
53139  -31.175  -10.269  80.325 0.0000000000
45799  -26.415  -18.757  82.799 0.0000000000
46457  -26.194  -18.189  83.201 0.0000000000
45801  -26.041  -19.756  82.436 0.0000000000
44460  -25.322  -21.034  81.690 0.0000000000
63031  -45.254  2.305  64.426 0.0000000000
62247  -44.849  0.732  65.416 0.0000000000
60686  -45.322  -0.624  64.273 0.0000000000
62252  -45.169  1.244  64.797 0.0000000000
62256  -45.688  1.534  64.030 0.0000000000
55643  -40.090  -6.842  71.554 0.0000000000
55626  -40.360  -6.094  72.052 0.0000000000
55642  -39.220  -6.824  71.055 0.0000000000
54823  -39.498  -7.705  69.806 0.0000000000
54811  -39.796  -7.366  70.655 0.0000000000
54812  -40.656  -7.481  71.128 0.0000000000
50292  -0.318  -13.755  75.343 0.0000000000
49570  -0.618  -14.128  74.574 0.0000000000
48785  -1.345  -14.978  75.082 0.0000000000
43152  -2.630  -23.408  77.635 0.0000000000
43831  -2.720  -22.553  77.095 0.0000000000
42441  -3.004  -24.249  77.379 0.0000000000
38985  -3.691  -28.095  74.868 0.0000000000
40842  -4.623  -26.495  75.273 0.0000000000
38995  -4.571  -28.130  73.905 0.0000000000
39920  -4.743  -27.657  73.408 0.0000000000
38126  -4.105  -29.523  73.152 0.0000000000
37301  -3.420  -30.460  72.951 0.0000000000
41573  -9.161  -25.218  89.176 0.0000000000
41566  -7.644  -25.134  89.924 0.0000000000
40692  -8.145  -26.457  88.620 0.0000000000
38007  -5.956  -29.315  86.438 0.0000000000
38840  -6.282  -28.310  87.635 0.0000000000
38006  -5.207  -29.411  86.737 0.0000000000
37992  -3.846  -29.283  87.365 0.0000000000
55598  -36.107  -7.139  74.374 0.0000000000
54784  -34.965  -7.540  76.078 0.0000000000
54777  -35.432  -8.354  76.246 0.0000000000
54785  -35.797  -7.815  75.872 0.0000000000
55587  -36.056  -7.311  74.998 0.0000000000
45778  -21.395  -19.206  85.682 0.0000000000
44440  -20.368  -20.912  85.015 0.0000000000
44444  -21.020  -21.188  84.448 0.0000000000
46446  -23.995  -18.247  84.424 0.0000000000
46434  -23.229  -18.188  84.907 0.0000000000
45111  -23.714  -19.785  83.799 0.0000000000
43111  -21.992  -23.159  81.269 0.0000000000
43771  -22.711  -21.774  82.908 0.0000000000
43099  -21.660  -22.876  81.861 0.0000000000
43098  -21.089  -22.942  82.307 0.0000000000
42404  -20.991  -23.616  81.027 0.0000000000
42414  -20.168  -24.192  80.276 0.0000000000
45800  -0.380  -19.325  82.245 0.0000000000
45805  -0.395  -19.214  81.563 0.0000000000
45810  -0.418  -19.276  80.950 0.0000000000
45130  -0.431  -20.040  80.680 0.0000000000
44490  -0.789  -21.084  79.377 0.0000000000
44479  -0.465  -21.384  80.066 0.0000000000
43108  -0.979  -23.678  81.418 0.0000000000
43118  -1.016  -23.521  80.605 0.0000000000
42411  -1.424  -24.296  80.271 0.0000000000
40791  -1.442  -26.079  79.476 0.0000000000
40776  -1.380  -25.723  80.366 0.0000000000
59080  -44.063  -2.813  69.060 0.0000000000
59879  -43.543  -2.000  69.233 0.0000000000
59079  -43.502  -2.814  69.535 0.0000000000
56571  -44.719  -5.653  68.713 0.0000000000
55711  -45.137  -6.461  68.100 0.0000000000
57432  -44.826  -4.614  68.339 0.0000000000
58263  -44.882  -3.699  68.049 0.0000000000
43739  -10.378  -22.785  88.463 0.0000000000
41588  -11.804  -25.466  86.966 0.0000000000
41584  -11.414  -25.295  87.355 0.0000000000
40708  -10.673  -26.574  85.974 0.0000000000
39746  -10.112  -27.040  85.988 0.0000000000
39761  -10.376  -27.073  85.246 0.0000000000
41657  -16.118  -25.855  79.762 0.0000000000
41624  -16.940  -25.176  81.960 0.0000000000
40782  -15.929  -25.807  80.600 0.0000000000
40759  -13.418  -26.244  81.363 0.0000000000
40746  -14.759  -25.713  82.112 0.0000000000
40733  -14.326  -25.691  82.772 0.0000000000
42367  -14.881  -24.671  84.448 0.0000000000
41607  -13.823  -25.546  83.923 0.0000000000
41597  -13.469  -25.522  84.635 0.0000000000
40731  -12.722  -26.235  83.325 0.0000000000
39801  -11.256  -26.868  81.883 0.0000000000
48761  -1.371  -15.031  78.805 0.0000000000
47972  -4.647  -16.892  76.803 0.0000000000
47970  -2.951  -15.815  76.741 0.0000000000
47980  -3.583  -16.086  75.388 0.0000000000
47985  -3.129  -16.525  74.455 0.0000000000
47211  -4.351  -17.322  74.703 0.0000000000
43850  -4.385  -22.634  75.574 0.0000000000
44510  -4.602  -21.205  75.581 0.0000000000
43851  -4.913  -22.483  74.948 0.0000000000
43200  -2.558  -23.728  72.947 0.0000000000
43874  -4.034  -22.306  73.610 0.0000000000
43873  -2.833  -22.427  73.321 0.0000000000
45181  -2.369  -20.376  73.480 0.0000000000
43883  -1.979  -22.518  72.637 0.0000000000
44539  -1.635  -21.622  72.249 0.0000000000
44409  -2.333  -21.513  87.624 0.0000000000
41563  -5.291  -25.342  90.347 0.0000000000
43047  -4.430  -23.832  90.223 0.0000000000
41568  -3.663  -25.430  89.897 0.0000000000
41582  -1.266  -25.696  87.071 0.0000000000
42347  -1.725  -24.584  88.059 0.0000000000
42353  -1.140  -24.469  87.038 0.0000000000
43067  -0.998  -23.598  86.366 0.0000000000
42357  -0.855  -24.546  85.835 0.0000000000
42362  -0.781  -24.497  84.759 0.0000000000
41591  -0.769  -25.555  85.038 0.0000000000
38904  -0.587  -28.380  82.702 0.0000000000
39799  -0.707  -27.309  82.394 0.0000000000
38913  -0.711  -28.315  81.634 0.0000000000
38921  -0.770  -28.260  80.521 0.0000000000
38066  -0.878  -29.331  80.919 0.0000000000
35692  -1.017  -33.049  83.000 0.0000000000
36489  -0.914  -32.164  82.348 0.0000000000
52383  -29.789  -10.769  81.680 0.0000000000
47935  -29.256  -15.776  81.514 0.0000000000
49536  -29.942  -14.445  81.184 0.0000000000
49532  -29.663  -14.064  81.712 0.0000000000
50948  -29.880  -12.624  81.852 0.0000000000
46458  -26.988  -18.173  82.609 0.0000000000
47152  -27.737  -17.185  82.267 0.0000000000
47934  -28.688  -16.240  81.869 0.0000000000
47922  -26.886  -16.288  82.891 0.0000000000
62251  -44.654  1.404  65.473 0.0000000000
57468  -45.142  -4.417  65.019 0.0000000000
58293  -45.089  -3.457  64.679 0.0000000000
59106  -45.148  -2.450  64.626 0.0000000000
59893  -45.206  -1.650  65.306 0.0000000000
61436  -44.950  0.015  65.762 0.0000000000
55661  -38.593  -6.821  70.254 0.0000000000
53192  -36.842  -9.079  73.521 0.0000000000
53986  -37.423  -8.602  72.453 0.0000000000
53200  -38.022  -8.929  71.277 0.0000000000
53989  -38.130  -8.749  71.006 0.0000000000
54822  -38.597  -7.566  69.936 0.0000000000
41694  -2.610  -25.608  77.576 0.0000000000
41695  -3.376  -25.295  76.990 0.0000000000
40826  -2.606  -26.390  76.965 0.0000000000
39893  -2.806  -27.535  75.854 0.0000000000
38993  -3.079  -28.820  74.698 0.0000000000
37295  -2.662  -30.166  73.936 0.0000000000
38112  -2.410  -29.168  74.937 0.0000000000
36541  -2.029  -31.288  74.491 0.0000000000
39731  -8.540  -27.259  87.286 0.0000000000
39718  -8.133  -27.168  87.949 0.0000000000
39743  -8.103  -27.776  86.766 0.0000000000
55578  -34.582  -6.958  75.963 0.0000000000
52390  -32.201  -10.935  79.157 0.0000000000
51674  -32.601  -11.743  78.777 0.0000000000
53151  -32.713  -10.284  78.359 0.0000000000
53167  -33.617  -9.542  77.509 0.0000000000
53962  -33.778  -8.938  77.284 0.0000000000
54775  -33.967  -8.189  77.058 0.0000000000
46433  -22.473  -18.188  85.387 0.0000000000
44455  -24.235  -21.098  82.601 0.0000000000
44451  -23.772  -20.887  83.145 0.0000000000
43786  -23.514  -22.359  81.225 0.0000000000
43785  -22.767  -22.950  80.881 0.0000000000
62261  -46.592  1.750  62.724 0.0000000000
63038  -47.281  2.851  61.841 0.0000000000
63845  -47.205  3.835  61.154 0.0000000000
63846  -47.414  4.292  60.448 0.0000000000
44457  -0.263  -20.865  82.144 0.0000000000
44458  -0.407  -21.632  81.790 0.0000000000
44453  -0.305  -21.625  82.607 0.0000000000
43094  -0.761  -23.120  82.609 0.0000000000
43095  -0.999  -23.707  82.115 0.0000000000
57416  -43.903  -4.525  69.660 0.0000000000
58232  -42.935  -3.608  70.509 0.0000000000
54015  -43.777  -8.818  69.673 0.0000000000
54016  -44.332  -8.316  69.217 0.0000000000
54021  -44.846  -8.390  68.486 0.0000000000
54832  -44.530  -7.278  69.217 0.0000000000
56553  -44.353  -5.849  69.263 0.0000000000
43062  -11.795  -23.547  87.979 0.0000000000
43064  -12.275  -23.516  87.625 0.0000000000
42355  -12.532  -24.406  87.223 0.0000000000
40706  -11.980  -25.903  85.930 0.0000000000
40778  -13.036  -26.333  80.385 0.0000000000
40758  -12.270  -26.425  81.351 0.0000000000
48757  -2.140  -15.599  79.799 0.0000000000
48762  -2.510  -15.587  78.842 0.0000000000
48763  -2.901  -16.256  78.881 0.0000000000
47961  -4.203  -17.253  77.444 0.0000000000
47197  -4.871  -17.846  76.590 0.0000000000
41742  -4.414  -25.452  73.336 0.0000000000
43195  -5.045  -23.675  73.677 0.0000000000
41741  -3.572  -25.114  73.154 0.0000000000
42487  -2.743  -24.530  72.858 0.0000000000
42492  -1.821  -24.623  71.904 0.0000000000
45741  -5.443  -19.484  88.142 0.0000000000
45066  -4.765  -21.178  88.751 0.0000000000
44403  -4.314  -21.767  89.036 0.0000000000
39713  -3.514  -27.461  88.859 0.0000000000
40680  -2.763  -26.370  89.073 0.0000000000
40696  -2.137  -27.211  87.897 0.0000000000
40702  -1.386  -26.837  86.746 0.0000000000
40701  -1.044  -26.854  86.067 0.0000000000
40717  -0.719  -26.488  84.237 0.0000000000
39777  -0.657  -27.567  84.488 0.0000000000
38893  -0.578  -28.481  83.744 0.0000000000
38048  -0.602  -29.383  83.037 0.0000000000
50278  -31.325  -13.633  79.756 0.0000000000
50275  -30.283  -13.808  80.873 0.0000000000
50953  -31.250  -12.742  80.214 0.0000000000
51670  -31.448  -12.073  80.179 0.0000000000
52388  -31.777  -11.046  79.781 0.0000000000
53935  -31.826  -9.485  79.333 0.0000000000
46447  -24.740  -18.167  83.932 0.0000000000
47912  -25.323  -16.395  83.516 0.0000000000
46448  -25.403  -18.161  83.506 0.0000000000
45797  -24.867  -19.680  83.283 0.0000000000
44456  -24.909  -20.878  82.277 0.0000000000
59899  -45.103  -1.501  63.523 0.0000000000
61443  -45.829  1.014  63.527 0.0000000000
63840  -46.075  3.569  63.523 0.0000000000
55645  -41.959  -6.465  71.402 0.0000000000
56525  -41.557  -5.591  71.664 0.0000000000
56524  -41.058  -5.654  72.008 0.0000000000
54000  -39.138  -8.367  69.540 0.0000000000
54825  -41.245  -8.199  70.617 0.0000000000
54813  -41.609  -7.411  71.264 0.0000000000
42401  -18.667  -24.977  80.624 0.0000000000
42390  -18.399  -24.523  81.779 0.0000000000
41648  -18.086  -25.414  80.005 0.0000000000
41658  -17.236  -25.632  79.330 0.0000000000
48797  -1.804  -15.743  73.635 0.0000000000
47990  -1.927  -16.689  73.379 0.0000000000
45838  -2.036  -20.009  77.844 0.0000000000
45847  -3.334  -20.137  76.898 0.0000000000
44508  -3.098  -21.648  76.698 0.0000000000
43841  -3.817  -22.767  76.003 0.0000000000
43174  -4.959  -23.511  75.387 0.0000000000
41709  -4.213  -25.396  75.988 0.0000000000
41710  -5.092  -25.463  75.137 0.0000000000
41723  -5.272  -25.482  74.307 0.0000000000
40894  -4.557  -26.621  73.195 0.0000000000
43723  -6.764  -23.084  90.194 0.0000000000
42340  -7.396  -24.572  90.207 0.0000000000
41564  -6.214  -25.457  90.198 0.0000000000
40683  -5.271  -26.399  89.719 0.0000000000
39729  -6.977  -27.761  87.871 0.0000000000
38827  -5.663  -28.117  88.280 0.0000000000
39714  -4.408  -27.589  88.885 0.0000000000
38837  -3.487  -28.735  87.859 0.0000000000
37991  -3.061  -29.170  87.399 0.0000000000
37186  -2.406  -29.981  86.248 0.0000000000
54798  -36.918  -7.351  72.445 0.0000000000
55623  -36.415  -6.759  72.160 0.0000000000
50961  -32.757  -12.709  78.303 0.0000000000
53973  -36.041  -8.593  75.461 0.0000000000
54794  -36.851  -7.751  73.530 0.0000000000
44443  -20.080  -21.498  84.560 0.0000000000
43088  -20.046  -23.104  83.119 0.0000000000
47900  -23.285  -16.433  85.178 0.0000000000
45780  -22.873  -18.723  84.991 0.0000000000
45779  -22.391  -19.279  85.055 0.0000000000
44450  -23.143  -21.135  83.267 0.0000000000
44449  -22.276  -21.240  83.691 0.0000000000
44445  -21.787  -21.004  84.286 0.0000000000
43765  -21.199  -21.758  83.924 0.0000000000
43089  -20.645  -22.811  82.898 0.0000000000
42391  -19.623  -23.868  82.121 0.0000000000
42402  -19.439  -24.369  80.994 0.0000000000
64660  -47.859  5.094  59.424 0.0000000000
64664  -48.049  5.113  58.607 0.0000000000
65396  -48.135  6.039  58.139 0.0000000000
47170  -2.397  -17.319  79.496 0.0000000000
46481  -1.568  -18.329  79.437 0.0000000000
47163  -0.852  -17.533  81.086 0.0000000000
46480  -1.137  -18.393  80.022 0.0000000000
45829  -1.792  -19.377  78.488 0.0000000000
45149  -1.141  -20.443  78.920 0.0000000000
43819  -1.590  -22.554  78.558 0.0000000000
43151  -2.079  -23.442  78.312 0.0000000000
43796  -0.558  -22.531  80.429 0.0000000000
43139  -1.603  -23.481  79.076 0.0000000000
42431  -2.012  -24.327  78.742 0.0000000000
40803  -1.729  -25.942  78.646 0.0000000000
39853  -1.556  -26.637  78.332 0.0000000000
38956  -1.015  -28.162  78.210 0.0000000000
59883  -44.543  -1.885  68.028 0.0000000000
54022  -45.268  -8.242  67.730 0.0000000000
54846  -45.329  -7.301  67.502 0.0000000000
55735  -45.494  -6.278  66.301 0.0000000000
56600  -45.397  -5.431  66.971 0.0000000000
59090  -44.852  -2.865  67.748 0.0000000000
42345  -9.493  -24.450  89.188 0.0000000000
41578  -9.476  -25.638  88.592 0.0000000000
42349  -10.762  -24.424  88.325 0.0000000000
41579  -10.241  -25.320  88.251 0.0000000000
40698  -9.272  -26.600  87.580 0.0000000000
38870  -9.096  -28.003  84.948 0.0000000000
42389  -17.343  -24.655  82.282 0.0000000000
42388  -16.791  -24.826  82.432 0.0000000000
42376  -16.599  -24.385  83.120 0.0000000000
40761  -15.051  -25.843  81.279 0.0000000000
41622  -15.490  -25.334  82.497 0.0000000000
42368  -15.587  -24.284  84.105 0.0000000000
42365  -15.301  -23.874  84.817 0.0000000000
42364  -14.628  -24.321  85.210 0.0000000000
42361  -14.410  -23.995  86.020 0.0000000000
42363  -13.963  -24.780  85.607 0.0000000000
41596  -12.859  -25.721  85.117 0.0000000000
40710  -12.168  -26.056  85.193 0.0000000000
40743  -12.014  -26.504  82.577 0.0000000000
40730  -11.824  -26.501  83.598 0.0000000000
39780  -11.025  -26.949  83.908 0.0000000000
39791  -10.210  -27.434  83.326 0.0000000000
49556  -0.371  -14.472  76.859 0.0000000000
48767  -2.248  -15.493  77.857 0.0000000000
48766  -1.221  -15.209  77.392 0.0000000000
48775  -1.257  -15.124  76.188 0.0000000000
47991  -2.507  -16.679  73.890 0.0000000000
46523  -2.235  -18.181  73.604 0.0000000000
45848  -4.074  -19.654  76.736 0.0000000000
45849  -4.885  -19.702  75.936 0.0000000000
46519  -5.095  -18.840  74.803 0.0000000000
43863  -4.540  -21.937  73.758 0.0000000000
45176  -4.551  -20.434  74.155 0.0000000000
45863  -4.506  -19.398  74.307 0.0000000000
45871  -2.996  -19.580  74.068 0.0000000000
45870  -2.239  -19.095  73.603 0.0000000000
45877  -1.579  -19.560  72.990 0.0000000000
45196  -1.336  -20.669  71.743 0.0000000000
43722  -5.877  -23.032  90.168 0.0000000000
43054  -4.326  -23.116  89.797 0.0000000000
43726  -3.167  -23.085  89.200 0.0000000000
41576  -2.326  -25.354  88.658 0.0000000000
43059  -2.511  -23.650  88.658 0.0000000000
43736  -2.929  -22.506  88.628 0.0000000000
43742  -1.386  -22.529  86.956 0.0000000000
43746  -0.981  -22.509  86.217 0.0000000000
43751  -0.694  -22.550  85.241 0.0000000000
43076  -0.778  -23.505  84.469 0.0000000000
42373  -1.066  -24.318  82.960 0.0000000000
41606  -1.209  -24.808  82.515 0.0000000000
40729  -0.747  -26.332  83.190 0.0000000000
40741  -1.019  -26.185  82.105 0.0000000000
40742  -1.279  -25.513  81.618 0.0000000000
39821  -0.896  -27.144  80.135 0.0000000000
38938  -0.909  -28.201  79.393 0.0000000000
38090  -1.085  -29.214  78.700 0.0000000000
36456  -2.211  -31.174  85.131 0.0000000000
36470  -1.634  -31.560  84.346 0.0000000000
37222  -1.376  -30.919  84.370 0.0000000000
37221  -1.157  -30.423  84.179 0.0000000000
37237  -0.826  -30.319  82.451 0.0000000000
37244  -1.031  -30.347  81.362 0.0000000000
36498  -1.256  -31.454  80.698 0.0000000000
37251  -1.163  -30.360  80.225 0.0000000000
37264  -1.219  -30.374  79.021 0.0000000000
37265  -1.332  -30.844  78.161 0.0000000000
37282  -1.267  -29.919  77.267 0.0000000000
36531  -1.428  -31.513  76.685 0.0000000000
35752  -1.802  -32.433  76.015 0.0000000000
50946  -28.649  -12.634  82.819 0.0000000000
50267  -28.950  -13.460  82.494 0.0000000000
49528  -28.081  -14.193  82.914 0.0000000000
50943  -27.889  -12.826  83.283 0.0000000000
61430  -43.973  0.319  67.384 0.0000000000
61427  -44.127  -0.237  67.560 0.0000000000
59888  -44.949  -1.788  67.153 0.0000000000
54803  -37.097  -7.170  71.444 0.0000000000
54799  -37.380  -7.935  72.467 0.0000000000
39881  -1.466  -28.042  76.937 0.0000000000
38105  -1.243  -29.279  76.815 0.0000000000
38033  -8.118  -28.986  83.977 0.0000000000
54753  -32.125  -8.615  78.615 0.0000000000
44430  -0.414  -21.263  84.937 0.0000000000
43758  -0.520  -21.762  83.975 0.0000000000
56526  -42.289  -5.521  71.276 0.0000000000
55663  -43.216  -6.270  70.614 0.0000000000
43747  -13.815  -22.527  86.631 0.0000000000
43069  -14.247  -23.367  86.300 0.0000000000
47225  -1.485  -17.445  72.703 0.0000000000
46490  -2.528  -18.380  78.413 0.0000000000
44406  -6.905  -21.627  89.054 0.0000000000
38002  -2.079  -29.644  86.246 0.0000000000
38866  -1.471  -29.019  86.070 0.0000000000
38015  -1.280  -29.335  85.494 0.0000000000
38030  -1.349  -29.895  85.251 0.0000000000
52384  -30.340  -10.887  81.223 0.0000000000
53130  -30.678  -10.373  80.945 0.0000000000
53138  -30.600  -9.791  80.782 0.0000000000
45120  -26.213  -20.090  82.038 0.0000000000
49562  -0.668  -14.390  75.687 0.0000000000
38994  -3.896  -28.584  74.377 0.0000000000
39905  -4.057  -27.958  74.747 0.0000000000
39005  -4.520  -28.546  73.313 0.0000000000
39004  -4.019  -29.032  73.684 0.0000000000
37296  -3.460  -29.930  73.504 0.0000000000
41577  -8.866  -25.881  88.900 0.0000000000
38853  -5.882  -28.951  87.029 0.0000000000
55597  -35.247  -6.338  74.060 0.0000000000
50279  -31.754  -13.398  79.354 0.0000000000
46432  -21.995  -18.721  85.543 0.0000000000
45105  -20.967  -20.315  85.248 0.0000000000
43110  -21.185  -23.330  81.497 0.0000000000
42415  -20.873  -23.789  80.496 0.0000000000
42424  -20.760  -24.007  79.662 0.0000000000
45122  -0.337  -19.986  81.621 0.0000000000
45121  -0.349  -19.838  81.140 0.0000000000
45139  -0.463  -20.662  80.274 0.0000000000
44478  -0.364  -20.922  80.654 0.0000000000
42400  -1.260  -24.282  81.012 0.0000000000
41645  -1.464  -24.973  80.667 0.0000000000
40757  -1.353  -25.482  81.000 0.0000000000
58262  -44.415  -3.700  68.692 0.0000000000
57431  -44.426  -4.562  69.060 0.0000000000
40705  -11.373  -26.000  86.567 0.0000000000
40797  -15.691  -25.964  80.204 0.0000000000
40745  -13.945  -26.096  82.209 0.0000000000
40732  -13.664  -25.933  83.159 0.0000000000
40720  -13.229  -25.848  83.870 0.0000000000
47982  -5.109  -16.958  76.056 0.0000000000
47981  -4.646  -16.569  75.568 0.0000000000
47986  -4.004  -16.538  74.959 0.0000000000
43185  -5.306  -23.551  74.369 0.0000000000
43192  -2.430  -23.071  73.002 0.0000000000
43872  -2.307  -22.430  73.043 0.0000000000
43206  -1.647  -23.638  71.425 0.0000000000
44410  -2.848  -21.648  88.115 0.0000000000
40677  -4.517  -25.817  90.071 0.0000000000
41562  -4.400  -25.431  90.217 0.0000000000
41569  -4.115  -25.691  90.030 0.0000000000
41581  -1.048  -25.506  86.589 0.0000000000
42352  -0.989  -25.062  86.536 0.0000000000
42358  -0.976  -24.409  86.451 0.0000000000
34839  -1.215  -34.329  81.969 0.0000000000
49535  -29.521  -14.677  81.650 0.0000000000
51666  -30.081  -11.419  81.535 0.0000000000
47143  -27.225  -17.132  82.630 0.0000000000
46459  -27.418  -17.667  82.375 0.0000000000
48745  -28.658  -15.132  82.252 0.0000000000
63024  -44.144  2.033  65.836 0.0000000000
63015  -44.000  1.559  66.379 0.0000000000
56609  -45.415  -5.340  66.079 0.0000000000
57463  -45.386  -4.436  65.883 0.0000000000
58289  -45.304  -3.533  65.647 0.0000000000
61435  -44.646  0.138  66.276 0.0000000000
60680  -45.116  -0.868  65.914 0.0000000000
55640  -37.471  -6.939  70.439 0.0000000000
53984  -37.135  -8.559  73.290 0.0000000000
53199  -37.738  -9.337  71.690 0.0000000000
54810  -38.257  -7.828  70.394 0.0000000000
38984  -3.007  -28.216  74.990 0.0000000000
35760  -2.006  -32.341  74.962 0.0000000000
39744  -8.715  -27.565  86.438 0.0000000000
38856  -8.132  -28.105  86.216 0.0000000000
53162  -33.117  -9.921  77.908 0.0000000000
55556  -33.500  -7.766  77.251 0.0000000000
46424  -22.139  -17.701  85.733 0.0000000000
47123  -22.472  -17.275  85.583 0.0000000000
43777  -24.147  -21.499  82.092 0.0000000000
61448  -46.093  1.030  62.927 0.0000000000
63037  -46.974  2.407  62.481 0.0000000000
64652  -46.929  4.727  61.611 0.0000000000
44452  -0.089  -20.928  82.959 0.0000000000
43767  -0.466  -22.293  83.250 0.0000000000
43083  -0.982  -23.774  82.699 0.0000000000
57415  -43.440  -4.235  70.137 0.0000000000
54004  -42.983  -8.564  70.336 0.0000000000
54006  -44.273  -7.706  69.617 0.0000000000
56541  -43.477  -5.504  70.324 0.0000000000
55678  -44.248  -6.418  69.561 0.0000000000
56552  -43.952  -5.531  69.745 0.0000000000
56570  -44.277  -5.230  69.288 0.0000000000
43744  -12.281  -22.638  87.558 0.0000000000
42359  -12.935  -24.852  86.640 0.0000000000
41589  -12.320  -25.330  86.595 0.0000000000
48758  -2.710  -16.110  79.379 0.0000000000
47187  -3.830  -17.725  77.834 0.0000000000
47196  -4.322  -17.808  77.215 0.0000000000
41760  -3.874  -25.848  73.113 0.0000000000
41770  -2.536  -25.897  72.166 0.0000000000
41758  -2.377  -25.208  72.258 0.0000000000
45067  -5.507  -21.124  88.694 0.0000000000
38823  -2.842  -28.141  88.079 0.0000000000
39712  -2.820  -27.685  88.333 0.0000000000
39728  -2.380  -27.580  87.967 0.0000000000
40707  -0.791  -26.659  85.242 0.0000000000
39758  -0.892  -27.728  85.449 0.0000000000
49541  -30.917  -14.223  79.978 0.0000000000
50272  -30.444  -13.200  80.991 0.0000000000
51668  -31.123  -11.940  80.643 0.0000000000
53934  -31.347  -9.254  79.836 0.0000000000
46474  -27.946  -18.542  81.492 0.0000000000
47911  -24.649  -16.415  84.021 0.0000000000
47133  -24.349  -17.330  84.271 0.0000000000
45793  -25.040  -18.691  83.552 0.0000000000
45116  -25.089  -20.077  83.060 0.0000000000
45119  -25.483  -20.265  82.371 0.0000000000
64646  -45.276  4.493  63.690 0.0000000000
59895  -45.176  -1.556  64.459 0.0000000000
63032  -45.975  2.517  63.875 0.0000000000
55625  -39.613  -6.240  71.935 0.0000000000
55641  -38.730  -6.596  70.959 0.0000000000
54001  -40.001  -8.272  69.152 0.0000000000
49569  -0.399  -13.504  74.153 0.0000000000
48791  -1.367  -14.990  74.058 0.0000000000
47984  -2.326  -16.227  73.959 0.0000000000
45157  -2.250  -20.668  77.627 0.0000000000
44500  -2.455  -21.619  77.357 0.0000000000
43163  -3.716  -23.373  76.479 0.0000000000
43840  -3.402  -22.575  76.551 0.0000000000
43173  -4.171  -23.428  75.913 0.0000000000
42458  -4.450  -24.241  75.963 0.0000000000
40827  -3.256  -26.052  76.671 0.0000000000
41708  -3.628  -25.877  76.505 0.0000000000
40856  -4.834  -26.957  74.774 0.0000000000
40843  -5.035  -25.993  74.753 0.0000000000
40875  -4.786  -26.321  73.548 0.0000000000
39907  -4.960  -26.857  73.895 0.0000000000
39008  -4.288  -28.445  72.435 0.0000000000
39934  -4.310  -27.491  72.571 0.0000000000
37300  -2.810  -30.811  73.280 0.0000000000
43724  -7.591  -23.246  90.111 0.0000000000
43051  -7.803  -23.925  90.190 0.0000000000
40685  -7.018  -26.242  89.401 0.0000000000
41565  -7.039  -25.244  90.114 0.0000000000
41570  -6.793  -25.811  89.813 0.0000000000
40679  -5.598  -25.943  90.090 0.0000000000
40684  -6.232  -26.378  89.575 0.0000000000
39717  -7.447  -27.216  88.275 0.0000000000
38839  -5.260  -28.708  87.572 0.0000000000
39715  -5.309  -27.538  88.817 0.0000000000
38825  -3.965  -28.210  88.408 0.0000000000
38838  -4.347  -28.777  87.839 0.0000000000
38004  -3.352  -29.706  86.918 0.0000000000
37187  -2.946  -30.110  86.444 0.0000000000
50958  -32.395  -12.369  78.909 0.0000000000
53972  -35.822  -8.716  76.066 0.0000000000
54791  -36.387  -7.799  74.865 0.0000000000
43768  -19.789  -22.859  83.561 0.0000000000
43769  -20.341  -22.560  83.495 0.0000000000
45791  -23.304  -19.131  84.434 0.0000000000
45790  -22.734  -19.643  84.441 0.0000000000
44454  -23.587  -21.293  82.826 0.0000000000
45114  -23.447  -20.412  83.499 0.0000000000
43774  -21.644  -22.584  82.308 0.0000000000
44448  -21.566  -21.498  83.914 0.0000000000
43109  -20.652  -23.396  81.905 0.0000000000
42392  -20.249  -23.589  81.946 0.0000000000
43097  -20.286  -23.290  82.430 0.0000000000
42422  -19.595  -24.630  78.725 0.0000000000
42413  -19.329  -24.825  79.822 0.0000000000
64655  -47.532  5.017  60.134 0.0000000000
63850  -47.748  4.305  59.844 0.0000000000
47169  -1.782  -17.523  80.009 0.0000000000
47176  -1.999  -17.783  79.297 0.0000000000
46470  -0.452  -18.584  81.962 0.0000000000
45811  -0.753  -19.178  80.296 0.0000000000
45818  -1.135  -19.221  79.495 0.0000000000
45828  -1.143  -19.819  79.122 0.0000000000
44480  -0.753  -21.756  79.495 0.0000000000
44491  -1.166  -21.534  78.821 0.0000000000
43784  -0.497  -22.412  81.419 0.0000000000
44468  -0.356  -21.640  80.946 0.0000000000
43128  -1.292  -23.559  79.845 0.0000000000
41680  -2.249  -25.219  78.272 0.0000000000
41667  -1.788  -25.179  79.099 0.0000000000
39840  -1.478  -26.448  78.876 0.0000000000
39852  -1.301  -27.293  78.088 0.0000000000
60669  -44.080  -1.365  68.514 0.0000000000
54839  -44.981  -7.385  68.458 0.0000000000
55723  -45.369  -6.368  67.222 0.0000000000
57444  -45.166  -4.572  67.559 0.0000000000
43057  -9.811  -23.693  89.024 0.0000000000
41574  -9.750  -25.042  88.856 0.0000000000
43061  -11.119  -23.592  88.345 0.0000000000
40700  -10.843  -25.962  87.199 0.0000000000
41583  -10.711  -25.528  87.623 0.0000000000
40699  -10.144  -26.143  87.522 0.0000000000
40703  -9.682  -26.689  87.010 0.0000000000
39760  -9.454  -27.454  85.523 0.0000000000
38884  -9.173  -28.156  84.237 0.0000000000
41637  -17.839  -25.191  80.950 0.0000000000
41625  -17.544  -25.028  81.654 0.0000000000
41635  -16.362  -25.448  81.492 0.0000000000
40780  -14.747  -26.080  80.559 0.0000000000
41621  -14.874  -25.437  82.868 0.0000000000
42375  -15.841  -24.650  83.378 0.0000000000
41598  -14.377  -25.145  84.452 0.0000000000
43073  -14.689  -23.610  85.751 0.0000000000
39792  -11.142  -26.968  82.944 0.0000000000
49550  0.076  -14.012  78.603 0.0000000000
49555  0.048  -14.012  77.733 0.0000000000
48776  -2.320  -15.578  76.684 0.0000000000
48786  -2.138  -15.477  75.573 0.0000000000
47218  -2.595  -17.361  73.828 0.0000000000
45166  -4.925  -20.492  75.444 0.0000000000
46512  -5.221  -18.932  75.576 0.0000000000
45856  -5.218  -19.712  75.183 0.0000000000
43194  -4.428  -23.599  73.480 0.0000000000
43875  -4.888  -23.003  73.691 0.0000000000
44531  -3.774  -21.277  73.719 0.0000000000
44524  -4.465  -21.387  73.817 0.0000000000
45183  -4.002  -20.706  73.877 0.0000000000
45175  -3.849  -19.945  74.079 0.0000000000
45862  -3.771  -18.971  74.197 0.0000000000
44425  -1.112  -21.405  86.414 0.0000000000
43046  -4.013  -24.063  90.137 0.0000000000
43727  -3.888  -22.544  89.291 0.0000000000
43052  -2.955  -23.753  89.383 0.0000000000
40688  -2.453  -26.632  88.459 0.0000000000
41567  -2.763  -25.835  89.274 0.0000000000
42348  -2.353  -24.547  88.695 0.0000000000
43735  -2.176  -22.573  87.824 0.0000000000
43063  -1.533  -23.543  87.406 0.0000000000
43072  -0.841  -22.960  85.824 0.0000000000
43752  -0.781  -22.525  85.800 0.0000000000
42366  -0.915  -24.395  83.763 0.0000000000
40756  -1.130  -26.247  80.955 0.0000000000
35677  -1.600  -32.777  83.925 0.0000000000
36469  -1.158  -31.271  83.984 0.0000000000
36480  -0.856  -31.334  83.132 0.0000000000
36488  -1.086  -31.281  81.904 0.0000000000
36510  -1.299  -31.384  79.568 0.0000000000
37274  -1.366  -30.034  78.049 0.0000000000
37275  -1.297  -30.719  77.376 0.0000000000
51662  -28.932  -11.700  82.553 0.0000000000
49531  -29.197  -14.338  82.137 0.0000000000
49526  -26.797  -14.554  83.098 0.0000000000
49527  -27.532  -14.405  83.013 0.0000000000
62240  -44.078  0.715  66.969 0.0000000000
58285  -45.326  -3.604  66.521 0.0000000000
59891  -45.163  -1.732  66.161 0.0000000000
39867  -1.713  -26.910  77.508 0.0000000000
38106  -1.605  -29.281  75.865 0.0000000000
38882  -8.005  -28.535  85.099 0.0000000000
38032  -7.412  -29.138  84.614 0.0000000000
47888  -23.105  -15.883  85.564 0.0000000000
44447  -0.283  -21.544  83.236 0.0000000000
43759  -0.669  -22.554  84.180 0.0000000000
57398  -43.155  -4.625  70.556 0.0000000000
57382  -42.652  -4.651  71.106 0.0000000000
53995  -42.612  -7.948  70.702 0.0000000000
54827  -43.298  -7.276  70.416 0.0000000000
54828  -44.103  -7.173  69.890 0.0000000000
43745  -13.132  -22.595  87.154 0.0000000000
42360  -13.633  -24.369  86.312 0.0000000000
43763  -19.421  -22.354  84.175 0.0000000000
48803  -1.438  -15.996  72.996 0.0000000000
47953  -3.077  -16.832  78.582 0.0000000000
46500  -3.743  -18.549  77.464 0.0000000000
40908  -2.435  -26.927  71.461 0.0000000000
45068  -6.223  -21.147  88.620 0.0000000000
38835  -2.158  -28.322  87.218 0.0000000000
38851  -1.824  -28.664  86.653 0.0000000000
38850  -1.467  -28.431  86.223 0.0000000000
50950  -30.300  -12.613  81.317 0.0000000000
47160  -28.569  -17.235  81.371 0.0000000000
47142  -26.547  -17.246  83.043 0.0000000000
61439  -45.177  0.174  64.911 0.0000000000
41659  -18.148  -25.503  79.042 0.0000000000
43830  -2.154  -22.548  77.788 0.0000000000
43162  -3.134  -23.399  76.973 0.0000000000
42448  -3.603  -24.147  76.862 0.0000000000
39894  -3.878  -27.500  75.225 0.0000000000
39895  -4.550  -27.184  74.969 0.0000000000
39906  -4.700  -27.524  74.372 0.0000000000
38132  -4.191  -29.147  72.368 0.0000000000
38131  -3.942  -29.822  72.268 0.0000000000
42344  -8.775  -24.549  89.570 0.0000000000
42341  -8.080  -24.602  89.958 0.0000000000
41572  -8.221  -25.473  89.413 0.0000000000
40686  -7.622  -26.146  89.238 0.0000000000
40691  -7.236  -26.686  88.906 0.0000000000
38854  -6.584  -28.760  86.636 0.0000000000
37993  -4.593  -29.224  87.259 0.0000000000
38005  -4.224  -29.760  86.648 0.0000000000
52399  -33.152  -10.868  78.045 0.0000000000
54776  -34.817  -8.046  76.511 0.0000000000
54790  -35.936  -7.487  75.255 0.0000000000
47132  -23.606  -17.344  84.725 0.0000000000
43775  -22.409  -22.448  81.978 0.0000000000
42423  -20.139  -24.293  79.342 0.0000000000
61455  -46.351  1.079  61.359 0.0000000000
46476  -0.518  -18.493  81.302 0.0000000000
45129  -0.392  -19.715  80.911 0.0000000000
45140  -0.753  -20.291  79.732 0.0000000000
43808  -0.620  -22.095  79.846 0.0000000000
41655  -1.582  -25.108  79.913 0.0000000000
59880  -44.082  -1.945  68.765 0.0000000000
43060  -10.374  -23.689  88.623 0.0000000000
42354  -11.900  -24.800  87.414 0.0000000000
41636  -17.063  -25.361  81.196 0.0000000000
41646  -16.462  -25.614  80.736 0.0000000000
40763  -16.128  -25.653  81.022 0.0000000000
40762  -15.731  -25.680  81.243 0.0000000000
40760  -14.320  -26.080  81.348 0.0000000000
41599  -14.996  -24.997  84.046 0.0000000000
41608  -14.467  -25.372  83.513 0.0000000000
47971  -3.618  -16.055  76.526 0.0000000000
48793  -2.847  -15.790  75.133 0.0000000000
44509  -3.881  -21.732  75.942 0.0000000000
45165  -4.387  -20.599  76.078 0.0000000000
44517  -4.587  -21.866  75.403 0.0000000000
44518  -4.936  -21.295  74.891 0.0000000000
44530  -3.030  -21.452  73.595 0.0000000000
44529  -2.149  -21.657  73.101 0.0000000000
42338  -5.774  -24.616  90.414 0.0000000000
43048  -5.365  -23.820  90.327 0.0000000000
42337  -4.876  -24.611  90.358 0.0000000000
42336  -4.019  -24.613  90.216 0.0000000000
42343  -3.522  -24.606  89.882 0.0000000000
43066  -0.852  -23.910  85.900 0.0000000000
41595  -0.835  -25.413  83.994 0.0000000000
35691  -0.938  -32.150  83.209 0.0000000000
36481  -0.802  -32.184  82.957 0.0000000000
35733  -1.365  -32.001  79.051 0.0000000000
47943  -29.483  -16.272  80.900 0.0000000000
48752  -30.047  -15.327  80.799 0.0000000000
48751  -29.578  -15.292  81.326 0.0000000000
51664  -30.094  -12.017  81.583 0.0000000000
46467  -27.245  -18.655  82.192 0.0000000000
46468  -27.715  -18.149  81.901 0.0000000000
47153  -28.156  -17.205  81.870 0.0000000000
47933  -28.113  -16.723  82.175 0.0000000000
47942  -28.956  -16.707  81.296 0.0000000000
48738  -26.439  -15.445  83.062 0.0000000000
63826  -44.281  2.502  65.175 0.0000000000
53197  -37.211  -9.337  72.779 0.0000000000
50287  0.264  -13.420  77.029 0.0000000000
41681  -2.751  -24.942  77.666 0.0000000000
40840  -2.648  -26.989  76.367 0.0000000000
38119  -3.070  -29.229  74.355 0.0000000000
40697  -8.646  -26.778  87.956 0.0000000000
39730  -7.666  -27.654  87.397 0.0000000000
38855  -7.475  -28.301  86.555 0.0000000000
51673  -32.157  -11.768  79.326 0.0000000000
53163  -33.865  -10.153  77.514 0.0000000000
53168  -34.357  -9.750  77.230 0.0000000000
45115  -24.308  -20.222  83.254 0.0000000000
43776  -23.517  -21.742  82.260 0.0000000000
43120  -22.222  -23.379  80.364 0.0000000000
43129  -21.460  -23.705  79.932 0.0000000000
61451  -46.242  1.120  62.187 0.0000000000
62263  -46.802  1.862  61.892 0.0000000000
62264  -47.040  2.317  61.317 0.0000000000
63041  -47.410  2.886  60.943 0.0000000000
65382  -47.098  5.701  61.271 0.0000000000
45117  -0.267  -20.125  82.574 0.0000000000
43773  -0.545  -22.369  82.263 0.0000000000
43107  -0.738  -23.078  81.844 0.0000000000
42387  -1.227  -24.282  81.713 0.0000000000
58247  -43.497  -3.589  69.899 0.0000000000
54014  -43.342  -9.164  69.731 0.0000000000
54838  -44.667  -7.844  68.848 0.0000000000
54833  -44.782  -6.918  68.880 0.0000000000
55679  -44.621  -6.436  69.079 0.0000000000
43743  -11.739  -22.177  87.681 0.0000000000
43741  -11.994  -23.080  87.877 0.0000000000
42351  -12.076  -23.978  87.698 0.0000000000
43065  -12.888  -23.431  87.336 0.0000000000
41585  -12.054  -25.111  87.185 0.0000000000
41668  -14.676  -25.828  78.489 0.0000000000
40807  -14.337  -25.912  78.846 0.0000000000
40795  -14.469  -26.118  79.769 0.0000000000
40794  -13.675  -26.155  79.592 0.0000000000
40779  -13.943  -26.185  80.505 0.0000000000
47952  -3.102  -15.959  78.282 0.0000000000
47960  -3.786  -16.632  77.801 0.0000000000
47205  -5.092  -17.729  75.551 0.0000000000
42481  -5.079  -24.559  73.641 0.0000000000
42480  -4.043  -24.461  73.316 0.0000000000
42479  -3.382  -24.435  73.205 0.0000000000
41759  -3.145  -25.835  72.661 0.0000000000
42486  -2.219  -24.502  72.354 0.0000000000
45073  -5.068  -20.399  88.463 0.0000000000
45072  -4.186  -20.723  88.515 0.0000000000
44412  -4.126  -21.366  88.773 0.0000000000
39701  -3.595  -27.059  89.223 0.0000000000
40681  -3.294  -26.610  89.292 0.0000000000
40689  -2.948  -27.148  88.837 0.0000000000
40687  -1.969  -26.458  88.094 0.0000000000
39727  -2.073  -27.805  87.415 0.0000000000
40695  -1.800  -26.779  87.620 0.0000000000
41587  -1.139  -26.286  86.512 0.0000000000
50956  -31.602  -12.978  79.711 0.0000000000
49540  -30.454  -14.518  80.472 0.0000000000
50276  -30.746  -13.518  80.419 0.0000000000
50954  -31.630  -12.466  79.864 0.0000000000
51671  -31.786  -11.893  79.838 0.0000000000
53140  -31.808  -10.148  79.605 0.0000000000
47141  -25.746  -17.280  83.349 0.0000000000
45118  -24.806  -20.521  82.718 0.0000000000
44459  -24.618  -21.327  81.928 0.0000000000
44469  -24.846  -21.575  81.325 0.0000000000
62257  -46.191  1.731  63.411 0.0000000000
64647  -46.221  4.640  63.127 0.0000000000
55627  -40.772  -5.924  72.025 0.0000000000
41669  -15.257  -25.886  78.833 0.0000000000
47217  -1.918  -17.617  73.353 0.0000000000
45839  -2.891  -19.516  77.440 0.0000000000
45158  -2.841  -20.695  76.980 0.0000000000
43175  -5.378  -23.945  74.933 0.0000000000
41696  -3.957  -24.624  76.466 0.0000000000
42459  -5.115  -24.511  75.381 0.0000000000
42471  -5.391  -24.585  74.608 0.0000000000
41743  -4.996  -25.662  73.744 0.0000000000
40874  -4.343  -26.166  73.205 0.0000000000
40893  -4.059  -26.540  72.875 0.0000000000
39935  -4.627  -27.058  73.007 0.0000000000
39933  -3.514  -27.297  72.151 0.0000000000
43050  -7.088  -23.865  90.354 0.0000000000
42339  -6.634  -24.604  90.353 0.0000000000
39703  -4.833  -26.991  89.373 0.0000000000
39716  -6.410  -27.322  88.679 0.0000000000
39704  -5.645  -27.000  89.324 0.0000000000
39702  -3.984  -27.038  89.364 0.0000000000
38824  -3.171  -28.181  88.264 0.0000000000
37990  -2.721  -29.022  87.312 0.0000000000
38003  -2.556  -29.339  86.922 0.0000000000
37185  -2.176  -29.980  86.103 0.0000000000
55610  -35.575  -6.340  72.816 0.0000000000
50960  -32.368  -12.980  78.728 0.0000000000
53979  -36.201  -8.558  74.763 0.0000000000
44442  -19.411  -21.578  84.709 0.0000000000
47899  -22.824  -16.861  85.450 0.0000000000
47124  -23.001  -17.395  85.240 0.0000000000
45113  -22.835  -20.604  83.760 0.0000000000
45109  -22.293  -20.280  84.364 0.0000000000
45108  -21.561  -20.545  84.665 0.0000000000
43096  -19.712  -23.398  82.730 0.0000000000
42412  -18.733  -25.215  80.034 0.0000000000
63849  -47.548  3.587  60.345 0.0000000000
65401  -48.034  6.077  57.288 0.0000000000
47949  -2.444  -16.644  79.876 0.0000000000
46489  -1.919  -18.332  78.862 0.0000000000
47168  -1.151  -17.810  80.454 0.0000000000
46477  -0.763  -18.440  80.660 0.0000000000
45819  -1.540  -18.786  79.024 0.0000000000
45150  -1.641  -20.600  78.246 0.0000000000
43797  -0.877  -23.112  80.062 0.0000000000
59887  -44.521  -1.331  67.671 0.0000000000
60673  -44.129  -0.814  68.139 0.0000000000
57381  -41.919  -4.651  71.550 0.0000000000
54026  -45.587  -8.102  66.833 0.0000000000
54853  -45.580  -7.185  66.613 0.0000000000
54860  -45.585  -7.145  65.672 0.0000000000
58277  -45.159  -3.675  67.309 0.0000000000
59884  -44.861  -2.334  67.519 0.0000000000
43056  -9.105  -23.677  89.458 0.0000000000
43740  -11.450  -22.675  88.071 0.0000000000
41580  -10.984  -25.025  87.931 0.0000000000
40694  -9.699  -26.070  88.116 0.0000000000
39732  -9.167  -27.106  86.953 0.0000000000
39759  -9.067  -27.574  85.981 0.0000000000
38894  -8.643  -28.547  83.843 0.0000000000
42377  -17.833  -24.131  82.813 0.0000000000
43085  -17.381  -23.634  83.414 0.0000000000
43084  -16.728  -23.695  83.675 0.0000000000
40781  -15.409  -25.942  80.620 0.0000000000
41634  -15.864  -25.476  81.898 0.0000000000
40747  -15.374  -25.598  81.805 0.0000000000
41610  -15.958  -24.998  83.014 0.0000000000
42369  -16.318  -23.942  83.789 0.0000000000
43078  -16.325  -23.364  84.206 0.0000000000
43077  -15.641  -23.536  84.598 0.0000000000
41593  -13.414  -25.215  85.585 0.0000000000
41592  -12.633  -25.558  85.778 0.0000000000
40718  -11.598  -26.422  84.514 0.0000000000
39762  -10.931  -26.839  84.688 0.0000000000
39779  -10.323  -27.278  84.313 0.0000000000
39790  -9.740  -27.762  83.974 0.0000000000
45840  -3.678  -19.026  77.031 0.0000000000
46507  -4.914  -18.755  76.324 0.0000000000
43864  -4.941  -22.103  74.059 0.0000000000
44525  -4.796  -21.165  74.274 0.0000000000
45177  -4.896  -20.632  74.547 0.0000000000
45864  -4.973  -19.892  74.599 0.0000000000
47212  -4.818  -18.047  74.831 0.0000000000
46518  -4.458  -18.423  74.448 0.0000000000
46517  -3.810  -18.107  74.260 0.0000000000
46524  -2.938  -18.405  74.103 0.0000000000
45187  -1.305  -19.805  72.103 0.0000000000
44549  -1.474  -21.575  71.312 0.0000000000
44424  -0.827  -21.134  86.048 0.0000000000
43730  -6.396  -22.322  89.740 0.0000000000
43729  -5.518  -22.377  89.633 0.0000000000
43721  -5.011  -23.059  90.041 0.0000000000
43728  -4.717  -22.457  89.451 0.0000000000
43737  -3.376  -22.443  89.020 0.0000000000
42342  -2.880  -24.614  89.373 0.0000000000
44432  -0.805  -22.065  85.869 0.0000000000
42374  -1.177  -24.286  82.342 0.0000000000
41620  -1.299  -24.855  81.978 0.0000000000
41619  -1.201  -25.328  82.249 0.0000000000
40775  -1.178  -26.378  80.129 0.0000000000
40790  -1.172  -26.686  79.699 0.0000000000
38098  -1.219  -29.184  77.723 0.0000000000
37196  -2.101  -30.253  85.756 0.0000000000
35659  -2.363  -32.353  84.402 0.0000000000
37211  -1.483  -30.433  84.980 0.0000000000
37210  -1.253  -30.181  84.724 0.0000000000
37230  -0.855  -30.183  83.353 0.0000000000
36522  -1.341  -31.453  78.629 0.0000000000
38127  -4.347  -28.938  72.814 0.0000000000
39921  -4.821  -27.023  73.525 0.0000000000
40678  -4.901  -25.867  90.097 0.0000000000
41561  -4.004  -25.187  90.205 0.0000000000
41571  -7.387  -25.665  89.642 0.0000000000
42460  -5.386  -24.294  74.914 0.0000000000
42472  -5.414  -24.070  74.680 0.0000000000
43725  -8.072  -23.451  90.034 0.0000000000
44402  -3.930  -22.001  89.073 0.0000000000
45065  -4.356  -21.264  88.746 0.0000000000
45804  -0.368  -19.585  81.305 0.0000000000
45809  -0.363  -19.604  81.075 0.0000000000
47973  -5.043  -17.316  76.269 0.0000000000
48777  -2.921  -15.828  76.467 0.0000000000
