#!ascii label  , from subject 3253 vox2ras=TkReg
1070
41757  -39.883  -25.193  73.346 0.0000000000
37249  -28.684  -30.603  79.585 0.0000000000
44631  -44.431  -21.782  60.309 0.0000000000
39049  -38.153  -28.515  67.581 0.0000000000
41791  -44.703  -25.525  67.950 0.0000000000
38955  -36.190  -27.934  78.598 0.0000000000
36569  -26.975  -31.192  69.675 0.0000000000
40922  -32.783  -26.678  70.900 0.0000000000
34799  -24.238  -32.819  84.343 0.0000000000
50386  -49.749  -13.655  58.475 0.0000000000
34072  -21.728  -34.445  69.006 0.0000000000
39032  -39.568  -27.871  71.045 0.0000000000
40004  -41.158  -27.127  67.219 0.0000000000
41779  -42.619  -25.500  70.923 0.0000000000
40839  -38.044  -25.671  76.468 0.0000000000
39007  -34.115  -28.114  74.008 0.0000000000
40905  -36.701  -26.271  73.101 0.0000000000
39980  -34.927  -27.273  68.824 0.0000000000
53293  -49.101  -9.726  55.552 0.0000000000
35689  -27.601  -32.009  82.883 0.0000000000
34907  -24.629  -32.854  77.471 0.0000000000
33087  -26.971  -34.771  76.263 0.0000000000
42566  -44.717  -24.300  63.529 0.0000000000
38086  -32.512  -29.419  79.445 0.0000000000
33984  -30.558  -34.295  75.962 0.0000000000
35766  -32.813  -32.236  75.317 0.0000000000
39015  -29.759  -28.366  70.962 0.0000000000
34780  -20.385  -33.073  85.044 0.0000000000
43226  -47.106  -22.579  67.513 0.0000000000
43948  -48.107  -21.630  63.680 0.0000000000
48073  -50.661  -16.626  61.646 0.0000000000
110405  -47.762  -18.189  59.129 0.0000000000
48917  -47.166  -15.153  54.526 0.0000000000
35716  -21.658  -32.467  79.505 0.0000000000
33220  -26.095  -35.017  68.405 0.0000000000
39946  -39.391  -26.531  72.597 0.0000000000
39971  -40.779  -27.044  70.677 0.0000000000
41777  -40.445  -25.199  71.260 0.0000000000
41722  -38.939  -24.669  75.059 0.0000000000
40871  -37.214  -25.389  74.554 0.0000000000
39932  -38.509  -26.256  73.452 0.0000000000
39944  -38.070  -27.180  72.848 0.0000000000
110322  -42.204  -21.798  57.711 0.0000000000
110333  -42.197  -20.582  57.359 0.0000000000
36487  -28.373  -31.534  81.562 0.0000000000
33935  -27.760  -34.044  79.966 0.0000000000
33944  -28.991  -34.201  79.346 0.0000000000
39062  -38.678  -28.216  66.643 0.0000000000
40943  -43.367  -26.311  68.123 0.0000000000
40969  -41.039  -25.684  66.175 0.0000000000
41809  -42.640  -25.296  65.898 0.0000000000
41839  -43.002  -25.126  64.512 0.0000000000
41827  -44.766  -25.275  65.997 0.0000000000
38953  -34.493  -28.777  79.570 0.0000000000
36528  -33.252  -31.748  78.041 0.0000000000
37280  -34.782  -30.612  77.501 0.0000000000
40884  -33.214  -26.657  72.658 0.0000000000
38135  -32.285  -29.280  72.924 0.0000000000
39950  -31.031  -27.502  70.856 0.0000000000
39028  -36.622  -28.224  68.952 0.0000000000
43926  -47.987  -21.998  65.817 0.0000000000
47310  -49.836  -17.770  59.751 0.0000000000
48102  -49.956  -16.186  57.648 0.0000000000
47332  -48.397  -16.691  56.457 0.0000000000
49686  -49.608  -14.406  56.354 0.0000000000
53309  -47.605  -10.089  54.032 0.0000000000
34797  -22.124  -33.142  84.537 0.0000000000
34831  -21.321  -33.129  82.471 0.0000000000
34850  -23.025  -33.021  81.568 0.0000000000
35783  -23.274  -32.685  72.994 0.0000000000
35772  -21.579  -32.348  74.384 0.0000000000
34975  -20.712  -33.171  70.272 0.0000000000
34017  -29.406  -33.669  72.445 0.0000000000
33122  -28.482  -35.166  73.060 0.0000000000
34995  -26.940  -32.965  68.733 0.0000000000
39038  -39.098  -28.518  69.306 0.0000000000
39051  -39.875  -28.337  68.496 0.0000000000
39040  -40.693  -27.998  69.751 0.0000000000
40933  -42.664  -26.802  69.262 0.0000000000
41786  -43.919  -25.782  69.316 0.0000000000
39865  -37.343  -26.921  77.876 0.0000000000
38104  -36.342  -28.923  76.988 0.0000000000
39903  -36.566  -27.107  75.825 0.0000000000
40869  -34.990  -25.955  74.204 0.0000000000
40916  -34.174  -26.651  71.318 0.0000000000
39967  -33.822  -26.892  70.301 0.0000000000
39941  -35.387  -27.082  71.525 0.0000000000
39019  -37.273  -28.170  70.515 0.0000000000
51795  -50.057  -12.067  56.803 0.0000000000
53278  -50.027  -9.431  58.184 0.0000000000
35687  -25.693  -32.749  83.503 0.0000000000
34868  -24.348  -32.915  80.513 0.0000000000
34853  -26.155  -33.334  81.206 0.0000000000
34919  -25.171  -33.601  76.141 0.0000000000
34015  -24.740  -34.807  72.793 0.0000000000
109194  -39.977  -27.102  65.971 0.0000000000
42575  -43.223  -24.705  62.610 0.0000000000
43274  -44.783  -23.263  62.407 0.0000000000
38095  -30.238  -29.907  78.484 0.0000000000
34888  -30.398  -33.373  79.296 0.0000000000
35740  -32.023  -32.555  78.329 0.0000000000
34928  -31.847  -33.298  75.575 0.0000000000
35793  -30.656  -32.053  73.146 0.0000000000
37297  -33.811  -30.219  74.539 0.0000000000
36557  -31.379  -30.805  73.273 0.0000000000
37313  -27.958  -29.767  70.794 0.0000000000
43888  -40.039  -22.681  72.469 0.0000000000
38930  -28.348  -27.941  79.978 0.0000000000
39836  -33.097  -27.514  80.656 0.0000000000
40789  -34.612  -26.421  80.114 0.0000000000
43210  -41.249  -23.449  71.399 0.0000000000
42503  -43.976  -24.085  71.280 0.0000000000
42509  -45.006  -24.171  70.237 0.0000000000
43907  -45.636  -22.304  69.824 0.0000000000
42516  -46.300  -24.067  68.129 0.0000000000
43240  -46.734  -23.584  65.848 0.0000000000
43258  -46.546  -23.011  64.330 0.0000000000
44617  -45.934  -21.612  61.765 0.0000000000
45933  -49.620  -19.917  63.208 0.0000000000
110398  -47.486  -19.781  60.575 0.0000000000
110391  -45.692  -20.247  59.831 0.0000000000
110360  -43.634  -18.767  56.778 0.0000000000
51075  -48.351  -12.517  55.370 0.0000000000
34829  -19.211  -33.264  82.236 0.0000000000
34906  -19.706  -33.006  76.697 0.0000000000
35738  -23.021  -32.137  77.908 0.0000000000
35761  -20.239  -32.669  75.887 0.0000000000
33090  -28.904  -35.013  76.017 0.0000000000
33141  -26.473  -35.661  72.459 0.0000000000
33218  -24.244  -35.386  68.073 0.0000000000
33242  -26.150  -35.474  65.612 0.0000000000
40907  -39.706  -26.034  72.717 0.0000000000
40918  -40.162  -26.004  71.626 0.0000000000
41768  -40.076  -25.203  72.148 0.0000000000
41740  -39.862  -24.789  73.983 0.0000000000
40873  -38.685  -25.378  74.234 0.0000000000
41756  -39.412  -25.480  73.690 0.0000000000
40906  -39.313  -26.367  73.032 0.0000000000
43974  -44.273  -22.344  60.565 0.0000000000
44630  -43.949  -21.972  59.792 0.0000000000
45269  -44.059  -20.838  59.159 0.0000000000
37243  -28.349  -30.642  80.674 0.0000000000
34856  -28.714  -33.073  80.808 0.0000000000
36497  -29.430  -32.015  80.175 0.0000000000
39048  -37.509  -28.411  67.154 0.0000000000
39061  -38.037  -28.340  66.577 0.0000000000
40944  -44.085  -25.930  68.124 0.0000000000
40956  -43.364  -26.000  67.213 0.0000000000
41799  -43.888  -25.702  66.765 0.0000000000
41810  -43.596  -25.433  66.069 0.0000000000
41800  -44.593  -25.549  67.082 0.0000000000
38954  -35.530  -28.479  79.033 0.0000000000
37262  -34.660  -30.191  78.653 0.0000000000
38096  -35.681  -29.385  78.116 0.0000000000
40914  -32.391  -26.792  71.419 0.0000000000
39951  -31.679  -27.311  71.531 0.0000000000
39965  -31.841  -26.928  70.425 0.0000000000
39977  -31.181  -26.984  69.094 0.0000000000
39036  -37.446  -28.454  68.307 0.0000000000
39981  -35.919  -27.845  68.348 0.0000000000
39035  -36.773  -28.271  67.763 0.0000000000
48096  -50.535  -16.049  59.113 0.0000000000
48903  -50.312  -15.030  58.007 0.0000000000
48905  -49.974  -15.325  56.759 0.0000000000
49683  -49.604  -14.132  57.329 0.0000000000
34798  -23.276  -32.871  84.743 0.0000000000
34832  -22.603  -33.244  82.746 0.0000000000
34833  -23.877  -33.296  82.582 0.0000000000
34963  -22.629  -33.017  70.653 0.0000000000
35802  -21.299  -32.068  71.086 0.0000000000
34993  -21.168  -33.621  69.543 0.0000000000
33184  -21.009  -34.745  70.016 0.0000000000
33203  -21.603  -35.546  68.902 0.0000000000
34964  -28.612  -32.692  71.480 0.0000000000
34035  -28.674  -33.739  71.415 0.0000000000
35816  -27.271  -31.986  69.841 0.0000000000
39031  -39.035  -28.337  70.521 0.0000000000
39039  -40.070  -28.267  69.954 0.0000000000
39970  -40.149  -27.574  70.702 0.0000000000
40920  -41.787  -26.046  70.857 0.0000000000
39972  -41.611  -27.071  70.196 0.0000000000
40926  -42.314  -26.486  70.226 0.0000000000
40927  -43.067  -26.285  69.870 0.0000000000
41782  -42.984  -26.020  70.375 0.0000000000
40824  -37.692  -26.311  77.279 0.0000000000
39892  -37.294  -27.265  76.806 0.0000000000
40838  -37.570  -26.272  76.424 0.0000000000
40888  -37.054  -25.835  73.603 0.0000000000
40870  -35.915  -25.705  74.474 0.0000000000
41754  -35.517  -25.679  73.644 0.0000000000
40885  -33.898  -26.155  73.057 0.0000000000
40903  -34.891  -26.393  72.181 0.0000000000
40917  -34.848  -26.851  71.506 0.0000000000
39942  -36.067  -27.141  72.009 0.0000000000
39957  -38.859  -27.458  72.169 0.0000000000
39955  -37.149  -27.633  71.508 0.0000000000
39020  -38.114  -28.174  71.062 0.0000000000
39030  -38.209  -28.419  69.965 0.0000000000
35688  -26.468  -32.645  83.102 0.0000000000
34835  -26.007  -33.197  82.257 0.0000000000
34836  -26.815  -33.259  81.966 0.0000000000
33951  -27.387  -34.266  78.415 0.0000000000
33950  -26.669  -33.973  78.643 0.0000000000
33990  -25.658  -34.237  75.787 0.0000000000
34935  -24.767  -33.913  74.630 0.0000000000
33108  -25.812  -34.933  74.628 0.0000000000
39064  -40.523  -27.846  67.680 0.0000000000
39063  -39.528  -27.956  67.021 0.0000000000
41808  -41.508  -25.147  65.758 0.0000000000
41807  -40.262  -25.050  65.472 0.0000000000
41822  -39.764  -24.367  64.975 0.0000000000
42565  -43.602  -24.918  63.726 0.0000000000
42564  -42.496  -24.907  63.496 0.0000000000
42576  -44.062  -24.362  62.747 0.0000000000
42590  -44.206  -23.963  62.250 0.0000000000
43265  -45.070  -23.523  63.037 0.0000000000
38085  -31.459  -29.628  79.047 0.0000000000
36518  -30.918  -31.411  79.058 0.0000000000
36519  -32.033  -31.254  78.701 0.0000000000
35758  -33.514  -32.151  76.426 0.0000000000
34911  -32.679  -32.910  77.240 0.0000000000
34929  -32.434  -32.624  75.352 0.0000000000
34944  -30.923  -33.026  73.727 0.0000000000
35785  -31.695  -32.033  73.944 0.0000000000
38117  -35.659  -29.072  75.747 0.0000000000
37294  -35.048  -29.906  75.399 0.0000000000
38130  -34.011  -29.383  74.208 0.0000000000
38142  -30.717  -29.042  71.911 0.0000000000
37310  -32.124  -29.937  73.142 0.0000000000
38133  -30.619  -29.377  72.084 0.0000000000
37307  -29.806  -30.276  72.151 0.0000000000
39968  -34.546  -27.221  69.951 0.0000000000
39837  -34.028  -27.382  80.299 0.0000000000
41678  -37.157  -25.435  78.498 0.0000000000
43895  -39.968  -22.634  71.657 0.0000000000
43205  -43.132  -22.526  71.871 0.0000000000
43899  -44.092  -22.302  71.309 0.0000000000
42508  -44.431  -24.450  70.569 0.0000000000
43214  -44.903  -22.838  70.649 0.0000000000
43912  -46.532  -22.161  68.407 0.0000000000
43220  -46.102  -23.311  69.180 0.0000000000
43225  -46.763  -23.186  68.023 0.0000000000
42525  -46.377  -24.154  67.361 0.0000000000
43235  -46.894  -23.589  66.826 0.0000000000
43941  -48.091  -21.806  64.258 0.0000000000
43940  -47.305  -22.533  64.513 0.0000000000
43947  -47.485  -21.845  63.501 0.0000000000
43946  -46.581  -22.403  63.575 0.0000000000
44611  -47.282  -21.320  62.619 0.0000000000
46582  -50.362  -18.562  63.024 0.0000000000
46589  -49.372  -18.907  60.494 0.0000000000
110397  -44.656  -18.910  57.989 0.0000000000
110400  -46.770  -17.601  56.651 0.0000000000
48130  -47.982  -15.988  54.947 0.0000000000
47339  -47.441  -17.037  55.383 0.0000000000
48128  -46.304  -16.098  54.092 0.0000000000
52525  -49.524  -10.389  56.183 0.0000000000
51801  -49.240  -11.767  55.778 0.0000000000
52541  -48.750  -11.217  55.154 0.0000000000
34865  -21.039  -32.663  80.174 0.0000000000
34848  -20.678  -33.005  81.325 0.0000000000
34882  -20.842  -32.474  79.117 0.0000000000
34895  -19.843  -32.817  77.569 0.0000000000
35735  -20.420  -32.599  77.674 0.0000000000
34884  -24.354  -32.723  79.432 0.0000000000
34883  -23.704  -32.592  79.881 0.0000000000
35739  -23.837  -32.377  77.678 0.0000000000
35762  -21.008  -32.424  75.654 0.0000000000
33996  -21.211  -33.744  73.784 0.0000000000
33971  -30.307  -34.433  76.988 0.0000000000
33970  -29.466  -34.597  77.484 0.0000000000
33091  -29.743  -34.703  75.958 0.0000000000
33168  -27.626  -35.277  70.888 0.0000000000
33142  -27.580  -35.515  72.138 0.0000000000
33167  -26.580  -35.701  71.195 0.0000000000
33166  -25.459  -35.583  71.473 0.0000000000
33219  -25.358  -35.100  68.050 0.0000000000
31665  -25.097  -37.192  66.869 0.0000000000
39958  -39.730  -26.974  71.740 0.0000000000
39959  -40.355  -26.523  71.198 0.0000000000
40919  -40.917  -26.102  71.030 0.0000000000
41778  -41.412  -25.294  71.132 0.0000000000
41721  -38.339  -25.054  75.551 0.0000000000
40854  -37.306  -25.862  75.645 0.0000000000
41720  -37.683  -25.123  75.044 0.0000000000
40872  -38.163  -25.390  74.211 0.0000000000
39930  -37.390  -26.584  73.114 0.0000000000
39943  -37.050  -27.035  72.535 0.0000000000
39931  -38.005  -26.454  73.345 0.0000000000
39945  -38.950  -26.791  72.985 0.0000000000
110348  -42.247  -19.555  56.039 0.0000000000
35690  -28.080  -31.855  82.267 0.0000000000
34837  -27.480  -33.084  81.818 0.0000000000
34855  -28.048  -33.235  81.254 0.0000000000
33936  -28.471  -34.059  79.950 0.0000000000
33952  -28.289  -34.478  78.401 0.0000000000
40005  -41.931  -26.736  67.609 0.0000000000
40954  -41.371  -26.443  66.824 0.0000000000
40955  -42.341  -26.290  67.213 0.0000000000
40970  -42.331  -25.646  66.492 0.0000000000
41824  -42.049  -24.864  65.054 0.0000000000
42555  -41.789  -24.690  64.215 0.0000000000
41825  -43.215  -25.235  65.333 0.0000000000
41840  -43.748  -25.166  64.895 0.0000000000
42557  -44.478  -24.950  64.659 0.0000000000
38075  -33.263  -29.083  79.940 0.0000000000
37260  -32.817  -30.408  79.028 0.0000000000
37261  -33.842  -30.431  78.868 0.0000000000
36529  -33.855  -31.339  77.837 0.0000000000
35759  -34.007  -31.577  76.279 0.0000000000
39006  -33.412  -27.867  73.563 0.0000000000
38129  -33.268  -29.021  73.576 0.0000000000
39011  -32.885  -28.277  72.997 0.0000000000
39017  -31.640  -27.903  71.995 0.0000000000
39027  -30.339  -27.843  70.714 0.0000000000
39963  -29.386  -27.602  69.042 0.0000000000
39976  -30.060  -27.228  68.415 0.0000000000
39969  -35.699  -27.669  69.706 0.0000000000
39991  -35.205  -27.583  67.596 0.0000000000
44576  -47.080  -21.308  67.297 0.0000000000
43925  -47.641  -22.242  66.363 0.0000000000
44584  -47.707  -21.303  66.517 0.0000000000
44590  -48.281  -21.306  65.749 0.0000000000
44597  -48.682  -21.193  64.808 0.0000000000
48074  -50.990  -16.230  60.901 0.0000000000
47301  -50.405  -17.865  61.105 0.0000000000
48086  -50.774  -16.310  60.034 0.0000000000
47317  -50.185  -16.943  59.234 0.0000000000
47316  -48.875  -17.291  58.463 0.0000000000
110395  -48.002  -17.061  56.859 0.0000000000
47325  -49.333  -16.215  57.069 0.0000000000
48115  -49.087  -15.899  55.986 0.0000000000
48913  -48.885  -14.985  55.668 0.0000000000
54094  -48.896  -8.730  55.636 0.0000000000
52532  -48.645  -10.155  54.976 0.0000000000
54100  -47.940  -8.479  54.552 0.0000000000
34781  -21.412  -33.002  85.231 0.0000000000
34813  -20.705  -33.164  83.345 0.0000000000
34814  -21.771  -33.201  83.558 0.0000000000
34849  -21.841  -32.992  81.478 0.0000000000
34866  -22.271  -32.625  80.539 0.0000000000
35765  -23.514  -32.707  74.662 0.0000000000
35756  -22.832  -32.258  76.009 0.0000000000
35773  -22.497  -32.517  73.951 0.0000000000
35781  -21.355  -32.291  73.263 0.0000000000
34948  -19.686  -32.764  72.450 0.0000000000
34005  -21.375  -33.834  73.007 0.0000000000
34032  -21.587  -34.607  71.545 0.0000000000
34000  -29.951  -34.337  74.001 0.0000000000
33112  -29.404  -34.734  73.985 0.0000000000
33123  -29.173  -34.535  72.834 0.0000000000
33169  -28.223  -34.470  70.660 0.0000000000
34074  -26.664  -33.652  68.380 0.0000000000
39037  -38.223  -28.573  68.785 0.0000000000
39050  -38.969  -28.512  67.968 0.0000000000
39052  -40.732  -28.153  69.045 0.0000000000
39993  -41.363  -27.648  68.575 0.0000000000
39984  -41.959  -27.254  69.450 0.0000000000
39994  -42.012  -27.099  68.405 0.0000000000
40942  -42.695  -26.696  68.286 0.0000000000
40935  -43.919  -25.985  68.786 0.0000000000
41787  -44.660  -25.388  69.174 0.0000000000
39864  -36.830  -27.391  78.279 0.0000000000
38097  -36.241  -28.954  77.662 0.0000000000
38973  -36.824  -28.218  77.407 0.0000000000
38992  -36.183  -28.287  75.871 0.0000000000
39002  -35.405  -28.122  75.081 0.0000000000
40853  -36.504  -26.102  75.200 0.0000000000
39919  -35.927  -26.939  75.131 0.0000000000
39917  -34.453  -26.919  74.284 0.0000000000
40902  -33.664  -26.346  72.150 0.0000000000
40915  -33.202  -26.586  71.485 0.0000000000
39966  -32.994  -26.687  70.188 0.0000000000
40924  -33.949  -26.808  70.810 0.0000000000
39952  -34.290  -26.998  70.676 0.0000000000
39953  -34.984  -27.267  70.851 0.0000000000
39954  -36.163  -27.656  70.906 0.0000000000
39018  -36.603  -28.155  69.948 0.0000000000
39029  -37.394  -28.426  69.445 0.0000000000
51059  -49.930  -12.766  57.515 0.0000000000
52523  -50.045  -11.420  58.046 0.0000000000
52522  -49.951  -10.743  57.441 0.0000000000
53289  -49.695  -10.039  56.813 0.0000000000
54086  -49.118  -7.917  56.255 0.0000000000
54085  -48.441  -7.285  55.902 0.0000000000
34817  -24.881  -33.071  83.583 0.0000000000
34834  -24.961  -33.245  82.399 0.0000000000
34869  -25.317  -33.169  80.309 0.0000000000
34885  -25.381  -33.171  79.248 0.0000000000
33933  -26.789  -33.687  79.803 0.0000000000
34886  -26.153  -33.513  78.948 0.0000000000
34918  -24.536  -32.994  76.456 0.0000000000
34934  -24.263  -33.394  74.310 0.0000000000
34950  -23.608  -33.438  72.330 0.0000000000
34053  -22.772  -34.196  69.930 0.0000000000
109189  -39.072  -27.536  65.274 0.0000000000
109183  -40.254  -26.267  65.922 0.0000000000
43285  -44.267  -23.486  61.804 0.0000000000
43963  -44.891  -22.189  61.252 0.0000000000
37256  -29.095  -30.277  78.817 0.0000000000
36508  -29.798  -31.566  79.519 0.0000000000
36509  -30.408  -31.981  79.388 0.0000000000
34889  -31.110  -33.034  79.062 0.0000000000
33972  -31.197  -34.012  76.740 0.0000000000
35741  -32.743  -32.256  78.003 0.0000000000
34920  -31.903  -33.472  76.521 0.0000000000
33985  -31.247  -33.828  75.843 0.0000000000
34001  -30.503  -33.871  74.273 0.0000000000
34018  -30.021  -33.244  72.779 0.0000000000
35805  -29.172  -31.903  71.920 0.0000000000
38103  -35.737  -29.550  77.388 0.0000000000
36539  -34.566  -30.909  76.097 0.0000000000
36542  -33.706  -31.147  75.231 0.0000000000
38128  -32.740  -29.325  73.279 0.0000000000
36551  -32.684  -30.666  74.088 0.0000000000
35786  -32.293  -31.303  74.261 0.0000000000
35794  -31.264  -31.321  73.441 0.0000000000
36561  -29.046  -31.006  71.902 0.0000000000
40931  -32.621  -26.409  68.379 0.0000000000
42485  -40.120  -24.321  73.556 0.0000000000
43198  -40.212  -23.538  72.976 0.0000000000
35654  -21.700  -32.391  85.904 0.0000000000
35672  -24.639  -32.351  84.746 0.0000000000
35673  -25.745  -32.208  84.277 0.0000000000
36466  -25.958  -31.359  84.681 0.0000000000
37229  -27.772  -30.663  82.411 0.0000000000
38056  -27.640  -29.809  81.540 0.0000000000
38073  -28.002  -29.874  79.849 0.0000000000
38082  -28.520  -29.506  78.877 0.0000000000
38948  -29.364  -28.547  78.879 0.0000000000
38949  -30.381  -28.769  79.032 0.0000000000
38951  -31.894  -29.109  79.420 0.0000000000
39835  -32.033  -27.497  80.642 0.0000000000
38074  -32.833  -28.901  80.038 0.0000000000
38935  -33.392  -28.377  80.236 0.0000000000
39838  -34.842  -27.322  79.930 0.0000000000
39850  -35.473  -27.356  79.374 0.0000000000
40802  -36.106  -26.491  79.239 0.0000000000
40811  -36.677  -26.473  78.650 0.0000000000
41692  -37.632  -25.682  77.884 0.0000000000
42470  -39.562  -24.004  75.018 0.0000000000
43203  -40.091  -23.525  72.049 0.0000000000
42500  -40.858  -24.365  71.265 0.0000000000
42501  -41.911  -24.438  71.328 0.0000000000
43897  -41.744  -22.367  71.528 0.0000000000
43211  -42.358  -23.426  71.547 0.0000000000
42502  -43.110  -24.416  71.364 0.0000000000
42507  -43.824  -24.825  71.045 0.0000000000
41784  -44.456  -25.057  70.017 0.0000000000
41788  -45.393  -24.860  68.999 0.0000000000
43218  -45.226  -23.318  70.229 0.0000000000
42515  -45.881  -24.348  68.703 0.0000000000
41801  -45.247  -25.202  67.454 0.0000000000
42530  -45.671  -24.743  66.871 0.0000000000
42543  -45.246  -24.865  65.642 0.0000000000
42558  -45.484  -24.224  64.469 0.0000000000
43241  -47.342  -23.054  66.185 0.0000000000
43246  -46.630  -23.435  65.046 0.0000000000
43257  -45.866  -23.446  64.056 0.0000000000
43266  -45.598  -23.172  63.387 0.0000000000
43954  -45.286  -22.393  61.948 0.0000000000
44625  -45.548  -21.707  61.484 0.0000000000
45239  -49.203  -20.277  64.328 0.0000000000
44613  -48.776  -20.851  63.399 0.0000000000
46585  -50.069  -18.712  61.877 0.0000000000
45937  -49.394  -20.002  62.467 0.0000000000
44620  -48.550  -20.781  62.694 0.0000000000
44619  -47.763  -20.757  62.108 0.0000000000
44618  -46.305  -21.095  61.482 0.0000000000
44636  -44.765  -20.816  59.827 0.0000000000
110351  -44.308  -20.093  58.847 0.0000000000
110343  -43.380  -18.983  56.832 0.0000000000
110387  -43.283  -19.111  55.160 0.0000000000
110389  -45.011  -18.178  55.033 0.0000000000
110388  -44.345  -18.575  54.005 0.0000000000
51068  -49.675  -13.025  56.392 0.0000000000
50397  -48.837  -13.345  55.765 0.0000000000
50405  -47.423  -13.217  54.644 0.0000000000
52539  -47.536  -10.689  54.346 0.0000000000
51073  -46.879  -12.123  54.377 0.0000000000
49694  -46.156  -13.935  54.002 0.0000000000
34830  -20.218  -33.124  82.321 0.0000000000
34851  -24.126  -33.098  81.499 0.0000000000
35718  -23.226  -32.455  79.817 0.0000000000
35727  -21.985  -32.356  78.800 0.0000000000
35755  -21.980  -32.218  76.265 0.0000000000
35746  -22.082  -32.217  77.134 0.0000000000
35736  -21.198  -32.432  77.876 0.0000000000
35744  -20.355  -32.617  77.016 0.0000000000
33945  -29.830  -34.133  79.109 0.0000000000
33969  -28.547  -34.675  77.561 0.0000000000
33077  -27.973  -34.925  76.903 0.0000000000
33111  -28.346  -35.175  74.220 0.0000000000
33110  -27.374  -35.330  74.509 0.0000000000
33109  -26.434  -35.127  74.849 0.0000000000
33140  -25.372  -35.207  72.772 0.0000000000
33187  -24.315  -35.241  70.343 0.0000000000
33204  -23.421  -35.108  69.039 0.0000000000
35834  -26.099  -32.285  67.424 0.0000000000
35866  -25.732  -32.513  65.972 0.0000000000
35024  -25.479  -33.871  66.465 0.0000000000
33240  -24.769  -35.514  66.372 0.0000000000
33227  -23.392  -36.003  67.122 0.0000000000
32410  -22.431  -36.343  67.669 0.0000000000
42491  -40.153  -24.377  72.580 0.0000000000
40891  -39.537  -25.689  73.382 0.0000000000
43973  -43.530  -22.708  59.602 0.0000000000
44635  -43.902  -21.489  59.414 0.0000000000
36496  -29.009  -31.526  80.422 0.0000000000
40957  -44.155  -25.803  67.432 0.0000000000
38089  -35.258  -29.463  78.680 0.0000000000
38964  -35.685  -28.951  78.525 0.0000000000
49679  -50.143  -14.347  58.742 0.0000000000
49681  -49.906  -14.218  58.119 0.0000000000
48907  -50.067  -14.442  57.689 0.0000000000
50389  -49.679  -13.639  57.851 0.0000000000
34816  -23.614  -33.209  83.676 0.0000000000
34977  -22.112  -33.108  69.877 0.0000000000
34052  -21.801  -33.561  69.478 0.0000000000
33202  -21.281  -34.895  69.416 0.0000000000
35817  -27.819  -31.979  70.638 0.0000000000
34979  -28.235  -32.990  70.725 0.0000000000
40825  -38.123  -25.572  76.932 0.0000000000
40887  -36.009  -25.668  73.470 0.0000000000
40886  -35.056  -25.746  73.327 0.0000000000
40904  -35.981  -26.266  72.725 0.0000000000
39022  -39.260  -27.596  71.609 0.0000000000
39021  -38.877  -28.034  71.502 0.0000000000
35700  -27.186  -32.750  82.396 0.0000000000
35699  -26.662  -33.019  82.489 0.0000000000
33983  -27.210  -34.644  76.728 0.0000000000
33967  -26.523  -34.124  77.566 0.0000000000
33982  -26.705  -34.511  76.448 0.0000000000
33991  -26.149  -34.687  75.415 0.0000000000
41823  -40.783  -24.519  65.224 0.0000000000
37259  -31.766  -30.385  78.893 0.0000000000
34922  -33.038  -32.529  75.948 0.0000000000
34930  -32.909  -32.345  75.555 0.0000000000
34938  -32.122  -32.476  74.822 0.0000000000
35776  -32.535  -31.962  74.806 0.0000000000
38124  -34.597  -28.795  74.670 0.0000000000
38125  -35.035  -29.323  75.107 0.0000000000
38141  -30.010  -29.258  71.716 0.0000000000
39014  -29.163  -28.310  70.394 0.0000000000
43213  -44.536  -23.309  70.980 0.0000000000
43913  -47.012  -22.110  67.806 0.0000000000
43236  -47.329  -22.853  67.063 0.0000000000
48065  -50.197  -16.553  62.790 0.0000000000
47289  -50.506  -17.651  62.375 0.0000000000
48129  -47.437  -16.005  54.669 0.0000000000
48916  -46.259  -14.880  54.035 0.0000000000
52533  -49.228  -10.784  55.593 0.0000000000
34795  -20.071  -33.193  84.124 0.0000000000
35725  -20.461  -32.613  78.353 0.0000000000
35726  -21.095  -32.426  78.564 0.0000000000
34896  -24.595  -32.753  78.441 0.0000000000
35729  -23.822  -32.391  78.514 0.0000000000
33995  -20.380  -33.435  74.082 0.0000000000
33207  -26.743  -34.720  68.929 0.0000000000
33189  -26.685  -35.359  70.004 0.0000000000
33206  -25.897  -35.375  69.103 0.0000000000
41738  -38.299  -25.091  74.658 0.0000000000
40889  -38.002  -25.862  73.813 0.0000000000
110340  -42.724  -19.504  57.124 0.0000000000
35701  -27.986  -32.455  81.980 0.0000000000
35708  -28.623  -32.405  81.169 0.0000000000
34873  -29.183  -33.425  80.215 0.0000000000
33943  -28.025  -34.268  79.258 0.0000000000
40971  -43.162  -25.614  66.503 0.0000000000
41826  -44.286  -25.257  65.511 0.0000000000
42542  -44.699  -25.085  65.259 0.0000000000
38952  -33.870  -28.868  80.005 0.0000000000
38087  -33.637  -29.549  79.498 0.0000000000
37263  -35.158  -30.018  78.317 0.0000000000
37272  -34.608  -30.566  78.035 0.0000000000
36530  -34.443  -30.930  77.611 0.0000000000
35751  -33.990  -31.851  76.850 0.0000000000
36536  -34.490  -31.112  76.982 0.0000000000
39928  -33.204  -27.093  73.218 0.0000000000
39940  -32.648  -27.322  72.670 0.0000000000
39016  -30.888  -28.305  71.585 0.0000000000
39964  -30.480  -27.389  69.823 0.0000000000
45223  -47.330  -20.458  66.918 0.0000000000
45227  -48.482  -20.325  65.757 0.0000000000
44585  -48.134  -20.834  66.135 0.0000000000
45233  -48.666  -20.814  65.370 0.0000000000
44598  -48.979  -20.657  64.599 0.0000000000
49667  -50.873  -14.802  60.160 0.0000000000
49666  -50.381  -14.359  60.509 0.0000000000
48887  -50.863  -15.383  60.601 0.0000000000
48103  -50.364  -15.813  58.328 0.0000000000
48095  -49.932  -16.646  58.308 0.0000000000
110402  -48.729  -16.764  57.413 0.0000000000
48911  -49.899  -14.504  56.758 0.0000000000
48116  -49.440  -15.724  56.467 0.0000000000
48914  -49.418  -14.672  56.043 0.0000000000
49690  -49.288  -14.114  55.921 0.0000000000
54093  -48.109  -7.749  55.355 0.0000000000
35782  -22.557  -32.390  72.779 0.0000000000
35814  -20.592  -32.397  70.890 0.0000000000
35790  -21.254  -31.898  72.170 0.0000000000
35801  -20.304  -31.977  71.615 0.0000000000
34947  -19.736  -32.117  72.003 0.0000000000
34961  -20.082  -32.688  71.475 0.0000000000
34011  -20.408  -33.529  72.202 0.0000000000
34031  -20.931  -33.948  71.125 0.0000000000
32383  -22.112  -36.076  70.746 0.0000000000
34008  -29.789  -34.138  73.468 0.0000000000
33144  -29.044  -34.307  72.278 0.0000000000
34056  -28.163  -33.683  70.337 0.0000000000
34055  -27.608  -33.739  69.625 0.0000000000
33190  -27.460  -34.616  69.787 0.0000000000
34994  -26.554  -33.006  68.223 0.0000000000
40934  -43.412  -26.296  69.141 0.0000000000
39879  -36.952  -27.959  77.945 0.0000000000
39880  -37.211  -27.428  77.558 0.0000000000
39891  -36.952  -27.297  76.351 0.0000000000
38982  -36.716  -27.996  76.550 0.0000000000
39003  -36.039  -27.786  75.434 0.0000000000
41736  -35.454  -25.675  74.127 0.0000000000
39918  -35.159  -26.837  74.756 0.0000000000
40868  -34.372  -26.233  73.790 0.0000000000
40923  -33.490  -26.715  70.860 0.0000000000
53284  -49.996  -10.460  58.081 0.0000000000
53283  -49.821  -9.663  57.451 0.0000000000
54082  -49.789  -8.237  57.328 0.0000000000
54081  -49.436  -7.488  56.812 0.0000000000
34818  -25.652  -33.102  83.028 0.0000000000
34871  -27.468  -33.678  80.516 0.0000000000
34854  -27.094  -33.444  81.180 0.0000000000
33934  -27.081  -33.840  79.876 0.0000000000
33966  -25.962  -33.918  77.303 0.0000000000
34898  -26.022  -33.743  78.053 0.0000000000
34908  -25.489  -33.496  77.249 0.0000000000
34897  -25.390  -33.249  78.243 0.0000000000
34926  -24.358  -33.159  75.414 0.0000000000
34006  -24.460  -34.008  73.705 0.0000000000
34014  -24.103  -34.224  72.391 0.0000000000
34033  -23.348  -33.690  71.279 0.0000000000
109153  -39.309  -24.798  64.845 0.0000000000
41838  -42.329  -24.940  64.500 0.0000000000
41847  -42.502  -24.980  64.150 0.0000000000
42588  -42.984  -24.516  61.505 0.0000000000
42577  -44.555  -23.839  62.614 0.0000000000
43962  -44.271  -22.781  61.026 0.0000000000
43286  -44.790  -22.793  61.863 0.0000000000
37257  -29.849  -30.521  78.739 0.0000000000
36517  -30.309  -30.978  79.009 0.0000000000
35731  -31.541  -32.279  78.832 0.0000000000
34900  -31.398  -33.276  78.322 0.0000000000
34910  -31.744  -33.459  77.409 0.0000000000
36520  -33.069  -31.301  78.443 0.0000000000
34921  -32.584  -33.038  76.208 0.0000000000
33993  -31.172  -33.599  74.998 0.0000000000
35784  -31.157  -32.456  73.700 0.0000000000
34951  -29.860  -32.686  72.529 0.0000000000
35792  -29.879  -31.930  72.522 0.0000000000
38110  -35.703  -29.507  76.613 0.0000000000
37298  -34.378  -30.047  74.893 0.0000000000
37293  -34.741  -30.471  75.658 0.0000000000
36543  -34.225  -30.785  75.434 0.0000000000
36546  -33.556  -30.694  74.708 0.0000000000
38136  -32.839  -29.008  73.138 0.0000000000
37309  -31.545  -30.158  72.981 0.0000000000
37302  -32.035  -30.231  73.303 0.0000000000
36550  -31.902  -30.803  73.635 0.0000000000
36556  -30.830  -30.891  72.991 0.0000000000
37314  -29.070  -30.087  71.817 0.0000000000
36555  -29.818  -31.012  72.440 0.0000000000
36560  -28.183  -31.013  71.273 0.0000000000
39978  -32.320  -26.693  69.304 0.0000000000
35657  -25.053  -31.789  85.100 0.0000000000
38947  -28.405  -28.456  79.208 0.0000000000
38931  -29.242  -27.923  79.688 0.0000000000
38950  -31.293  -28.953  79.289 0.0000000000
38933  -31.205  -28.205  79.804 0.0000000000
40787  -32.904  -26.509  81.206 0.0000000000
40786  -32.136  -26.861  81.087 0.0000000000
38934  -32.273  -28.513  79.976 0.0000000000
40801  -35.365  -26.420  79.642 0.0000000000
41677  -36.541  -25.810  78.980 0.0000000000
41679  -37.634  -25.000  77.931 0.0000000000
41693  -38.085  -25.192  77.391 0.0000000000
42478  -39.777  -24.260  74.375 0.0000000000
43896  -40.567  -22.544  71.356 0.0000000000
43209  -40.391  -23.490  71.464 0.0000000000
43212  -43.457  -23.135  71.597 0.0000000000
43204  -42.697  -22.631  71.754 0.0000000000
41780  -43.365  -25.136  70.979 0.0000000000
43217  -44.873  -23.849  70.576 0.0000000000
42511  -44.859  -24.740  69.975 0.0000000000
42512  -45.343  -24.333  69.534 0.0000000000
43908  -46.174  -22.184  69.086 0.0000000000
43905  -45.093  -22.353  70.449 0.0000000000
43224  -46.259  -23.738  68.520 0.0000000000
42524  -45.854  -24.644  67.840 0.0000000000
42531  -46.222  -24.221  66.313 0.0000000000
42544  -46.131  -24.065  65.309 0.0000000000
43930  -47.625  -22.509  65.573 0.0000000000
43939  -46.825  -22.666  64.143 0.0000000000
43259  -46.935  -23.044  64.806 0.0000000000
42559  -46.159  -23.668  64.634 0.0000000000
43267  -46.053  -22.886  63.747 0.0000000000
43956  -46.690  -21.690  62.745 0.0000000000
43955  -45.919  -22.070  62.269 0.0000000000
43964  -45.425  -22.084  61.746 0.0000000000
45930  -49.995  -19.272  63.528 0.0000000000
45929  -49.608  -19.811  63.931 0.0000000000
45246  -49.246  -20.361  63.661 0.0000000000
45938  -49.288  -19.654  61.605 0.0000000000
45256  -48.701  -20.353  61.998 0.0000000000
110381  -45.456  -20.785  60.304 0.0000000000
110350  -45.215  -20.485  59.848 0.0000000000
110349  -45.094  -20.658  59.956 0.0000000000
110359  -44.671  -20.060  59.151 0.0000000000
47347  -45.681  -17.410  54.252 0.0000000000
51062  -50.013  -12.925  56.832 0.0000000000
51810  -48.746  -12.109  55.504 0.0000000000
51067  -49.272  -12.711  55.876 0.0000000000
50407  -48.521  -12.960  55.602 0.0000000000
50406  -48.232  -13.267  55.357 0.0000000000
53299  -47.949  -9.484  54.281 0.0000000000
52540  -47.964  -10.634  54.573 0.0000000000
52553  -47.576  -10.444  54.257 0.0000000000
51807  -46.854  -11.400  54.235 0.0000000000
50404  -46.502  -13.127  54.226 0.0000000000
34864  -19.915  -32.900  80.161 0.0000000000
34847  -19.617  -33.106  81.276 0.0000000000
34880  -19.204  -33.254  78.996 0.0000000000
35728  -23.130  -32.354  79.030 0.0000000000
35717  -22.624  -32.431  79.729 0.0000000000
35737  -22.111  -32.212  78.007 0.0000000000
35764  -22.673  -32.365  75.014 0.0000000000
35763  -21.817  -32.302  75.362 0.0000000000
35754  -21.150  -32.401  76.442 0.0000000000
35745  -21.213  -32.391  77.173 0.0000000000
35753  -20.444  -32.603  76.535 0.0000000000
33117  -22.301  -34.681  73.040 0.0000000000
35720  -30.197  -32.489  79.651 0.0000000000
34874  -29.917  -33.138  79.910 0.0000000000
33078  -28.736  -34.850  76.814 0.0000000000
33089  -28.094  -35.049  76.187 0.0000000000
33103  -29.133  -34.971  75.078 0.0000000000
33121  -27.458  -35.458  73.358 0.0000000000
33120  -26.461  -35.386  73.681 0.0000000000
33205  -24.792  -35.359  69.136 0.0000000000
33186  -23.492  -34.888  69.875 0.0000000000
35847  -26.393  -31.828  66.597 0.0000000000
35846  -25.862  -32.285  67.033 0.0000000000
35867  -26.803  -32.413  65.955 0.0000000000
34134  -26.444  -34.432  65.386 0.0000000000
35881  -25.796  -33.386  65.462 0.0000000000
34132  -25.502  -34.652  65.721 0.0000000000
34112  -25.223  -34.736  66.366 0.0000000000
32461  -25.313  -35.642  65.767 0.0000000000
31664  -24.207  -36.896  66.634 0.0000000000
31647  -23.170  -37.042  66.924 0.0000000000
31646  -22.639  -36.717  67.284 0.0000000000
31626  -22.439  -37.019  67.722 0.0000000000
42477  -39.283  -24.434  74.856 0.0000000000
41739  -39.204  -25.067  74.378 0.0000000000
40890  -39.027  -25.934  73.694 0.0000000000
43296  -43.968  -23.320  60.942 0.0000000000
110324  -43.239  -21.686  58.762 0.0000000000
110332  -43.281  -20.748  58.376 0.0000000000
35709  -29.184  -32.485  80.572 0.0000000000
41811  -44.381  -25.473  66.325 0.0000000000
41812  -45.044  -25.291  66.548 0.0000000000
38088  -34.635  -29.554  79.165 0.0000000000
37273  -35.253  -30.140  77.773 0.0000000000
40901  -32.721  -26.712  72.118 0.0000000000
39939  -32.110  -27.348  72.173 0.0000000000
40900  -32.201  -26.977  71.853 0.0000000000
49676  -50.571  -14.335  59.620 0.0000000000
48894  -50.936  -15.326  59.740 0.0000000000
48899  -50.560  -15.139  58.933 0.0000000000
48108  -50.305  -15.669  57.884 0.0000000000
48106  -49.968  -15.910  57.224 0.0000000000
48902  -50.263  -15.210  57.586 0.0000000000
48906  -50.175  -15.023  57.156 0.0000000000
49687  -49.732  -13.994  56.665 0.0000000000
34815  -22.696  -33.243  83.874 0.0000000000
34949  -23.129  -32.806  71.893 0.0000000000
35803  -22.224  -32.424  71.105 0.0000000000
35815  -21.055  -32.489  70.342 0.0000000000
34051  -20.873  -34.027  70.144 0.0000000000
34071  -21.025  -34.223  69.549 0.0000000000
33185  -21.417  -35.549  69.896 0.0000000000
32392  -21.980  -36.566  69.589 0.0000000000
34036  -29.007  -33.269  71.840 0.0000000000
34978  -27.584  -32.770  69.854 0.0000000000
39982  -40.602  -27.724  70.177 0.0000000000
40925  -41.481  -26.535  70.547 0.0000000000
41783  -43.708  -25.509  70.177 0.0000000000
39904  -37.134  -26.756  76.231 0.0000000000
41755  -35.646  -25.535  73.914 0.0000000000
41735  -35.304  -25.652  73.850 0.0000000000
39956  -38.032  -27.725  72.024 0.0000000000
33942  -27.271  -34.084  79.292 0.0000000000
33981  -25.895  -34.036  76.771 0.0000000000
34927  -24.915  -33.799  75.163 0.0000000000
33998  -25.277  -34.448  74.625 0.0000000000
34007  -24.909  -34.683  73.416 0.0000000000
40968  -40.449  -25.438  65.690 0.0000000000
42556  -43.719  -25.096  64.444 0.0000000000
41848  -42.902  -25.060  63.970 0.0000000000
38084  -30.543  -29.612  78.631 0.0000000000
37258  -30.701  -30.367  78.694 0.0000000000
35750  -33.446  -32.144  77.213 0.0000000000
35749  -33.027  -32.330  77.560 0.0000000000
34912  -33.110  -32.634  76.628 0.0000000000
34002  -31.079  -33.457  74.519 0.0000000000
34937  -31.586  -32.921  74.554 0.0000000000
34945  -31.351  -32.634  73.973 0.0000000000
37299  -34.818  -29.775  75.144 0.0000000000
37305  -33.925  -29.973  74.412 0.0000000000
38134  -31.235  -29.089  72.351 0.0000000000
37308  -30.433  -29.985  72.411 0.0000000000
37315  -29.847  -29.933  72.005 0.0000000000
39979  -33.663  -26.712  69.174 0.0000000000
39833  -30.104  -27.501  80.390 0.0000000000
40788  -33.762  -26.463  80.507 0.0000000000
41666  -36.650  -25.154  79.041 0.0000000000
44570  -46.122  -21.388  68.634 0.0000000000
43221  -46.395  -22.730  68.690 0.0000000000
43931  -48.075  -21.954  65.138 0.0000000000
46578  -50.050  -18.506  63.947 0.0000000000
45934  -49.901  -19.407  62.629 0.0000000000
48114  -48.278  -16.448  55.625 0.0000000000
47348  -46.996  -16.646  54.660 0.0000000000
52526  -49.877  -11.069  56.813 0.0000000000
51802  -49.654  -12.325  56.318 0.0000000000
52534  -49.633  -11.408  56.235 0.0000000000
53307  -46.576  -9.644  53.154 0.0000000000
52552  -47.261  -10.445  53.947 0.0000000000
34812  -19.685  -33.220  83.189 0.0000000000
34881  -20.091  -32.842  78.852 0.0000000000
35779  -20.071  -32.736  74.549 0.0000000000
34925  -19.484  -33.488  75.067 0.0000000000
33987  -20.335  -33.788  74.894 0.0000000000
33988  -21.821  -34.142  74.715 0.0000000000
33097  -22.456  -34.479  74.558 0.0000000000
34899  -30.878  -33.518  78.817 0.0000000000
33954  -30.420  -34.138  78.336 0.0000000000
33079  -29.431  -34.730  76.664 0.0000000000
33188  -25.607  -35.616  70.210 0.0000000000
32431  -27.037  -36.488  66.956 0.0000000000
32449  -26.436  -36.277  66.131 0.0000000000
40855  -37.834  -25.707  76.039 0.0000000000
41737  -37.812  -25.184  74.616 0.0000000000
34872  -28.286  -33.622  80.489 0.0000000000
33968  -27.530  -34.565  77.261 0.0000000000
42541  -41.096  -24.370  64.696 0.0000000000
36521  -33.736  -30.964  78.416 0.0000000000
37271  -34.144  -30.708  78.388 0.0000000000
36535  -33.967  -31.649  77.241 0.0000000000
35767  -33.324  -31.888  75.575 0.0000000000
39010  -32.043  -28.224  72.472 0.0000000000
39009  -31.458  -28.382  72.114 0.0000000000
39026  -29.595  -27.879  70.122 0.0000000000
39990  -34.315  -26.798  67.991 0.0000000000
40001  -34.398  -27.294  66.873 0.0000000000
43922  -47.336  -22.082  67.115 0.0000000000
44589  -47.937  -21.736  66.132 0.0000000000
44605  -48.490  -21.294  63.902 0.0000000000
48085  -50.640  -17.019  60.583 0.0000000000
47311  -50.430  -17.050  59.919 0.0000000000
48111  -49.791  -15.687  56.814 0.0000000000
48110  -49.220  -16.066  56.592 0.0000000000
48121  -48.365  -15.892  55.368 0.0000000000
48918  -48.003  -15.414  54.996 0.0000000000
49696  -47.914  -14.303  55.022 0.0000000000
53292  -48.437  -9.059  55.068 0.0000000000
34796  -21.089  -33.160  84.320 0.0000000000
35757  -23.648  -32.585  75.713 0.0000000000
35748  -23.764  -32.486  76.722 0.0000000000
35789  -20.033  -32.016  72.578 0.0000000000
34012  -21.504  -34.255  72.142 0.0000000000
33164  -21.549  -35.050  70.900 0.0000000000
32369  -22.223  -35.713  71.418 0.0000000000
33104  -30.069  -34.547  74.962 0.0000000000
33143  -28.527  -34.717  71.888 0.0000000000
34016  -28.992  -34.176  71.974 0.0000000000
33208  -27.137  -34.501  69.282 0.0000000000
39983  -41.162  -27.620  69.730 0.0000000000
38965  -36.274  -28.433  78.224 0.0000000000
38974  -37.154  -27.725  77.200 0.0000000000
38111  -36.140  -28.783  76.276 0.0000000000
38118  -36.042  -28.748  75.940 0.0000000000
39001  -34.702  -27.744  74.618 0.0000000000
39929  -33.816  -26.973  73.750 0.0000000000
51060  -49.677  -13.058  58.132 0.0000000000
51793  -49.906  -12.327  58.071 0.0000000000
51792  -50.082  -11.746  57.441 0.0000000000
53288  -49.375  -9.300  56.179 0.0000000000
54087  -49.616  -9.029  56.783 0.0000000000
54908  -48.597  -6.891  56.165 0.0000000000
54915  -47.983  -6.635  55.794 0.0000000000
34852  -25.156  -33.235  81.368 0.0000000000
34870  -26.475  -33.512  80.068 0.0000000000
33941  -26.750  -33.768  79.450 0.0000000000
34943  -23.737  -33.192  72.976 0.0000000000
109184  -39.638  -26.340  65.376 0.0000000000
42589  -43.836  -24.087  61.859 0.0000000000
43295  -43.968  -23.709  61.442 0.0000000000
37250  -29.304  -30.827  79.256 0.0000000000
36507  -29.181  -31.143  79.687 0.0000000000
35730  -30.779  -32.431  79.270 0.0000000000
33955  -31.089  -33.986  77.606 0.0000000000
35732  -32.270  -31.928  78.472 0.0000000000
34901  -32.181  -32.978  77.925 0.0000000000
33992  -30.736  -34.079  75.207 0.0000000000
34009  -30.171  -33.495  73.293 0.0000000000
34936  -31.047  -33.358  74.252 0.0000000000
34965  -29.247  -32.869  72.024 0.0000000000
35804  -28.413  -31.913  71.387 0.0000000000
37281  -35.184  -30.316  77.033 0.0000000000
37288  -35.163  -30.336  76.172 0.0000000000
36537  -34.903  -30.645  76.683 0.0000000000
35768  -33.963  -31.277  75.733 0.0000000000
35777  -33.224  -31.403  74.949 0.0000000000
37304  -33.397  -30.111  74.133 0.0000000000
37303  -32.537  -29.926  73.528 0.0000000000
36552  -33.131  -30.667  74.365 0.0000000000
36545  -32.906  -31.138  74.525 0.0000000000
36570  -27.478  -31.133  70.532 0.0000000000
43882  -40.141  -22.731  73.454 0.0000000000
34782  -22.389  -32.705  85.281 0.0000000000
35671  -24.022  -32.565  84.885 0.0000000000
34800  -24.899  -32.649  84.276 0.0000000000
35674  -26.889  -31.772  83.609 0.0000000000
35675  -27.349  -31.469  83.251 0.0000000000
36468  -27.222  -30.957  83.469 0.0000000000
36478  -27.678  -31.106  82.954 0.0000000000
36479  -28.000  -31.292  82.357 0.0000000000
37236  -28.045  -30.530  81.690 0.0000000000
38081  -27.896  -29.106  79.424 0.0000000000
38083  -29.630  -29.559  78.496 0.0000000000
38936  -34.297  -28.142  79.996 0.0000000000
38937  -34.958  -28.043  79.608 0.0000000000
39851  -36.173  -27.370  78.892 0.0000000000
40812  -37.313  -26.401  78.139 0.0000000000
42447  -38.390  -24.202  77.101 0.0000000000
41707  -38.383  -24.927  76.550 0.0000000000
42468  -38.757  -24.634  76.033 0.0000000000
42499  -40.180  -24.359  71.656 0.0000000000
44556  -40.785  -21.614  71.375 0.0000000000
43889  -42.464  -22.168  71.734 0.0000000000
41792  -45.358  -25.074  68.380 0.0000000000
43247  -47.132  -23.061  65.337 0.0000000000
42567  -45.375  -23.754  63.684 0.0000000000
43275  -45.331  -22.823  62.593 0.0000000000
43276  -45.906  -22.673  63.121 0.0000000000
44624  -45.061  -21.748  60.952 0.0000000000
44606  -48.899  -20.768  64.134 0.0000000000
45251  -49.127  -20.446  62.896 0.0000000000
44612  -48.149  -21.327  63.086 0.0000000000
110357  -45.287  -21.319  60.734 0.0000000000
110341  -44.206  -20.393  58.963 0.0000000000
110342  -43.925  -19.875  58.459 0.0000000000
50388  -49.792  -13.409  57.329 0.0000000000
50391  -49.777  -13.521  56.828 0.0000000000
50398  -49.445  -13.533  56.253 0.0000000000
49689  -48.594  -13.928  55.624 0.0000000000
51809  -48.209  -11.707  54.942 0.0000000000
51821  -46.856  -10.911  54.059 0.0000000000
51808  -47.406  -11.278  54.463 0.0000000000
51074  -47.781  -12.363  54.833 0.0000000000
49695  -46.936  -14.107  54.379 0.0000000000
34894  -19.205  -33.025  77.648 0.0000000000
34867  -23.359  -32.633  80.548 0.0000000000
35747  -22.943  -32.209  76.961 0.0000000000
34916  -19.534  -33.059  76.216 0.0000000000
35719  -29.665  -32.512  80.075 0.0000000000
34887  -29.665  -33.670  79.592 0.0000000000
33953  -29.272  -34.426  78.401 0.0000000000
33088  -27.379  -34.811  76.453 0.0000000000
33102  -28.201  -35.133  75.270 0.0000000000
33101  -27.377  -35.127  75.541 0.0000000000
33100  -26.821  -34.914  75.856 0.0000000000
33119  -25.674  -35.084  74.034 0.0000000000
33139  -24.654  -34.913  72.466 0.0000000000
33165  -24.540  -35.110  71.770 0.0000000000
34054  -23.587  -34.752  70.258 0.0000000000
34073  -22.544  -34.677  69.029 0.0000000000
35825  -26.849  -31.959  69.029 0.0000000000
35835  -26.403  -31.966  67.689 0.0000000000
35010  -26.478  -32.658  68.070 0.0000000000
35009  -26.257  -32.878  67.629 0.0000000000
34089  -26.101  -34.253  67.800 0.0000000000
35883  -26.470  -32.818  65.550 0.0000000000
35043  -25.527  -33.243  66.271 0.0000000000
34099  -25.663  -34.217  67.300 0.0000000000
34098  -25.264  -34.661  67.089 0.0000000000
33229  -24.775  -35.234  67.538 0.0000000000
32428  -24.389  -36.179  66.354 0.0000000000
32427  -23.605  -36.345  66.836 0.0000000000
33217  -23.082  -35.726  67.795 0.0000000000
34087  -22.388  -35.092  68.511 0.0000000000
34086  -21.869  -35.149  68.541 0.0000000000
32400  -21.977  -36.455  68.386 0.0000000000
31610  -22.465  -37.257  68.755 0.0000000000
31663  -23.783  -36.639  66.655 0.0000000000
32411  -22.932  -36.363  67.156 0.0000000000
32429  -25.074  -36.537  66.229 0.0000000000
32430  -25.944  -36.734  66.423 0.0000000000
32446  -24.843  -35.850  66.059 0.0000000000
32447  -25.154  -35.847  65.890 0.0000000000
32448  -25.854  -36.033  65.708 0.0000000000
32462  -25.518  -35.648  65.704 0.0000000000
33076  -27.646  -34.746  76.866 0.0000000000
33113  -30.006  -34.421  74.304 0.0000000000
33163  -21.046  -34.438  70.503 0.0000000000
33191  -27.983  -34.186  70.040 0.0000000000
33216  -22.120  -35.691  68.206 0.0000000000
33228  -24.329  -35.606  67.066 0.0000000000
33241  -25.118  -35.340  65.990 0.0000000000
33243  -26.723  -35.483  65.862 0.0000000000
33259  -25.381  -35.402  65.747 0.0000000000
33260  -25.782  -35.258  65.581 0.0000000000
33261  -26.205  -35.039  65.503 0.0000000000
33997  -24.671  -33.959  74.340 0.0000000000
33999  -25.910  -34.843  74.905 0.0000000000
34013  -23.523  -33.544  71.990 0.0000000000
34034  -23.778  -34.556  70.979 0.0000000000
34075  -27.177  -34.074  69.078 0.0000000000
34088  -25.611  -34.585  67.538 0.0000000000
34097  -24.999  -35.041  66.896 0.0000000000
34111  -24.853  -35.259  66.665 0.0000000000
34113  -27.114  -34.374  65.656 0.0000000000
34133  -25.913  -34.492  65.359 0.0000000000
34909  -25.985  -33.863  77.561 0.0000000000
34942  -23.219  -32.709  72.654 0.0000000000
34952  -30.389  -32.944  73.045 0.0000000000
34960  -19.866  -32.053  71.721 0.0000000000
34962  -21.779  -32.554  70.376 0.0000000000
34976  -21.367  -32.946  69.795 0.0000000000
34992  -20.887  -33.735  69.814 0.0000000000
35025  -25.685  -33.411  66.920 0.0000000000
35042  -25.506  -33.582  65.847 0.0000000000
35060  -25.718  -33.915  65.442 0.0000000000
35061  -26.022  -33.735  65.182 0.0000000000
35742  -33.267  -31.980  77.749 0.0000000000
35774  -23.348  -32.757  73.606 0.0000000000
35775  -31.967  -32.354  74.546 0.0000000000
35788  -19.768  -31.901  72.133 0.0000000000
35791  -22.130  -32.178  71.774 0.0000000000
35800  -19.897  -31.875  71.909 0.0000000000
35865  -25.759  -33.056  65.635 0.0000000000
35882  -26.005  -33.036  65.384 0.0000000000
36540  -34.776  -30.760  76.495 0.0000000000
36547  -33.990  -30.727  75.007 0.0000000000
37269  -30.233  -30.169  78.547 0.0000000000
37270  -30.444  -30.021  78.528 0.0000000000
37287  -34.909  -30.640  75.968 0.0000000000
38094  -30.016  -29.983  78.444 0.0000000000
38983  -37.109  -27.876  76.987 0.0000000000
38991  -35.852  -28.341  75.501 0.0000000000
43284  -44.035  -23.757  61.713 0.0000000000
48107  -50.230  -15.538  57.533 0.0000000000
48112  -50.145  -15.554  57.147 0.0000000000
48120  -47.840  -16.425  55.034 0.0000000000
48909  -49.271  -15.382  55.964 0.0000000000
48910  -49.605  -15.176  56.380 0.0000000000
49684  -49.766  -14.119  57.789 0.0000000000
49691  -49.518  -14.008  56.320 0.0000000000
50396  -48.535  -13.512  55.659 0.0000000000
51076  -48.736  -12.725  55.672 0.0000000000
110344  -43.539  -18.874  56.893 0.0000000000
110358  -45.276  -20.705  60.112 0.0000000000
