#!ascii label  , from subject 3253 vox2ras=TkReg
923
80752  -47.064  23.399  47.748 0.0000000000
92387  -40.714  38.521  40.381 0.0000000000
89214  -40.999  32.911  48.754 0.0000000000
88550  -45.439  32.592  45.363 0.0000000000
91183  -45.170  35.816  39.650 0.0000000000
91153  -45.343  35.999  42.373 0.0000000000
87835  -46.432  31.566  40.503 0.0000000000
86202  -42.153  31.598  42.056 0.0000000000
76779  -45.215  19.101  51.760 0.0000000000
80730  -46.530  23.394  52.515 0.0000000000
98613  -41.282  48.061  44.969 0.0000000000
96178  -44.038  44.025  41.711 0.0000000000
92981  -45.410  38.877  38.430 0.0000000000
86914  -46.307  30.018  51.981 0.0000000000
91740  -39.976  37.480  44.820 0.0000000000
90523  -45.591  35.434  48.018 0.0000000000
86151  -47.218  29.287  46.792 0.0000000000
84484  -45.443  27.925  43.184 0.0000000000
82628  -41.889  25.722  45.802 0.0000000000
80780  -47.404  23.513  44.903 0.0000000000
89297  -45.650  34.522  37.980 0.0000000000
88586  -45.249  32.733  39.075 0.0000000000
87035  -45.746  31.126  37.714 0.0000000000
86227  -45.202  29.167  39.147 0.0000000000
78413  -46.918  20.792  51.657 0.0000000000
80712  -46.154  23.364  53.957 0.0000000000
98575  -40.304  48.594  47.514 0.0000000000
94856  -45.777  41.747  40.281 0.0000000000
86086  -44.193  29.416  53.023 0.0000000000
88509  -42.938  32.220  50.573 0.0000000000
92954  -38.645  39.719  41.482 0.0000000000
91147  -38.897  36.166  41.235 0.0000000000
89928  -46.335  34.438  43.449 0.0000000000
91763  -45.181  36.342  45.109 0.0000000000
89917  -46.378  34.500  46.422 0.0000000000
88539  -47.089  32.129  47.987 0.0000000000
86969  -46.770  30.633  46.071 0.0000000000
85335  -46.474  28.326  44.625 0.0000000000
86978  -45.118  31.169  45.353 0.0000000000
85355  -41.354  28.887  43.304 0.0000000000
91817  -43.176  36.579  39.248 0.0000000000
90566  -41.462  35.073  40.438 0.0000000000
89939  -44.498  33.795  40.073 0.0000000000
89935  -46.367  33.926  41.406 0.0000000000
87820  -45.935  32.050  42.798 0.0000000000
86994  -44.623  32.190  43.672 0.0000000000
86190  -44.988  30.856  41.930 0.0000000000
85386  -42.533  29.726  39.397 0.0000000000
76787  -46.484  19.002  49.754 0.0000000000
78417  -47.668  20.759  49.545 0.0000000000
80746  -46.161  23.917  49.631 0.0000000000
96776  -39.468  44.986  45.917 0.0000000000
96174  -39.150  44.762  43.830 0.0000000000
94161  -41.528  42.375  43.671 0.0000000000
92945  -43.312  40.184  42.486 0.0000000000
92391  -44.720  38.509  41.029 0.0000000000
91185  -46.606  36.726  39.009 0.0000000000
89968  -45.691  35.378  37.425 0.0000000000
91838  -44.865  37.402  36.275 0.0000000000
83509  -45.309  26.333  53.602 0.0000000000
83518  -46.313  26.593  52.028 0.0000000000
83546  -46.545  26.968  49.813 0.0000000000
90519  -41.033  34.639  46.748 0.0000000000
92366  -42.440  37.691  43.437 0.0000000000
91107  -42.700  36.624  46.199 0.0000000000
89885  -43.055  34.633  48.885 0.0000000000
89203  -45.469  33.418  50.203 0.0000000000
86951  -46.453  30.183  49.268 0.0000000000
83556  -46.932  26.515  47.256 0.0000000000
83561  -47.201  26.453  45.276 0.0000000000
83601  -46.521  26.297  43.112 0.0000000000
82667  -45.313  25.232  43.127 0.0000000000
86177  -43.188  29.700  44.161 0.0000000000
83613  -43.769  26.617  43.123 0.0000000000
81705  -44.035  23.594  44.535 0.0000000000
79962  -47.640  22.490  47.312 0.0000000000
79965  -47.721  22.621  46.276 0.0000000000
80763  -47.450  23.544  45.781 0.0000000000
88609  -45.133  33.107  37.087 0.0000000000
88605  -45.251  32.883  37.572 0.0000000000
87051  -45.273  31.352  36.995 0.0000000000
87050  -45.030  30.713  36.619 0.0000000000
88522  -42.065  32.475  49.593 0.0000000000
92967  -39.197  39.144  40.882 0.0000000000
89260  -45.952  33.630  44.160 0.0000000000
89923  -46.071  34.481  45.612 0.0000000000
88551  -46.037  32.862  45.763 0.0000000000
88546  -46.596  32.733  46.373 0.0000000000
87801  -46.297  31.847  45.835 0.0000000000
86979  -46.115  30.968  45.459 0.0000000000
87808  -45.025  32.142  45.347 0.0000000000
91182  -44.423  35.772  39.456 0.0000000000
89946  -43.015  34.425  39.032 0.0000000000
89948  -44.470  34.128  39.297 0.0000000000
88579  -46.265  32.149  40.216 0.0000000000
89279  -46.039  32.817  40.399 0.0000000000
88571  -46.674  32.558  41.151 0.0000000000
88563  -46.432  32.667  42.134 0.0000000000
87827  -46.351  31.787  41.516 0.0000000000
87005  -45.679  31.204  41.990 0.0000000000
87012  -46.254  30.689  40.877 0.0000000000
85387  -43.972  29.202  39.399 0.0000000000
79162  -46.824  21.652  51.812 0.0000000000
78415  -47.329  20.847  50.646 0.0000000000
79950  -46.959  22.379  50.873 0.0000000000
79955  -46.991  22.606  50.207 0.0000000000
80744  -46.672  23.011  50.660 0.0000000000
99195  -40.748  48.810  46.418 0.0000000000
97380  -40.464  46.678  46.269 0.0000000000
97395  -40.781  46.435  45.200 0.0000000000
95524  -40.528  43.812  43.727 0.0000000000
96810  -41.501  45.334  44.155 0.0000000000
96819  -42.927  44.558  41.695 0.0000000000
94164  -42.861  42.676  42.426 0.0000000000
94841  -43.601  42.630  41.719 0.0000000000
92377  -44.371  39.039  41.668 0.0000000000
93562  -45.321  40.657  41.812 0.0000000000
94200  -46.104  40.321  38.938 0.0000000000
92975  -45.684  39.208  39.353 0.0000000000
92411  -45.769  38.078  38.611 0.0000000000
90596  -46.498  36.040  38.195 0.0000000000
91825  -45.815  37.199  37.922 0.0000000000
90615  -45.203  36.068  36.537 0.0000000000
92419  -45.411  38.015  37.482 0.0000000000
84419  -41.537  26.989  51.740 0.0000000000
83517  -41.994  26.219  52.867 0.0000000000
84406  -42.744  26.826  53.137 0.0000000000
83492  -44.270  26.014  54.192 0.0000000000
84407  -43.628  27.494  53.574 0.0000000000
86913  -45.413  30.162  52.262 0.0000000000
86089  -45.639  28.604  53.094 0.0000000000
85281  -46.596  28.460  51.735 0.0000000000
83532  -46.488  26.503  51.109 0.0000000000
85304  -46.716  28.223  50.628 0.0000000000
91120  -38.806  36.470  45.181 0.0000000000
90533  -39.172  34.909  46.129 0.0000000000
91104  -40.087  35.937  45.742 0.0000000000
91162  -43.413  35.548  41.554 0.0000000000
91151  -42.667  36.306  41.906 0.0000000000
91152  -44.016  36.625  42.367 0.0000000000
91110  -45.141  36.251  46.415 0.0000000000
91735  -44.280  36.843  46.158 0.0000000000
91097  -44.721  36.205  47.378 0.0000000000
90521  -43.318  35.552  47.774 0.0000000000
90509  -43.958  35.247  48.749 0.0000000000
89218  -44.403  33.830  50.166 0.0000000000
89873  -46.264  34.116  49.326 0.0000000000
86963  -47.145  30.484  47.373 0.0000000000
87779  -46.808  31.076  49.019 0.0000000000
86148  -47.042  29.571  47.557 0.0000000000
85319  -46.837  28.557  48.095 0.0000000000
84460  -47.094  27.520  46.713 0.0000000000
83558  -47.121  26.503  46.204 0.0000000000
84462  -47.103  27.464  45.795 0.0000000000
85334  -46.097  28.769  44.142 0.0000000000
84486  -46.383  26.892  43.591 0.0000000000
84485  -46.002  27.248  43.307 0.0000000000
82668  -46.229  25.332  42.866 0.0000000000
83616  -45.570  26.485  42.900 0.0000000000
87002  -42.946  32.158  43.443 0.0000000000
87812  -43.161  32.283  44.967 0.0000000000
112353  -42.192  31.429  44.024 0.0000000000
83580  -41.878  27.354  43.581 0.0000000000
84497  -42.714  27.974  43.071 0.0000000000
83582  -43.111  26.307  44.030 0.0000000000
82665  -43.885  25.590  43.896 0.0000000000
81692  -42.946  24.104  45.671 0.0000000000
80806  -42.771  22.950  44.196 0.0000000000
77617  -48.352  20.031  47.268 0.0000000000
80796  -47.193  23.360  44.170 0.0000000000
89950  -45.889  35.313  38.585 0.0000000000
89949  -45.178  34.464  38.888 0.0000000000
89295  -45.203  33.444  38.363 0.0000000000
87852  -45.731  31.720  38.473 0.0000000000
87025  -45.963  30.874  38.641 0.0000000000
86228  -45.723  30.024  38.882 0.0000000000
86242  -45.685  30.285  37.795 0.0000000000
76780  -45.957  19.409  51.567 0.0000000000
77598  -46.059  20.143  53.076 0.0000000000
80719  -46.451  23.220  53.303 0.0000000000
99785  -39.838  50.019  45.104 0.0000000000
94852  -45.661  42.223  41.225 0.0000000000
94208  -45.113  40.415  38.677 0.0000000000
93581  -44.619  40.053  37.959 0.0000000000
85279  -43.139  28.306  52.489 0.0000000000
86926  -44.276  30.879  51.921 0.0000000000
87755  -44.821  31.453  51.625 0.0000000000
91771  -39.078  36.930  43.083 0.0000000000
90563  -45.988  35.312  42.657 0.0000000000
91136  -45.438  36.857  44.265 0.0000000000
90554  -45.989  35.253  45.088 0.0000000000
90549  -46.049  35.210  46.031 0.0000000000
89903  -46.633  34.610  47.221 0.0000000000
89888  -46.759  33.646  48.491 0.0000000000
89248  -47.105  33.267  46.972 0.0000000000
87795  -46.974  31.651  46.519 0.0000000000
86970  -47.040  30.184  46.517 0.0000000000
85326  -46.855  28.439  45.513 0.0000000000
86159  -46.486  29.597  45.342 0.0000000000
86168  -46.202  29.360  44.598 0.0000000000
86179  -45.383  29.219  43.890 0.0000000000
86186  -41.186  30.193  43.501 0.0000000000
89232  -40.156  32.945  47.853 0.0000000000
92402  -42.367  37.666  39.937 0.0000000000
91802  -40.564  36.566  39.444 0.0000000000
91170  -42.170  35.251  39.404 0.0000000000
90577  -42.963  33.977  40.110 0.0000000000
90569  -44.152  34.800  41.274 0.0000000000
89277  -45.013  33.685  39.709 0.0000000000
89940  -45.266  33.833  40.377 0.0000000000
90571  -46.133  34.680  41.780 0.0000000000
89930  -46.510  34.232  42.309 0.0000000000
89262  -46.447  33.523  42.867 0.0000000000
88560  -45.445  32.829  44.048 0.0000000000
87813  -44.983  32.442  44.338 0.0000000000
87819  -45.254  32.243  43.478 0.0000000000
87004  -44.768  31.556  42.732 0.0000000000
86203  -43.420  31.112  41.593 0.0000000000
86218  -44.806  29.567  40.342 0.0000000000
86217  -43.831  30.121  40.761 0.0000000000
77607  -46.821  19.588  50.593 0.0000000000
77611  -47.468  19.790  49.429 0.0000000000
78420  -47.801  20.211  49.049 0.0000000000
79175  -48.056  21.327  48.664 0.0000000000
79959  -47.424  22.481  48.406 0.0000000000
80750  -46.435  23.405  48.776 0.0000000000
94835  -36.633  43.134  43.950 0.0000000000
96807  -38.916  45.684  44.949 0.0000000000
94836  -37.518  43.334  43.327 0.0000000000
93543  -38.668  41.520  42.257 0.0000000000
93544  -39.750  41.325  42.552 0.0000000000
93558  -41.135  40.352  42.342 0.0000000000
98050  -41.346  47.494  43.715 0.0000000000
96168  -42.032  44.462  43.736 0.0000000000
94174  -41.953  41.668  43.177 0.0000000000
92958  -42.242  39.222  41.911 0.0000000000
92389  -43.098  38.102  40.880 0.0000000000
91791  -43.813  37.516  40.468 0.0000000000
91807  -45.067  37.018  40.287 0.0000000000
93564  -45.965  40.362  41.102 0.0000000000
91794  -45.425  38.151  39.999 0.0000000000
90579  -45.954  36.156  39.371 0.0000000000
89959  -46.074  35.295  38.211 0.0000000000
89303  -45.594  34.514  37.728 0.0000000000
89325  -44.575  34.520  35.994 0.0000000000
89991  -44.565  35.131  35.788 0.0000000000
93591  -44.576  39.036  36.890 0.0000000000
81622  -45.712  24.729  53.779 0.0000000000
82582  -45.724  25.416  53.287 0.0000000000
85264  -44.577  28.339  53.449 0.0000000000
83510  -45.900  26.437  52.891 0.0000000000
81637  -46.308  24.425  52.077 0.0000000000
82611  -46.244  25.497  50.679 0.0000000000
82613  -46.132  25.471  49.812 0.0000000000
82617  -46.372  25.425  48.217 0.0000000000
89882  -40.614  33.680  47.693 0.0000000000
91159  -39.921  35.695  40.800 0.0000000000
91783  -40.890  36.825  42.313 0.0000000000
92351  -41.347  38.014  44.287 0.0000000000
91761  -43.969  37.501  44.702 0.0000000000
91744  -43.311  37.399  45.358 0.0000000000
91123  -41.589  36.689  45.699 0.0000000000
90535  -41.590  35.361  46.347 0.0000000000
89902  -41.813  34.262  47.787 0.0000000000
89235  -42.012  33.558  48.844 0.0000000000
89217  -43.486  33.503  50.084 0.0000000000
88511  -44.996  32.739  50.851 0.0000000000
88500  -45.988  31.770  51.086 0.0000000000
89221  -46.674  32.764  48.906 0.0000000000
87768  -46.125  30.954  49.996 0.0000000000
86938  -46.201  29.933  50.206 0.0000000000
85315  -46.525  28.395  49.955 0.0000000000
83553  -46.755  26.835  48.178 0.0000000000
82618  -46.702  25.477  47.497 0.0000000000
82620  -47.090  25.509  46.678 0.0000000000
82630  -47.245  25.504  45.716 0.0000000000
82657  -47.008  25.400  44.052 0.0000000000
84465  -46.971  27.369  44.919 0.0000000000
83583  -46.799  26.240  43.700 0.0000000000
82669  -46.738  25.349  43.405 0.0000000000
81708  -46.504  24.208  43.468 0.0000000000
81707  -45.867  23.994  43.466 0.0000000000
86977  -44.577  31.797  45.533 0.0000000000
86166  -44.560  30.185  44.664 0.0000000000
85343  -43.953  29.080  43.918 0.0000000000
86175  -41.863  29.626  43.882 0.0000000000
85358  -43.803  28.377  43.152 0.0000000000
84499  -44.435  27.403  43.111 0.0000000000
83599  -44.626  25.803  43.263 0.0000000000
82666  -44.355  24.891  43.959 0.0000000000
80754  -47.294  23.483  46.738 0.0000000000
87890  -44.710  32.476  36.718 0.0000000000
87877  -45.090  32.224  37.174 0.0000000000
87069  -44.794  31.779  36.740 0.0000000000
87777  -41.692  31.370  49.906 0.0000000000
92968  -40.184  39.188  40.984 0.0000000000
92399  -39.119  37.732  39.893 0.0000000000
92400  -40.041  37.674  39.598 0.0000000000
89255  -45.539  33.285  45.044 0.0000000000
89256  -45.817  33.791  45.278 0.0000000000
87800  -45.574  32.256  45.538 0.0000000000
87799  -45.314  32.353  45.423 0.0000000000
90586  -44.028  35.016  39.096 0.0000000000
90587  -44.856  35.120  39.362 0.0000000000
87836  -46.530  32.187  40.770 0.0000000000
87828  -46.573  32.111  41.053 0.0000000000
76783  -45.042  18.560  50.224 0.0000000000
79943  -46.666  22.484  52.001 0.0000000000
79944  -46.864  22.139  51.440 0.0000000000
79949  -46.732  22.635  51.366 0.0000000000
80738  -46.707  22.840  51.084 0.0000000000
80737  -46.537  23.384  51.419 0.0000000000
98612  -41.088  48.427  45.314 0.0000000000
98012  -41.005  47.639  45.789 0.0000000000
98030  -41.212  47.323  45.203 0.0000000000
97408  -41.171  45.902  44.550 0.0000000000
97409  -41.451  46.171  44.176 0.0000000000
96828  -43.534  44.702  41.301 0.0000000000
97422  -42.880  44.837  41.346 0.0000000000
95538  -43.728  43.538  41.841 0.0000000000
95535  -43.354  43.379  42.088 0.0000000000
95536  -43.779  43.051  41.583 0.0000000000
93561  -44.589  40.961  41.897 0.0000000000
94846  -44.443  42.388  41.658 0.0000000000
93576  -45.626  39.712  38.711 0.0000000000
92978  -45.575  38.995  38.911 0.0000000000
91822  -46.218  37.231  38.312 0.0000000000
92414  -45.648  38.002  38.108 0.0000000000
84430  -41.866  27.435  51.590 0.0000000000
84420  -42.310  27.284  52.221 0.0000000000
84421  -42.935  27.514  52.893 0.0000000000
86103  -45.929  29.172  52.744 0.0000000000
86104  -46.410  29.135  52.017 0.0000000000
86116  -46.550  29.103  51.404 0.0000000000
91756  -39.368  37.387  44.294 0.0000000000
91135  -39.104  36.924  44.858 0.0000000000
90548  -39.228  36.033  45.650 0.0000000000
91121  -39.700  36.901  45.268 0.0000000000
91163  -44.621  35.824  41.656 0.0000000000
91098  -45.458  35.760  47.421 0.0000000000
91085  -44.819  35.739  48.045 0.0000000000
90522  -44.122  35.860  47.899 0.0000000000
90510  -45.147  35.400  48.576 0.0000000000
90497  -44.712  35.029  49.315 0.0000000000
90498  -45.527  34.885  49.220 0.0000000000
86152  -47.241  29.856  47.009 0.0000000000
86149  -47.172  30.033  47.222 0.0000000000
85321  -47.096  28.507  47.173 0.0000000000
85323  -47.132  28.460  46.330 0.0000000000
85345  -45.695  28.522  43.712 0.0000000000
83600  -46.034  26.413  42.848 0.0000000000
84501  -45.675  27.030  43.138 0.0000000000
86188  -43.053  31.772  42.717 0.0000000000
86187  -41.901  31.872  43.660 0.0000000000
83568  -41.976  26.940  44.238 0.0000000000
83581  -42.513  26.763  43.982 0.0000000000
82642  -42.396  26.320  44.976 0.0000000000
82655  -43.528  25.358  44.753 0.0000000000
82643  -42.608  25.205  45.698 0.0000000000
80779  -42.151  23.873  45.985 0.0000000000
81684  -42.076  24.573  46.139 0.0000000000
78423  -48.401  20.649  47.660 0.0000000000
89958  -45.498  34.413  38.245 0.0000000000
89296  -45.391  33.739  37.877 0.0000000000
87866  -45.376  31.942  37.696 0.0000000000
88598  -45.285  32.653  38.241 0.0000000000
86256  -45.025  29.896  36.800 0.0000000000
79934  -46.559  22.499  52.911 0.0000000000
99770  -39.322  50.031  45.846 0.0000000000
94882  -44.940  40.751  39.022 0.0000000000
94207  -44.503  40.596  38.208 0.0000000000
87766  -43.236  31.525  51.068 0.0000000000
86937  -42.851  30.716  51.022 0.0000000000
87754  -44.023  31.593  51.499 0.0000000000
93555  -38.067  40.585  41.880 0.0000000000
91782  -39.797  36.541  42.354 0.0000000000
90559  -46.065  35.294  43.976 0.0000000000
90537  -46.206  35.220  46.841 0.0000000000
89918  -46.869  33.931  46.748 0.0000000000
86966  -47.123  30.775  46.747 0.0000000000
86158  -45.936  30.194  44.991 0.0000000000
86167  -45.474  29.771  44.450 0.0000000000
91803  -41.880  36.597  39.330 0.0000000000
91815  -42.288  36.076  39.151 0.0000000000
89938  -43.654  33.755  39.706 0.0000000000
89937  -42.924  34.163  39.444 0.0000000000
89932  -43.798  33.974  40.558 0.0000000000
89287  -45.070  33.249  39.170 0.0000000000
89286  -44.987  33.851  39.255 0.0000000000
89278  -45.380  33.205  40.115 0.0000000000
89269  -46.456  33.239  41.030 0.0000000000
89941  -45.943  33.565  40.730 0.0000000000
89934  -45.740  34.343  41.057 0.0000000000
88561  -46.007  32.887  43.413 0.0000000000
87814  -45.505  32.530  43.605 0.0000000000
86189  -44.164  31.557  42.127 0.0000000000
86219  -45.868  29.794  40.065 0.0000000000
85376  -44.030  29.602  40.136 0.0000000000
77604  -46.518  19.846  51.548 0.0000000000
77605  -47.126  20.168  50.999 0.0000000000
77608  -47.344  20.067  50.227 0.0000000000
78421  -48.113  20.634  48.596 0.0000000000
78418  -47.976  21.103  49.021 0.0000000000
80747  -46.563  23.169  49.868 0.0000000000
79957  -47.126  22.552  49.434 0.0000000000
96145  -39.514  44.436  45.814 0.0000000000
95518  -39.072  43.712  45.553 0.0000000000
96159  -38.973  44.529  45.603 0.0000000000
95522  -37.060  43.627  44.712 0.0000000000
96158  -38.472  44.625  45.278 0.0000000000
98557  -39.958  48.063  48.243 0.0000000000
98558  -40.182  47.671  47.868 0.0000000000
97394  -40.149  46.130  45.493 0.0000000000
96794  -39.620  45.872  45.499 0.0000000000
96173  -38.679  44.541  43.858 0.0000000000
95532  -38.119  44.153  43.780 0.0000000000
94170  -38.057  42.488  42.636 0.0000000000
94837  -38.655  43.343  43.096 0.0000000000
94826  -40.935  43.134  43.832 0.0000000000
94172  -40.354  42.067  42.932 0.0000000000
93557  -40.200  40.475  42.212 0.0000000000
94173  -41.231  41.803  43.113 0.0000000000
96811  -41.934  45.178  43.491 0.0000000000
96814  -42.154  44.958  42.648 0.0000000000
93548  -43.284  41.072  42.372 0.0000000000
94163  -42.504  42.514  42.769 0.0000000000
93547  -42.562  40.744  42.907 0.0000000000
93559  -41.969  40.117  42.449 0.0000000000
93560  -42.660  39.896  42.481 0.0000000000
92375  -42.717  38.723  41.627 0.0000000000
92959  -43.100  39.329  42.216 0.0000000000
92390  -44.063  38.187  41.201 0.0000000000
91792  -44.555  37.664  40.660 0.0000000000
91793  -45.123  37.916  40.466 0.0000000000
94185  -46.043  41.187  40.753 0.0000000000
93568  -46.053  40.439  40.349 0.0000000000
92409  -45.761  38.313  39.060 0.0000000000
91795  -45.529  38.316  39.686 0.0000000000
91809  -45.792  37.647  39.354 0.0000000000
91175  -46.054  36.676  39.412 0.0000000000
90589  -46.380  35.970  39.057 0.0000000000
90592  -46.907  35.933  38.612 0.0000000000
90603  -46.055  35.987  37.805 0.0000000000
89964  -45.876  35.392  37.937 0.0000000000
89308  -45.624  34.830  37.454 0.0000000000
89307  -45.357  34.070  37.085 0.0000000000
89967  -45.496  34.826  36.972 0.0000000000
89979  -45.564  35.309  36.988 0.0000000000
91217  -45.377  36.736  36.818 0.0000000000
91216  -44.957  36.578  36.329 0.0000000000
90625  -44.708  35.967  35.981 0.0000000000
91226  -44.731  36.765  35.854 0.0000000000
93584  -44.636  39.322  37.437 0.0000000000
82569  -43.931  25.151  54.414 0.0000000000
83493  -44.876  25.894  54.024 0.0000000000
82581  -45.293  25.351  53.905 0.0000000000
81623  -46.273  24.305  53.252 0.0000000000
85263  -43.897  28.829  53.231 0.0000000000
86087  -44.611  29.155  53.168 0.0000000000
84410  -46.182  27.437  52.609 0.0000000000
84409  -45.658  27.325  53.268 0.0000000000
82594  -46.061  25.444  52.510 0.0000000000
82608  -46.250  25.508  51.592 0.0000000000
83533  -46.633  26.987  50.504 0.0000000000
83545  -46.315  26.301  50.232 0.0000000000
82615  -46.169  25.429  48.980 0.0000000000
83549  -46.327  26.223  49.406 0.0000000000
89881  -39.814  33.456  47.246 0.0000000000
91168  -40.230  35.833  40.070 0.0000000000
91160  -41.041  35.223  40.682 0.0000000000
91784  -41.963  36.974  42.331 0.0000000000
91773  -41.483  37.585  42.936 0.0000000000
92364  -41.352  37.959  43.659 0.0000000000
92352  -42.007  37.990  44.071 0.0000000000
91777  -44.672  37.419  44.027 0.0000000000
91762  -44.798  37.041  44.946 0.0000000000
91108  -43.601  36.647  46.624 0.0000000000
91734  -43.514  37.103  46.018 0.0000000000
91733  -42.957  37.144  45.798 0.0000000000
91743  -42.337  37.190  45.449 0.0000000000
91124  -42.133  36.681  45.860 0.0000000000
91106  -41.938  36.151  46.018 0.0000000000
90536  -42.297  35.834  46.603 0.0000000000
90508  -42.841  34.935  48.246 0.0000000000
90520  -42.256  34.900  47.367 0.0000000000
90507  -42.445  34.705  48.019 0.0000000000
89884  -42.262  34.207  48.409 0.0000000000
89869  -42.712  34.183  49.060 0.0000000000
89216  -42.514  33.504  49.329 0.0000000000
89870  -43.204  34.212  49.408 0.0000000000
89219  -44.942  33.721  50.195 0.0000000000
89202  -44.650  33.286  50.437 0.0000000000
88499  -45.353  32.027  51.273 0.0000000000
88512  -45.739  32.530  50.622 0.0000000000
89874  -46.552  33.483  49.015 0.0000000000
86140  -46.408  29.241  49.619 0.0000000000
84458  -46.927  27.609  47.655 0.0000000000
84456  -46.754  27.694  48.577 0.0000000000
83555  -46.591  26.102  47.924 0.0000000000
82644  -47.211  25.460  44.833 0.0000000000
82678  -45.752  25.901  42.675 0.0000000000
80808  -45.414  22.531  43.841 0.0000000000
81706  -45.030  23.717  44.019 0.0000000000
86986  -43.990  31.939  45.156 0.0000000000
86985  -43.175  31.465  45.048 0.0000000000
86165  -43.555  30.369  44.615 0.0000000000
85332  -44.397  29.577  44.303 0.0000000000
86185  -40.792  29.433  42.885 0.0000000000
85356  -42.016  28.840  43.596 0.0000000000
84481  -43.098  27.152  43.046 0.0000000000
85357  -42.953  28.585  43.161 0.0000000000
84498  -43.562  27.451  43.026 0.0000000000
83614  -44.259  26.616  43.141 0.0000000000
82656  -44.082  24.394  44.716 0.0000000000
80807  -44.333  22.623  43.876 0.0000000000
79960  -47.971  22.041  47.952 0.0000000000
79966  -48.173  21.901  46.726 0.0000000000
79969  -48.183  21.859  45.814 0.0000000000
89302  -45.346  33.668  37.452 0.0000000000
86257  -45.479  30.654  37.118 0.0000000000
87778  -42.343  32.051  50.179 0.0000000000
92385  -38.732  38.399  40.353 0.0000000000
91158  -39.204  36.043  40.737 0.0000000000
89926  -46.020  34.507  44.590 0.0000000000
89252  -46.362  33.595  46.119 0.0000000000
89253  -46.736  33.380  46.581 0.0000000000
88545  -46.362  33.067  46.080 0.0000000000
88552  -46.365  32.477  45.957 0.0000000000
87810  -46.007  31.493  45.588 0.0000000000
87809  -45.653  31.651  45.561 0.0000000000
91171  -43.736  36.398  39.473 0.0000000000
91180  -42.604  35.583  39.026 0.0000000000
89947  -43.544  34.269  39.102 0.0000000000
88587  -45.567  32.401  39.311 0.0000000000
89288  -45.485  32.829  39.778 0.0000000000
89280  -46.492  32.896  40.864 0.0000000000
89270  -46.664  32.898  41.139 0.0000000000
89264  -46.604  33.258  41.692 0.0000000000
89265  -46.684  32.870  41.352 0.0000000000
88570  -46.597  32.386  41.447 0.0000000000
86205  -45.498  30.204  41.173 0.0000000000
85402  -44.436  28.789  38.197 0.0000000000
78410  -46.719  21.236  52.150 0.0000000000
79167  -47.117  21.598  51.125 0.0000000000
79172  -47.364  21.793  50.163 0.0000000000
80743  -46.345  23.757  50.486 0.0000000000
96762  -40.683  45.248  47.377 0.0000000000
99173  -40.550  48.895  47.129 0.0000000000
98011  -40.666  47.431  46.558 0.0000000000
98029  -40.838  47.159  45.811 0.0000000000
96795  -40.186  46.017  45.124 0.0000000000
95534  -39.837  44.371  43.534 0.0000000000
96166  -40.351  44.836  44.069 0.0000000000
95525  -41.198  43.849  44.039 0.0000000000
98073  -41.852  46.174  41.825 0.0000000000
96169  -42.491  44.212  42.801 0.0000000000
96170  -42.965  43.778  42.327 0.0000000000
94176  -43.231  42.071  42.162 0.0000000000
92960  -43.883  39.632  42.109 0.0000000000
92947  -44.293  40.649  41.869 0.0000000000
92961  -44.672  40.038  41.957 0.0000000000
92378  -44.813  39.311  41.289 0.0000000000
94194  -46.142  40.210  39.366 0.0000000000
93569  -46.104  39.930  39.741 0.0000000000
91818  -46.091  37.296  38.724 0.0000000000
91189  -47.048  36.740  38.407 0.0000000000
91195  -46.546  36.628  37.903 0.0000000000
90616  -45.617  35.882  37.091 0.0000000000
91204  -45.792  36.556  37.608 0.0000000000
91829  -45.509  37.317  37.222 0.0000000000
91839  -45.213  37.370  36.780 0.0000000000
84429  -41.181  27.378  51.112 0.0000000000
83531  -41.052  26.649  51.616 0.0000000000
83491  -43.650  25.852  54.163 0.0000000000
84392  -43.763  26.528  54.058 0.0000000000
84393  -44.238  26.830  54.048 0.0000000000
86101  -44.616  29.763  52.784 0.0000000000
86088  -45.233  28.846  53.175 0.0000000000
85280  -46.312  28.356  52.356 0.0000000000
84422  -46.579  27.649  51.865 0.0000000000
84431  -46.602  27.077  51.544 0.0000000000
84423  -46.731  28.028  51.482 0.0000000000
84432  -46.802  27.558  51.088 0.0000000000
84447  -46.656  27.646  50.251 0.0000000000
90534  -40.552  35.090  46.020 0.0000000000
91161  -42.215  35.431  41.169 0.0000000000
91785  -42.922  37.098  42.659 0.0000000000
91786  -43.615  37.379  43.022 0.0000000000
91125  -45.130  36.191  45.783 0.0000000000
91746  -44.850  36.552  45.704 0.0000000000
91109  -44.438  36.578  46.718 0.0000000000
91096  -43.841  36.241  47.303 0.0000000000
91095  -42.957  36.060  47.053 0.0000000000
89886  -43.553  34.711  49.204 0.0000000000
89871  -44.081  34.519  49.562 0.0000000000
89872  -45.180  34.258  49.828 0.0000000000
89861  -46.013  33.694  49.895 0.0000000000
88525  -46.922  31.815  48.712 0.0000000000
87791  -47.077  31.236  48.119 0.0000000000
86961  -46.879  30.349  48.322 0.0000000000
86146  -46.657  29.414  48.633 0.0000000000
85346  -46.103  27.754  43.931 0.0000000000
82677  -45.453  26.012  42.805 0.0000000000
87003  -43.801  32.227  43.379 0.0000000000
112354  -43.105  32.454  44.112 0.0000000000
87807  -42.859  32.106  45.124 0.0000000000
86984  -42.667  31.021  44.742 0.0000000000
84478  -41.606  28.152  43.161 0.0000000000
84496  -42.061  28.210  43.264 0.0000000000
83595  -42.290  27.350  43.313 0.0000000000
83596  -42.835  26.871  43.394 0.0000000000
83597  -43.518  26.353  43.559 0.0000000000
81693  -43.775  24.024  45.165 0.0000000000
81704  -43.267  23.349  45.161 0.0000000000
80795  -42.239  23.369  45.520 0.0000000000
77616  -47.992  19.518  47.636 0.0000000000
90588  -45.619  35.692  39.275 0.0000000000
89957  -45.121  33.882  38.541 0.0000000000
88597  -45.205  32.817  38.763 0.0000000000
87843  -46.108  31.540  39.462 0.0000000000
87019  -46.183  30.691  39.724 0.0000000000
86241  -45.238  29.444  37.973 0.0000000000
77603  -45.984  19.544  52.005 0.0000000000
77601  -46.281  20.011  52.362 0.0000000000
78409  -46.439  20.830  52.622 0.0000000000
78406  -45.929  20.757  53.849 0.0000000000
79161  -46.635  21.717  52.484 0.0000000000
99171  -39.243  49.351  47.519 0.0000000000
99193  -39.665  49.650  46.724 0.0000000000
99772  -40.358  49.381  45.933 0.0000000000
99787  -40.884  49.089  44.988 0.0000000000
94851  -45.049  42.643  41.728 0.0000000000
94864  -45.463  41.316  39.529 0.0000000000
94199  -45.704  40.759  38.939 0.0000000000
94209  -45.512  40.262  38.671 0.0000000000
93582  -44.908  39.748  38.234 0.0000000000
92987  -45.145  38.774  37.824 0.0000000000
94219  -44.544  40.312  37.987 0.0000000000
86925  -43.510  30.482  51.613 0.0000000000
86911  -43.976  30.387  52.171 0.0000000000
86912  -44.504  30.296  52.293 0.0000000000
86927  -44.936  30.795  51.949 0.0000000000
87756  -45.562  31.120  51.614 0.0000000000
91154  -45.741  35.827  42.817 0.0000000000
91142  -45.040  36.879  43.202 0.0000000000
91143  -45.720  36.081  43.406 0.0000000000
91137  -45.736  36.001  44.601 0.0000000000
91126  -45.503  35.898  45.646 0.0000000000
91111  -45.734  35.694  46.573 0.0000000000
91099  -45.888  35.555  47.124 0.0000000000
90524  -46.119  35.256  47.645 0.0000000000
90511  -45.992  35.073  48.551 0.0000000000
89887  -46.558  34.482  48.168 0.0000000000
89904  -47.049  33.911  47.576 0.0000000000
89236  -47.042  33.029  47.825 0.0000000000
88543  -47.142  32.401  47.119 0.0000000000
87793  -47.153  31.454  47.292 0.0000000000
86967  -47.175  30.221  46.845 0.0000000000
86155  -47.141  29.812  46.670 0.0000000000
86154  -46.947  29.483  46.175 0.0000000000
86201  -40.810  31.652  42.535 0.0000000000
86200  -40.527  30.407  42.492 0.0000000000
85354  -41.085  28.685  42.979 0.0000000000
83579  -41.275  28.086  43.110 0.0000000000
83567  -41.225  27.229  43.903 0.0000000000
82627  -41.202  26.537  45.100 0.0000000000
92401  -41.241  37.652  39.786 0.0000000000
91169  -41.354  35.509  39.660 0.0000000000
90575  -41.579  35.090  40.215 0.0000000000
90584  -42.619  34.777  39.199 0.0000000000
90576  -42.279  34.749  39.894 0.0000000000
90567  -41.923  35.103  40.471 0.0000000000
90568  -42.891  34.633  40.794 0.0000000000
89933  -44.842  34.472  40.679 0.0000000000
90570  -45.406  35.327  41.596 0.0000000000
89259  -45.629  33.214  44.546 0.0000000000
88557  -45.329  32.827  44.738 0.0000000000
86995  -45.298  31.795  42.959 0.0000000000
86204  -44.523  30.479  41.321 0.0000000000
76784  -46.024  19.232  50.918 0.0000000000
77610  -47.119  19.486  49.950 0.0000000000
76788  -47.136  19.292  49.571 0.0000000000
77613  -47.820  19.717  48.567 0.0000000000
77614  -48.300  20.040  48.004 0.0000000000
79178  -48.247  21.383  48.018 0.0000000000
79174  -47.729  21.708  49.131 0.0000000000
79177  -47.944  21.803  48.455 0.0000000000
96761  -40.410  45.508  46.775 0.0000000000
97379  -40.071  46.187  45.976 0.0000000000
97366  -40.311  45.927  46.694 0.0000000000
96793  -39.040  45.143  45.599 0.0000000000
95523  -37.810  44.189  44.614 0.0000000000
95531  -37.271  43.855  44.040 0.0000000000
94169  -36.927  42.431  43.006 0.0000000000
93542  -37.494  41.547  42.354 0.0000000000
94171  -39.270  42.326  42.780 0.0000000000
93556  -39.192  40.587  41.985 0.0000000000
92955  -39.682  39.769  41.615 0.0000000000
92969  -41.107  39.071  41.305 0.0000000000
98631  -41.306  48.030  44.081 0.0000000000
98045  -41.540  46.531  43.722 0.0000000000
94827  -41.761  43.016  44.056 0.0000000000
95527  -42.371  43.659  43.225 0.0000000000
94162  -42.179  42.349  43.507 0.0000000000
93546  -41.610  40.865  43.037 0.0000000000
92957  -41.481  39.587  41.911 0.0000000000
92388  -41.955  38.564  40.964 0.0000000000
92403  -43.161  37.474  40.018 0.0000000000
92376  -43.581  38.739  41.765 0.0000000000
91805  -43.593  36.798  39.682 0.0000000000
91806  -44.327  36.905  40.199 0.0000000000
91173  -44.796  36.342  39.883 0.0000000000
94847  -45.271  42.069  41.831 0.0000000000
92962  -45.220  39.862  41.205 0.0000000000
92392  -45.113  38.919  40.607 0.0000000000
92972  -45.675  39.385  39.906 0.0000000000
92393  -45.409  38.851  40.007 0.0000000000
91808  -45.615  37.275  39.961 0.0000000000
91174  -45.568  36.309  39.710 0.0000000000
89978  -45.109  35.233  36.502 0.0000000000
92992  -44.845  38.623  37.235 0.0000000000
92429  -44.972  38.034  36.805 0.0000000000
80711  -45.361  23.404  54.610 0.0000000000
82570  -44.664  25.197  54.241 0.0000000000
81610  -45.200  24.448  54.322 0.0000000000
81611  -45.852  24.089  54.062 0.0000000000
84408  -44.834  27.343  53.790 0.0000000000
85265  -45.341  28.132  53.343 0.0000000000
81648  -46.301  24.534  51.085 0.0000000000
81650  -46.149  24.636  50.187 0.0000000000
80749  -46.048  24.087  49.059 0.0000000000
81654  -46.177  24.542  48.565 0.0000000000
81655  -46.532  24.088  47.987 0.0000000000
89880  -39.154  33.491  47.073 0.0000000000
89233  -40.874  33.299  48.229 0.0000000000
91148  -39.433  36.011  41.472 0.0000000000
91150  -41.502  36.097  41.620 0.0000000000
91149  -40.383  35.829  41.646 0.0000000000
91772  -40.338  37.634  43.291 0.0000000000
91757  -40.385  37.857  44.419 0.0000000000
91141  -44.275  37.295  43.234 0.0000000000
91776  -43.749  37.603  43.799 0.0000000000
91745  -44.185  37.158  45.519 0.0000000000
91760  -42.867  37.799  44.459 0.0000000000
91759  -41.832  37.680  44.722 0.0000000000
91742  -41.344  37.299  45.277 0.0000000000
91741  -40.525  37.423  45.096 0.0000000000
91122  -40.716  36.757  45.591 0.0000000000
91105  -41.117  35.934  45.757 0.0000000000
89901  -41.270  34.189  47.417 0.0000000000
89234  -41.547  33.472  48.552 0.0000000000
89215  -41.711  33.050  49.090 0.0000000000
88523  -42.702  32.808  50.102 0.0000000000
88524  -43.226  32.823  50.447 0.0000000000
89201  -44.110  33.336  50.406 0.0000000000
88510  -43.894  32.645  50.829 0.0000000000
88498  -44.635  32.148  51.296 0.0000000000
87745  -46.084  30.488  51.653 0.0000000000
89220  -46.425  33.368  49.274 0.0000000000
89204  -46.229  33.077  49.830 0.0000000000
88514  -46.511  31.832  49.402 0.0000000000
88513  -46.079  31.933  50.223 0.0000000000
87767  -46.027  31.323  50.554 0.0000000000
87757  -46.070  30.865  51.115 0.0000000000
86929  -46.304  29.914  51.152 0.0000000000
86127  -46.537  29.040  50.609 0.0000000000
84454  -46.626  27.698  49.449 0.0000000000
85317  -46.623  28.507  49.056 0.0000000000
83550  -46.605  26.932  49.009 0.0000000000
83552  -46.441  26.168  48.610 0.0000000000
81658  -46.939  24.469  47.240 0.0000000000
81660  -47.262  24.515  46.223 0.0000000000
81671  -47.334  24.516  45.294 0.0000000000
81685  -47.192  24.461  44.473 0.0000000000
84472  -46.555  27.092  44.204 0.0000000000
83569  -46.987  26.324  44.447 0.0000000000
81694  -46.910  24.342  43.820 0.0000000000
86987  -44.730  30.728  45.077 0.0000000000
86178  -45.085  29.538  44.126 0.0000000000
85344  -44.989  29.002  43.675 0.0000000000
85342  -43.088  29.196  43.690 0.0000000000
84483  -44.676  28.219  43.180 0.0000000000
84500  -45.169  27.244  43.105 0.0000000000
83615  -45.038  26.410  43.067 0.0000000000
78412  -46.551  20.365  52.051 0.0000000000
79963  -48.134  21.827  47.445 0.0000000000
80778  -41.147  24.220  46.115 0.0000000000
81652  -46.073  24.673  49.368 0.0000000000
81657  -46.477  24.795  47.858 0.0000000000
81670  -41.719  25.160  46.141 0.0000000000
81683  -41.360  24.848  46.198 0.0000000000
82629  -42.131  25.159  46.053 0.0000000000
82641  -41.719  26.815  44.614 0.0000000000
82654  -42.923  26.180  44.459 0.0000000000
83508  -44.727  26.505  53.995 0.0000000000
83594  -41.861  27.793  43.255 0.0000000000
83598  -44.057  25.927  43.395 0.0000000000
84479  -42.050  27.933  43.235 0.0000000000
84480  -42.533  27.581  43.135 0.0000000000
84482  -43.486  26.875  43.081 0.0000000000
84495  -41.609  28.330  43.238 0.0000000000
85266  -45.984  28.204  53.042 0.0000000000
85291  -46.757  28.419  51.174 0.0000000000
85333  -44.805  29.552  44.192 0.0000000000
85341  -42.441  29.281  43.753 0.0000000000
86102  -45.195  29.476  52.914 0.0000000000
86164  -42.991  30.794  44.668 0.0000000000
86176  -42.262  30.333  44.179 0.0000000000
86184  -40.809  29.130  42.634 0.0000000000
86915  -46.394  29.552  51.650 0.0000000000
86928  -46.159  30.321  51.486 0.0000000000
86964  -47.226  30.187  47.051 0.0000000000
86973  -42.071  30.821  45.004 0.0000000000
86974  -42.061  31.054  44.816 0.0000000000
86975  -42.315  31.241  44.960 0.0000000000
86976  -43.132  31.807  45.247 0.0000000000
86981  -42.015  31.617  44.894 0.0000000000
86982  -42.044  31.195  44.917 0.0000000000
86983  -41.963  31.006  44.642 0.0000000000
86993  -41.933  31.541  44.514 0.0000000000
87744  -46.052  30.641  51.866 0.0000000000
87758  -46.114  30.418  50.635 0.0000000000
87797  -42.588  32.244  45.055 0.0000000000
87798  -42.633  32.162  45.081 0.0000000000
87804  -42.021  31.029  45.117 0.0000000000
87805  -42.076  31.252  44.864 0.0000000000
87806  -42.416  31.919  44.954 0.0000000000
88501  -46.002  31.494  50.778 0.0000000000
88548  -42.336  32.177  44.989 0.0000000000
88549  -42.534  32.210  44.876 0.0000000000
88555  -42.242  32.048  44.591 0.0000000000
88556  -42.619  32.211  44.573 0.0000000000
88558  -45.641  33.137  44.162 0.0000000000
88564  -46.654  32.760  41.509 0.0000000000
88580  -46.497  32.575  40.800 0.0000000000
89205  -46.354  32.414  49.585 0.0000000000
89860  -45.785  33.941  49.884 0.0000000000
89883  -41.363  33.901  48.063 0.0000000000
89951  -46.439  35.640  38.565 0.0000000000
90496  -44.245  35.002  49.270 0.0000000000
90562  -45.644  35.581  42.200 0.0000000000
90578  -45.783  36.029  39.502 0.0000000000
90585  -43.206  34.974  38.937 0.0000000000
91086  -45.270  35.570  47.979 0.0000000000
91164  -45.186  35.825  41.787 0.0000000000
91172  -44.076  36.370  39.642 0.0000000000
91179  -42.030  35.782  39.279 0.0000000000
91181  -43.536  36.016  39.136 0.0000000000
91184  -45.506  35.916  39.595 0.0000000000
91736  -44.713  36.563  46.206 0.0000000000
91747  -45.122  36.196  45.538 0.0000000000
91758  -41.062  37.761  44.732 0.0000000000
91774  -42.311  37.541  42.999 0.0000000000
91775  -42.930  37.626  43.429 0.0000000000
91804  -42.827  37.012  39.394 0.0000000000
91816  -42.706  36.338  39.114 0.0000000000
92350  -40.909  38.013  44.388 0.0000000000
92353  -42.468  37.828  43.774 0.0000000000
92363  -40.838  38.081  43.998 0.0000000000
92365  -42.021  37.773  43.488 0.0000000000
92374  -42.303  38.797  41.546 0.0000000000
92386  -39.659  38.532  40.227 0.0000000000
92404  -45.587  38.625  39.517 0.0000000000
92946  -43.904  40.461  42.031 0.0000000000
92956  -40.634  39.709  41.780 0.0000000000
92970  -41.702  39.091  41.550 0.0000000000
92971  -45.571  39.564  40.544 0.0000000000
93000  -44.687  38.624  36.811 0.0000000000
93545  -40.695  41.057  42.904 0.0000000000
93549  -43.864  41.141  41.754 0.0000000000
93565  -46.011  39.903  40.368 0.0000000000
93572  -45.962  39.745  39.138 0.0000000000
94175  -42.583  41.743  42.781 0.0000000000
94177  -44.112  41.763  41.604 0.0000000000
94180  -44.987  41.549  42.054 0.0000000000
94181  -45.661  41.350  41.565 0.0000000000
94193  -46.019  40.766  39.720 0.0000000000
94220  -45.025  40.193  38.611 0.0000000000
94825  -40.521  43.387  43.658 0.0000000000
94828  -42.302  43.039  43.508 0.0000000000
94829  -42.603  43.080  42.722 0.0000000000
94838  -40.038  43.258  43.309 0.0000000000
94839  -40.858  42.529  43.394 0.0000000000
94840  -43.099  42.930  42.240 0.0000000000
95506  -39.491  43.877  45.705 0.0000000000
95526  -41.943  43.760  43.970 0.0000000000
95528  -42.799  43.514  42.503 0.0000000000
95533  -39.046  44.149  43.447 0.0000000000
95539  -44.316  43.135  41.525 0.0000000000
95541  -45.060  43.056  41.335 0.0000000000
95542  -45.428  42.750  40.969 0.0000000000
96164  -38.579  44.867  44.475 0.0000000000
96165  -39.360  45.245  44.255 0.0000000000
96167  -41.353  44.638  44.153 0.0000000000
96175  -39.665  44.853  43.892 0.0000000000
96176  -42.601  44.399  42.429 0.0000000000
96177  -43.139  44.035  42.151 0.0000000000
96179  -44.443  43.417  41.389 0.0000000000
96777  -40.036  45.243  46.256 0.0000000000
96792  -38.683  45.047  45.301 0.0000000000
96806  -38.672  45.125  45.141 0.0000000000
96808  -39.802  45.720  44.704 0.0000000000
96809  -40.756  45.619  44.557 0.0000000000
97396  -41.284  46.787  44.723 0.0000000000
97410  -41.754  45.903  43.292 0.0000000000
97421  -42.354  45.434  41.764 0.0000000000
97434  -42.407  45.683  41.226 0.0000000000
97435  -42.926  45.090  41.059 0.0000000000
97997  -40.296  47.224  47.579 0.0000000000
98044  -41.329  47.180  44.220 0.0000000000
98556  -39.188  48.433  48.550 0.0000000000
98576  -40.572  48.182  47.218 0.0000000000
98595  -41.032  48.194  45.929 0.0000000000
98596  -41.183  47.838  45.482 0.0000000000
99172  -40.059  49.098  47.501 0.0000000000
99194  -40.335  49.281  46.543 0.0000000000
99208  -40.576  49.146  45.938 0.0000000000
99209  -40.930  48.843  45.453 0.0000000000
99210  -41.155  48.590  44.964 0.0000000000
99226  -41.143  48.917  44.757 0.0000000000
99771  -40.039  49.703  45.934 0.0000000000
99786  -40.511  49.423  45.286 0.0000000000
112352  -41.692  31.223  44.094 0.0000000000
