#!ascii label  , from subject 3253 vox2ras=TkReg
1955
6834  -40.281  -68.283  11.951 0.1000000015
6286  -39.967  -69.204  11.522 0.1000000015
5749  -39.527  -70.254  11.692 0.1000000015
6300  -39.193  -69.190  10.925 0.1000000015
6299  -38.551  -69.484  10.511 0.1000000015
6842  -38.498  -68.793  10.503 0.1000000015
6313  -37.846  -69.216  10.248 0.1000000015
6850  -38.224  -68.216  9.963 0.1000000015
6324  -37.422  -68.648  9.366 0.1000000015
6339  -37.545  -68.529  8.587 0.1000000015
6323  -36.807  -68.763  9.451 0.1000000015
6338  -37.249  -68.664  8.281 0.1000000015
6346  -36.294  -68.974  7.268 0.1000000015
6337  -36.616  -68.788  8.372 0.1000000015
8166  -39.965  -66.184  12.143 0.1000000015
7448  -40.275  -67.161  12.256 0.1000000015
6833  -39.547  -68.416  11.357 0.1000000015
7462  -39.411  -67.058  10.709 0.1000000015
6843  -38.887  -68.032  10.825 0.1000000015
6851  -39.055  -67.570  9.946 0.1000000015
6860  -38.819  -67.942  9.125 0.1000000015
6859  -38.193  -68.256  9.040 0.1000000015
9595  -35.926  -65.032  3.446 0.1000000015
7564  -35.920  -66.795  3.562 0.1000000015
7565  -36.340  -66.732  3.811 0.1000000015
6928  -36.159  -67.732  4.575 0.1000000015
6894  -36.133  -68.584  5.758 0.1000000015
6351  -36.085  -69.024  6.272 0.1000000015
6352  -36.661  -68.913  6.880 0.1000000015
6884  -37.102  -68.665  7.250 0.1000000015
6347  -36.807  -68.830  7.587 0.1000000015
8804  -41.196  -65.143  13.049 0.1000000015
8812  -40.714  -65.079  11.223 0.2000000030
9476  -40.551  -64.732  12.063 0.2000000030
8149  -40.497  -66.527  12.628 0.1000000015
8827  -41.056  -65.054  10.018 0.1000000015
8826  -40.633  -65.577  10.322 0.1000000015
8184  -40.230  -66.141  9.946 0.1000000015
8177  -40.049  -66.242  11.032 0.1000000015
15033  -37.741  -57.866  7.728 0.1000000015
15053  -37.307  -57.998  6.936 0.1000000015
7491  -39.789  -66.801  9.404 0.1000000015
7477  -39.639  -67.011  9.832 0.1000000015
14165  -36.862  -58.371  6.358 0.1000000015
14183  -37.464  -58.943  6.001 0.1000000015
11748  -37.168  -61.190  5.480 0.1000000015
10975  -37.542  -62.161  5.527 0.1000000015
10993  -37.123  -62.718  5.036 0.1000000015
7490  -39.520  -67.165  9.022 0.1000000015
7503  -38.869  -67.650  8.233 0.1000000015
6873  -38.002  -68.301  8.104 0.1000000015
13289  -37.033  -59.624  5.700 0.1000000015
12453  -36.608  -60.387  5.441 0.1000000015
10974  -36.729  -61.728  5.155 0.1000000015
10259  -36.943  -63.112  4.502 0.1000000015
10276  -37.471  -63.777  4.417 0.1000000015
8221  -37.674  -66.074  4.926 0.1000000015
7530  -37.501  -66.747  5.213 0.1000000015
6874  -38.502  -68.072  8.603 0.1000000015
11762  -36.275  -61.734  4.921 0.1000000015
10275  -36.720  -63.782  3.829 0.1000000015
8892  -36.974  -65.394  3.760 0.1000000015
8220  -37.308  -66.649  4.674 0.1000000015
7521  -37.064  -67.707  5.751 0.1000000015
6895  -36.749  -68.355  6.193 0.1000000015
8910  -36.646  -65.756  3.681 0.1000000015
8235  -36.650  -66.650  3.993 0.1000000015
7529  -37.090  -67.304  4.959 0.1000000015
6910  -36.770  -67.906  5.305 0.1000000015
6885  -37.483  -68.258  7.062 0.1000000015
6872  -37.468  -68.494  7.649 0.1000000015
9497  -41.158  -64.616  10.405 0.1000000015
9489  -41.042  -64.521  11.242 0.2000000030
9477  -41.329  -64.261  12.461 0.1000000015
9478  -42.197  -64.086  13.043 0.2000000030
8806  -42.527  -64.555  13.493 0.2000000030
9505  -41.203  -64.536  9.902 0.1000000015
8835  -40.646  -65.258  9.330 0.1000000015
15867  -36.746  -56.910  10.194 0.1000000015
15014  -37.022  -57.854  8.678 0.1000000015
8190  -39.966  -66.349  9.163 0.1000000015
8189  -39.620  -66.595  8.714 0.1000000015
8195  -39.393  -66.649  8.135 0.1000000015
14166  -37.952  -58.473  6.500 0.1000000015
13290  -37.977  -59.663  5.986 0.1000000015
12455  -38.477  -60.314  6.239 0.1000000015
11749  -38.187  -61.215  6.090 0.1000000015
9587  -37.775  -64.463  4.577 0.1000000015
9566  -37.930  -64.426  5.582 0.1000000015
8212  -37.602  -66.371  5.804 0.1000000015
7513  -38.059  -67.645  6.963 0.1000000015
6896  -37.353  -67.827  6.392 0.1000000015
11691  -41.243  -62.402  10.419 0.1000000015
11692  -42.121  -62.342  11.088 0.1000000015
10916  -41.017  -63.463  9.556 0.1000000015
10917  -41.757  -62.998  10.575 0.1000000015
10182  -42.471  -62.987  11.470 0.2000000030
10173  -42.597  -63.058  12.085 0.2000000030
10181  -41.976  -63.248  11.085 0.2000000030
10164  -42.690  -63.347  13.127 0.2000000030
9479  -42.631  -64.026  13.431 0.2000000030
10204  -40.897  -64.430  9.263 0.1000000015
107424  -40.364  -64.424  8.902 0.1000000015
9525  -40.105  -65.288  8.681 0.1000000015
14993  -37.400  -57.341  9.436 0.1000000015
15034  -38.847  -57.696  7.766 0.1000000015
15055  -39.570  -57.888  7.060 0.1000000015
14168  -40.583  -58.312  6.946 0.1000000015
8856  -39.263  -65.832  7.906 0.1000000015
15866  -35.720  -57.070  10.524 0.1000000015
15843  -36.177  -56.507  10.928 0.1000000015
15054  -38.457  -57.946  6.950 0.1000000015
12456  -38.809  -60.089  6.352 0.1000000015
12433  -38.749  -60.837  6.655 0.1000000015
10242  -38.259  -62.711  6.049 0.1000000015
10261  -38.170  -63.495  6.023 0.1000000015
8862  -37.748  -65.412  6.124 0.1000000015
8855  -38.499  -65.218  7.637 0.1000000015
8205  -38.850  -66.303  7.517 0.1000000015
15842  -35.187  -56.496  11.222 0.1000000015
10260  -37.635  -63.152  5.239 0.1000000015
8204  -38.126  -66.487  6.768 0.1000000015
7514  -38.735  -67.141  7.443 0.1000000015
15819  -34.576  -56.255  11.508 0.1000000015
16634  -33.488  -55.330  11.852 0.1000000015
18382  -33.644  -53.379  11.874 0.1000000015
9538  -39.109  -63.021  8.911 0.1000000015
10915  -40.456  -62.698  9.707 0.1000000015
9537  -36.997  -62.270  8.921 0.1000000015
11671  -40.842  -61.717  11.143 0.1000000015
11674  -43.103  -62.104  11.823 0.2000000030
10888  -42.990  -62.511  12.420 0.2000000030
16636  -35.757  -55.573  11.867 0.1000000015
16656  -36.509  -56.002  11.386 0.1000000015
15844  -37.132  -56.372  10.746 0.1000000015
15868  -37.760  -56.774  10.056 0.1000000015
14994  -38.387  -57.140  9.372 0.1000000015
15016  -39.256  -57.237  8.729 0.1000000015
15035  -39.874  -57.671  7.794 0.1000000015
107425  -38.032  -61.187  8.714 0.1000000015
10243  -38.464  -62.555  7.405 0.1000000015
9539  -39.513  -64.959  8.363 0.1000000015
13274  -40.345  -59.330  6.799 0.1000000015
12419  -40.218  -60.059  7.294 0.1000000015
11732  -39.250  -60.862  7.190 0.1000000015
9549  -38.062  -64.033  7.032 0.1000000015
17495  -34.906  -55.166  12.421 0.1000000015
13273  -39.392  -59.491  6.534 0.1000000015
12435  -39.749  -59.901  6.906 0.1000000015
11717  -39.481  -60.739  7.331 0.1000000015
16635  -34.680  -55.737  11.819 0.1000000015
17494  -33.841  -54.746  12.273 0.1000000015
18381  -33.031  -53.683  11.360 0.1000000015
107432  -40.158  -62.329  10.386 0.1000000015
10899  -37.443  -62.710  11.057 0.1000000015
11672  -41.785  -61.773  11.306 0.1000000015
11690  -37.075  -61.039  9.060 0.1000000015
11670  -39.992  -61.916  11.380 0.1000000015
11653  -42.169  -61.293  12.095 0.1000000015
11654  -43.132  -61.555  12.677 0.2000000030
16637  -36.750  -55.477  11.905 0.1000000015
15869  -38.777  -56.649  9.976 0.1000000015
15885  -39.358  -56.831  9.458 0.1000000015
10229  -39.570  -60.528  8.108 0.1000000015
12367  -42.363  -60.837  12.868 0.1000000015
12368  -42.855  -60.997  13.189 0.2000000030
16657  -37.467  -55.886  11.355 0.1000000015
15036  -40.849  -57.751  7.599 0.1000000015
13259  -41.304  -59.348  7.425 0.1000000015
11718  -39.676  -60.541  7.475 0.1000000015
10959  -39.059  -61.475  7.380 0.1000000015
17476  -34.245  -54.369  12.737 0.1000000015
19293  -34.349  -52.497  12.301 0.1000000015
19294  -34.811  -51.787  11.703 0.1000000015
19314  -34.277  -52.353  11.425 0.1000000015
18398  -34.261  -52.791  10.559 0.1000000015
12400  -37.376  -60.748  9.248 0.1000000015
11689  -36.529  -61.328  9.129 0.1000000015
10914  -35.434  -62.487  9.563 0.1000000015
12392  -37.814  -60.506  9.416 0.1000000015
10897  -36.227  -63.001  10.189 0.1000000015
11669  -38.949  -62.303  11.170 0.1000000015
107431  -38.078  -60.725  9.048 0.1000000015
11651  -40.444  -61.420  12.086 0.1000000015
12408  -40.931  -60.392  8.668 0.1000000015
12393  -38.635  -60.414  9.141 0.1000000015
10887  -37.963  -62.446  11.963 0.1000000015
17496  -35.948  -55.188  12.432 0.1000000015
16658  -38.402  -55.900  11.365 0.1000000015
15845  -38.115  -56.216  10.685 0.1000000015
15870  -39.722  -56.474  10.042 0.1000000015
15019  -41.879  -57.385  8.461 0.1000000015
14127  -42.268  -58.804  7.982 0.1000000015
13244  -42.019  -59.695  8.631 0.1000000015
11650  -39.534  -61.816  12.186 0.1000000015
12365  -40.948  -61.074  12.364 0.1000000015
17477  -35.145  -54.909  12.959 0.1000000015
15887  -40.985  -56.852  9.033 0.1000000015
14146  -41.477  -58.283  7.382 0.1000000015
12351  -41.552  -60.767  13.433 0.1000000015
18368  -34.596  -54.381  13.263 0.1000000015
18367  -34.281  -53.462  13.008 0.1000000015
20148  -36.423  -51.190  11.936 0.1000000015
20167  -35.417  -51.559  11.208 0.1000000015
20170  -37.832  -51.260  11.140 0.1000000015
13221  -37.608  -60.041  9.953 0.1000000015
12390  -36.539  -60.686  9.532 0.1000000015
12389  -35.554  -61.008  9.619 0.1000000015
13223  -39.226  -59.747  10.091 0.1000000015
13233  -41.515  -59.878  9.690 0.1000000015
13224  -40.628  -59.720  10.246 0.1000000015
10898  -36.397  -62.943  11.148 0.1000000015
17461  -35.313  -54.693  13.572 0.1000000015
14997  -42.477  -57.659  9.252 0.1000000015
14107  -42.624  -58.358  9.536 0.1000000015
13226  -42.270  -58.948  10.475 0.1000000015
10886  -37.239  -62.632  12.242 0.1000000015
11631  -39.938  -61.387  12.735 0.1000000015
18352  -34.584  -54.080  13.813 0.1000000015
17478  -36.131  -54.953  13.064 0.1000000015
17497  -36.883  -55.121  12.501 0.1000000015
15821  -39.746  -56.044  11.229 0.1000000015
15872  -41.647  -56.765  9.669 0.1000000015
11630  -39.286  -61.633  13.192 0.1000000015
18351  -34.401  -53.038  13.944 0.1000000015
19263  -35.075  -51.541  13.199 0.1000000015
19262  -34.668  -51.967  13.618 0.1000000015
20127  -35.776  -51.223  12.904 0.1000000015
19278  -34.882  -51.768  12.674 0.1000000015
20128  -36.882  -51.002  12.540 0.1000000015
20149  -37.336  -51.060  11.822 0.1000000015
14065  -41.299  -58.199  12.504 0.1000000015
13213  -40.924  -59.047  11.708 0.1000000015
13212  -39.614  -59.210  11.221 0.1000000015
12381  -35.795  -60.474  10.180 0.1000000015
14933  -41.563  -56.897  12.601 0.1000000015
12388  -34.733  -61.188  9.802 0.1000000015
16640  -40.072  -55.889  11.712 0.1000000015
16661  -41.175  -55.681  11.235 0.1000000015
15822  -41.788  -56.202  11.752 0.1000000015
13214  -41.685  -58.870  11.494 0.1000000015
10896  -34.616  -62.923  9.941 0.1000000015
16638  -37.856  -55.328  12.096 0.1000000015
15847  -40.245  -56.075  10.832 0.1000000015
15849  -42.196  -56.837  10.371 0.1000000015
10885  -36.490  -62.789  11.874 0.1000000015
11649  -38.609  -62.128  12.487 0.1000000015
12335  -39.877  -61.220  13.766 0.1000000015
20126  -35.164  -51.387  13.606 0.1000000015
20113  -35.688  -50.865  13.997 0.1000000015
20114  -36.676  -50.843  13.271 0.1000000015
20115  -37.306  -50.752  12.797 0.1000000015
21882  -37.643  -50.081  13.472 0.1000000015
23555  -38.399  -49.588  12.998 0.1000000015
20130  -38.048  -50.785  12.053 0.1000000015
13211  -38.417  -59.460  10.937 0.1000000015
13210  -37.251  -59.782  10.589 0.1000000015
13209  -36.138  -59.996  10.814 0.1000000015
12380  -34.935  -60.691  10.191 0.1000000015
17447  -35.252  -54.493  14.306 0.1000000015
16619  -38.123  -55.186  12.474 0.1000000015
16620  -38.501  -55.371  12.538 0.1000000015
15803  -41.410  -55.853  12.441 0.1000000015
19248  -34.436  -52.272  14.571 0.1000000015
18333  -34.317  -53.090  14.937 0.1000000015
18334  -34.639  -53.847  14.601 0.1000000015
17479  -37.042  -54.986  13.095 0.1000000015
16639  -38.969  -55.828  11.799 0.1000000015
10884  -35.635  -63.006  11.470 0.1000000015
20112  -34.817  -51.475  14.299 0.1000000015
20985  -35.951  -50.455  14.249 0.1000000015
20971  -35.635  -50.309  14.841 0.1000000015
20986  -36.631  -50.388  13.958 0.1000000015
21868  -36.526  -49.610  14.430 0.1000000015
21881  -37.174  -49.876  13.989 0.1000000015
22709  -37.459  -49.318  13.752 0.1000000015
22710  -37.913  -49.649  13.375 0.1000000015
108439  -38.737  -48.804  12.569 0.1000000015
14932  -41.073  -57.442  13.240 0.1000000015
13198  -39.810  -58.745  12.501 0.1000000015
13197  -38.688  -58.913  11.981 0.1000000015
13196  -37.598  -59.164  11.704 0.1000000015
15791  -41.075  -56.036  13.157 0.1000000015
16622  -40.587  -55.748  12.524 0.1000000015
20970  -34.849  -50.878  15.183 0.1000000015
19233  -34.314  -52.473  15.315 0.1000000015
20101  -35.030  -51.005  14.735 0.1000000015
22696  -36.694  -48.848  14.411 0.1000000015
23553  -37.880  -48.717  13.324 0.1000000015
13199  -40.670  -58.720  12.484 0.1000000015
16609  -40.273  -55.891  13.226 0.1000000015
17434  -35.167  -54.248  14.951 0.1000000015
17462  -36.329  -54.865  13.972 0.1000000015
17463  -37.382  -54.994  13.686 0.1000000015
16621  -39.439  -55.655  12.884 0.1000000015
21867  -35.745  -49.296  15.226 0.1000000015
108460  -39.269  -48.329  12.147 0.1000000015
15790  -40.421  -56.345  13.695 0.1000000015
17482  -38.963  -55.451  13.394 0.1000000015
17466  -39.130  -55.510  13.761 0.1000000015
19217  -34.275  -52.399  16.110 0.1000000015
18312  -34.372  -52.975  15.617 0.1000000015
17448  -35.828  -54.561  14.810 0.1000000015
18353  -36.517  -54.662  14.766 0.1000000015
17464  -38.076  -55.102  13.644 0.1000000015
20954  -34.539  -50.693  15.811 0.1000000015
23533  -36.722  -47.847  14.268 0.1000000015
108456  -37.443  -46.466  13.614 0.1000000015
18355  -37.660  -55.033  14.162 0.1000000015
17435  -35.530  -54.248  15.368 0.1000000015
18335  -36.212  -54.431  15.405 0.1000000015
18354  -37.105  -54.846  14.434 0.1000000015
20955  -34.849  -49.802  16.041 0.1000000015
108436  -36.794  -45.241  14.246 0.1000000015
20086  -34.176  -51.461  16.510 0.1000000015
21849  -35.065  -48.897  16.216 0.1000000015
23532  -35.963  -47.917  14.988 0.1000000015
108435  -36.215  -45.827  15.020 0.1000000015
23508  -35.628  -47.644  15.553 0.1000000015
23509  -35.846  -46.698  15.359 0.1000000015
5752  -38.940  -70.189  10.724 0.1000000015
7447  -39.533  -67.470  11.543 0.1000000015
8165  -39.771  -66.739  11.723 0.1000000015
8909  -36.231  -65.424  3.529 0.1000000015
6927  -35.755  -67.895  4.269 0.1000000015
7528  -36.503  -67.670  4.809 0.1000000015
6909  -36.124  -68.167  5.115 0.1000000015
8797  -40.134  -64.805  12.931 0.1000000015
8811  -40.367  -65.415  11.705 0.1000000015
7463  -39.865  -66.626  10.242 0.1000000015
15015  -38.128  -57.589  8.611 0.1000000015
14184  -38.395  -59.079  6.264 0.1000000015
10992  -36.474  -62.326  4.759 0.1000000015
8893  -37.637  -65.039  4.123 0.1000000015
8236  -37.121  -66.201  4.110 0.1000000015
8872  -37.753  -65.186  4.872 0.1000000015
7522  -37.402  -67.111  6.024 0.1000000015
7502  -38.424  -67.686  7.666 0.1000000015
10180  -41.510  -63.939  10.337 0.1000000015
10172  -42.150  -63.391  11.706 0.2000000030
10163  -42.150  -63.633  12.393 0.2000000030
10932  -41.311  -63.879  9.804 0.1000000015
8846  -40.023  -65.800  8.816 0.1000000015
14185  -38.961  -59.200  6.356 0.1000000015
10277  -37.918  -63.857  5.087 0.1000000015
14167  -39.227  -58.661  6.599 0.1000000015
16655  -35.676  -56.077  11.453 0.1000000015
10976  -38.497  -61.977  6.510 0.1000000015
15818  -33.976  -56.147  11.687 0.1000000015
10871  -43.206  -62.539  13.456 0.2000000030
11719  -40.388  -60.341  7.790 0.1000000015
12350  -40.569  -60.958  13.004 0.1000000015
20147  -35.538  -51.422  11.924 0.1000000015
19315  -34.968  -51.885  10.763 0.1000000015
12394  -39.924  -60.068  9.202 0.1000000015
19277  -34.502  -52.529  13.098 0.1000000015
20168  -36.088  -51.405  11.156 0.1000000015
14078  -42.496  -57.952  10.757 0.1000000015
14077  -42.146  -58.277  11.420 0.1000000015
20988  -38.080  -50.306  12.761 0.1000000015
23571  -39.116  -49.473  12.424 0.1000000015
17481  -38.610  -55.302  13.176 0.1000000015
9394  -36.953  -65.621  27.649 0.5000000000
8748  -43.133  -64.820  26.858 0.5000000000
9387  -42.731  -64.963  27.742 0.5000000000
9406  -36.176  -64.877  27.134 0.5000000000
9407  -37.358  -64.682  27.004 0.5000000000
9408  -38.458  -64.608  27.256 0.5000000000
9402  -42.923  -64.603  27.226 0.5000000000
10074  -34.286  -64.165  26.082 0.5000000000
10055  -34.791  -64.604  26.896 0.5000000000
9415  -36.650  -64.403  26.604 0.5000000000
10064  -42.913  -63.877  27.066 0.5000000000
10075  -35.706  -64.339  26.211 0.5000000000
10076  -36.924  -64.138  25.979 0.5000000000
10092  -36.325  -64.157  25.001 0.4000000060
10093  -37.456  -64.074  25.103 0.4000000060
10106  -44.637  -62.416  24.540 0.5000000000
10112  -44.822  -62.546  23.446 0.5000000000
10786  -44.941  -61.771  22.725 0.5000000000
11512  -44.182  -61.554  20.810 0.5000000000
11500  -44.513  -61.394  21.890 0.5000000000
11511  -42.994  -62.074  20.847 0.4000000060
11509  -41.058  -62.384  20.764 0.4000000060
7359  -41.159  -67.139  29.545 0.1000000015
8734  -42.639  -65.290  27.975 0.5000000000
9405  -35.231  -65.112  27.366 0.5000000000
9393  -35.824  -65.747  27.797 0.5000000000
9395  -38.040  -65.292  27.768 0.5000000000
9396  -39.082  -65.071  27.848 0.4000000060
9401  -42.724  -64.641  27.678 0.5000000000
10054  -33.684  -64.254  27.315 0.5000000000
9404  -34.401  -64.950  27.605 0.5000000000
10073  -33.062  -63.708  26.218 0.5000000000
10742  -31.537  -61.830  27.359 0.5000000000
10072  -32.265  -62.963  26.427 0.5000000000
10754  -31.821  -62.077  26.458 0.4000000060
10091  -34.971  -64.177  24.951 0.4000000060
10090  -33.651  -63.757  24.999 0.3000000119
10095  -38.986  -63.895  25.366 0.6999999881
10755  -40.143  -63.562  25.866 0.5000000000
10088  -32.238  -62.562  25.917 0.3000000119
10089  -32.606  -62.984  25.255 0.3000000119
10094  -38.292  -64.023  25.291 0.5000000000
10765  -39.624  -63.612  25.403 0.6000000238
10767  -41.307  -62.671  25.752 0.6000000238
10745  -41.840  -63.126  27.117 0.6000000238
10066  -43.569  -63.389  26.389 0.5000000000
9424  -44.135  -63.378  25.426 0.3000000119
10100  -33.247  -63.029  24.100 0.3000000119
10101  -34.367  -63.738  23.864 0.3000000119
10103  -37.151  -63.809  23.989 0.4000000060
10773  -39.143  -63.520  24.592 0.5000000000
11482  -41.300  -62.220  24.849 0.6000000238
107477  -42.899  -61.843  25.094 0.6000000238
11474  -44.157  -61.906  25.533 0.5000000000
10109  -35.204  -63.471  22.933 0.4000000060
10110  -36.461  -63.534  23.194 0.4000000060
10772  -38.235  -63.127  23.731 0.5000000000
10774  -39.411  -62.400  23.680 0.5000000000
107490  -43.160  -61.474  23.937 0.5000000000
10781  -44.613  -61.823  23.716 0.5000000000
10778  -34.991  -62.353  22.589 0.4000000060
10779  -36.150  -62.878  22.565 0.4000000060
11490  -37.704  -62.450  22.822 0.5000000000
107473  -41.576  -61.332  23.379 0.4000000060
107498  -42.934  -61.317  23.325 0.5000000000
11492  -43.952  -61.160  23.155 0.5000000000
10784  -36.922  -62.385  22.407 0.4000000060
107466  -38.172  -61.642  22.710 0.5000000000
107479  -41.501  -61.053  22.380 0.4000000060
107489  -42.217  -60.944  22.425 0.4000000060
11499  -43.260  -61.298  21.921 0.5000000000
107471  -37.944  -60.499  22.104 0.5000000000
107476  -40.404  -61.133  22.080 0.4000000060
11498  -41.770  -61.399  21.568 0.4000000060
11510  -41.845  -62.214  20.835 0.4000000060
13061  -38.755  -60.445  21.681 0.3000000119
13075  -39.709  -61.047  21.383 0.4000000060
12282  -39.696  -61.551  20.894 0.3000000119
11507  -39.221  -62.292  20.450 0.3000000119
10795  -39.804  -63.171  20.282 0.3000000119
6732  -40.590  -68.203  30.360 0.1000000015
6734  -41.075  -67.888  29.941 0.1000000015
7342  -40.395  -67.902  30.717 0.1000000015
7353  -40.882  -67.394  29.955 0.1000000015
8049  -41.267  -66.565  29.772 0.4000000060
8050  -41.788  -66.070  29.282 0.4000000060
8059  -42.163  -65.794  28.718 0.4000000060
8733  -42.428  -65.405  28.500 0.5000000000
8721  -42.152  -65.556  28.946 0.4000000060
9375  -42.196  -65.209  29.017 0.5000000000
9386  -42.530  -64.898  28.308 0.5000000000
9392  -34.738  -65.647  28.055 0.5000000000
8740  -35.349  -66.409  28.538 0.5000000000
9384  -41.707  -64.883  28.830 0.5000000000
9385  -42.170  -64.674  28.648 0.5000000000
10053  -32.461  -63.587  27.528 0.5000000000
10045  -32.973  -64.246  28.186 0.5000000000
10737  -31.542  -62.098  28.072 0.5000000000
10743  -31.794  -62.630  27.398 0.5000000000
9398  -41.378  -64.541  28.276 0.6000000238
11464  -31.685  -61.200  26.670 0.4000000060
12256  -31.862  -60.443  26.552 0.2000000030
12257  -32.670  -60.433  26.307 0.2000000030
11465  -32.355  -61.378  25.953 0.3000000119
10099  -32.858  -62.619  24.643 0.3000000119
11478  -33.023  -61.625  25.064 0.3000000119
12258  -33.626  -60.480  26.394 0.3000000119
11479  -33.785  -61.337  25.345 0.4000000060
10770  -33.654  -62.191  23.721 0.4000000060
11484  -33.783  -61.540  24.503 0.3000000119
10777  -34.215  -62.086  23.119 0.4000000060
10783  -36.011  -61.985  22.322 0.4000000060
107491  -36.743  -61.266  22.281 0.4000000060
11488  -34.180  -61.576  23.660 0.3000000119
107484  -35.457  -61.047  22.559 0.3000000119
107470  -36.182  -60.341  22.212 0.3000000119
107488  -38.209  -61.280  22.538 0.4000000060
13912  -37.650  -60.037  21.782 0.3000000119
13074  -39.068  -60.842  20.998 0.3000000119
13910  -35.454  -59.450  22.396 0.2000000030
13928  -36.055  -59.602  21.755 0.2000000030
13060  -37.545  -60.031  21.325 0.3000000119
12281  -38.685  -61.352  20.525 0.3000000119
13927  -35.165  -59.039  21.852 0.1000000015
13071  -35.787  -60.125  20.975 0.2000000030
12280  -37.579  -61.134  20.389 0.4000000060
15709  -33.352  -56.197  21.307 0.1000000015
8035  -40.724  -67.302  30.230 0.2000000030
8048  -40.709  -66.907  30.144 0.5000000000
8720  -41.843  -65.774  29.385 0.4000000060
9374  -41.822  -65.324  29.161 0.4000000060
8741  -36.529  -66.454  28.481 0.4000000060
8728  -37.416  -66.803  29.133 0.4000000060
8730  -39.589  -66.106  29.179 0.4000000060
9383  -41.044  -65.195  28.696 0.5000000000
8732  -41.385  -65.427  29.177 0.5000000000
9390  -32.829  -64.468  28.871 0.5000000000
9391  -33.648  -65.040  28.493 0.5000000000
8739  -34.263  -66.157  29.008 0.4000000060
12250  -31.176  -60.390  27.891 0.4000000060
11454  -31.349  -61.349  28.047 0.4000000060
10044  -32.334  -63.894  28.668 0.5000000000
13875  -31.216  -58.432  27.529 0.4000000060
11458  -31.407  -61.157  27.307 0.5000000000
12253  -31.401  -60.560  27.052 0.4000000060
13876  -31.689  -58.135  27.035 0.3000000119
13885  -31.655  -58.830  26.912 0.3000000119
13886  -32.427  -58.495  26.807 0.3000000119
14766  -33.036  -57.470  26.902 0.2000000030
13027  -33.066  -59.532  26.563 0.2000000030
15612  -33.746  -57.017  26.988 0.1000000015
13028  -34.099  -59.741  26.846 0.3000000119
13878  -34.520  -58.147  27.014 0.1000000015
11467  -34.195  -61.152  26.038 0.3000000119
13888  -34.726  -59.042  26.981 0.2000000030
13029  -35.098  -59.920  26.893 0.2000000030
11480  -34.749  -61.124  25.337 0.2000000030
11485  -34.896  -60.767  24.157 0.2000000030
107474  -35.109  -60.688  22.978 0.2000000030
107492  -35.632  -60.280  24.711 0.2000000030
107481  -35.043  -59.861  23.428 0.2000000030
107475  -35.476  -60.072  22.785 0.2000000030
13900  -35.006  -59.159  23.458 0.1000000015
14780  -35.700  -57.949  24.359 0.1000000015
14805  -34.648  -58.526  23.053 0.1000000015
13909  -34.720  -58.694  22.375 0.1000000015
13057  -34.748  -59.117  21.502 0.1000000015
15662  -34.595  -57.221  23.603 0.1000000015
15678  -34.130  -56.648  23.026 0.1000000015
14821  -33.570  -57.887  22.220 0.1000000015
15695  -33.548  -56.543  22.258 0.1000000015
14820  -33.087  -57.314  21.791 0.1000000015
15710  -34.221  -55.484  20.904 0.1000000015
15723  -35.957  -56.140  19.998 0.1000000015
8034  -40.246  -67.622  30.779 0.3000000119
7339  -38.025  -68.560  32.133 0.3000000119
7351  -38.446  -68.008  31.256 0.3000000119
8047  -39.856  -67.204  30.566 0.3000000119
8718  -40.337  -66.477  29.816 0.3000000119
8719  -41.255  -66.013  29.637 0.4000000060
7349  -36.740  -68.111  31.298 0.3000000119
8046  -38.875  -67.289  30.449 0.3000000119
8717  -39.544  -66.735  29.975 0.5000000000
8731  -40.692  -65.765  29.272 0.5000000000
8053  -34.337  -66.441  30.530 0.4000000060
8055  -35.919  -67.570  29.914 0.5000000000
8057  -38.132  -67.122  29.773 0.4000000060
8729  -38.419  -66.416  29.104 0.4000000060
12252  -31.718  -60.988  29.348 0.4000000060
10727  -32.247  -62.777  29.874 0.4000000060
9381  -33.031  -64.803  29.618 0.5000000000
8738  -33.621  -65.502  29.445 0.5000000000
14745  -31.050  -57.509  28.603 0.4000000060
13874  -31.026  -58.242  28.455 0.4000000060
12251  -31.388  -60.806  28.750 0.4000000060
11444  -31.998  -62.078  29.470 0.5000000000
14749  -31.047  -57.536  27.993 0.4000000060
16465  -31.140  -56.457  28.013 0.4000000060
17326  -31.830  -54.743  26.926 0.3000000119
15611  -31.737  -56.702  27.222 0.3000000119
16477  -32.799  -55.801  26.624 0.3000000119
15627  -32.461  -56.630  26.872 0.3000000119
17331  -32.887  -54.776  26.166 0.3000000119
15628  -33.291  -56.506  26.860 0.2000000030
16479  -35.030  -55.321  26.401 0.1000000015
16468  -34.796  -56.046  26.740 0.1000000015
14754  -36.033  -57.476  27.055 0.1000000015
13879  -35.503  -58.449  27.059 0.1000000015
12260  -35.558  -60.520  26.549 0.2000000030
13880  -36.585  -58.457  27.205 0.1000000015
13017  -36.152  -59.158  27.082 0.1000000015
11469  -35.760  -60.798  26.288 0.2000000030
13031  -36.729  -60.113  26.993 0.2000000030
12267  -36.400  -60.541  25.697 0.2000000030
107500  -36.486  -60.105  25.115 0.1000000015
107502  -36.440  -58.481  24.743 0.1000000015
107509  -37.425  -58.285  24.864 0.1000000015
15650  -35.511  -57.267  24.292 0.1000000015
15679  -34.897  -55.893  23.375 0.1000000015
15665  -37.182  -55.882  23.663 0.1000000015
16506  -35.525  -55.361  22.812 0.1000000015
16527  -36.787  -55.359  21.081 0.1000000015
15713  -37.713  -55.746  20.720 0.1000000015
15712  -36.533  -55.669  20.521 0.1000000015
14850  -38.643  -57.421  19.735 0.1000000015
13956  -38.977  -58.235  19.357 0.1000000015
13972  -39.212  -58.790  18.938 0.1000000015
13119  -41.442  -58.886  18.025 0.1000000015
7328  -38.406  -68.696  33.091 0.3000000119
7326  -36.896  -68.029  32.804 0.3000000119
7348  -36.046  -67.781  31.551 0.4000000060
8032  -35.563  -66.946  31.980 0.3000000119
12242  -32.335  -60.597  29.788 0.3000000119
11445  -32.728  -61.644  30.043 0.3000000119
10728  -33.294  -62.639  30.574 0.4000000060
8716  -33.891  -65.558  30.833 0.4000000060
8705  -35.233  -65.777  32.069 0.3000000119
15596  -31.438  -56.818  29.228 0.3000000119
13002  -31.849  -59.573  29.651 0.3000000119
10025  -34.187  -63.731  31.062 0.4000000060
9369  -34.436  -64.617  31.382 0.4000000060
9370  -35.422  -64.324  31.599 0.3000000119
17319  -31.432  -54.757  28.551 0.3000000119
15603  -31.207  -56.566  28.817 0.3000000119
16457  -31.148  -56.305  28.210 0.3000000119
18184  -31.706  -53.588  27.641 0.3000000119
18185  -32.144  -53.640  26.708 0.3000000119
19091  -32.441  -53.101  26.410 0.3000000119
17330  -32.327  -55.298  26.550 0.3000000119
18190  -33.548  -53.683  25.755 0.3000000119
18191  -34.477  -53.879  25.583 0.2000000030
17333  -35.434  -54.406  25.707 0.1000000015
18197  -35.891  -53.508  24.867 0.1000000015
18208  -37.067  -53.194  24.296 0.1000000015
16480  -36.188  -55.321  26.402 0.1000000015
17345  -37.928  -54.233  25.181 0.1000000015
15630  -36.831  -55.721  26.473 0.1000000015
15616  -37.769  -56.611  26.839 0.1000000015
13881  -37.664  -58.498  27.381 0.1000000015
12254  -37.202  -60.148  27.030 0.2000000030
12255  -37.619  -59.870  27.134 0.2000000030
12262  -38.007  -60.092  26.741 0.2000000030
107507  -37.507  -59.701  25.328 0.1000000015
12269  -38.633  -60.101  26.161 0.1000000015
107508  -37.990  -59.011  25.102 0.1000000015
14781  -36.763  -57.560  24.671 0.1000000015
107515  -38.383  -58.280  24.752 0.1000000015
14782  -38.058  -57.298  24.458 0.1000000015
15666  -38.050  -56.068  23.331 0.1000000015
14791  -38.547  -56.617  23.745 0.1000000015
15681  -38.266  -55.709  22.492 0.1000000015
15699  -38.415  -55.669  21.534 0.1000000015
14834  -38.320  -56.587  20.154 0.1000000015
14851  -39.584  -57.588  19.747 0.1000000015
14836  -40.090  -56.965  20.188 0.1000000015
13957  -40.034  -58.352  19.222 0.1000000015
13958  -41.127  -57.902  19.519 0.1000000015
13086  -40.228  -58.700  18.923 0.1000000015
13087  -40.675  -58.553  18.970 0.1000000015
13103  -41.049  -58.761  18.522 0.1000000015
13999  -42.469  -58.214  16.731 0.1000000015
7320  -38.825  -68.200  33.994 0.2000000030
7329  -38.971  -68.688  33.060 0.2000000030
8685  -39.449  -66.179  33.797 0.2000000030
8024  -37.612  -67.238  33.492 0.3000000119
9344  -39.772  -64.779  32.756 0.2000000030
8696  -36.961  -66.334  32.893 0.3000000119
8706  -36.191  -65.820  32.452 0.3000000119
14735  -31.974  -57.705  29.724 0.3000000119
13864  -32.497  -58.644  29.889 0.3000000119
13003  -33.009  -59.619  29.957 0.3000000119
11446  -33.994  -61.549  30.385 0.3000000119
10719  -34.806  -63.075  30.907 0.3000000119
10026  -35.120  -63.655  31.165 0.3000000119
16448  -31.991  -55.762  29.453 0.3000000119
11447  -35.207  -61.602  30.343 0.3000000119
10730  -35.641  -62.642  30.489 0.3000000119
10027  -35.989  -63.733  31.116 0.2000000030
9371  -36.335  -64.225  31.655 0.2000000030
19076  -31.523  -52.359  28.269 0.2000000030
18177  -31.443  -53.459  28.652 0.2000000030
19090  -32.099  -52.577  26.861 0.3000000119
19100  -32.884  -52.527  25.931 0.3000000119
18189  -32.669  -53.655  26.174 0.3000000119
19107  -34.108  -52.319  25.093 0.2000000030
18196  -34.991  -53.386  25.104 0.1000000015
19121  -34.533  -51.790  24.640 0.2000000030
20007  -35.563  -51.353  23.838 0.1000000015
19137  -36.375  -52.101  23.574 0.1000000015
20021  -38.805  -51.766  22.700 0.1000000015
20029  -38.813  -50.037  22.382 0.1000000015
107659  -41.439  -49.425  21.411 0.1000000015
18221  -38.853  -53.248  23.668 0.1000000015
107586  -39.454  -52.810  23.117 0.1000000015
107587  -40.131  -52.503  22.878 0.1000000015
107581  -42.431  -51.588  21.873 0.1000000015
22605  -43.984  -49.863  22.906 0.1000000015
107563  -44.229  -52.423  25.207 0.1000000015
17337  -39.137  -54.386  25.690 0.1000000015
17338  -39.647  -54.316  25.535 0.1000000015
107559  -41.227  -53.794  23.826 0.1000000015
107568  -41.571  -52.512  22.659 0.1000000015
107557  -44.166  -54.122  24.816 0.1000000015
15617  -38.815  -56.550  26.838 0.1000000015
15618  -39.790  -56.335  26.794 0.1000000015
14756  -38.245  -57.495  27.198 0.1000000015
13032  -38.965  -59.789  27.094 0.2000000030
12263  -39.209  -59.993  26.644 0.1000000015
12270  -39.684  -59.784  26.019 0.1000000015
107514  -39.080  -58.859  24.938 0.1000000015
107517  -39.349  -57.868  24.420 0.1000000015
14783  -39.029  -57.156  23.973 0.1000000015
14792  -39.399  -56.727  23.439 0.1000000015
15682  -39.165  -55.991  22.280 0.1000000015
15700  -39.507  -56.075  21.463 0.1000000015
15701  -40.403  -56.465  21.385 0.1000000015
15715  -39.791  -56.456  20.734 0.1000000015
14853  -41.143  -57.382  20.043 0.1000000015
13088  -41.697  -58.301  19.145 0.1000000015
13104  -42.164  -58.614  18.631 0.1000000015
11440  -39.634  -62.024  31.730 0.2000000030
9358  -39.345  -64.192  32.346 0.2000000030
8697  -38.051  -65.568  32.929 0.3000000119
12234  -38.752  -61.290  31.116 0.2000000030
10722  -39.430  -62.603  31.566 0.2000000030
10016  -38.467  -63.754  31.860 0.2000000030
8708  -37.789  -64.950  32.422 0.3000000119
8707  -37.196  -65.319  32.539 0.3000000119
14736  -33.089  -57.696  29.980 0.3000000119
13865  -33.662  -58.652  29.924 0.3000000119
13004  -34.229  -59.626  29.990 0.3000000119
12244  -34.741  -60.629  30.139 0.3000000119
16449  -32.901  -55.972  29.991 0.3000000119
13866  -34.893  -58.617  29.851 0.3000000119
13005  -35.485  -59.664  30.084 0.3000000119
19940  -31.520  -51.406  29.790 0.2000000030
17309  -31.908  -54.648  29.849 0.3000000119
10038  -36.412  -63.191  30.650 0.2000000030
10028  -36.919  -63.609  31.189 0.2000000030
19956  -31.426  -51.720  29.087 0.2000000030
19957  -31.637  -51.261  28.661 0.2000000030
19976  -32.014  -51.334  27.469 0.3000000119
20830  -32.421  -50.254  27.352 0.3000000119
19987  -32.847  -51.049  25.849 0.3000000119
19994  -33.613  -51.216  25.177 0.2000000030
20831  -32.785  -50.069  26.598 0.3000000119
21749  -33.563  -49.554  25.777 0.2000000030
21750  -34.095  -49.504  25.254 0.2000000030
21760  -35.299  -49.415  24.181 0.2000000030
21772  -36.654  -49.083  23.304 0.1000000015
107529  -41.362  -56.379  26.634 0.1000000015
107551  -42.117  -55.525  25.626 0.1000000015
107537  -42.992  -55.676  25.359 0.1000000015
107556  -43.386  -54.467  24.392 0.1000000015
14758  -40.168  -57.076  26.950 0.1000000015
14767  -40.727  -56.490  26.853 0.1000000015
107525  -42.031  -57.179  26.688 0.1000000015
107524  -43.309  -56.835  26.140 0.1000000015
13883  -39.856  -58.108  27.253 0.1000000015
13884  -40.932  -57.539  27.149 0.1000000015
13022  -41.538  -58.420  26.890 0.1000000015
13023  -42.542  -58.112  26.580 0.1000000015
13024  -43.227  -58.140  26.520 0.1000000015
13020  -39.377  -59.103  27.248 0.1000000015
13034  -40.813  -59.246  26.379 0.1000000015
13035  -42.076  -58.861  26.331 0.1000000015
107503  -42.187  -58.630  24.940 0.1000000015
12264  -39.920  -59.784  26.562 0.1000000015
107516  -39.658  -59.213  25.429 0.1000000015
107511  -40.396  -58.496  24.883 0.1000000015
107504  -41.293  -58.189  24.429 0.1000000015
107512  -40.626  -57.725  23.966 0.1000000015
14784  -39.792  -57.242  23.816 0.1000000015
14793  -40.468  -56.874  23.127 0.1000000015
15683  -40.141  -56.311  22.235 0.1000000015
14837  -40.801  -57.070  20.394 0.1000000015
12971  -37.067  -60.197  33.104 0.3000000119
12989  -36.861  -59.822  31.650 0.3000000119
12990  -37.565  -60.339  31.422 0.3000000119
12248  -38.529  -61.520  30.688 0.2000000030
10733  -38.427  -62.542  30.842 0.2000000030
10040  -37.931  -62.877  30.807 0.2000000030
13007  -37.687  -60.689  30.744 0.3000000119
11449  -37.336  -61.837  30.279 0.3000000119
9373  -37.806  -64.031  31.926 0.2000000030
15590  -34.748  -56.913  30.569 0.3000000119
13867  -36.121  -58.595  30.426 0.3000000119
12246  -37.004  -61.020  30.337 0.3000000119
10732  -37.695  -62.472  30.501 0.2000000030
19045  -31.573  -52.416  30.764 0.2000000030
16441  -33.000  -55.501  30.509 0.3000000119
16433  -32.985  -55.361  31.287 0.3000000119
19924  -31.464  -51.249  31.068 0.2000000030
20782  -31.818  -50.146  30.704 0.2000000030
20798  -32.002  -50.007  29.266 0.2000000030
21695  -32.464  -49.420  28.354 0.2000000030
21696  -33.030  -48.534  28.394 0.3000000119
22570  -33.394  -48.592  26.973 0.2000000030
22582  -34.543  -48.497  25.495 0.2000000030
107506  -41.261  -57.646  23.641 0.1000000015
14794  -41.339  -57.313  23.172 0.1000000015
14806  -40.644  -56.697  22.407 0.1000000015
13819  -37.032  -58.974  34.689 0.1000000015
13818  -36.243  -58.650  34.689 0.2000000030
12960  -36.738  -59.795  33.730 0.3000000119
12970  -36.352  -59.633  33.042 0.3000000119
13837  -35.720  -58.941  32.718 0.3000000119
13846  -36.380  -59.320  32.057 0.3000000119
14728  -35.505  -57.275  30.809 0.3000000119
14720  -35.573  -57.529  31.478 0.3000000119
17296  -32.421  -54.542  31.678 0.3000000119
16434  -33.459  -56.086  31.585 0.3000000119
15582  -33.916  -56.686  31.806 0.3000000119
19017  -31.406  -52.386  32.566 0.2000000030
20781  -31.498  -50.710  31.525 0.2000000030
21678  -32.617  -48.934  29.116 0.2000000030
20783  -33.766  -49.477  31.377 0.1000000015
21657  -32.602  -49.062  30.114 0.2000000030
21679  -33.547  -48.325  29.381 0.2000000030
22541  -33.854  -48.017  28.491 0.3000000119
13826  -35.056  -58.700  33.621 0.3000000119
13836  -34.572  -58.519  32.989 0.3000000119
14711  -33.816  -57.824  32.833 0.3000000119
15577  -34.202  -57.296  32.136 0.3000000119
17287  -31.830  -54.236  32.978 0.3000000119
16426  -32.737  -55.635  32.449 0.3000000119
15576  -33.451  -56.826  32.483 0.3000000119
18120  -31.540  -52.592  33.325 0.2000000030
19005  -31.667  -52.124  33.488 0.2000000030
19887  -33.492  -51.356  33.486 0.1000000015
20769  -33.925  -50.142  31.822 0.1000000015
19914  -34.669  -50.806  31.524 0.1000000015
20784  -34.586  -49.888  30.777 0.1000000015
21659  -34.658  -49.158  30.227 0.1000000015
14692  -33.024  -57.591  34.408 0.3000000119
15563  -32.711  -56.705  35.217 0.2000000030
14702  -33.054  -57.471  33.486 0.3000000119
14710  -33.248  -57.247  32.961 0.3000000119
15575  -32.853  -56.666  33.177 0.3000000119
18121  -31.659  -53.364  33.589 0.2000000030
17274  -31.741  -54.274  33.857 0.3000000119
18988  -32.945  -52.499  34.495 0.2000000030
18987  -32.422  -52.888  34.515 0.2000000030
18123  -35.312  -52.865  33.390 0.1000000015
18122  -34.586  -52.540  33.934 0.1000000015
17289  -36.061  -53.397  33.199 0.1000000015
19009  -34.770  -52.247  33.406 0.1000000015
19018  -34.548  -51.700  33.044 0.1000000015
19031  -34.936  -51.580  32.091 0.1000000015
19019  -35.244  -52.282  32.634 0.1000000015
19046  -35.372  -51.520  31.024 0.1000000015
16410  -32.168  -55.829  34.773 0.2000000030
18108  -32.759  -53.215  34.919 0.2000000030
16409  -31.868  -55.018  34.234 0.2000000030
17263  -34.698  -53.257  35.120 0.1000000015
17275  -35.530  -53.456  34.063 0.1000000015
18136  -36.808  -53.407  32.038 0.1000000015
18135  -36.152  -53.027  32.233 0.1000000015
18149  -36.397  -52.905  30.994 0.1000000015
19047  -35.912  -52.312  30.362 0.1000000015
16428  -38.088  -54.622  32.132 0.1000000015
17297  -37.248  -53.732  31.819 0.1000000015
17298  -37.666  -54.349  31.467 0.1000000015
17305  -37.358  -53.955  30.918 0.1000000015
15584  -39.097  -55.569  32.231 0.1000000015
15585  -39.498  -56.074  31.635 0.1000000015
16444  -38.375  -55.483  30.989 0.1000000015
10060  -39.861  -64.085  26.920 0.4000000060
10058  -38.081  -64.250  26.576 0.5000000000
10057  -37.448  -64.217  26.425 0.5000000000
10059  -38.943  -64.182  26.732 0.4000000060
10078  -38.589  -64.074  25.992 0.5000000000
10079  -39.475  -63.893  26.113 0.6000000238
10047  -41.043  -64.133  27.639 0.5000000000
8743  -38.728  -65.706  28.470 0.4000000060
9411  -43.241  -64.096  26.583 0.5000000000
9397  -40.283  -64.838  27.892 0.4000000060
10756  -40.883  -63.254  26.245 0.5000000000
10049  -42.241  -64.063  27.988 0.5000000000
10061  -40.756  -63.727  26.992 0.6000000238
10748  -43.664  -62.922  26.409 0.5000000000
10081  -43.981  -63.169  25.952 0.3000000119
9431  -44.553  -63.222  24.154 0.5000000000
10063  -41.944  -63.554  27.570 0.5000000000
8070  -42.922  -65.352  27.083 0.5000000000
10746  -42.389  -63.255  27.109 0.5000000000
10096  -44.407  -62.777  25.384 0.4000000060
11508  -40.241  -62.283  20.782 0.3000000119
11496  -40.720  -61.982  20.968 0.4000000060
7354  -41.327  -66.646  29.542 0.2000000030
8742  -37.690  -66.078  28.397 0.5000000000
9410  -39.971  -64.410  27.371 0.4000000060
10766  -40.346  -63.101  25.132 0.6000000238
11477  -32.527  -61.859  25.350 0.3000000119
10102  -35.727  -64.037  23.879 0.4000000060
10104  -38.184  -63.821  24.563 0.5000000000
107467  -42.095  -62.367  25.874 0.6000000238
11470  -42.329  -62.565  26.492 0.6000000238
10744  -41.337  -63.225  26.910 0.6000000238
10062  -41.457  -63.550  27.412 0.6000000238
11471  -42.579  -62.709  26.711 0.5000000000
10760  -44.139  -62.500  25.957 0.5000000000
10780  -37.374  -62.999  22.922 0.4000000060
107482  -43.812  -61.761  25.386 0.5000000000
11472  -42.890  -62.436  26.214 0.5000000000
10775  -44.087  -61.643  24.641 0.5000000000
11473  -43.744  -62.068  26.028 0.5000000000
10108  -34.051  -62.941  23.098 0.4000000060
107459  -38.874  -62.370  23.494 0.5000000000
107478  -37.763  -61.558  22.520 0.5000000000
107483  -38.756  -61.898  23.165 0.5000000000
107472  -38.964  -61.120  22.763 0.5000000000
107499  -42.835  -61.181  22.849 0.5000000000
12275  -40.545  -61.548  21.248 0.4000000060
8065  -35.868  -66.998  29.025 0.5000000000
9399  -41.983  -64.366  28.456 0.5000000000
10738  -31.852  -62.855  28.680 0.5000000000
11466  -33.257  -61.098  25.836 0.3000000119
11483  -33.283  -61.778  24.635 0.4000000060
11489  -34.675  -61.436  23.079 0.3000000119
107469  -36.014  -61.054  22.309 0.3000000119
107468  -35.335  -61.429  22.563 0.3000000119
107465  -37.414  -61.119  22.301 0.3000000119
13911  -36.849  -60.013  22.066 0.3000000119
13929  -36.993  -59.668  21.670 0.3000000119
13073  -38.142  -60.587  20.909 0.4000000060
13058  -35.416  -59.499  21.400 0.2000000030
13059  -36.514  -59.731  21.263 0.3000000119
13072  -37.052  -60.207  20.697 0.2000000030
14833  -32.751  -57.099  20.569 0.1000000015
15696  -34.046  -55.604  22.044 0.1000000015
8064  -35.078  -66.889  29.380 0.4000000060
8063  -34.417  -66.614  29.802 0.4000000060
8727  -36.575  -67.132  29.242 0.5000000000
8058  -38.916  -66.698  29.718 0.4000000060
9382  -40.277  -65.505  28.681 0.5000000000
10035  -32.231  -63.533  29.381 0.5000000000
13013  -31.042  -59.218  28.214 0.4000000060
13877  -34.026  -57.948  26.988 0.2000000030
14753  -35.013  -57.455  27.037 0.1000000015
16478  -33.957  -55.810  26.550 0.1000000015
11468  -35.143  -61.090  26.206 0.2000000030
13889  -35.514  -59.322  26.995 0.2000000030
12266  -35.661  -60.685  25.157 0.2000000030
107480  -35.012  -60.156  23.736 0.2000000030
107493  -35.582  -59.450  24.320 0.1000000015
107494  -35.254  -58.608  24.051 0.1000000015
14790  -34.918  -57.916  23.849 0.1000000015
14789  -34.383  -57.652  23.322 0.1000000015
14804  -34.055  -57.946  22.720 0.1000000015
13942  -33.609  -58.705  21.508 0.1000000015
16497  -35.597  -55.852  23.581 0.1000000015
14803  -33.617  -57.167  22.490 0.1000000015
13925  -33.374  -58.225  21.811 0.1000000015
16516  -34.932  -55.200  22.172 0.1000000015
15697  -34.864  -55.233  21.483 0.1000000015
15711  -35.476  -55.485  20.747 0.1000000015
15724  -37.051  -56.187  19.881 0.1000000015
8033  -39.660  -67.832  31.276 0.3000000119
7327  -37.558  -68.489  33.097 0.3000000119
7340  -38.954  -68.383  31.922 0.3000000119
7338  -37.161  -68.484  32.138 0.3000000119
7350  -37.588  -68.218  31.329 0.3000000119
7352  -39.193  -67.695  31.149 0.3000000119
8045  -37.917  -67.757  30.530 0.3000000119
8056  -37.135  -67.594  29.874 0.3000000119
7337  -36.470  -68.146  32.106 0.3000000119
7357  -36.149  -67.809  30.831 0.3000000119
8030  -34.566  -66.053  31.490 0.4000000060
8031  -34.815  -66.270  31.614 0.4000000060
8043  -35.448  -67.535  30.949 0.4000000060
13001  -31.243  -59.103  29.047 0.4000000060
10036  -32.692  -63.786  30.179 0.4000000060
8725  -33.496  -65.322  30.194 0.4000000060
13863  -31.589  -58.557  29.506 0.4000000060
16476  -31.955  -55.869  26.802 0.3000000119
17327  -32.334  -54.201  26.425 0.3000000119
17332  -34.211  -54.692  25.902 0.2000000030
17343  -36.240  -54.079  25.246 0.1000000015
15614  -35.403  -56.621  26.944 0.1000000015
15615  -36.557  -56.365  26.804 0.1000000015
12261  -36.579  -60.493  26.478 0.2000000030
14755  -37.143  -57.493  27.135 0.1000000015
13018  -37.027  -59.525  27.262 0.2000000030
12268  -37.513  -60.300  25.819 0.1000000015
107501  -36.906  -59.201  24.942 0.1000000015
15651  -36.011  -56.987  24.455 0.1000000015
15652  -37.012  -56.620  24.390 0.1000000015
16499  -37.071  -55.402  22.998 0.1000000015
16507  -36.562  -55.281  22.470 0.1000000015
16518  -36.993  -55.252  21.687 0.1000000015
15714  -38.842  -56.215  20.788 0.1000000015
14835  -39.228  -56.853  20.192 0.1000000015
7319  -38.059  -68.072  33.836 0.2000000030
8022  -36.186  -67.318  32.437 0.3000000119
12243  -33.506  -60.596  30.104 0.3000000119
10024  -33.508  -63.556  30.703 0.4000000060
18195  -34.179  -53.233  25.452 0.1000000015
17344  -37.092  -54.274  25.143 0.1000000015
18206  -35.477  -52.870  24.553 0.1000000015
19139  -37.923  -52.522  23.399 0.1000000015
18209  -37.844  -53.339  24.034 0.1000000015
17334  -36.604  -54.740  25.676 0.1000000015
16482  -37.963  -55.252  26.118 0.1000000015
18201  -38.844  -53.728  24.691 0.1000000015
15632  -38.379  -55.793  26.566 0.1000000015
13019  -38.217  -59.409  27.271 0.1000000015
107513  -38.596  -59.624  25.562 0.1000000015
15667  -38.861  -56.212  23.042 0.1000000015
8013  -38.569  -67.239  34.029 0.2000000030
8699  -40.120  -65.346  33.299 0.2000000030
8025  -38.531  -66.306  33.587 0.2000000030
8012  -38.042  -67.563  33.882 0.3000000119
15597  -32.484  -56.767  29.845 0.3000000119
18168  -31.546  -53.878  29.381 0.3000000119
19061  -31.420  -52.688  29.444 0.3000000119
19108  -34.871  -52.705  24.746 0.1000000015
20856  -34.104  -50.504  24.979 0.2000000030
20868  -35.098  -50.521  24.250 0.1000000015
20019  -36.425  -51.324  23.363 0.1000000015
20020  -37.501  -51.467  23.079 0.1000000015
20891  -38.409  -50.480  22.581 0.1000000015
107626  -39.800  -51.485  22.537 0.1000000015
107666  -39.941  -49.105  22.066 0.1000000015
107628  -40.120  -50.934  22.319 0.1000000015
107680  -42.807  -49.772  22.182 0.1000000015
107647  -41.716  -50.436  21.294 0.1000000015
17353  -39.646  -53.650  24.134 0.1000000015
107567  -40.004  -53.434  23.563 0.1000000015
107585  -41.737  -52.104  22.317 0.1000000015
107569  -41.353  -52.951  22.859 0.1000000015
21785  -43.686  -51.456  23.589 0.1000000015
107564  -43.818  -52.836  24.943 0.1000000015
107565  -43.965  -52.091  24.918 0.1000000015
16484  -39.688  -54.745  25.991 0.1000000015
107549  -40.584  -54.150  24.585 0.1000000015
15634  -40.679  -55.262  25.981 0.1000000015
107550  -41.378  -54.836  25.187 0.1000000015
16489  -44.660  -54.027  25.305 0.1000000015
14757  -39.282  -57.363  27.093 0.1000000015
15619  -40.352  -56.269  26.760 0.1000000015
13882  -38.786  -58.382  27.337 0.1000000015
13033  -39.865  -59.650  27.001 0.1000000015
15668  -39.637  -56.358  22.855 0.1000000015
12227  -38.923  -61.178  31.740 0.2000000030
11452  -39.250  -61.945  31.193 0.2000000030
10018  -39.717  -63.523  32.190 0.2000000030
12982  -38.306  -60.628  32.032 0.3000000119
10721  -38.901  -62.783  31.258 0.2000000030
14737  -34.221  -57.708  29.948 0.3000000119
12245  -35.939  -60.742  30.204 0.3000000119
17310  -32.470  -55.284  30.079 0.3000000119
15598  -33.753  -56.663  30.155 0.3000000119
15599  -34.581  -57.085  29.998 0.3000000119
11448  -36.337  -61.733  30.177 0.3000000119
18162  -31.806  -53.790  30.356 0.3000000119
17304  -32.405  -54.592  30.662 0.3000000119
21716  -32.792  -49.163  27.397 0.3000000119
20855  -33.536  -50.302  25.479 0.2000000030
20879  -36.229  -50.258  23.374 0.1000000015
21761  -36.084  -48.703  24.013 0.2000000030
20880  -36.989  -50.357  23.008 0.1000000015
107535  -44.349  -56.275  25.613 0.1000000015
13021  -40.455  -58.800  27.148 0.1000000015
107510  -40.513  -59.013  25.646 0.1000000015
12981  -37.422  -60.277  32.279 0.3000000119
12972  -38.115  -60.705  33.104 0.3000000119
12980  -36.662  -59.868  32.429 0.3000000119
13006  -36.772  -59.829  30.602 0.3000000119
13854  -36.599  -59.053  31.192 0.3000000119
16442  -33.562  -55.946  30.812 0.3000000119
14738  -35.291  -57.554  30.020 0.3000000119
15589  -34.125  -56.481  31.072 0.3000000119
14729  -36.127  -57.781  31.002 0.3000000119
18163  -32.084  -54.034  30.909 0.3000000119
18147  -31.804  -53.602  31.443 0.3000000119
19913  -31.442  -51.832  31.379 0.2000000030
18148  -32.228  -54.174  31.169 0.3000000119
22553  -33.555  -48.239  27.589 0.2000000030
22571  -34.134  -48.106  26.561 0.2000000030
22583  -35.207  -47.807  25.898 0.2000000030
13820  -37.532  -59.535  34.717 0.1000000015
13817  -35.366  -58.607  34.404 0.2000000030
12959  -36.293  -59.425  33.580 0.3000000119
14721  -35.935  -58.058  31.697 0.3000000119
14712  -35.069  -57.932  32.210 0.3000000119
18134  -31.522  -53.169  32.619 0.3000000119
17288  -32.243  -54.671  32.434 0.3000000119
19900  -31.618  -51.224  32.599 0.2000000030
20767  -32.076  -50.131  31.820 0.2000000030
21643  -32.705  -49.387  31.154 0.1000000015
20768  -33.083  -49.703  31.902 0.1000000015
21658  -33.777  -48.803  30.693 0.2000000030
13816  -34.653  -58.491  34.250 0.3000000119
13835  -33.999  -58.321  33.277 0.3000000119
16417  -32.069  -55.010  33.329 0.3000000119
19006  -32.070  -52.353  34.043 0.2000000030
19886  -32.609  -51.441  33.573 0.2000000030
19901  -32.223  -50.955  32.987 0.2000000030
20754  -32.577  -50.347  32.505 0.1000000015
19903  -34.045  -50.940  32.669 0.1000000015
19888  -34.054  -51.446  33.313 0.1000000015
19008  -34.068  -51.899  33.905 0.1000000015
19925  -35.164  -50.802  30.679 0.1000000015
15570  -32.518  -56.778  34.112 0.3000000119
16418  -32.306  -55.857  33.667 0.3000000119
17260  -31.898  -54.333  34.453 0.2000000030
18109  -33.879  -52.706  34.633 0.1000000015
18110  -34.810  -52.991  34.231 0.1000000015
17290  -36.828  -53.596  32.671 0.1000000015
19032  -35.667  -52.287  31.546 0.1000000015
17239  -33.042  -54.533  35.913 0.2000000030
17261  -32.309  -54.457  35.135 0.2000000030
18150  -36.857  -53.404  31.406 0.1000000015
16436  -38.507  -55.250  31.748 0.1000000015
8761  -44.291  -63.977  23.924 0.3000000119
8086  -43.412  -65.058  23.484 0.3000000119
8760  -43.880  -64.540  23.679 0.3000000119
6762  -40.962  -66.508  21.183 0.2000000030
6229  -39.252  -66.952  21.363 0.2000000030
8085  -42.866  -65.469  23.399 0.4000000060
7386  -42.302  -65.716  23.080 0.3000000119
8763  -44.423  -64.334  22.984 0.4000000060
8087  -43.009  -65.832  22.680 0.3000000119
7388  -41.596  -65.897  22.304 0.3000000119
9433  -44.668  -63.479  23.146 0.4000000060
8088  -43.652  -65.750  22.396 0.4000000060
7392  -42.147  -66.494  21.312 0.3000000119
8765  -44.446  -64.639  22.365 0.4000000060
8762  -44.130  -64.972  22.769 0.4000000060
7390  -43.613  -66.230  21.683 0.4000000060
10115  -44.979  -62.739  22.357 0.4000000060
6764  -41.504  -67.383  20.031 0.3000000119
9437  -44.693  -63.933  21.990 0.4000000060
8764  -44.343  -65.022  21.692 0.4000000060
7394  -43.554  -66.507  21.067 0.3000000119
6763  -42.066  -66.933  20.564 0.4000000060
10789  -45.181  -61.934  21.629 0.4000000060
8768  -44.043  -65.336  20.545 0.4000000060
7396  -43.561  -66.852  20.220 0.3000000119
9442  -44.808  -63.761  20.861 0.4000000060
9436  -44.589  -64.327  21.298 0.4000000060
8092  -43.643  -66.473  19.637 0.3000000119
11513  -44.812  -61.626  21.174 0.4000000060
10122  -44.924  -63.064  20.239 0.4000000060
9441  -44.453  -64.483  20.656 0.4000000060
8772  -43.797  -65.623  19.403 0.4000000060
10128  -44.756  -63.201  19.522 0.4000000060
9446  -44.634  -63.808  19.814 0.4000000060
9445  -44.189  -64.637  19.654 0.4000000060
10800  -44.947  -62.052  20.481 0.4000000060
10135  -44.599  -63.476  18.970 0.4000000060
9450  -44.347  -64.048  18.876 0.4000000060
9449  -44.013  -64.706  18.648 0.3000000119
8097  -43.442  -66.468  18.680 0.2000000030
11524  -44.223  -61.718  20.165 0.3000000119
10814  -44.748  -62.650  19.598 0.4000000060
10813  -44.244  -62.043  19.610 0.4000000060
10824  -44.420  -62.639  18.804 0.4000000060
10141  -44.408  -63.649  18.232 0.4000000060
9454  -44.191  -64.132  18.053 0.4000000060
8776  -43.668  -65.412  18.235 0.2000000030
8105  -42.889  -66.427  16.899 0.3000000119
10798  -42.354  -62.509  20.244 0.3000000119
11523  -43.769  -61.794  20.139 0.3000000119
10145  -44.175  -63.744  17.415 0.3000000119
8780  -43.520  -65.133  17.292 0.2000000030
9453  -43.886  -64.589  17.767 0.2000000030
8106  -43.205  -65.660  16.888 0.2000000030
7407  -42.555  -67.076  16.911 0.2000000030
10812  -43.132  -62.357  19.631 0.3000000119
10836  -44.529  -63.148  18.425 0.4000000060
9458  -43.756  -64.249  16.881 0.1000000015
10797  -41.555  -62.759  20.267 0.3000000119
10822  -42.558  -62.663  18.559 0.3000000119
10823  -43.660  -62.428  18.426 0.2000000030
10845  -44.079  -63.043  16.912 0.2000000030
8785  -43.208  -64.982  16.323 0.1000000015
8108  -42.740  -66.254  15.803 0.2000000030
10832  -41.911  -62.705  17.720 0.2000000030
10833  -43.009  -62.352  17.368 0.2000000030
11554  -43.678  -62.507  16.471 0.1000000015
10148  -43.780  -63.762  16.128 0.1000000015
8784  -43.002  -65.764  16.283 0.1000000015
10796  -40.730  -62.962  20.366 0.2000000030
10811  -42.069  -62.885  19.533 0.3000000119
10126  -39.968  -63.811  19.615 0.1000000015
10127  -40.596  -63.471  19.442 0.3000000119
10831  -40.826  -63.197  17.861 0.2000000030
11540  -43.307  -62.297  16.773 0.1000000015
8790  -43.080  -64.653  15.380 0.1000000015
8789  -42.872  -65.425  15.552 0.1000000015
10120  -38.906  -63.641  19.800 0.2000000030
10133  -40.534  -63.580  18.868 0.2000000030
10842  -41.356  -62.533  16.962 0.1000000015
10843  -42.231  -62.297  16.917 0.1000000015
11579  -43.324  -62.172  15.490 0.1000000015
11580  -43.911  -62.631  15.601 0.1000000015
9467  -43.371  -64.129  15.024 0.1000000015
8792  -42.865  -64.961  14.631 0.1000000015
7436  -42.360  -66.671  14.253 0.1000000015
10138  -39.505  -63.862  18.180 0.1000000015
10841  -40.360  -62.835  16.934 0.2000000030
11551  -40.909  -62.266  16.134 0.1000000015
11578  -42.538  -61.781  15.282 0.1000000015
11607  -43.531  -62.405  14.683 0.1000000015
10155  -43.481  -63.612  14.584 0.1000000015
9470  -43.066  -64.152  13.985 0.1000000015
8136  -42.516  -65.757  13.903 0.1000000015
7435  -41.914  -67.529  13.581 0.1000000015
12339  -43.102  -61.500  14.134 0.1000000015
11633  -43.411  -62.416  14.056 0.1000000015
8805  -41.948  -64.840  13.161 0.1000000015
8151  -42.126  -65.809  12.991 0.1000000015
22543  -35.263  -48.170  28.700 0.2000000030
11506  -38.089  -62.306  20.135 0.2000000030
11522  -37.899  -62.939  19.925 0.1000000015
10125  -38.973  -63.981  19.441 0.1000000015
10819  -38.186  -63.792  18.497 0.1000000015
10829  -38.824  -63.634  17.723 0.1000000015
11577  -41.513  -61.728  15.257 0.1000000015
8152  -42.376  -65.212  13.502 0.1000000015
8799  -42.703  -64.947  13.899 0.1000000015
10154  -43.210  -63.295  13.890 0.1000000015
12337  -41.718  -61.101  14.382 0.1000000015
7389  -42.954  -66.240  21.909 0.3000000119
7393  -42.962  -67.074  20.782 0.3000000119
8089  -43.898  -65.956  21.320 0.4000000060
8090  -43.763  -66.193  20.379 0.3000000119
10117  -45.084  -62.903  21.246 0.4000000060
10825  -44.715  -63.001  19.034 0.4000000060
8102  -43.329  -65.968  17.655 0.2000000030
10846  -44.305  -63.310  17.766 0.2000000030
10835  -44.187  -62.854  17.904 0.4000000060
10834  -43.712  -62.660  17.245 0.2000000030
11555  -44.050  -62.807  16.210 0.1000000015
7427  -42.437  -66.766  15.190 0.1000000015
9463  -43.428  -64.183  15.851 0.1000000015
10820  -40.815  -63.326  18.463 0.3000000119
11553  -42.897  -62.125  16.352 0.1000000015
10856  -43.957  -63.059  14.996 0.1000000015
9466  -43.133  -64.331  14.630 0.1000000015
8120  -42.597  -65.968  14.874 0.1000000015
10807  -38.068  -63.437  19.451 0.1000000015
10830  -39.846  -63.422  17.623 0.1000000015
11552  -41.911  -62.095  16.153 0.1000000015
10872  -43.467  -62.885  14.278 0.1000000015
8135  -42.223  -66.528  13.461 0.1000000015
11605  -42.734  -61.611  14.753 0.1000000015
7441  -41.953  -66.745  12.802 0.1000000015
11576  -40.431  -61.877  15.394 0.1000000015
10840  -39.335  -63.069  16.910 0.1000000015
6746  -41.836  -66.731  27.272 0.3000000119
6749  -41.884  -66.640  26.497 0.2000000030
6753  -41.739  -66.588  25.577 0.2000000030
8060  -42.539  -65.670  28.136 0.4000000060
7366  -42.305  -66.369  27.597 0.2000000030
8066  -42.732  -65.555  27.646 0.4000000060
7370  -42.488  -66.267  26.886 0.3000000119
7375  -42.517  -65.877  25.796 0.2000000030
6752  -41.166  -67.194  25.345 0.1000000015
7381  -41.432  -66.563  24.762 0.2000000030
6756  -40.801  -66.908  24.400 0.1000000015
7376  -42.901  -65.253  25.994 0.3000000119
6214  -40.638  -67.726  25.023 0.1000000015
7382  -42.078  -65.855  24.487 0.2000000030
6219  -40.235  -67.465  24.113 0.1000000015
6759  -40.208  -66.453  23.000 0.1000000015
5684  -39.179  -68.303  23.233 0.1000000015
6218  -39.777  -67.948  23.785 0.1000000015
6223  -39.857  -67.292  23.502 0.1000000015
6221  -38.945  -67.849  22.199 0.1000000015
6222  -39.466  -67.328  22.819 0.1000000015
8074  -43.093  -64.920  26.345 0.3000000119
7385  -41.259  -65.963  23.777 0.2000000030
5683  -38.555  -68.876  22.260 0.1000000015
8753  -43.467  -64.214  25.583 0.2000000030
8078  -43.144  -64.697  25.455 0.3000000119
6758  -39.664  -66.768  22.251 0.1000000015
8084  -43.237  -64.733  24.522 0.3000000119
8751  -43.483  -63.958  25.879 0.2000000030
6761  -39.969  -66.551  21.749 0.1000000015
6228  -38.578  -67.826  21.112 0.1000000015
6230  -40.064  -66.658  21.042 0.1000000015
6238  -38.445  -67.948  20.219 0.1000000015
8758  -43.688  -64.268  24.666 0.2000000030
6240  -40.305  -67.281  20.259 0.1000000015
5705  -38.721  -68.624  19.669 0.1000000015
6239  -39.169  -67.671  19.958 0.1000000015
8759  -44.105  -63.721  24.884 0.2000000030
6246  -40.201  -68.304  19.443 0.1000000015
5716  -38.583  -69.582  19.322 0.1000000015
5706  -39.591  -68.683  19.392 0.1000000015
6247  -41.054  -68.177  19.461 0.1000000015
6765  -42.534  -67.462  19.813 0.3000000119
5718  -40.175  -69.160  19.163 0.1000000015
8750  -43.291  -64.357  26.272 0.3000000119
7367  -42.705  -65.859  27.314 0.3000000119
7371  -42.812  -65.603  26.652 0.2000000030
8083  -42.747  -65.242  24.532 0.3000000119
8077  -42.834  -65.087  25.333 0.3000000119
5704  -37.860  -68.977  19.903 0.1000000015
5729  -40.945  -69.331  18.232 0.1000000015
5728  -40.819  -69.900  17.669 0.1000000015
6256  -41.360  -68.953  17.515 0.2000000030
5225  -40.313  -70.571  17.149 0.1000000015
6766  -41.857  -67.969  19.170 0.2000000030
6770  -41.905  -68.123  18.227 0.2000000030
6255  -41.048  -69.569  17.131 0.2000000030
5731  -40.816  -70.021  16.773 0.1000000015
6773  -41.952  -67.926  17.205 0.1000000015
6258  -41.141  -69.338  16.515 0.1000000015
6259  -41.655  -68.495  16.314 0.1000000015
7395  -43.219  -67.223  19.918 0.2000000030
6767  -42.567  -67.662  18.813 0.2000000030
6771  -42.505  -67.578  17.929 0.1000000015
6776  -42.061  -67.873  16.400 0.1000000015
6774  -42.423  -67.411  17.275 0.1000000015
7399  -43.473  -66.953  19.450 0.2000000030
7398  -43.116  -67.306  19.242 0.2000000030
7401  -43.080  -67.081  18.435 0.2000000030
6777  -42.301  -67.501  16.671 0.1000000015
7404  -42.791  -67.047  17.575 0.1000000015
7402  -43.340  -66.994  18.958 0.2000000030
6780  -42.087  -67.816  15.639 0.1000000015
6254  -41.346  -68.781  18.664 0.1000000015
7364  -42.508  -65.972  27.891 0.2000000030
7341  -39.662  -68.375  31.708 0.1000000015
12228  -39.640  -61.675  32.214 0.1000000015
8006  -40.176  -67.150  34.605 0.1000000015
7321  -39.244  -68.170  34.055 0.1000000015
9359  -40.250  -64.104  32.472 0.1000000015
8014  -39.790  -67.013  34.391 0.1000000015
12218  -39.882  -61.630  33.076 0.2000000030
11432  -40.353  -61.995  32.970 0.1000000015
8016  -41.721  -66.125  34.050 0.1000000015
12217  -39.035  -61.186  32.602 0.2000000030
11436  -40.099  -62.246  32.390 0.1000000015
10715  -40.812  -62.947  32.712 0.1000000015
9346  -41.402  -64.619  32.904 0.1000000015
8700  -41.043  -65.238  33.286 0.1000000015
8015  -41.013  -66.331  34.278 0.1000000015
7361  -42.223  -66.000  28.392 0.2000000030
8686  -40.524  -65.953  33.809 0.1000000015
9345  -40.653  -64.689  32.839 0.1000000015
10032  -40.119  -62.952  32.185 0.1000000015
7314  -39.981  -67.438  34.643 0.1000000015
8007  -40.598  -66.926  34.673 0.1000000015
9360  -41.037  -64.082  32.655 0.1000000015
11433  -40.960  -62.541  33.286 0.1000000015
7363  -41.975  -66.363  28.214 0.1000000015
15554  -32.782  -56.416  35.767 0.1000000015
15555  -33.192  -56.765  36.088 0.1000000015
14682  -34.098  -57.795  35.534 0.1000000015
14683  -35.080  -58.250  35.691 0.1000000015
14673  -36.395  -58.786  36.271 0.1000000015
14693  -33.889  -58.163  34.575 0.1000000015
14694  -34.788  -58.285  34.943 0.1000000015
15541  -33.652  -56.880  37.142 0.1000000015
14671  -34.292  -57.927  36.496 0.1000000015
14659  -34.753  -58.924  36.900 0.1000000015
14672  -35.515  -58.653  36.364 0.1000000015
13780  -35.554  -59.763  36.611 0.1000000015
16393  -32.994  -56.015  36.281 0.1000000015
14658  -33.895  -58.473  37.531 0.1000000015
16367  -33.658  -55.784  37.872 0.1000000015
16378  -33.342  -55.516  36.718 0.1000000015
17225  -33.429  -54.634  36.363 0.1000000015
17240  -33.881  -53.873  36.008 0.1000000015
16355  -33.937  -56.044  38.715 0.1000000015
15530  -33.644  -57.085  38.203 0.1000000015
17194  -34.475  -55.056  38.531 0.1000000015
17209  -34.152  -54.594  37.555 0.1000000015
17226  -34.098  -54.284  36.645 0.1000000015
17262  -33.381  -53.595  35.403 0.1000000015
22554  -34.541  -47.796  27.742 0.1000000015
22584  -36.491  -47.443  25.799 0.1000000015
17227  -35.156  -53.923  36.925 0.1000000015
22542  -34.667  -48.035  28.735 0.1000000015
22592  -34.709  -49.014  24.770 0.1000000015
22593  -35.555  -48.165  24.830 0.1000000015
22555  -35.734  -47.961  28.060 0.1000000015
23425  -39.651  -47.748  24.827 0.1000000015
22594  -37.174  -47.624  24.270 0.1000000015
15518  -33.769  -56.894  39.197 0.1000000015
22603  -37.497  -48.389  23.322 0.1000000015
13806  -36.872  -58.537  35.235 0.1000000015
13807  -37.465  -59.004  35.318 0.1000000015
14695  -35.572  -58.311  35.069 0.1000000015
16392  -32.707  -55.718  35.870 0.1000000015
14674  -36.891  -59.060  36.270 0.1000000015
13794  -36.041  -59.061  36.557 0.1000000015
22595  -38.322  -47.771  23.512 0.1000000015
12279  -36.389  -60.972  20.525 0.1000000015
11504  -35.773  -61.729  20.111 0.1000000015
6198  -40.621  -68.137  28.533 0.1000000015
6200  -40.184  -68.486  27.903 0.1000000015
6201  -40.796  -67.863  27.378 0.1000000015
5641  -40.200  -68.575  28.845 0.1000000015
6197  -40.172  -68.542  28.535 0.1000000015
5636  -39.890  -69.364  29.735 0.1000000015
5637  -40.318  -68.664  29.335 0.1000000015
5136  -39.356  -69.883  29.307 0.1000000015
5135  -39.153  -70.646  29.811 0.1000000015
3847  -33.707  -70.414  34.755 0.1000000015
4284  -34.922  -70.624  34.283 0.1000000015
3472  -35.489  -73.191  32.093 0.1000000015
3479  -35.638  -73.394  31.258 0.1000000015
3892  -36.254  -72.771  31.148 0.1000000015
6742  -41.310  -67.426  27.782 0.1000000015
3483  -35.724  -73.405  30.372 0.1000000015
6745  -41.439  -67.313  26.926 0.1000000015
3899  -36.208  -72.835  29.238 0.1000000015
3900  -36.659  -72.327  29.533 0.1000000015
4709  -37.781  -71.298  29.473 0.1000000015
4716  -38.648  -70.939  29.603 0.1000000015
5133  -39.595  -70.141  30.222 0.1000000015
6748  -41.343  -67.212  26.164 0.1000000015
3491  -35.862  -73.232  28.822 0.1000000015
4714  -37.474  -71.416  28.995 0.1000000015
4710  -38.124  -71.282  30.019 0.1000000015
4711  -38.751  -71.061  30.313 0.1000000015
3860  -35.058  -71.355  33.739 0.1000000015
3870  -34.939  -72.063  33.137 0.1000000015
3881  -36.051  -72.697  32.821 0.1000000015
6194  -40.932  -68.303  29.506 0.1000000015
6739  -41.144  -67.536  28.667 0.1000000015
3889  -36.170  -72.825  32.034 0.1000000015
4316  -37.491  -71.817  30.587 0.1000000015
4321  -37.716  -71.537  30.304 0.1000000015
4317  -37.975  -71.538  30.726 0.1000000015
4706  -38.408  -71.329  30.777 0.1000000015
5132  -39.135  -70.756  30.768 0.1000000015
4273  -35.388  -70.298  35.046 0.1000000015
3861  -35.429  -71.425  34.032 0.1000000015
4261  -35.507  -70.084  35.653 0.1000000015
6736  -40.983  -67.615  29.451 0.1000000015
4293  -36.394  -72.198  34.201 0.1000000015
5634  -40.450  -68.949  30.173 0.1000000015
3872  -36.429  -72.450  33.526 0.1000000015
6740  -41.437  -66.933  28.721 0.1000000015
3890  -36.858  -72.390  32.018 0.1000000015
3893  -37.080  -72.264  31.071 0.1000000015
4702  -38.487  -71.356  31.336 0.1000000015
4707  -38.707  -71.104  30.925 0.1000000015
4312  -37.776  -71.779  31.261 0.1000000015
4313  -38.199  -71.534  31.210 0.1000000015
4667  -35.916  -69.900  36.036 0.1000000015
6191  -40.864  -68.396  30.127 0.1000000015
4680  -36.040  -70.271  35.485 0.1000000015
5088  -35.685  -69.775  36.586 0.1000000015
5633  -39.853  -69.554  30.518 0.1000000015
4286  -36.748  -71.668  34.742 0.1000000015
4274  -36.384  -70.850  35.085 0.1000000015
6743  -41.670  -66.852  28.005 0.1000000015
3882  -36.707  -72.518  32.882 0.1000000015
5128  -39.010  -70.687  31.496 0.1000000015
4308  -37.561  -72.006  32.010 0.1000000015
4681  -36.679  -70.553  35.709 0.1000000015
4703  -38.751  -71.047  31.374 0.1000000015
4302  -37.877  -71.666  32.846 0.1000000015
4294  -37.087  -72.243  33.942 0.1000000015
4301  -37.352  -72.155  32.934 0.1000000015
5129  -39.476  -70.124  31.295 0.1000000015
5629  -39.888  -69.199  31.310 0.1000000015
4275  -37.034  -71.178  35.398 0.1000000015
4698  -38.514  -71.283  31.836 0.1000000015
4699  -38.707  -70.929  32.021 0.1000000015
5124  -38.888  -70.347  32.166 0.1000000015
4309  -38.162  -71.606  31.877 0.1000000015
4694  -38.342  -71.171  32.665 0.1000000015
5625  -39.551  -69.223  32.752 0.1000000015
5119  -38.636  -70.018  33.158 0.1000000015
5125  -38.998  -69.490  32.524 0.1000000015
4682  -37.290  -70.864  35.947 0.1000000015
4691  -38.484  -70.515  33.741 0.1000000015
4695  -38.560  -70.626  32.710 0.1000000015
4295  -37.693  -71.689  33.867 0.1000000015
5120  -38.882  -69.441  33.890 0.1000000015
4668  -36.959  -70.317  36.243 0.1000000015
4690  -38.170  -71.202  33.796 0.1000000015
4287  -37.472  -71.444  34.880 0.1000000015
6178  -39.111  -68.550  33.925 0.1000000015
4276  -37.467  -71.136  35.552 0.1000000015
4666  -34.713  -70.220  36.768 0.1000000015
5077  -33.961  -69.765  37.354 0.1000000015
5079  -36.232  -69.623  36.637 0.1000000015
5078  -34.791  -70.057  37.173 0.1000000015
3465  -35.570  -72.864  32.603 0.1000000015
3895  -36.340  -72.706  30.158 0.1000000015
3896  -36.950  -72.119  30.248 0.1000000015
4320  -37.326  -71.671  29.766 0.1000000015
5139  -38.842  -70.545  28.790 0.1000000015
3871  -35.696  -72.234  33.748 0.1000000015
4285  -35.892  -71.372  34.438 0.1000000015
5067  -33.599  -70.548  37.780 0.1000000015
3562  -34.767  -74.826  13.868 0.1000000015
3144  -35.356  -75.350  14.269 0.1000000015
3985  -33.076  -74.144  10.536 0.1000000015
3576  -32.312  -74.575  11.615 0.1000000015
3577  -33.244  -74.117  11.919 0.1000000015
3571  -33.069  -74.505  12.688 0.1000000015
3150  -34.669  -75.340  13.042 0.1000000015
3989  -32.989  -74.286  9.617 0.1000000015
4411  -33.574  -73.894  8.120 0.1000000015
3559  -34.792  -74.472  14.680 0.1000000015
3142  -35.636  -75.348  15.286 0.1000000015
3563  -33.794  -74.014  14.182 0.1000000015
3566  -33.600  -74.496  13.537 0.1000000015
3980  -33.355  -74.115  11.201 0.1000000015
3154  -33.641  -75.148  13.028 0.1000000015
3570  -32.604  -75.011  12.386 0.1000000015
3990  -33.705  -74.197  9.929 0.1000000015
4408  -34.456  -73.973  9.252 0.1000000015
4412  -34.501  -73.134  8.470 0.1000000015
4794  -34.169  -72.706  7.808 0.1000000015
4755  -34.134  -71.857  18.786 0.1000000015
4367  -35.135  -72.975  18.876 0.1000000015
4756  -34.707  -71.796  18.240 0.1000000015
3957  -33.847  -73.606  15.287 0.1000000015
3554  -34.864  -74.309  15.857 0.1000000015
3550  -35.821  -74.422  16.693 0.1000000015
3548  -35.506  -73.936  17.475 0.1000000015
3541  -35.406  -73.608  17.930 0.1000000015
3949  -35.312  -73.293  18.290 0.1000000015
3961  -33.881  -73.343  14.624 0.1000000015
3139  -36.087  -75.233  16.122 0.1000000015
3968  -33.426  -73.864  13.151 0.1000000015
5216  -34.785  -70.897  18.256 0.1000000015
5214  -33.276  -70.936  18.299 0.1000000015
3551  -34.529  -73.529  16.814 0.1000000015
3952  -34.665  -72.885  17.665 0.1000000015
3555  -33.644  -73.258  16.065 0.1000000015
3974  -33.799  -73.840  12.423 0.1000000015
3981  -34.282  -74.067  11.398 0.1000000015
3986  -34.257  -74.161  10.361 0.1000000015
4404  -34.768  -74.095  9.867 0.1000000015
4754  -34.577  -72.488  19.641 0.1000000015
4368  -34.826  -72.256  18.117 0.1000000015
3567  -33.599  -73.724  13.653 0.1000000015
4364  -35.071  -73.262  19.707 0.1000000015
3962  -34.348  -72.653  14.392 0.1000000015
4387  -35.620  -72.718  14.400 0.1000000015
3954  -33.500  -72.024  16.807 0.1000000015
3958  -33.733  -72.310  15.276 0.1000000015
3955  -34.311  -71.454  15.976 0.1000000015
4382  -34.881  -72.214  14.885 0.1000000015
4372  -34.703  -71.479  17.535 0.1000000015
4377  -34.662  -71.357  16.685 0.1000000015
3959  -34.913  -71.850  15.469 0.1000000015
2725  -34.863  -75.942  12.554 0.1000000015
3145  -35.441  -75.257  14.735 0.1000000015
3149  -34.226  -75.647  12.605 0.1000000015
3558  -35.130  -74.825  14.234 0.1000000015
3880  -35.520  -72.615  32.987 0.1000000015
4283  -34.152  -70.297  34.502 0.1000000015
5207  -32.815  -70.816  19.104 0.1000000015
5208  -33.185  -71.172  18.992 0.1000000015
5209  -33.750  -71.540  18.807 0.1000000015
5215  -33.903  -71.146  18.305 0.1000000015
5710  -32.664  -70.497  18.842 0.1000000015
5711  -32.971  -70.812  18.394 0.1000000015
5721  -33.290  -70.307  18.251 0.1000000015
6737  -41.319  -67.010  29.175 0.1000000015
6908  -35.302  -68.410  4.701 0.1000000015
7325  -36.435  -67.748  32.499 0.3000000119
7336  -36.104  -67.655  32.134 0.4000000060
7358  -36.631  -67.831  30.510 0.3000000119
7478  -39.936  -66.612  9.694 0.1000000015
7542  -36.328  -67.235  4.181 0.1000000015
7543  -36.936  -66.824  4.344 0.1000000015
8023  -36.666  -67.285  32.876 0.3000000119
8041  -34.438  -66.174  31.221 0.4000000060
8042  -34.875  -66.797  31.097 0.4000000060
8044  -37.207  -67.942  30.696 0.3000000119
8054  -34.912  -67.111  30.256 0.4000000060
8096  -43.252  -66.735  18.355 0.2000000030
8176  -39.556  -66.819  11.309 0.1000000015
8196  -39.705  -66.242  8.624 0.1000000015
8237  -37.578  -65.613  4.245 0.1000000015
8258  -36.424  -66.218  3.690 0.1000000015
8259  -36.897  -65.996  3.797 0.1000000015
8695  -36.247  -66.761  32.618 0.3000000119
8698  -39.153  -65.484  33.181 0.2000000030
8704  -34.553  -65.653  31.567 0.4000000060
8715  -33.593  -65.168  30.567 0.4000000060
8726  -33.856  -66.043  29.963 0.4000000060
8744  -39.599  -65.459  28.400 0.5000000000
8745  -42.856  -65.154  27.427 0.5000000000
8754  -43.782  -63.764  25.509 0.2000000030
8793  -43.080  -64.477  14.913 0.1000000015
8798  -40.579  -64.853  13.170 0.1000000015
8803  -40.333  -65.365  12.757 0.1000000015
8817  -40.562  -65.489  10.995 0.2000000030
8818  -40.888  -65.061  10.681 0.2000000030
8836  -41.001  -64.873  9.676 0.1000000015
8845  -39.690  -65.826  8.374 0.1000000015
8891  -36.538  -65.194  3.591 0.1000000015
9343  -38.950  -64.870  32.646 0.2000000030
9353  -35.000  -65.015  31.886 0.3000000119
9354  -35.766  -64.933  32.103 0.3000000119
9355  -36.693  -64.770  32.191 0.3000000119
9356  -37.512  -64.551  32.190 0.3000000119
9357  -38.333  -64.293  32.216 0.3000000119
9361  -41.548  -64.102  32.701 0.1000000015
9368  -33.504  -64.586  30.652 0.4000000060
9372  -37.243  -64.092  31.744 0.2000000030
9376  -42.364  -65.283  28.712 0.5000000000
9380  -32.498  -64.162  29.370 0.5000000000
9400  -42.241  -64.361  28.445 0.5000000000
9409  -39.410  -64.508  27.352 0.4000000060
9412  -43.571  -63.617  26.192 0.3000000119
9416  -37.092  -64.282  26.540 0.5000000000
9417  -43.425  -63.925  26.168 0.5000000000
9418  -43.711  -63.608  25.844 0.3000000119
9430  -44.455  -63.118  24.901 0.3000000119
9459  -44.034  -64.158  17.531 0.2000000030
9468  -40.563  -64.682  12.648 0.1000000015
9469  -40.892  -64.610  12.964 0.1000000015
9471  -43.280  -64.042  14.561 0.1000000015
9488  -40.652  -64.917  11.555 0.2000000030
9512  -41.024  -64.631  9.525 0.1000000015
9585  -36.354  -64.758  3.553 0.1000000015
9586  -37.274  -64.505  3.874 0.1000000015
9596  -36.171  -64.965  3.492 0.1000000015
10010  -41.162  -63.213  32.759 0.1000000015
10017  -38.894  -63.700  31.923 0.2000000030
10019  -40.665  -63.366  32.506 0.1000000015
10020  -41.277  -63.772  32.657 0.1000000015
10029  -38.157  -63.440  31.412 0.2000000030
10030  -39.210  -63.152  31.649 0.2000000030
10031  -39.876  -62.953  32.016 0.1000000015
10037  -35.702  -63.290  30.787 0.3000000119
10039  -37.339  -63.029  30.749 0.2000000030
10041  -42.433  -64.347  28.470 0.5000000000
10042  -42.360  -64.379  28.314 0.5000000000
10046  -40.391  -64.241  27.335 0.4000000060
10048  -41.703  -63.967  27.966 0.5000000000
10050  -42.651  -64.195  27.615 0.5000000000
10051  -42.828  -64.344  27.360 0.5000000000
10056  -35.483  -64.699  26.917 0.5000000000
10065  -43.115  -63.855  26.877 0.5000000000
10077  -37.800  -64.132  25.887 0.5000000000
10080  -40.245  -63.741  26.430 0.5000000000
10105  -38.671  -63.868  24.930 0.5000000000
10111  -37.135  -63.481  23.358 0.4000000060
10121  -39.277  -63.615  19.881 0.2000000030
10124  -38.467  -64.017  19.035 0.1000000015
10131  -38.920  -64.107  18.593 0.1000000015
10132  -39.724  -64.036  18.836 0.2000000030
10134  -40.906  -63.360  19.173 0.3000000119
10139  -40.185  -63.645  18.279 0.2000000030
10140  -40.589  -63.440  18.375 0.2000000030
10144  -43.955  -63.593  16.650 0.1000000015
10150  -43.732  -63.669  15.395 0.1000000015
10162  -41.820  -63.733  11.992 0.2000000030
10171  -41.618  -63.781  11.436 0.2000000030
10191  -41.224  -64.117  9.675 0.1000000015
10702  -41.454  -62.905  33.555 0.1000000015
10708  -41.381  -63.015  32.994 0.1000000015
10714  -40.409  -62.630  32.491 0.1000000015
10718  -34.018  -63.034  30.946 0.3000000119
10720  -35.328  -63.161  30.816 0.3000000119
10723  -39.914  -62.536  32.047 0.1000000015
10724  -40.394  -62.977  32.362 0.1000000015
10729  -34.501  -62.377  30.703 0.3000000119
10731  -36.811  -62.513  30.350 0.2000000030
10734  -39.084  -62.316  31.136 0.2000000030
10735  -39.468  -62.247  31.502 0.2000000030
10739  -42.554  -63.778  27.322 0.5000000000
10740  -42.759  -63.837  27.196 0.5000000000
10747  -42.945  -63.372  26.811 0.5000000000
10749  -43.960  -62.976  26.267 0.5000000000
10753  -31.578  -61.573  26.931 0.4000000060
10757  -41.726  -62.774  26.519 0.6000000238
10758  -42.211  -62.823  26.810 0.6000000238
10759  -43.927  -62.451  26.190 0.5000000000
10763  -32.291  -62.195  25.597 0.3000000119
10764  -32.649  -62.243  24.983 0.3000000119
10768  -44.439  -62.161  25.276 0.5000000000
10769  -33.155  -62.152  24.461 0.4000000060
10771  -37.492  -63.388  23.477 0.4000000060
10785  -37.422  -62.469  22.656 0.4000000060
10793  -38.177  -63.027  19.982 0.1000000015
10794  -38.759  -63.181  20.031 0.2000000030
10799  -44.467  -61.807  20.258 0.4000000060
10808  -38.665  -63.596  19.700 0.2000000030
10809  -40.468  -63.399  19.916 0.2000000030
10810  -41.126  -63.209  19.648 0.3000000119
10821  -41.360  -63.149  18.724 0.3000000119
10844  -43.866  -62.733  16.854 0.2000000030
10848  -44.019  -63.231  15.954 0.1000000015
10900  -42.761  -62.575  11.669 0.2000000030
10918  -42.345  -62.709  11.199 0.2000000030
10960  -39.373  -60.879  7.465 0.1000000015
11429  -41.117  -62.567  33.742 0.1000000015
11437  -40.822  -62.503  32.937 0.1000000015
11450  -38.163  -61.948  30.471 0.2000000030
11451  -38.819  -61.975  30.757 0.2000000030
11455  -31.641  -61.671  28.863 0.5000000000
11456  -32.003  -61.399  29.590 0.4000000060
11459  -42.866  -62.810  26.694 0.5000000000
11460  -43.360  -62.684  26.358 0.5000000000
11461  -43.726  -62.511  26.257 0.5000000000
11481  -35.744  -60.907  25.877 0.2000000030
11495  -40.473  -61.880  20.976 0.4000000060
11497  -41.201  -61.910  21.107 0.4000000060
11541  -43.475  -62.405  16.953 0.2000000030
11606  -43.081  -61.776  14.646 0.1000000015
11632  -43.361  -61.873  13.870 0.1000000015
11652  -41.303  -61.326  11.903 0.1000000015
11668  -34.367  -61.528  9.798 0.1000000015
11673  -42.637  -61.801  11.599 0.1000000015
11687  -34.557  -62.578  9.271 0.1000000015
11688  -35.122  -61.800  9.158 0.1000000015
11693  -42.684  -62.292  11.420 0.1000000015
11707  -40.544  -60.353  8.277 0.1000000015
11731  -38.794  -61.352  6.783 0.1000000015
11733  -39.622  -60.360  7.149 0.1000000015
12235  -39.239  -61.613  31.441 0.2000000030
12247  -37.863  -61.332  30.470 0.2000000030
12249  -38.955  -61.659  30.997 0.2000000030
12259  -34.617  -60.570  26.548 0.2000000030
12283  -40.253  -61.797  20.979 0.3000000119
12326  -42.185  -61.502  14.800 0.1000000015
12327  -42.510  -61.558  14.786 0.1000000015
12338  -42.646  -61.302  14.386 0.1000000015
12349  -39.914  -61.274  13.187 0.1000000015
12352  -42.428  -60.859  13.684 0.2000000030
12353  -43.014  -61.272  13.647 0.2000000030
12366  -41.494  -60.890  12.560 0.1000000015
12382  -36.546  -60.205  10.148 0.1000000015
12391  -37.157  -60.277  9.749 0.1000000015
12401  -40.872  -60.214  9.342 0.1000000015
12402  -41.355  -60.189  8.898 0.1000000015
12409  -41.171  -60.230  8.119 0.1000000015
12420  -40.844  -60.048  7.501 0.1000000015
12434  -39.127  -60.219  6.659 0.1000000015
12454  -37.611  -60.402  5.754 0.1000000015
12950  -37.970  -60.209  34.725 0.1000000015
12969  -36.037  -59.288  33.262 0.3000000119
12991  -38.292  -60.831  31.280 0.3000000119
13000  -31.095  -58.759  28.687 0.4000000060
13008  -38.271  -61.101  30.815 0.2000000030
13014  -31.276  -59.934  28.865 0.4000000060
13015  -31.653  -60.392  29.346 0.4000000060
13016  -31.344  -59.623  27.145 0.4000000060
13026  -32.101  -59.548  26.619 0.3000000119
13030  -36.110  -59.876  26.835 0.2000000030
13207  -34.589  -60.461  10.607 0.1000000015
13208  -35.203  -60.225  10.751 0.1000000015
13222  -38.149  -59.962  9.993 0.1000000015
13225  -41.848  -59.268  10.807 0.1000000015
13232  -41.037  -60.023  9.792 0.1000000015
13234  -42.319  -59.164  9.801 0.1000000015
13245  -42.581  -58.932  8.894 0.1000000015
13258  -40.734  -59.742  7.196 0.1000000015
13275  -40.943  -58.906  6.868 0.1000000015
13291  -38.760  -59.713  6.287 0.1000000015
13795  -36.535  -59.367  36.509 0.1000000015
13825  -34.247  -58.472  33.717 0.3000000119
13827  -35.864  -59.045  33.779 0.3000000119
13828  -36.544  -59.242  34.137 0.2000000030
13829  -37.042  -59.563  34.310 0.1000000015
13838  -36.266  -59.466  32.548 0.3000000119
13845  -36.137  -58.707  31.823 0.3000000119
13853  -36.405  -58.358  31.211 0.3000000119
13862  -31.178  -58.485  29.004 0.4000000060
13868  -36.637  -59.080  30.694 0.3000000119
13887  -33.681  -58.509  26.877 0.2000000030
13901  -40.930  -57.396  23.466 0.1000000015
13926  -34.158  -58.659  21.902 0.1000000015
14064  -40.487  -58.488  12.948 0.1000000015
14066  -41.795  -57.630  12.069 0.1000000015
14076  -41.563  -58.656  11.840 0.1000000015
14088  -42.238  -58.766  10.817 0.1000000015
14089  -42.442  -58.459  10.428 0.1000000015
14128  -42.575  -58.206  8.648 0.1000000015
14145  -41.029  -58.042  7.191 0.1000000015
14147  -42.234  -57.978  7.960 0.1000000015
14169  -41.164  -58.683  7.038 0.1000000015
14684  -36.148  -58.403  35.639 0.1000000015
14685  -36.952  -58.766  35.866 0.1000000015
14703  -33.537  -58.155  33.684 0.3000000119
14713  -35.746  -58.397  32.132 0.3000000119
14734  -31.242  -57.785  29.131 0.4000000060
14739  -35.930  -57.680  30.457 0.3000000119
14750  -31.493  -57.515  27.414 0.3000000119
14751  -33.728  -57.680  26.976 0.1000000015
14752  -34.234  -57.468  27.014 0.2000000030
14765  -32.090  -57.483  26.981 0.3000000119
14779  -35.279  -57.456  24.179 0.1000000015
14795  -41.918  -57.832  23.653 0.1000000015
14822  -40.982  -56.781  21.018 0.1000000015
14852  -40.479  -57.552  19.830 0.1000000015
14919  -40.998  -56.777  13.384 0.1000000015
14946  -42.051  -57.132  11.677 0.1000000015
14947  -42.439  -57.367  10.945 0.1000000015
14968  -42.524  -57.657  10.134 0.1000000015
14995  -38.947  -56.973  9.373 0.1000000015
14996  -42.139  -57.173  9.053 0.1000000015
15017  -40.397  -57.251  8.429 0.1000000015
15018  -41.263  -57.331  8.374 0.1000000015
15020  -42.271  -57.643  8.563 0.1000000015
15037  -41.675  -57.680  7.933 0.1000000015
15038  -42.061  -57.636  8.188 0.1000000015
15056  -40.241  -57.867  7.281 0.1000000015
15564  -33.317  -57.467  35.213 0.1000000015
15583  -34.830  -57.028  31.493 0.3000000119
15591  -38.884  -55.708  31.304 0.1000000015
15595  -31.118  -57.213  28.905 0.4000000060
15602  -31.090  -56.799  28.476 0.4000000060
15610  -31.274  -56.818  27.781 0.4000000060
15613  -34.418  -56.607  26.899 0.1000000015
15629  -33.848  -56.458  26.858 0.1000000015
15631  -37.443  -55.847  26.510 0.1000000015
15633  -39.390  -55.566  26.529 0.1000000015
15653  -37.791  -56.436  23.994 0.1000000015
15663  -35.151  -56.757  23.967 0.1000000015
15664  -36.200  -56.176  24.017 0.1000000015
15677  -33.718  -56.765  22.613 0.1000000015
15680  -37.631  -55.633  22.976 0.1000000015
15698  -37.990  -55.564  21.223 0.1000000015
15716  -40.445  -56.706  20.723 0.1000000015
15725  -37.715  -56.350  20.041 0.1000000015
15820  -39.491  -55.986  11.418 0.1000000015
15823  -42.189  -56.565  11.119 0.1000000015
15846  -39.150  -56.117  10.948 0.1000000015
15848  -41.446  -55.980  10.794 0.1000000015
15871  -40.701  -56.444  9.913 0.1000000015
15873  -42.263  -57.169  9.679 0.1000000015
15886  -40.077  -56.814  9.239 0.1000000015
15888  -41.633  -57.034  8.880 0.1000000015
16377  -33.076  -55.101  36.247 0.1000000015
16425  -32.219  -54.893  32.804 0.3000000119
16427  -33.422  -56.301  32.094 0.3000000119
16435  -38.014  -55.014  31.163 0.1000000015
16450  -33.379  -55.977  30.321 0.3000000119
16458  -31.249  -56.102  28.677 0.3000000119
16466  -31.350  -55.948  27.709 0.4000000060
16467  -34.380  -56.133  26.757 0.1000000015
16469  -35.599  -55.896  26.747 0.1000000015
16481  -37.098  -55.362  26.059 0.1000000015
16483  -38.834  -55.001  26.214 0.1000000015
16498  -36.355  -55.573  23.304 0.1000000015
16505  -34.617  -55.599  22.753 0.1000000015
16508  -37.503  -55.361  22.296 0.1000000015
16509  -38.055  -55.431  21.892 0.1000000015
16517  -35.908  -55.271  21.667 0.1000000015
16519  -37.778  -55.437  21.508 0.1000000015
16520  -38.089  -55.499  21.635 0.1000000015
16526  -36.176  -55.417  20.980 0.1000000015
16528  -37.330  -55.400  21.223 0.1000000015
16641  -41.118  -55.625  11.690 0.1000000015
16659  -38.842  -55.966  11.361 0.1000000015
16660  -40.816  -55.702  11.224 0.1000000015
17291  -37.502  -54.092  32.442 0.1000000015
17295  -31.916  -54.069  32.225 0.3000000119
17303  -31.985  -54.369  30.317 0.3000000119
17335  -37.533  -54.800  25.609 0.1000000015
17336  -38.371  -54.623  25.698 0.1000000015
17339  -40.177  -54.343  25.254 0.1000000015
17342  -35.651  -53.843  25.249 0.1000000015
17346  -38.683  -54.046  25.227 0.1000000015
17347  -39.466  -53.939  24.947 0.1000000015
17465  -38.608  -55.311  13.758 0.1000000015
17480  -37.928  -55.028  12.880 0.1000000015
17498  -37.448  -55.069  12.614 0.1000000015
18107  -32.000  -53.533  34.444 0.2000000030
18133  -31.412  -52.542  32.901 0.2000000030
18198  -36.690  -53.661  24.770 0.1000000015
18199  -37.494  -53.771  24.683 0.1000000015
18200  -38.250  -53.804  24.666 0.1000000015
18207  -36.283  -53.045  24.386 0.1000000015
18210  -38.565  -53.510  24.155 0.1000000015
18211  -39.136  -53.580  24.205 0.1000000015
18220  -38.367  -53.127  23.669 0.1000000015
18313  -34.862  -53.667  15.546 0.1000000015
18989  -33.505  -52.231  34.307 0.2000000030
19007  -33.107  -51.879  34.078 0.1000000015
19016  -31.430  -52.013  33.007 0.2000000030
19029  -31.355  -51.850  32.391 0.2000000030
19030  -31.440  -52.370  31.857 0.2000000030
19060  -31.328  -52.125  28.959 0.2000000030
19075  -31.435  -51.862  28.732 0.2000000030
19099  -32.402  -52.299  26.383 0.3000000119
19101  -33.690  -52.936  25.579 0.1000000015
19106  -33.306  -51.787  25.453 0.2000000030
19122  -34.990  -52.135  24.382 0.1000000015
19123  -35.872  -52.329  23.952 0.1000000015
19124  -36.658  -52.626  23.904 0.1000000015
19125  -37.308  -52.797  23.810 0.1000000015
19138  -37.031  -52.163  23.494 0.1000000015
19140  -38.642  -52.729  23.263 0.1000000015
19885  -31.869  -51.631  33.361 0.2000000030
19902  -33.047  -50.749  33.092 0.1000000015
19912  -31.303  -51.339  31.824 0.2000000030
19923  -31.370  -51.066  31.481 0.2000000030
19939  -31.405  -51.984  29.318 0.2000000030
19977  -32.463  -50.893  26.737 0.3000000119
19986  -32.379  -51.775  26.489 0.3000000119
19995  -34.265  -51.323  24.778 0.2000000030
20006  -34.836  -51.321  24.409 0.2000000030
20008  -35.992  -51.833  23.545 0.1000000015
20018  -35.927  -50.838  23.515 0.1000000015
20100  -34.445  -51.571  15.313 0.1000000015
20129  -37.667  -50.773  12.292 0.1000000015
20169  -36.958  -51.378  11.263 0.1000000015
20186  -35.503  -51.644  10.862 0.1000000015
20187  -35.724  -51.545  10.936 0.1000000015
20752  -31.672  -50.862  32.401 0.2000000030
20753  -31.892  -50.649  32.453 0.2000000030
20755  -33.339  -50.321  32.445 0.1000000015
20766  -31.548  -50.731  32.147 0.2000000030
20810  -32.135  -50.329  28.146 0.3000000119
20844  -33.166  -50.012  25.992 0.2000000030
20867  -34.576  -50.728  24.603 0.2000000030
20878  -35.648  -50.331  23.767 0.1000000015
20881  -37.892  -50.515  22.784 0.1000000015
20972  -36.477  -50.026  14.300 0.1000000015
20987  -37.555  -50.461  13.065 0.1000000015
21001  -37.677  -50.598  12.643 0.1000000015
21002  -38.222  -50.507  12.376 0.1000000015
21003  -38.820  -50.512  12.087 0.1000000015
21021  -38.291  -50.773  11.969 0.1000000015
21644  -33.314  -49.245  31.343 0.1000000015
21680  -34.747  -48.536  29.565 0.1000000015
21697  -35.075  -48.268  29.020 0.1000000015
21715  -32.451  -49.784  27.814 0.2000000030
21735  -33.307  -49.141  26.407 0.2000000030
21736  -33.834  -48.871  25.830 0.2000000030
21759  -34.625  -49.939  24.652 0.2000000030
21771  -35.950  -49.553  23.687 0.1000000015
21773  -37.499  -49.393  22.878 0.1000000015
21883  -38.083  -50.093  13.025 0.1000000015
22526  -34.036  -47.968  28.985 0.3000000119
22527  -34.235  -48.087  29.228 0.1000000015
22695  -35.790  -48.349  15.260 0.1000000015
22711  -38.256  -49.841  13.056 0.1000000015
23554  -38.570  -49.262  12.809 0.1000000015
107426  -40.714  -64.717  9.066 0.1000000015
107427  -38.259  -60.768  8.895 0.1000000015
107428  -37.859  -60.826  9.041 0.1000000015
107429  -37.641  -60.811  9.111 0.1000000015
107430  -40.436  -60.261  8.672 0.1000000015
107458  -38.676  -62.625  23.532 0.5000000000
107460  -38.360  -62.336  23.156 0.5000000000
107461  -38.849  -62.185  23.368 0.5000000000
107462  -37.646  -61.966  22.581 0.5000000000
107463  -38.062  -61.967  22.831 0.5000000000
107464  -36.795  -61.641  22.288 0.4000000060
107505  -41.438  -57.930  23.984 0.1000000015
107536  -40.691  -54.388  24.928 0.1000000015
107558  -40.197  -53.917  24.379 0.1000000015
107584  -39.346  -53.288  23.568 0.1000000015
107605  -44.453  -52.050  24.876 0.1000000015
107608  -39.024  -52.940  23.275 0.1000000015
107609  -39.265  -52.962  23.215 0.1000000015
107610  -40.394  -51.569  22.387 0.1000000015
107624  -38.899  -52.547  23.042 0.1000000015
107625  -39.129  -52.644  23.045 0.1000000015
107627  -42.247  -49.990  20.937 0.1000000015
107629  -41.201  -52.258  22.476 0.1000000015
107644  -39.534  -50.623  22.303 0.1000000015
107645  -40.073  -50.529  22.177 0.1000000015
107646  -40.738  -50.533  21.853 0.1000000015
107648  -42.626  -50.483  21.013 0.1000000015
107649  -42.915  -49.686  21.321 0.1000000015
107665  -39.897  -50.056  22.071 0.1000000015
107667  -42.704  -48.865  22.156 0.1000000015
107676  -40.646  -49.054  21.824 0.1000000015
107681  -43.333  -50.328  22.501 0.1000000015
108422  -39.379  -49.053  12.100 0.1000000015
