#!ascii label  , from subject 3253 vox2ras=TkReg
487
50989  17.787  -7.812  3.389 0.0000000000
54290  21.314  -2.838  5.183 0.0000000000
61016  18.680  7.408  1.485 0.0000000000
59267  15.387  4.785  3.718 0.0000000000
45887  20.493  -14.955  5.492 0.0000000000
47116  22.956  -12.807  3.438 0.0000000000
52349  19.502  -5.311  2.687 0.0000000000
56462  16.400  0.297  2.866 0.0000000000
58471  20.002  3.602  4.227 0.0000000000
61846  24.368  7.728  4.572 0.0000000000
63552  18.604  10.827  2.209 0.0000000000
48308  19.142  -11.526  5.124 0.0000000000
46491  21.452  -13.828  4.947 0.0000000000
49650  20.609  -10.170  4.515 0.0000000000
55009  15.794  -1.515  2.704 0.0000000000
56464  14.273  0.986  3.442 0.0000000000
60129  17.159  5.900  3.142 0.0000000000
58500  18.284  4.114  3.261 0.0000000000
59303  19.644  5.261  2.223 0.0000000000
60101  21.981  5.748  4.221 0.0000000000
61884  21.462  7.311  3.208 0.0000000000
65053  17.659  11.403  3.825 0.0000000000
64296  17.825  10.659  3.162 0.0000000000
103278  17.872  12.705  1.235 0.0000000000
53667  20.486  -3.816  2.959 0.0000000000
51042  23.098  -7.161  3.327 0.0000000000
52378  24.006  -5.732  2.390 0.0000000000
61887  17.313  7.173  3.237 0.0000000000
55718  23.737  -0.829  4.258 0.0000000000
52353  16.434  -5.216  3.154 0.0000000000
51024  18.964  -6.985  2.810 0.0000000000
53686  16.555  -3.453  2.448 0.0000000000
54340  17.664  -2.411  2.473 0.0000000000
55737  19.123  -0.840  3.481 0.0000000000
57827  16.260  2.717  3.641 0.0000000000
57133  18.346  1.839  3.675 0.0000000000
56444  20.485  0.264  4.538 0.0000000000
57813  23.788  2.316  4.822 0.0000000000
62721  17.762  8.683  3.620 0.0000000000
62753  18.679  9.244  1.794 0.0000000000
65915  20.208  12.928  -0.390 0.0000000000
65077  19.803  11.702  2.323 0.0000000000
64281  20.744  10.230  3.420 0.0000000000
64262  23.725  10.369  4.503 0.0000000000
49696  22.197  -8.755  3.785 0.0000000000
51004  16.732  -6.904  3.423 0.0000000000
50345  17.867  -8.731  3.770 0.0000000000
49665  19.003  -10.115  3.958 0.0000000000
48962  19.887  -10.566  4.880 0.0000000000
50344  18.950  -9.215  3.712 0.0000000000
60128  17.892  6.288  2.684 0.0000000000
60143  18.471  5.789  2.440 0.0000000000
60142  18.997  5.990  2.151 0.0000000000
60986  20.324  6.495  2.500 0.0000000000
61902  20.192  7.731  2.230 0.0000000000
66676  18.310  12.476  2.220 0.0000000000
103275  18.251  12.003  2.444 0.0000000000
103281  17.514  12.901  1.089 0.0000000000
54318  20.518  -3.484  4.160 0.0000000000
53023  22.534  -4.891  3.848 0.0000000000
53680  22.841  -4.380  3.891 0.0000000000
60962  15.819  6.746  3.767 0.0000000000
61867  15.120  7.421  4.203 0.0000000000
46473  19.341  -13.773  5.982 0.0000000000
44620  19.789  -16.169  5.510 0.0000000000
43964  20.368  -17.218  5.145 0.0000000000
44618  20.837  -16.615  4.653 0.0000000000
46490  22.216  -13.585  4.399 0.0000000000
45260  22.168  -15.657  4.485 0.0000000000
53015  16.614  -4.336  2.426 0.0000000000
54307  15.886  -3.298  2.756 0.0000000000
55739  16.463  -0.836  2.773 0.0000000000
55008  16.575  -1.764  2.617 0.0000000000
55756  17.177  -0.692  2.677 0.0000000000
55021  18.426  -1.562  2.449 0.0000000000
56478  17.558  -0.176  2.932 0.0000000000
57828  15.271  2.912  3.852 0.0000000000
58482  15.857  3.794  3.706 0.0000000000
57839  18.815  3.655  3.497 0.0000000000
57825  18.207  3.042  3.512 0.0000000000
57824  18.857  2.757  3.764 0.0000000000
57132  19.074  1.655  3.915 0.0000000000
57816  20.379  2.535  4.378 0.0000000000
57122  21.711  1.467  5.229 0.0000000000
58469  21.577  3.535  5.197 0.0000000000
60940  23.222  6.545  4.663 0.0000000000
59245  24.372  5.063  4.626 0.0000000000
103272  17.987  10.482  2.558 0.0000000000
63523  17.463  9.522  3.796 0.0000000000
63553  18.024  9.714  2.348 0.0000000000
62737  17.855  8.636  2.599 0.0000000000
65065  20.208  11.279  2.670 0.0000000000
65051  21.144  11.369  3.471 0.0000000000
64264  21.924  10.222  4.394 0.0000000000
51684  19.177  -5.924  2.655 0.0000000000
51000  20.136  -7.939  3.912 0.0000000000
51022  20.704  -7.087  4.198 0.0000000000
51021  23.876  -7.788  2.519 0.0000000000
49694  23.661  -9.260  2.988 0.0000000000
47668  18.944  -12.458  5.107 0.0000000000
47108  20.183  -13.678  5.741 0.0000000000
45886  21.095  -14.860  4.965 0.0000000000
47088  20.411  -13.165  5.475 0.0000000000
47665  21.315  -11.942  4.520 0.0000000000
48320  21.947  -11.390  3.903 0.0000000000
55758  14.128  -0.679  3.124 0.0000000000
55741  14.579  -0.250  2.988 0.0000000000
56463  15.285  0.597  3.043 0.0000000000
59289  16.803  5.224  3.261 0.0000000000
58481  17.019  3.955  3.488 0.0000000000
59288  17.856  5.074  3.189 0.0000000000
59286  19.160  4.744  2.576 0.0000000000
59285  19.673  4.934  2.747 0.0000000000
59248  20.848  4.345  4.683 0.0000000000
60103  20.691  5.327  3.575 0.0000000000
60960  21.793  6.509  3.727 0.0000000000
61848  22.591  7.791  4.577 0.0000000000
64266  16.404  10.958  4.284 0.0000000000
64283  17.015  10.509  4.101 0.0000000000
103277  18.461  12.241  1.791 0.0000000000
53012  19.973  -4.533  2.667 0.0000000000
51703  21.086  -6.169  4.167 0.0000000000
52359  21.347  -5.410  4.047 0.0000000000
51725  23.375  -6.575  3.104 0.0000000000
60130  16.415  5.710  3.247 0.0000000000
60988  17.355  6.725  3.031 0.0000000000
60987  17.728  7.054  2.325 0.0000000000
44617  21.641  -16.677  4.529 0.0000000000
54994  22.636  -2.090  4.761 0.0000000000
54336  23.545  -3.619  3.801 0.0000000000
51003  17.274  -7.181  3.106 0.0000000000
51002  18.206  -7.216  2.908 0.0000000000
51686  17.562  -6.170  2.753 0.0000000000
52351  17.682  -5.202  2.366 0.0000000000
53027  17.642  -4.334  2.263 0.0000000000
54322  16.185  -2.725  2.565 0.0000000000
54341  16.995  -2.958  2.423 0.0000000000
53683  18.342  -3.378  2.480 0.0000000000
54339  18.804  -2.614  2.511 0.0000000000
55005  19.652  -1.991  3.487 0.0000000000
54996  20.323  -2.328  4.510 0.0000000000
57147  15.073  1.471  3.617 0.0000000000
57145  16.778  1.263  3.108 0.0000000000
57826  17.258  2.849  3.489 0.0000000000
57134  17.486  1.796  3.484 0.0000000000
56447  17.902  1.050  3.492 0.0000000000
56446  18.522  0.811  3.613 0.0000000000
56445  19.313  0.296  3.984 0.0000000000
55721  20.948  -0.988  4.833 0.0000000000
56428  22.129  0.340  5.286 0.0000000000
57120  23.781  1.011  4.711 0.0000000000
58468  22.918  3.581  5.268 0.0000000000
61865  17.332  7.654  3.640 0.0000000000
61905  17.793  7.871  1.963 0.0000000000
62766  18.783  8.528  1.499 0.0000000000
103280  18.235  12.599  1.156 0.0000000000
65916  19.030  12.686  1.110 0.0000000000
65893  19.989  12.354  1.994 0.0000000000
103269  19.168  11.230  2.172 0.0000000000
64295  19.509  10.600  2.387 0.0000000000
63550  19.524  9.350  2.190 0.0000000000
62751  19.808  8.610  2.164 0.0000000000
62719  20.702  8.682  3.400 0.0000000000
63502  22.412  9.370  4.581 0.0000000000
63499  24.971  9.116  4.302 0.0000000000
50987  19.433  -8.427  3.664 0.0000000000
49662  21.499  -9.903  4.120 0.0000000000
48335  22.418  -10.777  3.290 0.0000000000
50377  22.712  -8.377  3.664 0.0000000000
49003  23.081  -9.957  2.894 0.0000000000
50358  17.319  -7.985  3.564 0.0000000000
49666  18.276  -9.821  4.068 0.0000000000
61006  18.303  6.944  1.787 0.0000000000
61005  19.139  6.909  1.778 0.0000000000
61004  19.880  6.862  2.190 0.0000000000
61903  19.497  7.801  1.768 0.0000000000
54306  20.906  -3.149  5.028 0.0000000000
54337  21.924  -4.020  4.373 0.0000000000
54317  21.865  -3.549  4.694 0.0000000000
45888  20.031  -15.000  6.058 0.0000000000
45263  20.141  -15.634  5.432 0.0000000000
44619  20.224  -16.376  5.048 0.0000000000
43963  21.098  -17.660  4.979 0.0000000000
45262  20.638  -15.704  4.892 0.0000000000
46502  22.769  -13.342  3.963 0.0000000000
45896  22.578  -13.917  4.328 0.0000000000
45895  22.927  -13.722  4.101 0.0000000000
46501  23.399  -13.246  3.690 0.0000000000
54308  15.502  -3.001  3.104 0.0000000000
55757  16.776  -0.327  2.775 0.0000000000
56479  17.053  -0.032  2.768 0.0000000000
58483  14.860  3.763  3.972 0.0000000000
57838  19.124  3.569  3.723 0.0000000000
57823  19.510  2.811  4.056 0.0000000000
58470  20.686  3.409  4.648 0.0000000000
60939  24.103  6.748  4.618 0.0000000000
60084  24.736  5.938  4.270 0.0000000000
63539  17.859  9.708  2.954 0.0000000000
65050  21.756  11.998  4.114 0.0000000000
65034  22.166  11.293  4.387 0.0000000000
51704  19.955  -6.203  3.266 0.0000000000
49692  24.779  -9.133  2.251 0.0000000000
48963  18.521  -11.050  4.866 0.0000000000
48309  18.438  -11.667  5.026 0.0000000000
47089  19.614  -13.248  5.666 0.0000000000
47667  19.793  -12.328  5.407 0.0000000000
47107  20.404  -13.691  5.632 0.0000000000
49651  20.204  -10.343  4.648 0.0000000000
48306  20.845  -11.395  4.694 0.0000000000
48960  21.268  -10.672  4.374 0.0000000000
59265  17.005  4.724  3.327 0.0000000000
59304  19.385  5.251  2.211 0.0000000000
59305  18.871  5.203  2.254 0.0000000000
60126  20.327  5.748  2.892 0.0000000000
60984  21.351  6.467  3.162 0.0000000000
61863  21.980  7.393  4.182 0.0000000000
65873  18.290  11.998  3.732 0.0000000000
65036  16.931  11.435  4.376 0.0000000000
103274  18.246  11.746  2.264 0.0000000000
53025  20.702  -4.734  3.503 0.0000000000
53042  23.218  -5.331  3.585 0.0000000000
52380  23.102  -5.641  3.616 0.0000000000
52379  23.490  -5.874  3.205 0.0000000000
51045  23.930  -6.831  2.199 0.0000000000
60105  14.642  5.584  3.944 0.0000000000
59290  16.080  5.237  3.337 0.0000000000
60104  15.609  5.854  3.483 0.0000000000
60961  16.755  6.976  3.520 0.0000000000
60989  16.502  6.309  3.311 0.0000000000
45261  21.373  -15.725  4.586 0.0000000000
44598  22.841  -16.578  5.356 0.0000000000
55719  22.998  -1.000  4.826 0.0000000000
51687  16.953  -6.097  3.116 0.0000000000
52352  16.894  -5.143  2.460 0.0000000000
53669  16.662  -3.929  2.325 0.0000000000
52362  17.186  -4.889  2.167 0.0000000000
53028  16.985  -4.452  2.097 0.0000000000
53685  16.984  -3.665  2.209 0.0000000000
55010  15.005  -1.142  2.883 0.0000000000
54323  15.085  -2.093  2.966 0.0000000000
55007  17.152  -1.899  2.584 0.0000000000
54321  16.956  -2.323  2.548 0.0000000000
53668  19.346  -3.585  2.582 0.0000000000
55754  18.541  -0.724  2.888 0.0000000000
55020  19.081  -1.345  2.831 0.0000000000
57841  15.523  2.124  3.755 0.0000000000
57146  15.985  1.538  3.143 0.0000000000
57135  16.749  2.010  3.395 0.0000000000
58501  17.753  4.194  3.358 0.0000000000
58480  17.735  3.623  3.442 0.0000000000
57131  19.949  1.499  4.186 0.0000000000
55722  19.894  -1.062  4.352 0.0000000000
56443  21.337  -0.106  4.930 0.0000000000
56429  21.263  0.692  4.974 0.0000000000
57814  22.327  2.450  5.359 0.0000000000
57121  22.832  1.315  5.202 0.0000000000
57812  24.522  1.420  4.430 0.0000000000
59263  21.046  5.098  4.139 0.0000000000
59247  21.993  4.815  4.855 0.0000000000
63524  16.424  9.392  4.010 0.0000000000
62705  17.772  8.857  4.084 0.0000000000
63506  16.956  9.068  4.012 0.0000000000
62722  16.832  8.462  4.052 0.0000000000
61866  16.132  7.577  4.105 0.0000000000
61864  17.874  8.041  3.174 0.0000000000
62754  18.112  8.952  1.819 0.0000000000
62768  18.138  8.534  1.523 0.0000000000
61918  18.198  8.058  1.516 0.0000000000
62767  18.387  8.548  1.501 0.0000000000
66706  18.833  13.081  -0.396 0.0000000000
65925  19.455  12.876  -0.489 0.0000000000
65882  20.727  12.679  2.718 0.0000000000
103273  19.467  11.886  2.071 0.0000000000
103270  19.645  11.250  2.369 0.0000000000
64282  20.261  10.267  2.968 0.0000000000
64294  19.862  10.403  2.609 0.0000000000
63537  19.925  9.477  2.635 0.0000000000
62736  20.413  8.495  2.739 0.0000000000
63521  20.409  9.401  3.202 0.0000000000
64263  22.801  10.324  4.526 0.0000000000
63503  21.520  9.298  4.343 0.0000000000
63501  23.386  9.454  4.625 0.0000000000
63500  24.472  9.563  4.496 0.0000000000
51001  19.122  -7.604  3.357 0.0000000000
50357  20.737  -8.708  4.091 0.0000000000
49679  21.650  -9.148  3.899 0.0000000000
48973  21.944  -10.439  3.751 0.0000000000
49678  22.052  -9.777  3.647 0.0000000000
51727  22.013  -6.539  4.382 0.0000000000
51044  21.577  -6.858  4.367 0.0000000000
50395  22.526  -7.676  3.854 0.0000000000
49002  23.607  -10.050  2.439 0.0000000000
48343  23.667  -10.982  2.098 0.0000000000
48344  22.883  -10.907  2.612 0.0000000000
48975  18.645  -10.511  4.443 0.0000000000
48322  18.972  -10.853  4.871 0.0000000000
48321  19.443  -10.887  5.093 0.0000000000
48974  19.286  -10.488  4.559 0.0000000000
49664  19.811  -9.920  4.297 0.0000000000
60141  19.626  5.911  2.331 0.0000000000
60127  20.025  6.231  2.457 0.0000000000
61003  20.455  7.056  2.402 0.0000000000
61885  20.853  7.574  2.598 0.0000000000
65067  18.142  11.789  2.935 0.0000000000
103276  18.126  12.502  1.660 0.0000000000
53682  20.861  -4.353  3.955 0.0000000000
54338  21.103  -4.218  4.399 0.0000000000
53022  23.351  -4.854  3.601 0.0000000000
47090  18.739  -13.214  5.553 0.0000000000
46474  18.694  -14.069  6.110 0.0000000000
46494  19.520  -14.396  6.132 0.0000000000
45889  19.287  -14.950  6.200 0.0000000000
43351  20.930  -18.302  5.598 0.0000000000
43940  20.890  -17.962  5.332 0.0000000000
43374  21.247  -17.984  5.424 0.0000000000
45885  21.951  -14.601  4.513 0.0000000000
53016  16.299  -4.430  2.802 0.0000000000
53660  15.829  -3.735  3.005 0.0000000000
53670  16.261  -3.704  2.593 0.0000000000
55740  15.591  -0.494  2.906 0.0000000000
55738  16.976  -1.321  2.649 0.0000000000
55022  17.549  -1.427  2.538 0.0000000000
55755  17.921  -0.736  2.538 0.0000000000
56476  18.382  -0.427  3.120 0.0000000000
57840  18.586  3.781  3.360 0.0000000000
57123  20.822  1.490  4.687 0.0000000000
57815  21.242  2.477  4.880 0.0000000000
60086  22.831  5.668  4.756 0.0000000000
60085  23.845  5.765  4.786 0.0000000000
103271  17.831  10.277  2.839 0.0000000000
65883  20.332  12.040  2.588 0.0000000000
65064  20.570  11.851  2.891 0.0000000000
65052  20.637  10.773  3.074 0.0000000000
64265  21.265  10.211  3.956 0.0000000000
65035  21.569  10.794  4.125 0.0000000000
51685  18.467  -6.202  2.635 0.0000000000
51023  19.649  -7.035  3.376 0.0000000000
50378  21.592  -8.179  4.228 0.0000000000
50393  23.722  -7.929  2.835 0.0000000000
50394  23.307  -7.817  3.275 0.0000000000
50375  23.943  -8.335  2.650 0.0000000000
49001  24.291  -10.077  2.077 0.0000000000
46493  20.041  -14.167  5.908 0.0000000000
46492  20.672  -14.087  5.511 0.0000000000
46472  20.579  -13.647  5.533 0.0000000000
47666  20.625  -12.189  5.074 0.0000000000
47087  21.238  -12.870  4.938 0.0000000000
47106  21.866  -13.074  4.505 0.0000000000
47679  21.889  -12.323  4.254 0.0000000000
47678  22.332  -11.927  3.645 0.0000000000
59266  16.347  4.624  3.449 0.0000000000
59306  18.514  5.196  2.583 0.0000000000
59287  18.660  4.783  2.786 0.0000000000
58499  18.833  4.319  3.173 0.0000000000
58498  19.154  4.349  3.267 0.0000000000
58479  19.480  4.116  3.750 0.0000000000
59249  20.283  4.058  4.468 0.0000000000
59264  20.242  4.677  3.786 0.0000000000
59262  21.567  5.358  4.170 0.0000000000
60125  20.951  6.184  3.072 0.0000000000
60102  21.212  5.801  3.592 0.0000000000
60959  22.388  6.482  4.405 0.0000000000
61862  22.713  7.141  4.520 0.0000000000
61847  23.413  7.568  4.677 0.0000000000
103279  18.759  11.948  1.784 0.0000000000
52360  20.402  -5.382  3.356 0.0000000000
51702  22.162  -5.998  4.312 0.0000000000
53024  21.576  -4.902  4.023 0.0000000000
51701  22.935  -6.093  3.726 0.0000000000
51726  22.694  -6.593  3.852 0.0000000000
51047  23.455  -6.978  2.665 0.0000000000
54984  21.565  -2.356  5.152 0.0000000000
54316  22.588  -2.978  4.475 0.0000000000
55004  23.741  -2.629  3.926 0.0000000000
52350  18.580  -5.311  2.550 0.0000000000
53013  18.666  -4.389  2.539 0.0000000000
53684  17.594  -3.437  2.377 0.0000000000
53026  18.048  -3.879  2.376 0.0000000000
54319  19.830  -2.839  2.807 0.0000000000
55006  19.222  -2.017  2.651 0.0000000000
57148  14.485  1.740  3.886 0.0000000000
56461  17.287  0.628  3.130 0.0000000000
56460  17.927  0.258  3.375 0.0000000000
56459  18.514  -0.175  3.421 0.0000000000
55704  21.014  -1.815  5.218 0.0000000000
54995  21.616  -1.623  5.068 0.0000000000
55720  22.041  -0.846  5.006 0.0000000000
55703  22.746  -0.327  4.998 0.0000000000
56427  23.148  0.334  4.942 0.0000000000
56426  23.927  0.070  4.400 0.0000000000
59246  23.542  4.677  5.067 0.0000000000
57822  24.519  2.940  4.445 0.0000000000
61886  17.684  7.547  2.809 0.0000000000
61017  18.419  7.583  1.404 0.0000000000
66693  17.542  13.114  0.737 0.0000000000
103282  17.623  12.807  0.826 0.0000000000
66707  18.208  13.142  -0.070 0.0000000000
65903  20.069  13.069  0.825 0.0000000000
63551  19.133  9.963  2.199 0.0000000000
65066  19.805  10.874  2.503 0.0000000000
62752  19.225  8.807  1.765 0.0000000000
61916  19.046  8.137  1.469 0.0000000000
62735  20.956  8.066  3.138 0.0000000000
63520  20.877  9.339  3.794 0.0000000000
62718  21.182  8.275  3.952 0.0000000000
62703  22.025  8.413  4.534 0.0000000000
62701  23.919  8.570  4.759 0.0000000000
62700  24.694  8.589  4.464 0.0000000000
63519  24.887  10.128  4.248 0.0000000000
63518  25.332  9.645  3.942 0.0000000000
62699  25.203  8.675  4.096 0.0000000000
61844  25.315  8.120  3.806 0.0000000000
50988  18.517  -8.121  3.536 0.0000000000
50343  19.896  -9.112  3.854 0.0000000000
50986  20.099  -8.620  3.860 0.0000000000
50342  20.375  -8.974  3.914 0.0000000000
49649  21.076  -10.013  4.435 0.0000000000
48319  22.260  -11.593  3.594 0.0000000000
48334  22.446  -11.453  3.297 0.0000000000
50376  23.491  -8.494  3.226 0.0000000000
49695  22.757  -9.327  3.454 0.0000000000
48345  22.722  -10.333  3.004 0.0000000000
47691  22.774  -12.080  2.954 0.0000000000
53679  23.842  -4.453  3.391 0.0000000000
43373  21.590  -17.802  5.429 0.0000000000
43941  20.609  -17.856  5.512 0.0000000000
45264  19.670  -15.571  5.876 0.0000000000
46471  20.880  -13.537  5.334 0.0000000000
46489  23.297  -13.749  4.157 0.0000000000
47105  22.456  -12.723  3.905 0.0000000000
47698  23.277  -11.650  2.420 0.0000000000
48305  21.368  -11.359  4.379 0.0000000000
48307  20.080  -11.335  5.254 0.0000000000
48961  20.499  -10.742  4.774 0.0000000000
48964  18.185  -11.208  4.854 0.0000000000
48990  22.453  -10.094  3.337 0.0000000000
49004  22.786  -9.931  3.154 0.0000000000
49663  20.711  -9.452  4.232 0.0000000000
49693  24.140  -9.189  2.479 0.0000000000
50374  24.394  -8.330  2.412 0.0000000000
50396  21.786  -7.401  4.350 0.0000000000
51040  23.983  -7.028  2.156 0.0000000000
51041  23.639  -7.408  2.576 0.0000000000
51043  22.361  -7.064  4.135 0.0000000000
51046  23.729  -6.950  2.321 0.0000000000
51705  19.280  -6.512  2.773 0.0000000000
51737  23.873  -6.608  2.264 0.0000000000
51738  23.651  -6.721  2.514 0.0000000000
52357  23.019  -5.856  3.656 0.0000000000
52358  22.507  -5.506  3.925 0.0000000000
52361  17.348  -4.706  2.183 0.0000000000
52396  23.739  -6.309  2.528 0.0000000000
53014  18.114  -4.811  2.369 0.0000000000
53041  23.931  -5.159  2.982 0.0000000000
53681  21.771  -4.483  4.168 0.0000000000
54288  21.985  -2.898  5.043 0.0000000000
54289  21.782  -2.828  5.121 0.0000000000
54304  22.163  -2.824  4.882 0.0000000000
54305  21.752  -3.101  4.980 0.0000000000
54320  17.246  -2.205  2.546 0.0000000000
54342  16.674  -3.209  2.435 0.0000000000
54983  22.024  -2.635  5.019 0.0000000000
54985  20.819  -2.424  5.140 0.0000000000
54993  23.401  -1.685  4.354 0.0000000000
55023  14.490  -0.935  2.957 0.0000000000
55701  23.671  -0.373  4.426 0.0000000000
55702  23.380  -0.366  4.655 0.0000000000
55705  20.507  -1.740  4.871 0.0000000000
56425  24.327  0.297  4.305 0.0000000000
56477  18.113  -0.363  3.074 0.0000000000
60140  19.816  5.387  2.422 0.0000000000
60985  20.919  6.659  2.694 0.0000000000
61845  25.017  7.920  4.238 0.0000000000
61861  25.490  7.904  3.309 0.0000000000
61904  19.001  7.629  1.467 0.0000000000
61917  18.631  7.980  1.327 0.0000000000
62702  22.950  8.521  4.659 0.0000000000
62704  18.044  9.112  3.943 0.0000000000
62706  17.355  8.796  4.010 0.0000000000
62717  25.498  8.702  3.469 0.0000000000
62720  17.641  9.038  3.872 0.0000000000
63504  17.695  9.165  4.063 0.0000000000
63505  17.446  9.125  3.956 0.0000000000
63522  17.686  9.320  3.889 0.0000000000
63538  19.570  9.945  2.406 0.0000000000
64280  24.468  10.569  4.339 0.0000000000
65917  17.909  12.822  0.640 0.0000000000
