#!ascii label  , from subject 3253 vox2ras=TkReg
681
42220  18.721  -21.107  10.079 0.1428571492
41642  17.773  -21.488  10.023 0.1428571492
41652  18.727  -20.127  8.906 0.1428571492
42209  18.919  -21.929  10.471 0.1428571492
42233  19.082  -20.383  9.377 0.2857142985
42221  18.114  -21.078  9.818 0.1428571492
42219  19.619  -20.639  9.872 0.1428571492
42261  19.510  -19.652  7.010 0.5714285970
42248  19.854  -19.745  8.620 0.1428571492
41667  20.571  -19.327  7.976 0.2857142985
42258  21.170  -18.845  7.684 0.1428571492
43939  23.010  -17.204  5.860 0.2857142985
43961  22.503  -17.247  5.376 0.1428571492
43372  22.064  -17.621  5.560 0.2857142985
45866  23.289  -14.840  5.132 0.2857142985
44581  23.173  -16.566  5.956 0.2857142985
45865  23.410  -14.172  4.573 0.2857142985
47119  24.260  -12.496  2.535 0.2857142985
49692  24.779  -9.133  2.251 0.8571428657
48342  24.369  -11.064  2.088 0.4285714328
47103  24.309  -13.273  4.142 0.2857142985
51700  24.633  -7.165  1.993 0.7142857313
50373  24.938  -8.247  2.339 0.7142857313
49001  24.291  -10.077  2.077 0.7142857313
51723  25.132  -6.483  1.593 0.8571428657
51699  24.984  -7.033  1.823 0.5714285970
52395  24.060  -6.175  2.113 0.8571428657
51020  24.250  -7.589  2.256 0.7142857313
51021  23.876  -7.788  2.519 0.7142857313
53695  24.911  -4.213  0.882 0.4285714328
53060  24.542  -5.697  1.645 0.7142857313
53061  24.342  -5.666  1.842 0.8571428657
55032  24.697  -2.575  0.911 0.2857142985
55033  24.745  -2.697  1.638 0.5714285970
53696  24.699  -4.251  1.472 0.8571428657
53678  24.769  -3.846  1.021 0.7142857313
53697  24.391  -4.469  2.541 0.8571428657
55777  24.380  -1.076  0.557 0.1428571492
55031  24.946  -2.447  0.501 0.1428571492
55764  24.541  -1.714  1.165 0.4285714328
55034  24.534  -2.762  2.424 0.5714285970
54357  24.537  -3.581  2.393 0.8571428657
56485  24.691  0.342  1.366 0.1428571492
56486  24.354  -0.471  1.157 0.1428571492
56474  24.611  -1.045  2.070 0.4285714328
55019  24.178  -2.879  3.155 0.8571428657
57850  24.710  2.198  1.022 0.1428571492
57164  24.379  0.863  0.621 0.1428571492
57157  24.823  1.111  1.698 0.1428571492
56457  24.624  -0.002  3.359 0.4285714328
55751  24.467  -0.999  2.870 0.5714285970
54314  23.642  -1.814  4.169 0.7142857313
55004  23.741  -2.629  3.926 0.8571428657
57837  24.955  2.298  2.275 0.1428571492
57144  25.008  1.069  2.882 0.1428571492
55718  23.737  -0.829  4.258 0.8571428657
55003  23.875  -1.915  3.976 0.8571428657
55719  22.998  -1.000  4.826 0.8571428657
58511  25.098  3.414  1.405 0.1428571492
58497  25.175  3.718  2.842 0.2857142985
57822  24.519  2.940  4.445 0.8571428657
57119  24.410  0.639  4.358 0.8571428657
57120  23.781  1.011  4.711 0.8571428657
59284  25.247  5.098  2.697 0.1428571492
60124  25.485  5.898  2.644 0.1428571492
58477  24.719  3.589  4.029 0.4285714328
58478  23.990  3.563  4.687 0.8571428657
57813  23.788  2.316  4.822 0.8571428657
57121  22.832  1.315  5.202 0.8571428657
59260  24.832  4.769  3.768 0.4285714328
58468  22.918  3.581  5.268 0.8571428657
57814  22.327  2.450  5.359 0.8571428657
60100  25.286  5.756  3.409 0.1428571492
60938  24.867  7.044  4.282 0.2857142985
60084  24.736  5.938  4.270 0.5714285970
60085  23.845  5.765  4.786 0.8571428657
59245  24.372  5.063  4.626 0.8571428657
59246  23.542  4.677  5.067 0.8571428657
59247  21.993  4.815  4.855 0.8571428657
58469  21.577  3.535  5.197 0.8571428657
61846  24.368  7.728  4.572 0.2857142985
60939  24.103  6.748  4.618 0.7142857313
60940  23.222  6.545  4.663 0.8571428657
60101  21.981  5.748  4.221 0.8571428657
59262  21.567  5.358  4.170 0.8571428657
61862  22.713  7.141  4.520 0.8571428657
61863  21.980  7.393  4.182 0.8571428657
60984  21.351  6.467  3.162 0.7142857313
60102  21.212  5.801  3.592 0.7142857313
61848  22.591  7.791  4.577 0.8571428657
60960  21.793  6.509  3.727 0.8571428657
61884  21.462  7.311  3.208 0.8571428657
62735  20.956  8.066  3.138 0.8571428657
63503  21.520  9.298  4.343 0.7142857313
63520  20.877  9.339  3.794 0.8571428657
63521  20.409  9.401  3.202 0.8571428657
64282  20.261  10.267  2.968 0.7142857313
62719  20.702  8.682  3.400 0.8571428657
65869  23.875  12.481  4.280 0.1428571492
64265  21.265  10.211  3.956 0.8571428657
64281  20.744  10.230  3.420 0.7142857313
65052  20.637  10.773  3.074 0.7142857313
66662  22.295  13.547  3.670 0.1428571492
65051  21.144  11.369  3.471 0.5714285970
65064  20.570  11.851  2.891 0.5714285970
65882  20.727  12.679  2.718 0.5714285970
65871  21.597  12.653  3.628 0.1428571492
67463  22.886  14.540  3.525 0.1428571492
65893  19.989  12.354  1.994 0.5714285970
67477  21.616  14.657  2.695 0.1428571492
68288  22.009  15.625  2.998 0.1428571492
66683  21.185  13.797  2.014 0.1428571492
68302  21.578  16.094  2.556 0.1428571492
68289  21.508  15.377  2.329 0.1428571492
67488  21.316  14.711  1.678 0.1428571492
67499  21.072  14.870  0.847 0.1428571492
41028  18.211  -22.979  10.394 0.1428571492
41029  17.503  -23.091  10.448 0.1428571492
41651  19.320  -19.938  8.733 0.2857142985
42232  19.698  -20.074  9.242 0.1428571492
42247  20.430  -19.570  8.676 0.2857142985
41668  20.055  -19.587  7.998 0.2857142985
43350  22.429  -17.626  6.167 0.2857142985
42811  21.989  -17.955  6.513 0.1428571492
47120  23.847  -12.805  2.812 0.2857142985
46508  23.914  -13.082  3.148 0.2857142985
48343  23.667  -10.982  2.098 0.5714285970
52376  25.329  -5.715  1.327 0.2857142985
50375  23.943  -8.335  2.650 0.7142857313
54333  24.741  -3.842  0.865 0.1428571492
53679  23.842  -4.453  3.391 0.8571428657
55735  24.254  -2.122  3.421 0.7142857313
57821  25.169  2.276  3.889 0.8571428657
57812  24.522  1.420  4.430 0.8571428657
56427  23.148  0.334  4.942 0.8571428657
61847  23.413  7.568  4.677 0.8571428657
63502  22.412  9.370  4.581 0.8571428657
64264  21.924  10.222  4.394 0.8571428657
66674  21.377  13.696  3.152 0.1428571492
67476  22.209  14.944  3.230 0.1428571492
69877  23.337  17.274  2.624 0.1428571492
41687  19.805  -19.741  7.479 0.4285714328
42796  21.011  -19.061  6.884 0.2857142985
41686  20.310  -19.617  7.426 0.4285714328
42278  19.976  -19.525  6.499 0.2857142985
42812  21.390  -18.572  6.458 0.1428571492
43910  23.041  -16.882  6.709 0.2857142985
45221  23.320  -15.908  6.237 0.2857142985
45259  22.734  -15.675  4.926 0.2857142985
44598  22.841  -16.578  5.356 0.2857142985
45239  23.075  -15.821  5.579 0.2857142985
49002  23.607  -10.050  2.439 0.7142857313
57177  24.074  0.344  0.074 0.1428571492
57856  24.507  2.202  -0.053 0.1428571492
59302  25.064  4.681  1.678 0.1428571492
55703  22.746  -0.327  4.998 0.8571428657
55720  22.041  -0.846  5.006 1.0000000000
60099  25.570  6.457  3.010 0.1428571492
60937  25.316  7.445  3.817 0.1428571492
62700  24.694  8.589  4.464 0.2857142985
60103  20.691  5.327  3.575 0.8571428657
62701  23.919  8.570  4.759 0.5714285970
63501  23.386  9.454  4.625 0.5714285970
64263  22.801  10.324  4.526 0.5714285970
65035  21.569  10.794  4.125 0.7142857313
65050  21.756  11.998  4.114 0.4285714328
65855  22.800  11.744  4.483 0.2857142985
65870  22.614  12.446  4.236 0.2857142985
65892  20.560  13.257  1.384 0.2857142985
67464  22.000  14.322  3.341 0.1428571492
66692  21.115  13.926  0.679 0.1428571492
68274  22.713  15.454  3.321 0.1428571492
68303  21.138  15.758  1.669 0.1428571492
69092  21.486  16.889  2.247 0.1428571492
63499  24.971  9.116  4.302 0.4285714328
63500  24.472  9.563  4.496 0.4285714328
64262  23.725  10.369  4.503 0.4285714328
65033  23.212  11.210  4.517 0.4285714328
65034  22.166  11.293  4.387 0.5714285970
42234  18.425  -20.581  9.502 0.1428571492
41641  18.184  -21.424  10.050 0.1428571492
41634  17.272  -22.142  10.247 0.1428571492
41670  19.040  -19.883  8.283 0.4285714328
41669  19.553  -19.693  8.107 0.5714285970
42231  20.204  -19.841  9.164 0.1428571492
42259  20.665  -19.427  7.023 0.1428571492
51047  23.455  -6.978  2.665 0.7142857313
53039  24.686  -5.190  1.306 0.8571428657
53040  24.389  -5.100  2.032 0.8571428657
54356  24.724  -3.434  1.226 0.5714285970
56475  24.754  -1.560  2.047 0.5714285970
57165  24.280  0.113  0.489 0.1428571492
56473  24.794  -0.075  2.263 0.1428571492
56426  23.927  0.070  4.400 0.8571428657
59261  24.340  4.305  4.477 0.8571428657
60086  22.831  5.668  4.756 0.8571428657
59263  21.046  5.098  4.139 0.8571428657
60959  22.388  6.482  4.405 0.8571428657
62703  22.025  8.413  4.534 0.8571428657
62718  21.182  8.275  3.952 0.8571428657
66661  23.354  13.522  3.943 0.1428571492
65883  20.332  12.040  2.588 0.5714285970
68273  23.704  15.444  3.307 0.1428571492
69080  22.456  16.613  2.930 0.1428571492
69068  23.002  16.062  3.308 0.1428571492
102160  22.829  -17.194  6.624 0.1428571492
42277  20.394  -19.432  6.589 0.4285714328
45885  21.951  -14.601  4.513 0.5714285970
45886  21.095  -14.860  4.965 0.5714285970
46492  20.672  -14.087  5.511 0.2857142985
46490  22.216  -13.585  4.399 0.5714285970
47087  21.238  -12.870  4.938 0.5714285970
45887  20.493  -14.955  5.492 0.4285714328
47108  20.183  -13.678  5.741 0.2857142985
47088  20.411  -13.165  5.475 0.4285714328
47116  22.956  -12.807  3.438 0.4285714328
47678  22.332  -11.927  3.645 0.5714285970
47665  21.315  -11.942  4.520 0.5714285970
48306  20.845  -11.395  4.694 0.4285714328
47691  22.774  -12.080  2.954 0.5714285970
48335  22.418  -10.777  3.290 0.5714285970
48320  21.947  -11.390  3.903 0.4285714328
48345  22.722  -10.333  3.004 0.7142857313
49678  22.052  -9.777  3.647 0.4285714328
49003  23.081  -9.957  2.894 0.4285714328
47666  20.625  -12.189  5.074 0.4285714328
47667  19.793  -12.328  5.407 0.2857142985
48960  21.268  -10.672  4.374 0.4285714328
48344  22.883  -10.907  2.612 0.7142857313
50376  23.491  -8.494  3.226 0.7142857313
51022  20.704  -7.087  4.198 0.4285714328
51727  22.013  -6.539  4.382 0.7142857313
51703  21.086  -6.169  4.167 0.5714285970
52359  21.347  -5.410  4.047 0.7142857313
52360  20.402  -5.382  3.356 0.2857142985
49694  23.661  -9.260  2.988 0.5714285970
50394  23.307  -7.817  3.275 0.5714285970
50395  22.526  -7.676  3.854 0.7142857313
51701  22.935  -6.093  3.726 0.7142857313
53025  20.702  -4.734  3.503 0.7142857313
53682  20.861  -4.353  3.955 0.7142857313
53667  20.486  -3.816  2.959 0.7142857313
54319  19.830  -2.839  2.807 0.4285714328
51045  23.930  -6.831  2.199 0.5714285970
51726  22.694  -6.593  3.852 0.5714285970
52379  23.490  -5.874  3.205 0.5714285970
53023  22.534  -4.891  3.848 0.5714285970
54338  21.103  -4.218  4.399 0.7142857313
54318  20.518  -3.484  4.160 0.7142857313
54996  20.323  -2.328  4.510 0.7142857313
55005  19.652  -1.991  3.487 0.5714285970
55722  19.894  -1.062  4.352 0.5714285970
54335  24.281  -4.049  3.109 0.7142857313
53680  22.841  -4.380  3.891 0.5714285970
54317  21.865  -3.549  4.694 0.7142857313
54337  21.924  -4.020  4.373 0.7142857313
55704  21.014  -1.815  5.218 0.8571428657
55721  20.948  -0.988  4.833 0.7142857313
56444  20.485  0.264  4.538 0.7142857313
56445  19.313  0.296  3.984 0.5714285970
54336  23.545  -3.619  3.801 0.5714285970
54306  20.906  -3.149  5.028 0.7142857313
54995  21.616  -1.623  5.068 0.8571428657
56443  21.337  -0.106  4.930 0.8571428657
57131  19.949  1.499  4.186 0.5714285970
57823  19.510  2.811  4.056 0.2857142985
54994  22.636  -2.090  4.761 0.7142857313
56429  21.263  0.692  4.974 0.7142857313
58471  20.002  3.602  4.227 0.7142857313
56428  22.129  0.340  5.286 0.7142857313
57123  20.822  1.490  4.687 0.8571428657
59248  20.848  4.345  4.683 0.8571428657
57816  20.379  2.535  4.378 0.5714285970
58470  20.686  3.409  4.648 0.8571428657
59249  20.283  4.058  4.468 0.8571428657
58479  19.480  4.116  3.750 0.7142857313
57122  21.711  1.467  5.229 0.8571428657
59264  20.242  4.677  3.786 0.8571428657
61885  20.853  7.574  2.598 0.7142857313
61902  20.192  7.731  2.230 0.7142857313
62736  20.413  8.495  2.739 0.5714285970
61903  19.497  7.801  1.768 0.7142857313
63537  19.925  9.477  2.635 0.8571428657
63550  19.524  9.350  2.190 0.7142857313
61916  19.046  8.137  1.469 0.7142857313
63551  19.133  9.963  2.199 0.7142857313
62753  18.679  9.244  1.794 0.5714285970
64294  19.862  10.403  2.609 0.7142857313
64295  19.509  10.600  2.387 0.7142857313
63553  18.024  9.714  2.348 0.5714285970
103269  19.168  11.230  2.172 0.4285714328
63552  18.604  10.827  2.209 0.5714285970
65066  19.805  10.874  2.503 0.5714285970
63539  17.859  9.708  2.954 0.5714285970
103272  17.987  10.482  2.558 0.5714285970
103279  18.759  11.948  1.784 0.5714285970
103271  17.831  10.277  2.839 0.4285714328
62705  17.772  8.857  4.084 0.4285714328
64296  17.825  10.659  3.162 0.5714285970
65067  18.142  11.789  2.935 0.4285714328
49000  25.246  -9.971  1.852 0.2857142985
53022  23.351  -4.854  3.601 0.5714285970
103274  18.246  11.746  2.264 0.2857142985
64283  17.015  10.509  4.101 0.2857142985
45261  21.373  -15.725  4.586 0.5714285970
45262  20.638  -15.704  4.892 0.5714285970
45895  22.927  -13.722  4.101 0.2857142985
45896  22.578  -13.917  4.328 0.4285714328
46501  23.399  -13.246  3.690 0.2857142985
49662  21.499  -9.903  4.120 0.4285714328
48973  21.944  -10.439  3.751 0.5714285970
48321  19.443  -10.887  5.093 0.2857142985
49651  20.204  -10.343  4.648 0.2857142985
50378  21.592  -8.179  4.228 0.5714285970
49709  25.808  -9.086  1.070 0.2857142985
51704  19.955  -6.203  3.266 0.2857142985
60986  20.324  6.495  2.500 0.7142857313
61003  20.455  7.056  2.402 0.7142857313
60127  20.025  6.231  2.457 0.7142857313
65065  20.208  11.279  2.670 0.5714285970
103270  19.645  11.250  2.369 0.5714285970
103273  19.467  11.886  2.071 0.5714285970
103277  18.461  12.241  1.791 0.2857142985
45884  22.890  -14.373  4.378 0.2857142985
52378  24.006  -5.732  2.390 0.7142857313
50393  23.722  -7.929  2.835 0.5714285970
54984  21.565  -2.356  5.152 0.7142857313
54316  22.588  -2.978  4.475 0.7142857313
57815  21.242  2.477  4.880 0.7142857313
60126  20.327  5.748  2.892 0.7142857313
51725  23.375  -6.575  3.104 0.5714285970
46491  21.452  -13.828  4.947 0.5714285970
45260  22.168  -15.657  4.485 0.4285714328
46472  20.579  -13.647  5.533 0.5714285970
47107  20.404  -13.691  5.632 0.4285714328
46502  22.769  -13.342  3.963 0.5714285970
47106  21.866  -13.074  4.505 0.5714285970
47679  21.889  -12.323  4.254 0.5714285970
44619  20.224  -16.376  5.048 0.5714285970
48334  22.446  -11.453  3.297 0.5714285970
48319  22.260  -11.593  3.594 0.5714285970
49650  20.609  -10.170  4.515 0.4285714328
49695  22.757  -9.327  3.454 0.5714285970
49696  22.197  -8.755  3.785 0.4285714328
50377  22.712  -8.377  3.664 0.5714285970
51044  21.577  -6.858  4.367 0.5714285970
51042  23.098  -7.161  3.327 0.7142857313
51702  22.162  -5.998  4.312 0.7142857313
52380  23.102  -5.641  3.616 0.7142857313
53024  21.576  -4.902  4.023 0.7142857313
53042  23.218  -5.331  3.585 0.5714285970
54290  21.314  -2.838  5.183 0.5714285970
55737  19.123  -0.840  3.481 0.2857142985
57132  19.074  1.655  3.915 0.2857142985
62751  19.808  8.610  2.164 0.7142857313
49664  19.811  -9.920  4.297 0.1428571492
50342  20.375  -8.974  3.914 0.4285714328
41689  18.894  -19.734  8.030 0.4285714328
45846  24.130  -14.976  6.036 0.1428571492
46470  23.655  -14.618  5.265 0.1428571492
46469  23.920  -14.087  4.992 0.1428571492
47696  24.428  -11.912  2.402 0.1428571492
48341  24.704  -11.176  2.402 0.1428571492
47086  24.349  -13.682  4.787 0.1428571492
45845  24.610  -14.802  6.282 0.1428571492
48972  24.959  -11.152  3.317 0.1428571492
102249  24.568  -12.898  3.805 0.1428571492
47085  24.828  -13.235  4.647 0.1428571492
49010  26.215  -9.422  0.917 0.2857142985
51698  25.492  -6.950  1.726 0.1428571492
60125  20.951  6.184  3.072 0.5714285970
69093  20.976  16.782  1.282 0.1428571492
59285  19.673  4.934  2.747 0.4285714328
69102  20.572  16.816  0.332 0.1428571492
60142  18.997  5.990  2.151 0.4285714328
61004  19.880  6.862  2.190 0.5714285970
61016  18.680  7.408  1.485 0.4285714328
67531  17.948  13.963  -0.856 0.2857142985
103280  18.235  12.599  1.156 0.2857142985
65916  19.030  12.686  1.110 0.2857142985
65925  19.455  12.876  -0.489 0.2857142985
60988  17.355  6.725  3.031 0.1428571492
61017  18.419  7.583  1.404 0.5714285970
62752  19.225  8.807  1.765 0.5714285970
103282  17.623  12.807  0.826 0.2857142985
61905  17.793  7.871  1.963 0.4285714328
62768  18.138  8.534  1.523 0.5714285970
61886  17.684  7.547  2.809 0.4285714328
61864  17.874  8.041  3.174 0.2857142985
103278  17.872  12.705  1.235 0.1428571492
62721  17.762  8.683  3.620 0.4285714328
103275  18.251  12.003  2.444 0.1428571492
103276  18.126  12.502  1.660 0.1428571492
103281  17.514  12.901  1.089 0.1428571492
65036  16.931  11.435  4.376 0.1428571492
66676  18.310  12.476  2.220 0.1428571492
65873  18.290  11.998  3.732 0.1428571492
65885  18.496  12.421  3.060 0.1428571492
42799  19.123  -19.101  6.991 0.4285714328
44582  19.287  -16.945  6.346 0.2857142985
45847  23.557  -15.242  5.755 0.1428571492
48989  24.965  -10.730  2.762 0.1428571492
60141  19.626  5.911  2.331 0.2857142985
65903  20.069  13.069  0.825 0.2857142985
66693  17.542  13.114  0.737 0.2857142985
66706  18.833  13.081  -0.396 0.2857142985
66685  17.777  13.090  1.362 0.2857142985
43924  19.105  -17.570  6.687 0.2857142985
42276  22.376  -17.660  7.624 0.1428571492
44566  23.243  -16.491  6.687 0.1428571492
45205  23.647  -15.820  6.941 0.1428571492
51038  25.920  -7.455  1.596 0.1428571492
61865  17.332  7.654  3.640 0.1428571492
59303  19.644  5.261  2.223 0.4285714328
60987  17.728  7.054  2.325 0.2857142985
62754  18.112  8.952  1.819 0.5714285970
67503  17.666  13.825  0.168 0.2857142985
66718  18.343  13.535  -0.861 0.2857142985
65915  20.208  12.928  -0.390 0.2857142985
65924  19.861  12.748  -1.077 0.2857142985
67542  18.973  14.650  -2.097 0.2857142985
68349  20.237  15.386  -2.172 0.1428571492
68328  19.611  15.250  -0.674 0.1428571492
67514  20.928  14.478  -0.127 0.1428571492
67490  17.592  13.759  0.844 0.2857142985
68326  20.568  14.885  -0.444 0.1428571492
66704  21.110  13.540  -0.766 0.1428571492
51722  26.021  -6.460  1.577 0.2857142985
67517  18.210  14.354  -0.439 0.2857142985
65914  20.843  12.993  -0.544 0.2857142985
42814  19.681  -19.012  6.406 0.4285714328
41688  19.297  -19.672  7.743 0.4285714328
50392  25.650  -8.179  1.726 0.4285714328
65077  19.803  11.702  2.323 0.4285714328
65902  20.736  13.200  0.129 0.2857142985
61005  19.139  6.909  1.778 0.4285714328
62766  18.783  8.528  1.499 0.5714285970
65053  17.659  11.403  3.825 0.2857142985
62767  18.387  8.548  1.501 0.5714285970
62737  17.855  8.636  2.599 0.5714285970
102256  24.878  -12.318  3.710 0.1428571492
46446  24.694  -14.267  5.571 0.1428571492
66708  17.731  13.378  0.047 0.2857142985
66707  18.208  13.142  -0.070 0.2857142985
61918  18.198  8.058  1.516 0.4285714328
43325  18.927  -17.953  6.892 0.2857142985
48971  25.450  -10.427  3.459 0.1428571492
59304  19.385  5.251  2.211 0.2857142985
66726  19.719  13.643  -2.118 0.2857142985
66724  20.770  14.317  -2.355 0.2857142985
68327  20.273  15.314  -0.509 0.1428571492
67489  18.164  14.151  1.421 0.1428571492
68304  18.685  15.232  1.133 0.1428571492
65884  18.770  12.753  3.209 0.1428571492
67479  18.672  14.022  2.261 0.1428571492
67502  18.127  14.408  0.533 0.1428571492
66675  18.701  13.109  2.702 0.1428571492
66684  18.271  13.359  1.957 0.1428571492
67478  19.147  14.529  2.565 0.1428571492
68291  18.889  15.119  1.958 0.1428571492
67466  19.187  13.785  3.007 0.1428571492
47697  23.814  -12.008  2.329 0.2857142985
47690  23.287  -12.122  2.544 0.4285714328
43963  21.098  -17.660  4.979 0.4285714328
43374  21.247  -17.984  5.424 0.2857142985
42833  21.820  -17.984  5.945 0.1428571492
44617  21.641  -16.677  4.529 0.2857142985
43962  21.904  -17.325  5.040 0.1428571492
43351  20.930  -18.302  5.598 0.2857142985
43964  20.368  -17.218  5.145 0.4285714328
44616  22.373  -16.605  4.795 0.1428571492
42834  21.398  -18.159  5.737 0.1428571492
44618  20.837  -16.615  4.653 0.2857142985
61006  18.303  6.944  1.787 0.2857142985
43940  20.890  -17.962  5.332 0.2857142985
43942  19.878  -17.561  6.052 0.2857142985
43353  19.792  -18.359  6.293 0.2857142985
43941  20.609  -17.856  5.512 0.2857142985
43965  19.952  -16.810  5.472 0.2857142985
49679  21.650  -9.148  3.899 0.2857142985
51000  20.136  -7.939  3.912 0.2857142985
51023  19.649  -7.035  3.376 0.2857142985
53012  19.973  -4.533  2.667 0.1428571492
53668  19.346  -3.585  2.582 0.1428571492
55020  19.081  -1.345  2.831 0.1428571492
57824  18.857  2.757  3.764 0.1428571492
57838  19.124  3.569  3.723 0.1428571492
58498  19.154  4.349  3.267 0.1428571492
58499  18.833  4.319  3.173 0.1428571492
60143  18.471  5.789  2.440 0.1428571492
60128  17.892  6.288  2.684 0.1428571492
63523  17.463  9.522  3.796 0.1428571492
63506  16.956  9.068  4.012 0.1428571492
42262  18.826  -19.478  7.720 0.2857142985
43352  20.269  -18.378  6.014 0.1428571492
59286  19.160  4.744  2.576 0.1428571492
42800  18.352  -19.006  7.645 0.2857142985
49649  21.076  -10.013  4.435 0.2857142985
50357  20.737  -8.708  4.091 0.2857142985
54339  18.804  -2.614  2.511 0.1428571492
56459  18.514  -0.175  3.421 0.1428571492
57133  18.346  1.839  3.675 0.1428571492
57839  18.815  3.655  3.497 0.1428571492
63524  16.424  9.392  4.010 0.1428571492
50986  20.099  -8.620  3.860 0.2857142985
55006  19.222  -2.017  2.651 0.1428571492
62722  16.832  8.462  4.052 0.1428571492
50343  19.896  -9.112  3.854 0.1428571492
44599  19.572  -16.643  5.878 0.2857142985
43339  18.237  -18.755  7.594 0.1428571492
43338  18.558  -18.644  7.350 0.1428571492
43327  17.779  -18.532  7.854 0.1428571492
43912  18.597  -17.456  7.009 0.1428571492
44620  19.789  -16.169  5.510 0.1428571492
52375  26.219  -5.417  1.192 0.1428571492
63518  25.332  9.645  3.942 0.1428571492
41653  18.078  -20.268  9.159 0.1428571492
43943  18.846  -16.532  6.480 0.1428571492
44621  19.363  -16.033  5.833 0.1428571492
45263  20.141  -15.634  5.432 0.1428571492
44622  19.089  -15.973  6.006 0.1428571492
46493  20.041  -14.167  5.908 0.1428571492
62699  25.203  8.675  4.096 0.1428571492
63519  24.887  10.128  4.248 0.1428571492
47089  19.614  -13.248  5.666 0.1428571492
61844  25.315  8.120  3.806 0.1428571492
41671  18.351  -19.769  8.534 0.1428571492
53038  25.453  -4.839  0.913 0.1428571492
45888  20.031  -15.000  6.058 0.1428571492
48962  19.887  -10.566  4.880 0.1428571492
43337  19.228  -18.365  6.726 0.1428571492
42249  18.036  -19.303  8.192 0.1428571492
43307  18.120  -17.802  7.380 0.1428571492
41633  18.157  -22.094  10.255 0.1428571492
41685  20.679  -19.359  7.482 0.2857142985
42260  20.129  -19.826  6.906 0.4285714328
42279  19.745  -19.455  6.605 0.4285714328
42798  19.356  -18.868  6.686 0.1428571492
42815  19.537  -19.349  6.731 0.4285714328
43326  18.455  -17.996  7.241 0.1428571492
43373  21.590  -17.802  5.429 0.2857142985
43911  18.785  -17.756  6.949 0.1428571492
43923  23.145  -16.960  6.322 0.2857142985
43925  18.829  -16.927  6.713 0.2857142985
43944  18.739  -16.273  6.362 0.1428571492
44583  19.041  -16.679  6.451 0.1428571492
44600  19.118  -16.357  6.195 0.1428571492
45883  23.309  -13.958  4.309 0.2857142985
45902  24.559  -13.152  2.720 0.2857142985
46447  23.906  -14.677  5.515 0.1428571492
46448  23.583  -14.855  5.416 0.1428571492
46468  24.438  -13.810  5.009 0.1428571492
46471  20.880  -13.537  5.334 0.4285714328
46487  24.225  -13.139  3.609 0.2857142985
46489  23.297  -13.749  4.157 0.2857142985
46500  24.000  -13.204  3.397 0.2857142985
46506  24.509  -13.129  2.932 0.2857142985
46507  24.318  -13.029  2.845 0.2857142985
47104  24.229  -13.578  4.532 0.1428571492
47105  22.456  -12.723  3.905 0.5714285970
47115  23.357  -12.539  2.903 0.4285714328
47698  23.277  -11.650  2.420 0.7142857313
48305  21.368  -11.359  4.379 0.4285714328
48307  20.080  -11.335  5.254 0.1428571492
48333  24.667  -12.097  3.188 0.1428571492
48961  20.499  -10.742  4.774 0.2857142985
48990  22.453  -10.094  3.337 0.4285714328
49004  22.786  -9.931  3.154 0.7142857313
49011  25.935  -9.505  1.232 0.2857142985
49663  20.711  -9.452  4.232 0.2857142985
49691  25.357  -8.932  1.884 0.7142857313
49693  24.140  -9.189  2.479 0.7142857313
50355  24.683  -8.060  2.382 0.7142857313
50356  24.506  -8.089  2.390 0.7142857313
50374  24.394  -8.330  2.412 0.7142857313
50396  21.786  -7.401  4.350 0.5714285970
50998  24.591  -7.869  2.338 0.7142857313
50999  24.372  -7.924  2.364 0.7142857313
51018  25.402  -7.319  1.858 0.1428571492
51019  25.042  -7.556  2.164 0.4285714328
51039  25.538  -7.633  1.873 0.4285714328
51040  23.983  -7.028  2.156 0.5714285970
51041  23.639  -7.408  2.576 0.7142857313
51043  22.361  -7.064  4.135 0.7142857313
51046  23.729  -6.950  2.321 0.5714285970
51705  19.280  -6.512  2.773 0.1428571492
51724  24.471  -6.725  1.874 0.5714285970
51736  24.107  -6.582  2.073 0.8571428657
51737  23.873  -6.608  2.264 0.5714285970
51738  23.651  -6.721  2.514 0.5714285970
52357  23.019  -5.856  3.656 0.7142857313
52358  22.507  -5.506  3.925 0.7142857313
52377  24.710  -5.967  1.556 0.8571428657
52394  24.347  -6.115  1.825 0.8571428657
52396  23.739  -6.309  2.528 0.5714285970
53041  23.931  -5.159  2.982 0.5714285970
53677  24.787  -4.105  0.932 0.1428571492
53681  21.771  -4.483  4.168 0.5714285970
54288  21.985  -2.898  5.043 0.7142857313
54289  21.782  -2.828  5.121 0.7142857313
54302  23.451  -1.766  4.313 0.7142857313
54303  23.492  -1.962  4.275 0.7142857313
54304  22.163  -2.824  4.882 0.7142857313
54305  21.752  -3.101  4.980 0.7142857313
54315  23.716  -2.014  4.103 0.7142857313
54334  24.864  -3.638  0.884 0.1428571492
54358  24.273  -3.238  2.952 0.8571428657
54983  22.024  -2.635  5.019 0.7142857313
54985  20.819  -2.424  5.140 0.5714285970
54992  23.592  -1.586  4.222 0.7142857313
54993  23.401  -1.685  4.354 0.8571428657
55002  23.878  -1.456  3.970 0.7142857313
55017  24.211  -1.342  3.525 0.7142857313
55018  24.337  -1.652  3.291 0.7142857313
55701  23.671  -0.373  4.426 0.8571428657
55702  23.380  -0.366  4.655 0.8571428657
55705  20.507  -1.740  4.871 0.8571428657
55733  24.473  -0.355  3.264 0.7142857313
55734  24.313  -0.670  3.510 0.5714285970
55736  24.313  -2.423  3.172 0.7142857313
55750  24.512  -0.407  3.019 0.1428571492
55752  24.618  -1.851  2.653 0.5714285970
55753  24.498  -2.468  2.740 0.7142857313
55763  24.696  -1.792  0.488 0.1428571492
55765  24.935  -2.045  1.945 0.5714285970
55766  24.680  -2.296  2.405 0.7142857313
56425  24.327  0.297  4.305 0.8571428657
56441  24.566  0.210  4.120 0.7142857313
56442  24.347  -0.301  3.903 0.7142857313
56458  24.438  -0.325  3.565 0.7142857313
56487  24.577  -1.362  1.647 0.4285714328
57130  25.043  0.868  3.959 0.8571428657
60140  19.816  5.387  2.422 0.4285714328
60957  25.569  7.167  3.242 0.1428571492
60958  25.311  6.607  3.740 0.1428571492
60985  20.919  6.659  2.694 0.7142857313
61845  25.017  7.920  4.238 0.1428571492
61861  25.490  7.904  3.309 0.1428571492
61904  19.001  7.629  1.467 0.5714285970
61917  18.631  7.980  1.327 0.5714285970
62702  22.950  8.521  4.659 0.5714285970
62704  18.044  9.112  3.943 0.4285714328
62706  17.355  8.796  4.010 0.4285714328
62717  25.498  8.702  3.469 0.1428571492
62720  17.641  9.038  3.872 0.4285714328
63504  17.695  9.165  4.063 0.4285714328
63505  17.446  9.125  3.956 0.4285714328
63522  17.686  9.320  3.889 0.4285714328
63538  19.570  9.945  2.406 0.7142857313
64280  24.468  10.569  4.339 0.1428571492
65032  23.946  11.072  4.383 0.4285714328
65854  23.260  11.930  4.449 0.2857142985
65917  17.909  12.822  0.640 0.2857142985
66705  20.782  12.966  -0.896 0.2857142985
66715  21.144  13.901  -1.940 0.2857142985
66716  20.425  13.140  -1.527 0.2857142985
66717  19.278  13.386  -1.300 0.2857142985
66719  17.886  13.558  -0.502 0.2857142985
66725  20.365  13.924  -2.347 0.2857142985
67518  17.759  13.832  -0.385 0.2857142985
67528  21.170  14.632  -1.250 0.2857142985
67529  19.210  14.135  -1.913 0.2857142985
67530  18.610  14.311  -1.382 0.2857142985
67539  21.039  14.798  -2.229 0.2857142985
67540  20.253  14.693  -2.499 0.2857142985
67541  19.498  14.435  -2.423 0.2857142985
68337  20.722  15.186  -1.102 0.1428571492
68338  20.189  15.413  -1.367 0.1428571492
68339  19.424  15.396  -1.686 0.1428571492
68348  20.856  15.278  -1.699 0.1428571492
68350  19.445  15.118  -2.373 0.2857142985
68351  19.035  14.891  -2.380 0.2857142985
69069  22.525  15.977  3.207 0.1428571492
102240  24.483  -12.944  3.141 0.2857142985
102241  24.316  -13.080  3.154 0.2857142985
102242  24.701  -12.917  4.121 0.1428571492
102243  24.492  -13.120  2.947 0.2857142985
102246  24.480  -12.779  2.954 0.2857142985
102250  24.800  -12.622  3.910 0.1428571492
102252  24.491  -12.320  2.631 0.1428571492
102253  24.474  -12.587  2.762 0.2857142985
