#!ascii label  , from subject 3185 vox2ras=TkReg
1300
95421  -38.201  4.446  43.468 0.0000000000
95532  -50.581  4.554  33.359 0.0000000000
101224  -42.013  10.727  47.520 0.0000000000
93418  -46.323  3.280  38.849 0.0000000000
91188  -45.312  0.398  45.712 0.0000000000
99363  -45.811  9.183  38.700 0.0000000000
101312  -37.618  10.571  35.859 0.0000000000
106306  -42.364  16.268  30.190 0.0000000000
87029  -39.134  -3.605  47.298 0.0000000000
94433  -41.475  3.347  39.207 0.0000000000
97509  -44.138  6.102  36.678 0.0000000000
97469  -43.024  6.547  41.644 0.0000000000
104480  -44.787  14.219  42.862 0.0000000000
101278  -38.981  11.174  41.661 0.0000000000
104529  -42.015  14.771  38.112 0.0000000000
103798  -40.432  13.523  32.648 0.0000000000
106270  -45.873  16.837  34.386 0.0000000000
97579  -49.124  6.538  30.339 0.0000000000
96429  -36.594  5.668  48.023 0.0000000000
97419  -42.041  6.364  47.296 0.0000000000
95423  -50.405  4.753  43.516 0.0000000000
91243  -45.538  1.078  42.072 0.0000000000
91238  -40.425  0.817  41.656 0.0000000000
90143  -39.830  -1.215  44.309 0.0000000000
99438  -48.863  8.805  33.865 0.0000000000
100439  -45.997  9.583  33.370 0.0000000000
99312  -45.414  8.789  43.456 0.0000000000
99361  -41.531  9.071  37.882 0.0000000000
98485  -41.923  8.029  31.255 0.0000000000
100464  -37.915  9.544  29.574 0.0000000000
103840  -39.106  13.117  27.365 0.0000000000
96500  -39.436  4.653  41.072 0.0000000000
96514  -41.826  5.584  39.889 0.0000000000
96492  -41.165  6.158  42.273 0.0000000000
105341  -46.603  15.021  41.330 0.0000000000
104504  -42.942  14.268  40.364 0.0000000000
106209  -45.813  16.143  38.576 0.0000000000
106256  -43.580  16.364  35.813 0.0000000000
95566  -50.172  5.448  31.602 0.0000000000
97435  -35.067  6.759  45.682 0.0000000000
97418  -37.623  7.358  47.131 0.0000000000
91212  -45.545  0.484  43.735 0.0000000000
91240  -42.941  0.473  41.665 0.0000000000
91226  -42.480  -0.179  42.843 0.0000000000
89103  -40.001  -2.168  46.467 0.0000000000
90155  -34.653  -0.100  43.650 0.0000000000
92274  -34.201  1.816  45.422 0.0000000000
91184  -32.795  0.596  45.329 0.0000000000
95463  -48.243  4.696  37.972 0.0000000000
98427  -45.178  7.983  36.939 0.0000000000
97523  -46.292  7.069  34.790 0.0000000000
100403  -47.394  9.699  36.534 0.0000000000
101338  -48.329  10.994  34.532 0.0000000000
101314  -46.354  10.780  36.883 0.0000000000
99240  -44.041  8.038  49.393 0.0000000000
97423  -45.761  7.709  46.097 0.0000000000
99280  -42.530  8.637  45.925 0.0000000000
101289  -37.777  10.585  38.915 0.0000000000
99348  -39.241  8.797  39.778 0.0000000000
99384  -38.769  8.630  36.841 0.0000000000
98446  -41.593  8.198  34.208 0.0000000000
99431  -39.469  7.832  33.716 0.0000000000
99482  -39.682  8.200  30.555 0.0000000000
101346  -37.610  10.295  32.559 0.0000000000
104615  -42.696  14.944  30.524 0.0000000000
103011  -40.176  13.218  29.832 0.0000000000
104623  -40.697  14.563  29.109 0.0000000000
104621  -38.306  14.429  29.455 0.0000000000
105436  -40.385  15.783  31.167 0.0000000000
94442  -44.016  2.984  38.167 0.0000000000
94457  -45.107  3.680  37.270 0.0000000000
95472  -42.965  4.357  37.879 0.0000000000
97486  -43.530  6.767  39.060 0.0000000000
98401  -45.409  8.217  39.828 0.0000000000
102903  -42.517  12.875  44.733 0.0000000000
101264  -40.227  10.778  44.230 0.0000000000
102923  -40.905  12.622  42.509 0.0000000000
103739  -40.120  13.307  40.002 0.0000000000
103756  -38.826  13.345  37.283 0.0000000000
102167  -38.268  12.178  34.578 0.0000000000
104563  -41.360  14.761  34.844 0.0000000000
105425  -42.941  15.355  32.897 0.0000000000
106298  -44.765  16.780  31.427 0.0000000000
98500  -47.498  7.619  29.574 0.0000000000
95406  -37.658  3.971  45.371 0.0000000000
96464  -40.436  5.644  45.331 0.0000000000
96432  -39.327  5.510  47.997 0.0000000000
98322  -40.583  7.672  48.565 0.0000000000
101223  -41.127  10.789  48.417 0.0000000000
103659  -39.818  13.209  46.459 0.0000000000
103661  -41.745  13.121  46.675 0.0000000000
94412  -47.992  3.390  41.210 0.0000000000
93370  -48.195  2.890  42.340 0.0000000000
93392  -46.307  2.330  40.467 0.0000000000
92355  -43.532  1.359  39.725 0.0000000000
92339  -40.648  1.970  40.491 0.0000000000
91165  -44.517  0.066  47.604 0.0000000000
89077  -41.979  -2.110  48.253 0.0000000000
90120  -42.270  -0.741  47.113 0.0000000000
90146  -42.595  -0.435  45.145 0.0000000000
90173  -39.665  -0.404  42.889 0.0000000000
94390  -36.658  3.227  43.491 0.0000000000
96570  -51.598  5.686  34.888 0.0000000000
95501  -47.205  5.197  35.695 0.0000000000
97534  -48.873  6.731  34.109 0.0000000000
98465  -51.203  7.525  33.443 0.0000000000
101369  -50.422  9.963  32.043 0.0000000000
100454  -48.655  10.047  30.976 0.0000000000
100483  -46.647  9.251  29.336 0.0000000000
97449  -43.079  6.391  44.904 0.0000000000
98383  -45.631  7.756  43.591 0.0000000000
100342  -46.410  9.627  40.868 0.0000000000
99316  -40.286  8.858  43.055 0.0000000000
99331  -43.240  9.059  41.351 0.0000000000
100359  -44.240  9.820  38.275 0.0000000000
99403  -43.435  9.308  35.207 0.0000000000
99451  -43.663  8.337  32.452 0.0000000000
99518  -43.969  8.807  28.408 0.0000000000
102200  -38.197  11.908  31.294 0.0000000000
103018  -38.120  11.942  28.363 0.0000000000
102229  -37.151  11.532  27.240 0.0000000000
103829  -36.440  12.800  28.485 0.0000000000
104609  -35.928  13.859  30.409 0.0000000000
96489  -38.597  4.821  42.009 0.0000000000
96491  -40.294  5.542  41.906 0.0000000000
96479  -39.587  5.357  42.686 0.0000000000
105348  -46.447  15.516  40.360 0.0000000000
106224  -46.312  16.388  37.631 0.0000000000
95550  -50.458  5.342  32.281 0.0000000000
91200  -45.430  0.329  44.749 0.0000000000
91211  -44.657  0.200  43.830 0.0000000000
91210  -43.609  -0.102  44.106 0.0000000000
89122  -34.087  -1.156  44.093 0.0000000000
91185  -33.304  0.572  44.903 0.0000000000
94435  -47.737  4.084  39.207 0.0000000000
94445  -46.812  3.742  38.316 0.0000000000
98419  -45.482  8.372  38.136 0.0000000000
99389  -46.123  8.806  36.771 0.0000000000
99377  -46.655  9.521  37.152 0.0000000000
100377  -47.185  10.293  37.193 0.0000000000
101301  -46.358  10.395  37.458 0.0000000000
100269  -42.627  9.726  48.197 0.0000000000
99252  -44.446  8.421  47.757 0.0000000000
99262  -42.394  9.225  46.934 0.0000000000
100369  -37.608  9.825  37.410 0.0000000000
100370  -38.174  9.398  37.959 0.0000000000
100398  -38.261  8.861  36.342 0.0000000000
99398  -38.460  8.385  35.685 0.0000000000
99397  -37.838  8.830  35.112 0.0000000000
99430  -38.514  8.430  33.399 0.0000000000
100411  -37.666  9.442  34.515 0.0000000000
105450  -42.399  15.487  30.052 0.0000000000
104624  -41.575  14.554  29.562 0.0000000000
105449  -41.767  15.579  29.913 0.0000000000
105448  -41.019  15.450  30.111 0.0000000000
106305  -41.755  16.098  30.369 0.0000000000
94440  -42.036  3.145  38.746 0.0000000000
94441  -42.947  3.260  38.314 0.0000000000
95460  -42.123  4.337  38.595 0.0000000000
96503  -41.973  6.052  40.649 0.0000000000
97485  -42.760  6.265  39.503 0.0000000000
97479  -43.661  6.992  40.035 0.0000000000
98400  -44.404  7.482  39.448 0.0000000000
97470  -44.077  7.164  41.232 0.0000000000
103711  -43.054  13.305  43.883 0.0000000000
102916  -41.706  12.637  43.815 0.0000000000
103730  -42.547  13.281  42.918 0.0000000000
104520  -42.875  14.750  39.342 0.0000000000
103747  -41.435  13.873  40.080 0.0000000000
104510  -41.127  14.248  38.922 0.0000000000
102939  -38.998  13.034  38.889 0.0000000000
104526  -39.990  14.180  37.411 0.0000000000
104550  -39.630  14.095  36.012 0.0000000000
104540  -41.019  14.968  36.850 0.0000000000
106269  -44.850  16.675  34.581 0.0000000000
105416  -43.317  15.643  33.957 0.0000000000
106278  -44.146  16.306  33.721 0.0000000000
105427  -44.277  16.055  32.251 0.0000000000
106288  -44.977  16.495  32.415 0.0000000000
98501  -48.630  7.472  29.893 0.0000000000
95391  -37.311  5.019  47.500 0.0000000000
95401  -38.143  4.678  47.038 0.0000000000
96430  -37.588  5.463  48.158 0.0000000000
98345  -38.486  7.870  46.585 0.0000000000
98320  -38.957  7.492  47.997 0.0000000000
99260  -39.554  8.773  47.182 0.0000000000
99249  -40.796  9.331  48.342 0.0000000000
100266  -40.087  9.704  47.376 0.0000000000
103674  -38.577  13.464  45.696 0.0000000000
102876  -40.807  12.842  47.176 0.0000000000
103677  -41.821  13.830  46.067 0.0000000000
103678  -42.667  13.658  45.564 0.0000000000
104438  -42.710  14.686  44.607 0.0000000000
95428  -49.160  4.291  41.282 0.0000000000
94404  -49.536  4.374  42.535 0.0000000000
93362  -48.256  2.492  43.400 0.0000000000
92315  -47.517  2.192  42.526 0.0000000000
93380  -47.037  2.507  41.209 0.0000000000
92343  -46.017  1.880  40.721 0.0000000000
92356  -44.607  1.391  40.003 0.0000000000
92341  -44.348  1.139  40.867 0.0000000000
91239  -41.554  0.709  41.380 0.0000000000
91251  -41.610  1.172  40.431 0.0000000000
92325  -40.579  1.393  41.004 0.0000000000
88033  -40.923  -2.892  47.932 0.0000000000
90129  -41.052  -1.403  46.762 0.0000000000
89114  -41.008  -0.945  45.747 0.0000000000
90131  -42.372  -0.617  46.108 0.0000000000
90145  -41.510  -0.759  45.147 0.0000000000
90162  -41.122  -0.697  43.919 0.0000000000
90161  -40.174  -0.757  43.726 0.0000000000
94383  -36.564  3.131  44.330 0.0000000000
93345  -35.319  2.426  44.972 0.0000000000
96560  -51.595  5.449  35.931 0.0000000000
95486  -44.193  4.693  36.695 0.0000000000
95488  -45.845  4.505  36.457 0.0000000000
96554  -45.400  5.510  35.740 0.0000000000
98448  -47.435  8.042  34.260 0.0000000000
97532  -46.979  7.156  34.322 0.0000000000
97544  -48.681  7.417  33.741 0.0000000000
98449  -50.862  7.224  33.775 0.0000000000
99439  -49.679  8.734  33.348 0.0000000000
99456  -51.264  8.755  32.609 0.0000000000
100430  -49.927  9.483  33.115 0.0000000000
101347  -47.798  10.679  34.055 0.0000000000
101357  -48.462  10.485  32.457 0.0000000000
100441  -47.764  10.165  32.410 0.0000000000
100469  -47.628  9.574  30.048 0.0000000000
99471  -46.239  8.977  31.633 0.0000000000
96465  -41.294  5.821  45.878 0.0000000000
96472  -41.240  5.956  44.985 0.0000000000
97438  -43.132  6.439  45.984 0.0000000000
99283  -45.668  8.238  45.268 0.0000000000
98377  -45.644  7.794  44.582 0.0000000000
99313  -46.003  8.613  43.309 0.0000000000
99321  -46.584  8.842  42.403 0.0000000000
99320  -46.025  9.260  42.698 0.0000000000
101272  -39.485  10.672  43.490 0.0000000000
100321  -39.964  9.351  43.752 0.0000000000
100331  -39.210  9.586  42.463 0.0000000000
99360  -40.659  8.718  38.318 0.0000000000
99340  -42.017  8.700  40.369 0.0000000000
99350  -42.125  9.173  39.075 0.0000000000
100339  -43.833  9.707  39.518 0.0000000000
100358  -43.127  9.510  37.824 0.0000000000
100373  -43.848  9.753  37.309 0.0000000000
100372  -42.735  9.241  36.832 0.0000000000
98474  -41.492  7.839  32.473 0.0000000000
99434  -42.823  8.244  33.402 0.0000000000
98486  -42.926  7.835  31.594 0.0000000000
99487  -44.394  8.576  30.484 0.0000000000
99485  -43.024  8.492  29.880 0.0000000000
99517  -42.849  8.647  28.092 0.0000000000
98511  -41.905  8.465  29.628 0.0000000000
99481  -38.620  8.741  29.941 0.0000000000
99514  -39.625  8.854  28.035 0.0000000000
102976  -39.315  12.885  33.237 0.0000000000
102184  -38.339  11.841  33.100 0.0000000000
102994  -39.468  12.832  31.552 0.0000000000
103031  -39.979  13.053  27.995 0.0000000000
103020  -39.322  12.854  28.475 0.0000000000
103029  -38.324  12.450  27.542 0.0000000000
102230  -37.756  11.408  27.373 0.0000000000
103028  -37.664  12.284  27.324 0.0000000000
102222  -36.614  11.637  27.688 0.0000000000
103838  -37.350  12.955  27.776 0.0000000000
104611  -38.157  14.650  30.636 0.0000000000
104620  -37.002  13.758  29.428 0.0000000000
104610  -37.147  14.357  30.462 0.0000000000
104608  -34.667  13.771  30.873 0.0000000000
95440  -40.043  4.199  40.354 0.0000000000
95451  -41.328  4.363  39.335 0.0000000000
96513  -40.787  5.000  40.080 0.0000000000
96502  -41.254  5.786  41.043 0.0000000000
97468  -42.064  6.393  41.928 0.0000000000
104497  -44.073  14.197  41.845 0.0000000000
104506  -44.702  14.642  40.929 0.0000000000
105345  -43.856  15.189  39.419 0.0000000000
105367  -43.832  15.552  38.339 0.0000000000
105377  -42.575  15.618  36.809 0.0000000000
106223  -45.134  16.239  37.596 0.0000000000
106241  -45.464  16.570  36.605 0.0000000000
97580  -49.928  6.736  30.576 0.0000000000
97396  -35.754  6.114  47.643 0.0000000000
97397  -36.950  6.478  47.906 0.0000000000
98342  -36.181  7.210  45.914 0.0000000000
91229  -45.714  0.739  42.779 0.0000000000
92327  -44.655  0.892  41.511 0.0000000000
91228  -44.855  0.368  42.766 0.0000000000
91227  -43.798  0.195  42.807 0.0000000000
91225  -41.119  0.077  42.356 0.0000000000
88064  -39.119  -2.894  46.616 0.0000000000
88087  -38.204  -2.217  45.003 0.0000000000
91207  -34.878  0.634  43.536 0.0000000000
93352  -34.850  2.020  44.621 0.0000000000
92292  -34.176  1.123  44.444 0.0000000000
92273  -33.663  1.700  45.711 0.0000000000
97502  -44.399  6.688  37.066 0.0000000000
97521  -45.052  6.209  35.804 0.0000000000
98437  -45.553  8.084  36.039 0.0000000000
99404  -46.354  8.622  36.116 0.0000000000
99406  -47.608  9.454  35.120 0.0000000000
100417  -48.488  10.039  34.508 0.0000000000
100404  -47.916  9.979  35.955 0.0000000000
101327  -47.246  10.644  35.804 0.0000000000
100414  -45.866  10.340  35.067 0.0000000000
97388  -43.533  7.079  48.267 0.0000000000
97421  -44.100  6.725  46.669 0.0000000000
98335  -44.669  7.857  47.823 0.0000000000
99264  -44.703  8.357  46.531 0.0000000000
99299  -43.955  8.553  44.645 0.0000000000
101286  -37.998  10.725  40.169 0.0000000000
100337  -38.310  9.707  41.056 0.0000000000
100345  -38.246  9.632  39.810 0.0000000000
99359  -39.576  8.634  38.610 0.0000000000
99373  -40.560  8.598  37.269 0.0000000000
99387  -41.471  8.616  36.016 0.0000000000
99400  -40.779  8.008  35.149 0.0000000000
98458  -40.429  7.657  33.648 0.0000000000
98484  -40.709  7.932  31.779 0.0000000000
98497  -40.819  7.948  30.521 0.0000000000
99464  -39.478  8.092  31.716 0.0000000000
99447  -38.136  8.715  31.617 0.0000000000
100451  -37.746  9.621  30.565 0.0000000000
104601  -41.921  14.431  31.235 0.0000000000
103003  -40.075  13.142  30.829 0.0000000000
103824  -41.414  13.914  29.913 0.0000000000
103823  -40.799  13.779  29.300 0.0000000000
104632  -39.779  14.065  27.936 0.0000000000
104631  -38.760  14.231  28.186 0.0000000000
104622  -39.602  14.690  28.981 0.0000000000
105447  -39.800  14.922  30.254 0.0000000000
105435  -39.524  15.317  31.511 0.0000000000
93416  -44.869  2.447  38.790 0.0000000000
94444  -45.823  3.393  38.112 0.0000000000
94456  -44.247  3.619  37.550 0.0000000000
95473  -43.710  4.431  37.289 0.0000000000
96532  -43.246  5.291  37.539 0.0000000000
95452  -41.804  4.971  39.134 0.0000000000
97490  -42.874  6.092  38.603 0.0000000000
97501  -43.745  6.319  37.452 0.0000000000
98407  -44.009  7.343  38.523 0.0000000000
98408  -45.080  8.077  38.856 0.0000000000
99353  -46.036  8.986  39.648 0.0000000000
102085  -41.594  11.883  46.240 0.0000000000
101233  -41.155  10.652  46.175 0.0000000000
102114  -41.066  11.837  44.583 0.0000000000
102123  -40.391  11.720  43.448 0.0000000000
102127  -40.050  11.826  42.426 0.0000000000
103735  -41.739  13.437  41.560 0.0000000000
103734  -40.993  13.129  41.515 0.0000000000
102135  -38.998  12.001  40.780 0.0000000000
102935  -38.718  12.503  39.332 0.0000000000
102141  -37.989  11.983  38.069 0.0000000000
102158  -37.872  11.745  36.710 0.0000000000
102166  -37.811  11.589  35.001 0.0000000000
103772  -38.755  13.002  35.381 0.0000000000
103781  -39.386  13.289  34.358 0.0000000000
104575  -40.679  13.952  34.020 0.0000000000
105389  -41.772  15.322  35.410 0.0000000000
104577  -42.058  14.764  34.148 0.0000000000
104588  -41.717  14.400  32.457 0.0000000000
104602  -42.691  14.982  31.837 0.0000000000
105451  -43.457  15.814  30.560 0.0000000000
106308  -43.964  16.714  30.743 0.0000000000
95414  -38.298  4.535  44.722 0.0000000000
96462  -38.896  5.147  44.153 0.0000000000
96457  -38.924  5.027  45.064 0.0000000000
96447  -39.543  5.282  46.978 0.0000000000
96448  -40.367  5.691  47.389 0.0000000000
97382  -37.939  6.357  48.155 0.0000000000
96415  -39.515  6.350  48.403 0.0000000000
97400  -41.131  6.713  48.360 0.0000000000
98323  -41.516  7.785  48.957 0.0000000000
100255  -41.979  9.774  49.105 0.0000000000
102062  -42.101  11.065  48.414 0.0000000000
102082  -38.990  11.602  46.497 0.0000000000
102861  -40.440  12.052  47.355 0.0000000000
102069  -41.506  11.605  48.089 0.0000000000
102070  -41.840  11.417  47.609 0.0000000000
102878  -42.264  13.212  45.947 0.0000000000
103692  -43.187  13.352  44.778 0.0000000000
103694  -44.495  14.393  43.973 0.0000000000
95434  -49.011  4.429  40.490 0.0000000000
94424  -47.564  3.483  40.267 0.0000000000
94385  -49.140  3.284  43.696 0.0000000000
94394  -49.561  4.084  43.080 0.0000000000
94402  -48.167  3.215  41.735 0.0000000000
93394  -47.414  3.209  40.874 0.0000000000
93407  -46.401  2.979  39.552 0.0000000000
93405  -44.791  1.838  39.430 0.0000000000
92369  -42.926  1.791  39.008 0.0000000000
93402  -41.843  2.499  39.312 0.0000000000
91253  -43.327  0.779  40.692 0.0000000000
91265  -41.626  1.472  40.049 0.0000000000
93390  -40.813  2.642  39.992 0.0000000000
94421  -39.639  3.490  40.497 0.0000000000
89079  -43.334  -1.641  48.569 0.0000000000
89089  -41.024  -2.185  47.462 0.0000000000
90105  -41.878  -1.501  47.741 0.0000000000
90107  -43.285  -0.876  47.924 0.0000000000
90121  -43.039  -0.288  46.948 0.0000000000
90132  -43.147  -0.125  46.016 0.0000000000
91198  -43.983  0.183  45.177 0.0000000000
90164  -42.965  -0.479  44.431 0.0000000000
90175  -41.524  -0.444  43.178 0.0000000000
91224  -40.083  0.248  42.353 0.0000000000
95420  -37.549  4.009  43.769 0.0000000000
94377  -37.137  3.476  44.840 0.0000000000
94368  -36.982  3.478  45.672 0.0000000000
95399  -35.798  4.100  46.834 0.0000000000
96428  -35.482  5.496  47.769 0.0000000000
94477  -50.846  3.908  36.076 0.0000000000
95504  -51.690  4.797  35.222 0.0000000000
95516  -51.522  5.153  34.127 0.0000000000
95476  -46.658  4.230  37.238 0.0000000000
95489  -46.953  4.663  36.389 0.0000000000
96555  -46.481  5.912  35.071 0.0000000000
96556  -47.693  5.661  35.159 0.0000000000
96558  -49.798  6.188  35.550 0.0000000000
97536  -50.598  6.754  34.325 0.0000000000
97537  -51.313  6.539  34.385 0.0000000000
95533  -51.287  5.498  33.080 0.0000000000
97565  -51.446  7.082  32.192 0.0000000000
98488  -50.896  7.647  31.110 0.0000000000
99493  -50.677  8.379  30.705 0.0000000000
101349  -49.480  10.305  33.240 0.0000000000
101368  -49.943  10.209  31.643 0.0000000000
99491  -49.153  8.437  29.649 0.0000000000
99507  -48.439  8.784  29.293 0.0000000000
99522  -47.204  8.730  28.631 0.0000000000
99520  -46.048  8.514  28.770 0.0000000000
96471  -40.655  5.750  44.211 0.0000000000
97460  -41.865  6.557  42.985 0.0000000000
97461  -43.039  6.425  42.659 0.0000000000
97439  -44.218  6.642  45.661 0.0000000000
97456  -44.023  6.729  43.393 0.0000000000
97462  -44.030  6.770  42.330 0.0000000000
98393  -45.669  8.026  41.692 0.0000000000
98398  -46.196  8.692  40.697 0.0000000000
100351  -46.138  9.564  40.068 0.0000000000
99278  -40.796  9.590  45.570 0.0000000000
99298  -42.678  8.461  44.846 0.0000000000
99310  -42.854  8.425  43.708 0.0000000000
99329  -40.455  8.614  41.876 0.0000000000
99330  -41.812  8.698  41.610 0.0000000000
99319  -44.718  9.254  42.290 0.0000000000
99332  -44.375  9.494  41.087 0.0000000000
100350  -45.498  9.798  39.604 0.0000000000
100360  -45.349  9.846  38.710 0.0000000000
100374  -45.101  9.999  37.703 0.0000000000
99419  -44.800  9.525  34.679 0.0000000000
99402  -42.692  8.977  35.303 0.0000000000
99435  -43.963  8.727  33.747 0.0000000000
99452  -44.947  8.977  32.916 0.0000000000
99488  -45.057  8.725  30.877 0.0000000000
100494  -44.965  9.086  28.800 0.0000000000
99501  -41.106  8.476  28.874 0.0000000000
102175  -37.704  11.332  33.906 0.0000000000
102191  -37.875  11.164  31.977 0.0000000000
101366  -37.638  10.415  30.896 0.0000000000
103002  -39.451  12.849  30.597 0.0000000000
102215  -37.868  11.875  29.755 0.0000000000
101386  -37.830  10.421  28.535 0.0000000000
101395  -37.959  10.671  27.350 0.0000000000
101401  -37.397  10.614  27.079 0.0000000000
100490  -36.789  9.706  28.022 0.0000000000
104629  -37.227  13.614  28.661 0.0000000000
103820  -35.757  12.853  29.239 0.0000000000
107131  -43.136  17.475  30.947 0.0000000000
107130  -42.411  17.426  31.204 0.0000000000
107129  -41.738  17.418  31.517 0.0000000000
106286  -40.594  16.518  32.088 0.0000000000
105423  -39.293  15.648  32.658 0.0000000000
96478  -38.734  4.992  42.548 0.0000000000
96469  -38.969  5.197  43.295 0.0000000000
91189  -46.033  0.640  45.650 0.0000000000
91199  -44.620  0.140  44.901 0.0000000000
94434  -46.940  3.447  39.375 0.0000000000
99376  -46.010  9.236  37.650 0.0000000000
100376  -46.933  10.021  37.537 0.0000000000
100375  -45.892  9.772  37.996 0.0000000000
99250  -42.649  9.415  47.604 0.0000000000
100279  -42.356  9.729  47.504 0.0000000000
100384  -37.618  9.870  36.574 0.0000000000
100397  -37.781  9.396  35.763 0.0000000000
101324  -37.590  10.454  34.807 0.0000000000
106307  -43.185  16.605  30.205 0.0000000000
95459  -41.673  3.792  38.895 0.0000000000
97478  -42.739  6.462  40.579 0.0000000000
103732  -44.195  13.943  43.341 0.0000000000
103731  -43.790  13.788  42.895 0.0000000000
104519  -42.369  14.807  38.761 0.0000000000
104511  -41.597  14.272  39.264 0.0000000000
104518  -41.579  14.485  38.485 0.0000000000
104517  -40.681  14.235  38.421 0.0000000000
104527  -40.642  14.502  37.475 0.0000000000
104528  -41.525  14.864  37.588 0.0000000000
106279  -45.020  16.611  33.524 0.0000000000
106287  -44.438  16.216  32.919 0.0000000000
106280  -45.942  16.980  33.240 0.0000000000
96620  -48.727  5.527  30.732 0.0000000000
97578  -48.042  6.448  30.415 0.0000000000
100275  -38.919  9.226  46.198 0.0000000000
98346  -39.190  7.995  46.897 0.0000000000
100276  -39.415  9.582  46.660 0.0000000000
104425  -41.287  14.253  45.258 0.0000000000
104426  -41.848  14.333  45.423 0.0000000000
96473  -50.499  5.243  42.783 0.0000000000
95422  -50.034  4.865  42.951 0.0000000000
92330  -46.842  1.944  41.552 0.0000000000
92329  -45.941  1.424  41.643 0.0000000000
92342  -45.256  1.358  40.761 0.0000000000
92328  -45.126  1.087  41.463 0.0000000000
92324  -39.753  1.676  41.259 0.0000000000
87030  -39.969  -3.666  47.461 0.0000000000
89113  -40.521  -1.404  46.087 0.0000000000
89128  -40.081  -1.460  45.088 0.0000000000
89129  -40.748  -1.102  45.321 0.0000000000
90144  -40.610  -1.039  44.564 0.0000000000
93360  -35.829  2.229  43.364 0.0000000000
93354  -36.054  2.725  43.774 0.0000000000
93353  -35.307  2.203  43.986 0.0000000000
97524  -50.323  6.333  36.063 0.0000000000
96542  -44.599  5.398  36.297 0.0000000000
96543  -45.138  4.876  36.156 0.0000000000
99437  -48.357  8.506  33.923 0.0000000000
98461  -47.999  8.084  33.852 0.0000000000
98462  -48.507  8.066  33.629 0.0000000000
98463  -49.199  7.937  33.424 0.0000000000
100429  -49.253  9.721  33.878 0.0000000000
100427  -46.865  10.323  33.899 0.0000000000
100428  -47.559  10.362  33.319 0.0000000000
100440  -46.837  9.691  32.811 0.0000000000
100452  -46.965  9.449  31.818 0.0000000000
99454  -46.507  9.276  32.189 0.0000000000
96460  -41.264  5.865  46.839 0.0000000000
97437  -42.129  6.274  46.369 0.0000000000
99300  -45.070  8.516  44.471 0.0000000000
99301  -45.664  8.313  44.259 0.0000000000
102125  -39.090  10.903  42.559 0.0000000000
100315  -39.208  10.146  43.230 0.0000000000
101277  -39.013  10.646  42.137 0.0000000000
100347  -42.441  9.345  38.213 0.0000000000
100371  -42.128  8.955  36.967 0.0000000000
98475  -42.474  7.807  32.403 0.0000000000
99467  -42.927  8.182  30.733 0.0000000000
99466  -42.394  8.305  30.337 0.0000000000
99484  -42.363  8.498  29.675 0.0000000000
98498  -41.804  8.244  30.172 0.0000000000
100465  -38.382  9.249  29.109 0.0000000000
99499  -38.928  8.903  28.753 0.0000000000
101387  -38.098  9.879  28.352 0.0000000000
103788  -39.770  13.251  33.356 0.0000000000
102985  -39.344  12.799  32.450 0.0000000000
103797  -39.819  13.192  32.501 0.0000000000
103841  -39.726  13.347  27.716 0.0000000000
103030  -39.279  12.833  27.704 0.0000000000
103839  -38.293  13.045  27.332 0.0000000000
103027  -36.968  12.250  27.460 0.0000000000
104600  -38.283  14.765  31.273 0.0000000000
96512  -40.367  4.598  40.305 0.0000000000
96501  -40.004  4.985  40.767 0.0000000000
104507  -45.668  14.596  41.475 0.0000000000
105340  -45.695  15.077  40.777 0.0000000000
105356  -46.234  15.809  39.498 0.0000000000
105347  -45.513  15.536  40.097 0.0000000000
105355  -45.175  15.777  39.264 0.0000000000
105354  -44.226  15.566  38.951 0.0000000000
106207  -44.239  15.689  38.312 0.0000000000
106222  -44.054  15.870  37.678 0.0000000000
106208  -44.773  15.929  38.395 0.0000000000
106225  -47.526  16.508  37.573 0.0000000000
106258  -45.710  16.794  35.511 0.0000000000
95565  -49.568  4.881  31.449 0.0000000000
96622  -50.302  6.272  30.851 0.0000000000
97416  -36.052  6.708  46.671 0.0000000000
97436  -35.756  6.978  45.897 0.0000000000
91213  -46.319  0.838  43.728 0.0000000000
89138  -35.775  -1.128  43.413 0.0000000000
90156  -35.436  -0.112  43.207 0.0000000000
91197  -34.365  0.576  44.015 0.0000000000
92282  -33.226  1.157  45.329 0.0000000000
92272  -32.783  1.452  45.849 0.0000000000
98426  -44.705  7.167  37.022 0.0000000000
97511  -45.226  7.381  36.210 0.0000000000
99390  -46.767  9.341  36.547 0.0000000000
99405  -46.980  9.062  35.637 0.0000000000
101302  -46.945  10.553  37.219 0.0000000000
101316  -47.473  10.351  36.320 0.0000000000
101326  -46.375  10.546  36.000 0.0000000000
101336  -46.708  10.655  35.300 0.0000000000
98325  -43.923  7.640  48.875 0.0000000000
98334  -44.047  7.362  48.178 0.0000000000
98326  -44.901  7.954  48.922 0.0000000000
99263  -43.576  8.674  46.786 0.0000000000
99253  -45.278  8.199  46.999 0.0000000000
99282  -44.899  8.451  45.511 0.0000000000
99281  -43.748  8.395  45.727 0.0000000000
100356  -38.069  9.649  38.765 0.0000000000
99371  -38.832  8.887  37.780 0.0000000000
99372  -39.628  8.600  37.571 0.0000000000
99386  -40.559  8.498  36.221 0.0000000000
99385  -39.553  8.374  36.544 0.0000000000
99413  -38.920  8.057  34.558 0.0000000000
99414  -39.829  7.767  34.562 0.0000000000
98457  -39.932  7.559  33.612 0.0000000000
98473  -40.630  7.794  32.791 0.0000000000
98472  -39.939  7.700  33.118 0.0000000000
98483  -39.989  7.771  32.298 0.0000000000
99449  -39.316  8.045  32.742 0.0000000000
100424  -38.049  8.775  32.566 0.0000000000
99448  -38.578  8.454  32.188 0.0000000000
100437  -38.004  8.724  32.048 0.0000000000
99462  -38.031  8.892  30.891 0.0000000000
100436  -37.718  9.397  31.801 0.0000000000
103817  -41.269  13.950  30.788 0.0000000000
104614  -41.928  14.396  30.193 0.0000000000
105459  -41.672  15.092  29.467 0.0000000000
103831  -40.318  13.639  28.278 0.0000000000
104612  -40.461  14.952  29.474 0.0000000000
94443  -44.962  3.098  38.073 0.0000000000
94455  -43.524  3.697  37.782 0.0000000000
97500  -43.002  6.009  37.877 0.0000000000
97491  -43.473  6.582  38.235 0.0000000000
98417  -43.886  6.937  37.974 0.0000000000
99352  -45.512  8.544  39.374 0.0000000000
102890  -41.971  12.554  45.488 0.0000000000
102099  -41.309  11.552  45.507 0.0000000000
102115  -41.438  12.111  44.802 0.0000000000
102924  -41.715  12.773  43.088 0.0000000000
102915  -41.093  12.459  43.657 0.0000000000
104505  -43.466  14.260  40.937 0.0000000000
103743  -42.912  13.815  41.385 0.0000000000
103742  -42.415  13.931  40.913 0.0000000000
103741  -41.511  13.577  40.838 0.0000000000
103740  -40.521  13.224  40.607 0.0000000000
102933  -39.947  12.703  40.907 0.0000000000
102932  -39.475  12.674  40.404 0.0000000000
102134  -38.583  11.846  40.291 0.0000000000
102931  -38.919  12.566  39.901 0.0000000000
103750  -39.122  13.400  37.850 0.0000000000
102938  -38.706  12.772  38.284 0.0000000000
102941  -38.353  12.599  37.258 0.0000000000
102148  -37.968  11.857  37.228 0.0000000000
102949  -38.135  12.332  36.264 0.0000000000
103764  -38.749  13.174  36.354 0.0000000000
104551  -40.244  14.413  35.606 0.0000000000
103773  -39.528  13.701  35.457 0.0000000000
103774  -40.176  13.980  35.058 0.0000000000
103782  -40.121  13.806  34.514 0.0000000000
104562  -40.656  14.199  34.617 0.0000000000
106238  -42.868  15.889  36.358 0.0000000000
105391  -43.063  16.068  35.672 0.0000000000
105404  -42.414  15.308  34.688 0.0000000000
105415  -42.593  15.167  33.753 0.0000000000
104589  -42.243  14.799  33.130 0.0000000000
105439  -44.398  16.229  31.705 0.0000000000
105438  -43.800  15.701  31.569 0.0000000000
106297  -44.041  16.290  31.140 0.0000000000
97562  -47.362  6.013  30.832 0.0000000000
98499  -46.813  7.250  29.631 0.0000000000
95407  -38.374  4.604  45.912 0.0000000000
95402  -38.826  4.956  47.483 0.0000000000
95408  -38.902  4.862  46.678 0.0000000000
97417  -37.147  7.079  47.047 0.0000000000
97381  -37.468  6.168  48.304 0.0000000000
97398  -37.983  6.968  47.543 0.0000000000
98321  -39.735  7.660  48.253 0.0000000000
97383  -38.852  6.882  48.270 0.0000000000
97384  -39.867  6.984  48.685 0.0000000000
96416  -40.110  6.583  48.612 0.0000000000
97385  -40.743  6.998  48.586 0.0000000000
97386  -41.756  7.047  48.803 0.0000000000
100254  -41.284  9.857  48.541 0.0000000000
101212  -41.738  10.433  48.752 0.0000000000
101213  -42.195  10.470  48.846 0.0000000000
102061  -41.789  10.930  48.601 0.0000000000
103658  -38.700  13.265  46.335 0.0000000000
102874  -38.843  12.719  46.682 0.0000000000
102083  -39.964  11.719  47.126 0.0000000000
102875  -40.099  12.521  46.970 0.0000000000
103649  -41.198  12.930  47.168 0.0000000000
102862  -40.972  12.391  47.489 0.0000000000
103650  -41.403  12.733  47.216 0.0000000000
102863  -41.542  12.324  47.220 0.0000000000
102877  -41.905  12.696  46.394 0.0000000000
103662  -42.152  13.217  46.190 0.0000000000
104428  -43.131  14.139  45.231 0.0000000000
103679  -43.343  14.082  45.043 0.0000000000
103693  -43.830  14.042  44.508 0.0000000000
96493  -50.258  5.450  41.351 0.0000000000
94413  -48.485  3.869  40.904 0.0000000000
93363  -48.776  3.039  43.263 0.0000000000
94393  -49.162  3.477  43.136 0.0000000000
93371  -48.753  3.281  42.710 0.0000000000
92344  -46.569  2.330  40.900 0.0000000000
93393  -46.818  2.819  40.496 0.0000000000
93406  -45.828  2.279  39.751 0.0000000000
93404  -44.153  1.691  39.513 0.0000000000
92368  -42.582  2.039  39.095 0.0000000000
92354  -42.432  1.692  39.436 0.0000000000
91241  -44.146  0.614  41.735 0.0000000000
92326  -41.109  1.387  40.679 0.0000000000
92340  -41.302  1.854  40.216 0.0000000000
93391  -41.395  2.348  39.774 0.0000000000
93389  -40.084  2.654  40.447 0.0000000000
91178  -44.530  0.313  46.710 0.0000000000
88035  -42.303  -2.638  48.411 0.0000000000
89078  -42.551  -1.929  48.486 0.0000000000
88065  -39.968  -2.513  47.026 0.0000000000
90118  -41.155  -1.628  47.055 0.0000000000
90119  -41.567  -1.324  47.271 0.0000000000
90106  -42.312  -1.235  47.731 0.0000000000
91164  -43.750  -0.271  47.454 0.0000000000
91186  -43.844  0.285  45.945 0.0000000000
90147  -43.369  -0.116  45.136 0.0000000000
90174  -40.632  -0.445  42.986 0.0000000000
94399  -36.887  3.168  42.813 0.0000000000
93368  -37.007  2.601  42.363 0.0000000000
94391  -37.410  3.671  43.229 0.0000000000
94384  -37.105  3.655  44.007 0.0000000000
94376  -36.518  3.011  45.204 0.0000000000
93344  -34.703  2.216  45.284 0.0000000000
93334  -34.372  2.427  46.017 0.0000000000
94354  -34.929  4.068  46.988 0.0000000000
95389  -35.047  4.619  47.349 0.0000000000
96427  -34.461  5.434  47.649 0.0000000000
94462  -51.235  4.394  36.529 0.0000000000
95492  -51.581  4.851  36.304 0.0000000000
97526  -51.357  6.045  35.714 0.0000000000
95503  -51.335  4.442  35.029 0.0000000000
94458  -46.034  3.921  37.435 0.0000000000
94474  -45.517  4.108  36.904 0.0000000000
95500  -46.354  5.023  35.757 0.0000000000
97522  -45.405  6.874  35.467 0.0000000000
96567  -48.279  6.198  34.530 0.0000000000
96566  -47.297  6.331  34.482 0.0000000000
96557  -48.702  5.826  35.292 0.0000000000
96568  -49.238  6.233  34.702 0.0000000000
96569  -49.985  6.341  34.748 0.0000000000
97535  -49.710  6.656  34.219 0.0000000000
98450  -51.096  7.040  33.967 0.0000000000
96576  -51.638  6.063  33.767 0.0000000000
97547  -51.795  6.969  33.334 0.0000000000
96587  -51.441  6.322  32.576 0.0000000000
97553  -51.783  7.071  32.718 0.0000000000
100445  -51.358  9.159  31.989 0.0000000000
99473  -51.632  8.566  32.011 0.0000000000
100457  -51.343  8.954  31.661 0.0000000000
100456  -50.645  9.349  31.257 0.0000000000
101329  -48.441  10.662  34.839 0.0000000000
101339  -48.742  10.477  34.090 0.0000000000
100442  -48.351  10.257  31.852 0.0000000000
101358  -49.153  10.478  32.178 0.0000000000
100455  -49.594  9.877  30.745 0.0000000000
100471  -49.839  9.128  30.171 0.0000000000
100470  -48.665  9.336  29.742 0.0000000000
100484  -47.506  9.166  28.980 0.0000000000
99521  -46.755  8.721  28.606 0.0000000000
100496  -46.665  9.030  28.718 0.0000000000
96463  -39.641  5.460  44.713 0.0000000000
96470  -39.746  5.416  43.672 0.0000000000
97454  -41.764  6.240  44.152 0.0000000000
97455  -42.988  6.519  43.762 0.0000000000
97422  -45.113  7.222  46.473 0.0000000000
97451  -44.861  7.407  44.096 0.0000000000
97457  -44.801  7.407  43.037 0.0000000000
97463  -44.842  7.482  42.093 0.0000000000
98386  -45.672  7.798  42.643 0.0000000000
99322  -46.981  8.990  41.823 0.0000000000
99334  -46.561  8.634  41.555 0.0000000000
99345  -46.682  9.279  41.051 0.0000000000
99344  -46.525  9.000  40.692 0.0000000000
101247  -40.808  10.872  45.440 0.0000000000
100292  -40.968  10.033  45.940 0.0000000000
100309  -40.317  9.989  45.128 0.0000000000
99308  -40.674  9.019  44.230 0.0000000000
99309  -41.575  8.545  43.952 0.0000000000
99317  -41.643  8.547  42.795 0.0000000000
100346  -38.709  9.160  40.546 0.0000000000
99337  -38.828  9.203  41.362 0.0000000000
99338  -39.349  8.827  41.057 0.0000000000
99318  -43.066  8.818  42.562 0.0000000000
100349  -44.538  9.824  39.168 0.0000000000
100340  -44.694  9.761  40.018 0.0000000000
100387  -43.531  9.531  36.413 0.0000000000
100388  -44.454  10.036  36.726 0.0000000000
100412  -44.512  9.789  35.463 0.0000000000
99418  -44.177  9.409  34.816 0.0000000000
99401  -41.832  8.377  35.221 0.0000000000
99416  -42.292  8.378  34.462 0.0000000000
99469  -44.532  8.526  31.608 0.0000000000
99470  -45.438  8.736  31.754 0.0000000000
100480  -44.265  8.935  29.403 0.0000000000
100481  -44.773  8.860  29.627 0.0000000000
100493  -44.352  9.075  29.047 0.0000000000
99533  -44.022  8.330  28.014 0.0000000000
98496  -40.247  7.979  29.956 0.0000000000
98509  -40.706  8.148  29.627 0.0000000000
99529  -40.170  9.132  27.246 0.0000000000
99515  -40.659  8.722  27.996 0.0000000000
102176  -38.268  12.031  33.990 0.0000000000
102192  -38.275  11.869  32.188 0.0000000000
102199  -37.739  11.232  31.118 0.0000000000
103816  -40.836  13.431  30.276 0.0000000000
103008  -38.153  12.132  28.678 0.0000000000
103009  -38.404  12.385  29.298 0.0000000000
102214  -37.808  11.575  29.047 0.0000000000
102223  -38.006  11.592  27.889 0.0000000000
100501  -36.994  10.014  27.235 0.0000000000
101394  -36.610  10.775  27.665 0.0000000000
103017  -36.549  12.204  28.047 0.0000000000
102221  -36.283  11.648  28.318 0.0000000000
102212  -35.911  11.556  29.006 0.0000000000
103007  -35.802  12.220  29.312 0.0000000000
104630  -37.769  14.002  28.486 0.0000000000
104619  -36.271  13.609  29.721 0.0000000000
103821  -36.232  13.378  29.207 0.0000000000
103815  -35.973  13.493  29.872 0.0000000000
103814  -35.417  13.209  30.148 0.0000000000
107945  -41.894  18.147  31.506 0.0000000000
107120  -40.283  17.528  32.815 0.0000000000
106285  -39.873  16.551  32.814 0.0000000000
96490  -39.207  4.992  41.665 0.0000000000
96480  -40.505  6.091  43.073 0.0000000000
105357  -47.033  15.666  39.777 0.0000000000
106210  -47.190  16.054  38.921 0.0000000000
98374  -34.597  7.378  44.711 0.0000000000
98360  -35.096  7.216  45.084 0.0000000000
91201  -46.161  0.732  44.684 0.0000000000
89136  -34.428  -0.593  43.819 0.0000000000
90142  -34.107  -0.184  44.058 0.0000000000
90141  -33.457  -0.296  44.549 0.0000000000
94436  -48.394  4.436  39.489 0.0000000000
94446  -47.462  4.069  38.512 0.0000000000
95462  -47.372  4.213  37.946 0.0000000000
100389  -47.183  9.774  37.053 0.0000000000
100390  -47.452  10.097  36.911 0.0000000000
100257  -44.166  9.190  49.030 0.0000000000
100271  -44.565  8.955  48.725 0.0000000000
100270  -43.765  9.147  48.575 0.0000000000
99251  -43.272  9.089  47.685 0.0000000000
101291  -37.488  10.550  37.912 0.0000000000
101292  -37.683  10.138  38.462 0.0000000000
100385  -38.179  9.273  36.957 0.0000000000
99399  -39.650  8.145  35.472 0.0000000000
99412  -38.139  8.664  34.347 0.0000000000
99429  -38.125  8.742  33.695 0.0000000000
100423  -37.801  9.207  33.325 0.0000000000
104625  -42.236  14.837  29.796 0.0000000000
105458  -41.253  15.193  29.466 0.0000000000
104613  -40.919  15.088  29.408 0.0000000000
106294  -41.329  16.428  31.183 0.0000000000
93414  -42.641  2.424  38.809 0.0000000000
98396  -44.712  7.617  40.412 0.0000000000
102902  -41.715  12.450  44.608 0.0000000000
102917  -42.290  12.876  43.902 0.0000000000
103729  -41.755  13.209  42.339 0.0000000000
104513  -43.479  14.576  39.806 0.0000000000
103748  -41.916  13.989  40.447 0.0000000000
104512  -42.381  14.316  39.866 0.0000000000
103746  -40.688  13.812  39.471 0.0000000000
103745  -39.847  13.431  39.475 0.0000000000
103752  -40.194  13.806  38.959 0.0000000000
103751  -39.590  13.654  38.428 0.0000000000
103757  -39.453  13.731  37.346 0.0000000000
103765  -39.350  13.672  36.503 0.0000000000
104538  -39.797  14.173  36.581 0.0000000000
104539  -40.439  14.560  36.642 0.0000000000
104552  -41.076  14.935  35.960 0.0000000000
106257  -44.621  16.634  35.664 0.0000000000
105405  -43.130  15.922  35.089 0.0000000000
106268  -43.932  16.264  34.785 0.0000000000
105426  -43.776  15.751  32.759 0.0000000000
95400  -37.147  4.098  46.604 0.0000000000
95392  -38.169  4.949  47.859 0.0000000000
96431  -38.378  5.426  48.209 0.0000000000
98331  -38.006  7.513  47.093 0.0000000000
98332  -38.642  7.540  47.374 0.0000000000
98333  -39.428  7.958  47.586 0.0000000000
99236  -40.420  8.185  48.340 0.0000000000
99248  -40.196  8.784  48.018 0.0000000000
100267  -40.630  9.873  48.146 0.0000000000
101222  -40.447  10.558  47.755 0.0000000000
103660  -40.913  13.356  46.827 0.0000000000
104427  -42.691  14.270  45.390 0.0000000000
95429  -49.635  4.780  41.952 0.0000000000
94403  -48.856  3.762  42.100 0.0000000000
92331  -47.475  2.445  41.757 0.0000000000
92357  -45.387  1.578  40.040 0.0000000000
91252  -42.313  0.774  40.598 0.0000000000
92338  -40.115  1.964  40.751 0.0000000000
89112  -39.569  -2.019  45.743 0.0000000000
90130  -41.438  -0.948  46.346 0.0000000000
90163  -42.156  -0.471  44.066 0.0000000000
92311  -36.642  1.737  42.328 0.0000000000
93361  -36.336  2.600  42.936 0.0000000000
93346  -35.933  2.707  44.620 0.0000000000
93336  -35.865  2.774  45.386 0.0000000000
97514  -51.519  5.863  36.491 0.0000000000
95487  -44.911  4.377  36.551 0.0000000000
98447  -46.806  8.015  34.825 0.0000000000
97533  -47.925  7.130  34.010 0.0000000000
97546  -50.030  6.915  33.784 0.0000000000
97545  -49.449  7.145  33.704 0.0000000000
98464  -50.242  7.554  33.418 0.0000000000
99441  -51.300  8.243  33.031 0.0000000000
99440  -50.703  8.635  33.139 0.0000000000
99455  -50.863  9.087  32.806 0.0000000000
100443  -50.234  9.718  32.724 0.0000000000
101348  -48.492  10.657  33.336 0.0000000000
100453  -47.668  9.802  31.260 0.0000000000
100468  -46.512  9.268  30.543 0.0000000000
97448  -42.095  6.227  45.373 0.0000000000
98366  -46.115  8.022  45.857 0.0000000000
97441  -45.874  7.814  45.713 0.0000000000
98378  -45.801  8.067  44.955 0.0000000000
98384  -45.848  8.147  43.991 0.0000000000
98387  -46.125  8.226  43.064 0.0000000000
98394  -46.255  8.258  42.287 0.0000000000
100323  -45.848  9.542  41.868 0.0000000000
101263  -39.749  10.342  43.994 0.0000000000
100308  -39.853  10.109  44.402 0.0000000000
100316  -39.583  9.950  43.825 0.0000000000
100320  -39.484  9.566  43.107 0.0000000000
99349  -40.685  8.622  39.468 0.0000000000
99339  -40.571  8.630  40.693 0.0000000000
99341  -43.475  9.411  40.166 0.0000000000
99351  -43.185  9.476  39.387 0.0000000000
100348  -43.338  9.607  38.794 0.0000000000
100399  -43.257  9.432  35.730 0.0000000000
98459  -41.283  7.939  33.458 0.0000000000
99433  -41.974  8.179  33.726 0.0000000000
98460  -42.012  7.855  33.128 0.0000000000
98476  -43.116  7.868  32.207 0.0000000000
98487  -43.361  7.980  31.869 0.0000000000
99468  -43.673  8.144  31.249 0.0000000000
99486  -43.655  8.516  30.225 0.0000000000
99504  -43.774  8.826  29.362 0.0000000000
99503  -43.037  8.579  29.025 0.0000000000
99502  -42.079  8.563  28.958 0.0000000000
99500  -39.926  8.427  29.209 0.0000000000
102966  -38.806  12.634  34.135 0.0000000000
102975  -38.801  12.454  33.209 0.0000000000
102984  -38.820  12.406  32.326 0.0000000000
102993  -38.806  12.431  31.413 0.0000000000
103021  -40.155  13.179  28.761 0.0000000000
103010  -39.346  12.951  29.541 0.0000000000
103019  -38.493  12.342  28.107 0.0000000000
102231  -38.133  11.902  27.456 0.0000000000
103837  -36.837  12.568  27.887 0.0000000000
104598  -36.147  14.417  31.412 0.0000000000
94432  -40.893  3.469  39.594 0.0000000000
95450  -40.560  4.202  39.887 0.0000000000
97477  -42.189  6.272  41.157 0.0000000000
104479  -44.390  14.164  42.391 0.0000000000
104498  -44.908  14.339  41.936 0.0000000000
104514  -44.094  14.510  40.302 0.0000000000
105339  -45.112  15.097  40.416 0.0000000000
105346  -44.562  15.013  39.838 0.0000000000
105353  -43.264  15.330  38.942 0.0000000000
105352  -42.858  15.185  38.330 0.0000000000
105364  -42.029  15.394  37.196 0.0000000000
105378  -43.053  15.546  37.316 0.0000000000
106239  -43.342  16.013  36.788 0.0000000000
106240  -44.341  16.398  36.710 0.0000000000
98343  -36.835  7.302  46.224 0.0000000000
98361  -35.739  7.301  45.301 0.0000000000
98362  -36.652  7.635  45.330 0.0000000000
98344  -37.625  7.541  46.580 0.0000000000
91230  -46.393  1.069  43.009 0.0000000000
92313  -46.055  1.183  42.414 0.0000000000
91242  -45.007  0.771  42.034 0.0000000000
88047  -39.642  -2.972  47.339 0.0000000000
87046  -38.774  -3.495  47.028 0.0000000000
88077  -38.664  -2.487  45.577 0.0000000000
88076  -37.770  -2.637  45.544 0.0000000000
92301  -35.104  1.205  43.523 0.0000000000
92294  -35.152  1.615  43.704 0.0000000000
92293  -34.707  1.427  44.042 0.0000000000
92284  -34.383  1.659  44.805 0.0000000000
91196  -33.837  0.529  44.475 0.0000000000
92283  -33.735  1.316  44.939 0.0000000000
96553  -44.857  5.910  35.936 0.0000000000
97510  -44.817  6.623  36.366 0.0000000000
98438  -46.170  7.981  35.420 0.0000000000
99420  -47.308  8.770  34.788 0.0000000000
99421  -48.067  9.049  34.355 0.0000000000
99422  -48.685  9.465  34.157 0.0000000000
100416  -48.118  9.846  35.088 0.0000000000
100405  -48.243  10.344  35.233 0.0000000000
101328  -48.058  10.728  35.474 0.0000000000
101337  -47.428  10.913  34.865 0.0000000000
100415  -46.563  10.503  34.674 0.0000000000
100426  -45.951  10.048  34.206 0.0000000000
97402  -42.892  6.650  47.864 0.0000000000
97420  -43.030  6.646  46.944 0.0000000000
97403  -43.934  6.977  47.606 0.0000000000
97404  -44.660  7.254  47.142 0.0000000000
98347  -45.135  7.540  47.103 0.0000000000
98336  -45.197  8.139  47.383 0.0000000000
98348  -45.595  7.894  46.827 0.0000000000
99265  -45.613  8.242  46.238 0.0000000000
101283  -38.401  10.891  41.311 0.0000000000
100330  -38.791  9.927  41.908 0.0000000000
99358  -38.667  8.956  38.703 0.0000000000
99374  -41.516  8.731  36.946 0.0000000000
99415  -40.385  7.708  34.330 0.0000000000
98445  -40.956  7.973  34.253 0.0000000000
99483  -40.128  7.927  31.260 0.0000000000
99463  -38.732  8.501  31.167 0.0000000000
99480  -37.981  9.113  30.251 0.0000000000
103809  -41.177  13.862  31.925 0.0000000000
103808  -40.372  13.483  31.501 0.0000000000
104640  -39.448  13.518  27.590 0.0000000000
104639  -38.954  13.629  27.576 0.0000000000
105457  -39.134  14.784  29.649 0.0000000000
105456  -38.839  14.811  30.146 0.0000000000
105446  -38.888  14.855  30.952 0.0000000000
105434  -38.612  14.921  31.938 0.0000000000
93417  -45.756  2.799  38.785 0.0000000000
95474  -44.406  4.125  37.043 0.0000000000
96541  -43.771  5.369  36.835 0.0000000000
96520  -42.254  5.465  38.941 0.0000000000
96531  -42.644  5.280  38.175 0.0000000000
98418  -44.522  7.388  37.732 0.0000000000
98409  -45.527  8.606  38.708 0.0000000000
101234  -41.474  10.903  46.830 0.0000000000
102084  -41.291  11.183  46.058 0.0000000000
102901  -41.361  12.389  44.189 0.0000000000
101273  -39.872  11.147  43.595 0.0000000000
102122  -39.599  11.356  43.083 0.0000000000
102126  -39.353  11.318  42.244 0.0000000000
103737  -43.224  13.752  41.938 0.0000000000
103736  -42.463  13.521  41.814 0.0000000000
102929  -40.149  12.437  41.521 0.0000000000
102131  -39.314  11.860  41.326 0.0000000000
101284  -38.820  11.366  41.343 0.0000000000
102130  -38.770  11.592  41.028 0.0000000000
102138  -38.136  11.692  39.109 0.0000000000
102137  -37.735  11.334  38.496 0.0000000000
102140  -37.640  11.348  37.880 0.0000000000
102147  -37.674  11.271  37.131 0.0000000000
102157  -37.718  11.535  36.151 0.0000000000
102957  -37.863  11.915  35.524 0.0000000000
102958  -38.286  12.332  35.178 0.0000000000
103780  -38.784  12.841  34.754 0.0000000000
103789  -40.323  13.661  33.638 0.0000000000
103799  -40.972  13.952  32.991 0.0000000000
105376  -41.713  15.431  36.523 0.0000000000
105403  -41.864  15.099  34.860 0.0000000000
104576  -41.352  14.290  33.732 0.0000000000
104616  -43.267  15.301  31.107 0.0000000000
105437  -43.303  15.416  32.102 0.0000000000
96458  -39.462  5.199  45.861 0.0000000000
96459  -40.396  5.555  46.381 0.0000000000
96449  -41.127  6.260  47.633 0.0000000000
96412  -37.242  5.946  48.358 0.0000000000
96413  -37.858  5.871  48.431 0.0000000000
96414  -38.626  6.038  48.312 0.0000000000
96433  -40.415  6.258  48.227 0.0000000000
96434  -41.080  6.522  48.057 0.0000000000
97401  -41.825  6.571  48.165 0.0000000000
98324  -42.648  7.840  48.864 0.0000000000
99237  -41.178  8.758  48.586 0.0000000000
99238  -42.354  8.775  49.048 0.0000000000
99239  -43.570  8.571  49.244 0.0000000000
100256  -43.089  9.654  49.103 0.0000000000
101214  -42.367  10.497  48.525 0.0000000000
101225  -42.377  10.811  48.031 0.0000000000
101232  -39.654  10.748  46.946 0.0000000000
102068  -40.579  11.505  47.754 0.0000000000
102063  -42.304  11.016  48.188 0.0000000000
102891  -42.454  13.079  45.531 0.0000000000
103712  -43.851  13.636  43.901 0.0000000000
103713  -44.362  14.131  43.684 0.0000000000
104440  -44.785  14.755  44.107 0.0000000000
95435  -49.695  4.858  40.915 0.0000000000
94425  -48.325  4.135  40.026 0.0000000000
93381  -47.573  2.930  41.365 0.0000000000
94423  -46.919  3.163  39.936 0.0000000000
93415  -43.726  2.158  38.887 0.0000000000
93413  -42.209  2.587  39.010 0.0000000000
91267  -42.683  0.957  39.925 0.0000000000
92353  -41.744  1.828  39.764 0.0000000000
93401  -41.251  2.848  39.534 0.0000000000
94422  -40.336  3.440  40.130 0.0000000000
95433  -39.094  4.265  41.227 0.0000000000
95432  -38.571  4.373  41.698 0.0000000000
95427  -38.301  4.437  42.378 0.0000000000
91187  -44.579  0.340  45.838 0.0000000000
88037  -43.966  -2.243  48.739 0.0000000000
89080  -44.160  -1.635  48.700 0.0000000000
90092  -43.776  -1.252  48.462 0.0000000000
88048  -40.437  -2.689  47.556 0.0000000000
89090  -41.506  -1.902  47.825 0.0000000000
89104  -40.742  -2.029  46.906 0.0000000000
89105  -41.215  -1.809  47.295 0.0000000000
89091  -42.138  -1.643  48.090 0.0000000000
89092  -42.709  -1.427  48.217 0.0000000000
90108  -44.122  -0.427  47.996 0.0000000000
91177  -43.775  0.083  46.796 0.0000000000
91209  -42.865  -0.542  43.815 0.0000000000
90160  -39.181  -1.103  43.545 0.0000000000
90172  -38.703  -0.443  42.722 0.0000000000
91223  -39.119  0.227  42.230 0.0000000000
91237  -39.466  0.907  41.746 0.0000000000
94392  -37.894  3.935  42.676 0.0000000000
95413  -37.606  4.081  44.365 0.0000000000
95390  -36.219  4.829  47.466 0.0000000000
97395  -35.045  5.877  47.683 0.0000000000
97415  -34.714  6.054  46.845 0.0000000000
96446  -33.886  5.643  47.137 0.0000000000
97434  -33.867  6.538  45.708 0.0000000000
97446  -34.399  6.901  45.118 0.0000000000
94478  -51.309  4.418  35.767 0.0000000000
94494  -50.846  4.052  35.108 0.0000000000
95515  -51.128  4.472  34.487 0.0000000000
94459  -46.583  3.944  37.697 0.0000000000
95475  -46.072  4.213  37.024 0.0000000000
95477  -47.625  4.624  37.192 0.0000000000
96565  -46.707  6.578  34.600 0.0000000000
96544  -48.205  5.488  35.750 0.0000000000
96559  -50.371  6.305  35.042 0.0000000000
96586  -50.971  5.833  32.184 0.0000000000
96606  -51.232  6.565  31.895 0.0000000000
98477  -51.562  7.783  32.671 0.0000000000
98489  -51.441  7.753  31.774 0.0000000000
97564  -51.139  6.941  31.490 0.0000000000
97581  -50.581  6.834  30.941 0.0000000000
98503  -50.335  7.549  30.495 0.0000000000
98502  -49.575  7.489  30.073 0.0000000000
101350  -49.880  9.929  32.894 0.0000000000
101359  -49.975  10.176  32.486 0.0000000000
100472  -50.365  8.847  30.469 0.0000000000
99492  -50.058  8.330  30.132 0.0000000000
99490  -48.273  8.268  29.559 0.0000000000
99506  -47.778  8.592  28.998 0.0000000000
98515  -47.095  8.169  28.726 0.0000000000
97453  -41.021  6.107  43.696 0.0000000000
96481  -41.097  6.526  42.886 0.0000000000
97440  -45.219  7.421  45.335 0.0000000000
97450  -44.121  6.724  44.522 0.0000000000
97471  -44.873  7.625  41.557 0.0000000000
98397  -45.619  8.379  40.820 0.0000000000
99333  -46.056  8.479  41.288 0.0000000000
98402  -46.022  8.690  40.331 0.0000000000
100361  -46.006  9.683  39.166 0.0000000000
100293  -41.448  9.801  46.425 0.0000000000
99279  -41.449  9.254  45.987 0.0000000000
99296  -40.649  9.217  45.162 0.0000000000
99297  -41.506  8.652  45.064 0.0000000000
99311  -44.233  8.580  43.502 0.0000000000
99327  -38.777  9.493  41.587 0.0000000000
99328  -39.366  9.155  42.004 0.0000000000
100322  -45.217  9.633  41.432 0.0000000000
100333  -45.836  9.869  41.163 0.0000000000
99342  -44.427  9.649  40.507 0.0000000000
100332  -45.088  9.746  40.764 0.0000000000
100341  -45.678  9.820  40.428 0.0000000000
101300  -45.841  10.274  37.637 0.0000000000
101313  -45.528  10.494  37.038 0.0000000000
100425  -45.293  9.712  34.530 0.0000000000
100438  -45.418  9.424  33.860 0.0000000000
99375  -42.016  8.873  36.571 0.0000000000
99417  -43.252  8.752  34.531 0.0000000000
99436  -44.794  9.183  34.136 0.0000000000
99453  -45.991  9.152  32.460 0.0000000000
99489  -45.767  8.777  30.994 0.0000000000
100467  -45.454  8.821  30.258 0.0000000000
100466  -44.909  8.723  30.275 0.0000000000
100482  -45.708  8.934  29.513 0.0000000000
100495  -45.837  8.866  28.900 0.0000000000
98510  -41.407  8.286  29.632 0.0000000000
101335  -37.513  10.337  33.669 0.0000000000
102183  -37.791  11.182  32.896 0.0000000000
101356  -37.690  10.493  31.690 0.0000000000
101377  -37.616  10.476  29.819 0.0000000000
102995  -39.893  13.185  31.410 0.0000000000
103001  -38.694  12.467  30.439 0.0000000000
102207  -38.011  11.945  30.396 0.0000000000
102206  -37.653  11.283  30.203 0.0000000000
101402  -38.136  10.276  26.608 0.0000000000
100502  -37.511  9.652  26.731 0.0000000000
101393  -36.351  11.276  27.991 0.0000000000
101384  -36.069  11.062  28.416 0.0000000000
104638  -38.083  13.672  27.745 0.0000000000
104637  -37.482  13.543  28.163 0.0000000000
103830  -36.910  13.334  28.479 0.0000000000
103822  -36.830  13.528  28.908 0.0000000000
103828  -36.017  12.558  28.920 0.0000000000
106271  -46.849  17.193  34.240 0.0000000000
106299  -45.519  17.248  31.629 0.0000000000
106309  -44.363  17.023  31.066 0.0000000000
107139  -44.158  17.245  30.912 0.0000000000
107138  -43.726  17.181  30.604 0.0000000000
108766  -42.669  18.716  31.866 0.0000000000
106296  -42.655  17.005  30.394 0.0000000000
106295  -42.096  16.783  30.722 0.0000000000
107121  -40.935  17.513  31.994 0.0000000000
105424  -40.087  15.800  32.150 0.0000000000
88050  -44.144  -1.869  48.763 0.0000000000
91266  -41.968  1.153  39.890 0.0000000000
93403  -42.342  2.262  39.151 0.0000000000
94475  -45.832  4.187  36.951 0.0000000000
94495  -51.348  4.441  35.293 0.0000000000
95393  -38.690  5.118  47.966 0.0000000000
95439  -39.510  4.265  40.722 0.0000000000
95461  -46.854  4.003  37.801 0.0000000000
95551  -51.079  5.748  32.523 0.0000000000
96604  -50.034  5.521  31.304 0.0000000000
96605  -50.757  5.972  31.450 0.0000000000
96621  -49.728  5.744  30.839 0.0000000000
97387  -42.784  7.002  48.618 0.0000000000
97399  -38.580  7.204  47.841 0.0000000000
97447  -34.785  7.044  45.138 0.0000000000
97459  -41.207  6.397  43.342 0.0000000000
97543  -48.254  7.657  33.782 0.0000000000
98313  -44.447  7.979  49.270 0.0000000000
98314  -44.678  8.219  49.225 0.0000000000
98365  -45.839  7.891  45.348 0.0000000000
98375  -35.326  7.672  44.648 0.0000000000
98392  -44.952  7.803  41.159 0.0000000000
98435  -41.407  8.085  34.726 0.0000000000
98436  -41.782  8.246  34.670 0.0000000000
98526  -46.894  8.491  28.592 0.0000000000
99228  -43.959  8.830  49.280 0.0000000000
99229  -44.326  8.490  49.284 0.0000000000
99230  -44.851  8.535  49.148 0.0000000000
99241  -44.929  8.535  48.652 0.0000000000
99259  -38.983  8.686  46.604 0.0000000000
99261  -41.762  9.550  46.608 0.0000000000
99315  -39.567  9.260  42.653 0.0000000000
99335  -46.842  9.096  41.338 0.0000000000
99343  -46.291  8.639  40.994 0.0000000000
99347  -38.512  9.183  39.275 0.0000000000
99362  -45.579  8.738  39.079 0.0000000000
99388  -42.213  8.976  35.990 0.0000000000
99432  -39.975  7.490  33.988 0.0000000000
99450  -43.028  7.994  32.652 0.0000000000
99465  -40.049  7.818  31.749 0.0000000000
99472  -51.175  8.462  31.371 0.0000000000
99505  -44.167  8.777  29.783 0.0000000000
100247  -43.878  9.061  49.160 0.0000000000
100248  -44.331  8.958  49.180 0.0000000000
100249  -44.630  8.796  49.180 0.0000000000
100258  -44.760  8.998  49.043 0.0000000000
100268  -42.289  10.243  47.679 0.0000000000
100277  -41.379  10.275  46.483 0.0000000000
100278  -41.808  10.019  47.074 0.0000000000
100317  -40.099  9.595  44.451 0.0000000000
100319  -38.955  10.038  42.671 0.0000000000
100324  -46.529  9.352  42.078 0.0000000000
100325  -46.859  9.156  42.039 0.0000000000
100334  -46.412  9.591  41.504 0.0000000000
100335  -46.838  9.308  41.697 0.0000000000
100338  -38.691  9.128  41.033 0.0000000000
100343  -46.713  9.423  41.288 0.0000000000
100355  -37.676  9.839  38.130 0.0000000000
100357  -42.220  9.182  37.453 0.0000000000
100386  -42.802  9.378  36.029 0.0000000000
100400  -44.057  9.592  35.791 0.0000000000
100431  -50.507  9.291  32.864 0.0000000000
100444  -50.781  9.484  32.381 0.0000000000
100478  -38.080  9.675  28.794 0.0000000000
100485  -48.144  9.019  29.127 0.0000000000
100497  -47.062  9.003  28.560 0.0000000000
101271  -39.049  10.581  42.869 0.0000000000
101288  -37.566  10.963  38.331 0.0000000000
101299  -37.560  10.593  36.844 0.0000000000
101303  -47.257  10.428  36.939 0.0000000000
101315  -47.023  10.691  36.623 0.0000000000
101360  -50.342  9.853  32.422 0.0000000000
101367  -49.354  10.185  31.384 0.0000000000
102071  -42.308  11.199  48.030 0.0000000000
102100  -41.538  12.061  45.213 0.0000000000
102121  -39.148  11.037  42.915 0.0000000000
102132  -39.726  11.830  41.868 0.0000000000
102224  -38.257  12.072  27.642 0.0000000000
102925  -42.083  12.855  43.422 0.0000000000
102928  -39.683  12.450  41.068 0.0000000000
102936  -39.218  13.015  39.427 0.0000000000
102948  -37.912  12.077  35.783 0.0000000000
102967  -39.314  13.022  33.768 0.0000000000
103016  -36.195  12.175  28.705 0.0000000000
103728  -41.309  13.183  42.002 0.0000000000
103790  -40.848  13.941  33.595 0.0000000000
103807  -39.730  13.163  31.864 0.0000000000
104516  -40.181  14.227  37.959 0.0000000000
104564  -41.917  14.992  34.598 0.0000000000
104603  -43.280  15.345  31.597 0.0000000000
105365  -42.467  15.215  37.756 0.0000000000
105366  -43.314  15.415  37.928 0.0000000000
105390  -42.527  15.799  35.803 0.0000000000
105460  -42.082  14.990  29.490 0.0000000000
106221  -43.444  15.703  37.418 0.0000000000
106255  -43.043  16.106  36.078 0.0000000000
107133  -44.730  17.483  31.327 0.0000000000
107140  -44.364  17.266  31.097 0.0000000000
