#!ascii label  , from subject 3185 vox2ras=TkReg
1129
106204  -48.993  16.638  39.849 0.0000000000
119062  -44.246  32.803  26.735 0.0000000000
116222  -38.890  28.731  38.289 0.0000000000
116227  -44.640  28.177  37.880 0.0000000000
114804  -47.480  25.959  26.981 0.0000000000
117664  -46.438  29.940  31.873 0.0000000000
114708  -45.752  26.865  31.683 0.0000000000
113795  -40.873  25.462  35.690 0.0000000000
104425  -41.287  14.253  45.258 0.0000000000
106201  -44.667  16.818  40.145 0.0000000000
119031  -35.703  32.688  29.166 0.0000000000
116340  -40.791  28.589  25.898 0.0000000000
113113  -43.392  23.700  22.020 0.0000000000
112057  -44.244  23.845  41.893 0.0000000000
117658  -40.887  30.220  31.468 0.0000000000
116885  -44.518  29.864  39.578 0.0000000000
111159  -47.511  22.800  39.650 0.0000000000
109537  -43.442  20.374  36.437 0.0000000000
109590  -39.363  20.323  32.509 0.0000000000
106243  -47.740  16.743  36.313 0.0000000000
112211  -46.790  23.523  26.401 0.0000000000
113869  -47.998  25.521  28.967 0.0000000000
113883  -44.067  25.262  28.183 0.0000000000
114727  -41.775  26.440  30.647 0.0000000000
105323  -42.950  15.647  42.068 0.0000000000
106198  -41.781  16.771  39.723 0.0000000000
121123  -35.944  35.650  31.207 0.0000000000
115645  -43.056  26.955  24.068 0.0000000000
112055  -42.140  23.272  41.857 0.0000000000
113738  -41.795  25.922  41.125 0.0000000000
121166  -42.357  35.416  27.829 0.0000000000
119053  -44.197  32.848  28.275 0.0000000000
116934  -46.526  29.485  35.782 0.0000000000
117600  -45.617  30.840  35.726 0.0000000000
116210  -46.344  29.055  38.918 0.0000000000
114579  -46.290  26.811  41.297 0.0000000000
113757  -45.360  25.640  39.718 0.0000000000
110324  -45.886  21.231  37.814 0.0000000000
112920  -43.550  24.466  38.478 0.0000000000
111203  -39.578  22.359  36.033 0.0000000000
116990  -45.640  29.613  27.736 0.0000000000
119040  -46.244  32.318  28.543 0.0000000000
116309  -47.671  28.568  28.687 0.0000000000
115523  -47.336  27.523  32.547 0.0000000000
115497  -45.487  27.637  35.032 0.0000000000
114632  -43.055  26.592  36.639 0.0000000000
115500  -42.815  27.349  34.061 0.0000000000
114662  -40.330  26.409  33.422 0.0000000000
104439  -43.598  14.480  44.625 0.0000000000
106133  -45.974  15.889  43.207 0.0000000000
107044  -47.699  17.309  41.091 0.0000000000
121776  -40.352  36.720  32.133 0.0000000000
121150  -38.397  35.292  29.613 0.0000000000
119049  -39.448  32.670  28.528 0.0000000000
116986  -42.003  29.687  28.528 0.0000000000
115610  -43.439  26.884  26.612 0.0000000000
113949  -45.757  24.831  24.552 0.0000000000
110414  -44.601  21.942  23.632 0.0000000000
110465  -43.557  21.143  21.082 0.0000000000
109502  -41.856  20.495  39.613 0.0000000000
109504  -44.121  20.331  39.531 0.0000000000
109490  -47.489  20.392  40.591 0.0000000000
117595  -40.017  30.211  35.648 0.0000000000
117661  -43.826  30.609  31.500 0.0000000000
117597  -42.356  30.472  35.644 0.0000000000
116895  -41.629  29.332  38.858 0.0000000000
115428  -44.115  27.202  41.727 0.0000000000
112060  -47.032  23.354  41.587 0.0000000000
108679  -48.513  19.750  38.846 0.0000000000
107889  -48.114  18.702  35.712 0.0000000000
107908  -45.779  18.818  33.925 0.0000000000
107933  -43.228  18.804  32.248 0.0000000000
112095  -41.761  23.490  37.488 0.0000000000
109567  -41.741  20.497  34.289 0.0000000000
107931  -41.188  18.563  31.966 0.0000000000
105350  -48.183  15.736  40.890 0.0000000000
106210  -47.190  16.054  38.921 0.0000000000
106211  -48.452  16.580  38.776 0.0000000000
112209  -44.777  23.452  26.195 0.0000000000
113901  -45.510  24.619  27.764 0.0000000000
113032  -43.759  24.594  27.367 0.0000000000
113014  -42.405  24.786  28.064 0.0000000000
115448  -40.601  27.692  39.282 0.0000000000
119734  -42.700  33.986  27.259 0.0000000000
116244  -46.127  28.909  36.742 0.0000000000
116918  -46.413  29.533  37.017 0.0000000000
116209  -45.708  28.506  38.922 0.0000000000
115439  -45.739  27.132  40.123 0.0000000000
115451  -44.650  26.822  39.068 0.0000000000
113756  -44.742  25.280  39.110 0.0000000000
114617  -44.042  26.332  38.556 0.0000000000
115598  -46.164  27.609  27.481 0.0000000000
117004  -47.197  29.336  27.582 0.0000000000
115600  -47.659  27.323  27.458 0.0000000000
114732  -47.004  26.098  30.365 0.0000000000
114711  -47.949  26.676  30.751 0.0000000000
114709  -46.781  26.514  31.584 0.0000000000
115511  -46.703  27.224  33.273 0.0000000000
114667  -45.158  27.192  33.103 0.0000000000
115501  -43.727  27.310  34.367 0.0000000000
115519  -43.940  27.405  32.524 0.0000000000
114705  -41.568  26.620  31.571 0.0000000000
106159  -43.554  16.061  41.463 0.0000000000
105298  -44.473  15.762  42.893 0.0000000000
106161  -45.545  16.239  41.901 0.0000000000
106162  -46.452  16.304  42.094 0.0000000000
107042  -45.962  16.737  40.626 0.0000000000
120396  -34.973  34.697  30.092 0.0000000000
121139  -37.735  35.520  30.385 0.0000000000
120414  -37.889  34.499  29.275 0.0000000000
120432  -39.525  34.612  28.612 0.0000000000
119048  -38.293  32.662  28.825 0.0000000000
117000  -38.901  29.644  27.041 0.0000000000
116984  -39.917  29.875  28.226 0.0000000000
116332  -40.502  28.529  26.712 0.0000000000
115580  -42.933  27.638  27.783 0.0000000000
115608  -41.996  27.767  25.787 0.0000000000
113962  -42.817  25.543  23.282 0.0000000000
114839  -44.206  25.739  24.099 0.0000000000
113099  -44.296  23.968  22.897 0.0000000000
112247  -45.641  23.151  24.105 0.0000000000
112277  -44.745  22.636  22.849 0.0000000000
110451  -44.195  21.171  22.310 0.0000000000
112287  -43.911  22.354  21.512 0.0000000000
112051  -38.259  23.426  41.989 0.0000000000
110270  -37.975  21.982  41.295 0.0000000000
110271  -38.918  21.978  41.238 0.0000000000
109500  -40.287  20.326  39.693 0.0000000000
110286  -40.148  21.443  40.645 0.0000000000
112056  -43.141  23.481  41.764 0.0000000000
110289  -43.044  21.797  40.921 0.0000000000
110290  -44.043  22.050  41.129 0.0000000000
109489  -46.375  20.280  40.339 0.0000000000
110292  -46.063  21.388  40.828 0.0000000000
117657  -39.622  30.515  31.534 0.0000000000
117636  -39.171  30.060  33.844 0.0000000000
117637  -40.452  30.203  33.691 0.0000000000
118330  -46.354  31.064  29.727 0.0000000000
118328  -44.894  31.282  30.583 0.0000000000
117652  -45.499  30.641  32.520 0.0000000000
118269  -45.022  31.192  36.904 0.0000000000
117599  -44.619  30.946  35.566 0.0000000000
117580  -43.319  30.498  36.625 0.0000000000
117579  -42.106  30.168  36.685 0.0000000000
116883  -43.120  29.291  39.208 0.0000000000
116198  -43.234  28.385  40.442 0.0000000000
116199  -44.101  28.854  40.500 0.0000000000
112915  -46.783  24.285  40.454 0.0000000000
113726  -46.292  25.718  41.602 0.0000000000
112082  -47.713  23.057  40.459 0.0000000000
111153  -48.101  21.667  40.539 0.0000000000
110310  -48.269  21.435  38.952 0.0000000000
108687  -48.306  19.539  37.668 0.0000000000
109512  -47.654  20.824  37.940 0.0000000000
109538  -44.517  20.227  36.319 0.0000000000
108707  -46.009  19.634  35.923 0.0000000000
108721  -44.333  19.533  35.317 0.0000000000
107920  -44.590  18.812  33.186 0.0000000000
108735  -43.844  19.665  34.298 0.0000000000
114631  -42.248  26.151  36.309 0.0000000000
113776  -42.092  24.920  37.275 0.0000000000
113775  -41.535  24.544  36.895 0.0000000000
110363  -39.293  21.156  34.478 0.0000000000
110364  -40.162  20.723  34.817 0.0000000000
109579  -40.633  20.604  33.014 0.0000000000
109592  -41.396  20.233  32.432 0.0000000000
108757  -40.153  19.567  32.341 0.0000000000
107930  -40.446  18.589  32.667 0.0000000000
104499  -45.678  14.380  42.187 0.0000000000
106259  -46.814  16.778  35.325 0.0000000000
113052  -47.757  24.511  26.324 0.0000000000
113888  -48.508  25.315  27.851 0.0000000000
113018  -47.757  24.500  27.867 0.0000000000
113867  -46.039  25.598  28.947 0.0000000000
114753  -44.843  26.433  29.628 0.0000000000
115548  -43.915  27.287  30.801 0.0000000000
113864  -42.797  25.644  29.293 0.0000000000
105280  -42.573  15.045  43.735 0.0000000000
105322  -42.034  15.588  41.894 0.0000000000
106199  -42.801  16.801  39.834 0.0000000000
120410  -33.370  34.018  29.307 0.0000000000
116353  -42.102  28.194  24.402 0.0000000000
113111  -41.718  25.109  21.865 0.0000000000
113122  -42.496  23.888  21.232 0.0000000000
112053  -40.138  23.349  41.837 0.0000000000
113713  -42.008  25.114  42.113 0.0000000000
113714  -42.740  25.182  42.100 0.0000000000
117675  -42.388  31.083  29.776 0.0000000000
116956  -46.798  29.306  33.824 0.0000000000
117642  -46.146  30.637  33.435 0.0000000000
117601  -46.440  30.234  35.240 0.0000000000
117566  -46.344  30.383  37.454 0.0000000000
117548  -45.683  30.219  39.116 0.0000000000
116866  -45.631  29.243  40.845 0.0000000000
116193  -46.332  28.550  40.650 0.0000000000
113739  -46.092  25.736  40.502 0.0000000000
112080  -46.571  23.845  39.804 0.0000000000
110308  -46.559  21.792  38.343 0.0000000000
112089  -45.813  23.523  39.245 0.0000000000
110306  -44.611  22.128  38.336 0.0000000000
110322  -43.689  21.685  37.909 0.0000000000
112936  -40.437  24.198  36.530 0.0000000000
116910  -38.164  29.105  36.945 0.0000000000
117704  -44.737  31.154  27.562 0.0000000000
119064  -45.748  32.805  26.965 0.0000000000
117706  -46.624  30.431  27.771 0.0000000000
117690  -46.866  30.495  28.333 0.0000000000
116971  -46.723  28.991  30.303 0.0000000000
114756  -48.206  26.469  29.062 0.0000000000
116286  -47.368  28.263  30.545 0.0000000000
116282  -47.034  28.657  32.051 0.0000000000
116273  -47.016  28.411  34.138 0.0000000000
116265  -46.013  28.208  35.500 0.0000000000
116253  -45.020  28.244  36.192 0.0000000000
115479  -44.182  27.563  37.214 0.0000000000
115496  -44.642  27.550  35.338 0.0000000000
115494  -42.902  27.037  35.688 0.0000000000
114640  -42.219  26.625  35.328 0.0000000000
114706  -42.486  27.016  31.627 0.0000000000
114663  -41.271  26.817  33.420 0.0000000000
105281  -43.652  15.334  43.635 0.0000000000
105273  -44.625  15.082  44.194 0.0000000000
104456  -45.886  14.921  43.542 0.0000000000
105300  -47.114  15.564  42.632 0.0000000000
105327  -48.155  15.880  42.115 0.0000000000
107030  -48.267  16.866  41.314 0.0000000000
121797  -41.030  36.403  30.710 0.0000000000
121126  -39.318  35.867  30.971 0.0000000000
121152  -40.864  36.074  29.511 0.0000000000
121159  -41.340  35.538  28.559 0.0000000000
119732  -40.902  34.219  28.011 0.0000000000
118356  -41.820  32.254  27.871 0.0000000000
118343  -36.933  31.374  28.383 0.0000000000
118345  -38.889  31.604  28.554 0.0000000000
117684  -40.424  30.698  28.422 0.0000000000
117686  -42.771  30.894  28.154 0.0000000000
116987  -43.211  29.675  28.507 0.0000000000
115597  -44.836  27.657  27.775 0.0000000000
114802  -46.118  26.367  26.483 0.0000000000
115620  -43.651  27.111  25.076 0.0000000000
114814  -44.599  26.232  25.396 0.0000000000
113939  -46.677  25.200  25.594 0.0000000000
113070  -46.756  24.222  25.351 0.0000000000
111267  -45.427  22.560  24.924 0.0000000000
111307  -43.561  21.715  23.557 0.0000000000
110449  -42.798  20.915  22.375 0.0000000000
112295  -43.341  22.970  19.701 0.0000000000
107858  -41.559  18.794  38.848 0.0000000000
107869  -43.124  18.593  38.859 0.0000000000
111149  -41.366  21.963  41.026 0.0000000000
109503  -42.955  20.455  39.611 0.0000000000
107861  -45.002  18.231  39.340 0.0000000000
107862  -46.181  18.387  39.678 0.0000000000
107063  -47.543  18.193  40.462 0.0000000000
107845  -48.516  18.491  40.165 0.0000000000
116912  -39.511  29.436  37.473 0.0000000000
118350  -44.990  32.447  28.643 0.0000000000
118335  -43.841  31.512  29.518 0.0000000000
116967  -42.560  30.299  31.584 0.0000000000
117641  -45.278  30.815  33.506 0.0000000000
117639  -42.883  30.348  33.489 0.0000000000
117638  -41.663  30.271  33.574 0.0000000000
117596  -41.153  30.397  35.722 0.0000000000
117578  -40.846  30.055  36.868 0.0000000000
116224  -40.654  28.989  39.012 0.0000000000
115449  -41.819  27.813  39.651 0.0000000000
114587  -43.413  27.117  41.298 0.0000000000
113716  -44.214  25.433  42.376 0.0000000000
114578  -45.632  26.691  41.907 0.0000000000
113725  -45.593  25.587  42.098 0.0000000000
112058  -45.444  23.793  41.868 0.0000000000
110280  -47.462  21.832  41.177 0.0000000000
109491  -48.184  20.397  40.369 0.0000000000
107865  -48.720  18.562  39.264 0.0000000000
107078  -48.785  17.740  37.141 0.0000000000
106244  -48.571  17.149  36.132 0.0000000000
106272  -47.621  17.413  34.317 0.0000000000
109541  -47.092  19.890  36.735 0.0000000000
107899  -46.842  18.625  34.690 0.0000000000
107114  -47.086  17.627  33.059 0.0000000000
107134  -45.568  17.683  31.744 0.0000000000
107948  -44.388  18.212  31.745 0.0000000000
114616  -43.288  25.860  38.087 0.0000000000
112096  -42.591  23.400  38.008 0.0000000000
110321  -42.457  21.627  37.298 0.0000000000
111194  -40.902  22.336  36.894 0.0000000000
110339  -41.518  21.382  36.613 0.0000000000
109568  -42.471  20.173  34.646 0.0000000000
109593  -42.342  20.051  32.798 0.0000000000
108759  -42.186  19.303  32.076 0.0000000000
106203  -48.170  16.001  39.933 0.0000000000
106202  -47.515  15.763  39.772 0.0000000000
113069  -43.746  23.508  25.937 0.0000000000
113049  -44.045  23.709  26.473 0.0000000000
113048  -42.975  24.327  26.586 0.0000000000
114615  -40.140  27.370  39.068 0.0000000000
115447  -40.234  27.979  39.174 0.0000000000
119061  -43.258  33.130  26.794 0.0000000000
119745  -44.120  34.287  26.900 0.0000000000
119071  -44.216  33.624  26.718 0.0000000000
116243  -45.577  28.677  36.928 0.0000000000
116228  -45.536  28.881  38.005 0.0000000000
115472  -45.040  28.195  38.552 0.0000000000
115452  -45.341  27.670  39.357 0.0000000000
115471  -44.300  27.330  38.293 0.0000000000
114785  -47.022  26.934  26.800 0.0000000000
115599  -47.110  27.441  27.125 0.0000000000
114731  -45.873  26.591  30.552 0.0000000000
114690  -46.563  26.967  32.642 0.0000000000
114689  -45.605  27.148  32.629 0.0000000000
114688  -44.704  27.254  32.653 0.0000000000
114707  -44.887  27.265  31.846 0.0000000000
104437  -41.731  14.502  44.792 0.0000000000
106183  -44.164  16.469  40.810 0.0000000000
106160  -44.563  16.106  41.796 0.0000000000
106184  -45.257  16.544  40.896 0.0000000000
120412  -35.555  34.234  29.633 0.0000000000
120413  -36.675  34.487  29.696 0.0000000000
119708  -36.157  33.583  29.412 0.0000000000
119710  -37.764  33.506  29.080 0.0000000000
119032  -36.715  32.810  29.260 0.0000000000
117023  -39.608  29.780  25.593 0.0000000000
117013  -38.909  29.796  26.152 0.0000000000
117014  -39.795  29.200  26.423 0.0000000000
116331  -40.084  28.928  27.160 0.0000000000
116333  -41.338  28.167  26.307 0.0000000000
113098  -43.173  24.625  22.878 0.0000000000
113963  -43.770  25.109  23.536 0.0000000000
112263  -44.551  23.372  22.788 0.0000000000
112276  -44.170  22.930  22.278 0.0000000000
112275  -43.633  23.179  21.795 0.0000000000
112875  -38.291  24.159  41.683 0.0000000000
111136  -38.546  22.690  41.718 0.0000000000
110272  -39.812  21.935  41.160 0.0000000000
111141  -43.709  22.766  41.440 0.0000000000
110276  -44.371  22.557  41.380 0.0000000000
110291  -44.981  21.700  40.856 0.0000000000
110277  -44.960  22.397  41.356 0.0000000000
117668  -41.136  30.597  30.566 0.0000000000
117648  -40.667  30.159  32.569 0.0000000000
117673  -46.386  30.317  30.701 0.0000000000
117672  -45.919  30.918  30.917 0.0000000000
117663  -45.787  30.631  31.547 0.0000000000
117547  -44.969  30.269  39.224 0.0000000000
117564  -44.390  30.748  37.562 0.0000000000
117553  -44.230  30.090  38.704 0.0000000000
117552  -43.599  29.900  38.445 0.0000000000
116898  -43.987  29.741  39.147 0.0000000000
116208  -43.747  29.210  39.992 0.0000000000
116873  -44.201  29.428  40.083 0.0000000000
112081  -47.269  23.589  40.047 0.0000000000
112074  -47.326  23.852  40.867 0.0000000000
111160  -47.918  22.326  39.996 0.0000000000
111171  -47.892  22.129  39.184 0.0000000000
109513  -48.144  20.571  38.169 0.0000000000
110309  -47.547  21.422  38.390 0.0000000000
109524  -44.110  20.774  37.239 0.0000000000
108705  -44.543  19.867  35.825 0.0000000000
109554  -44.291  19.900  35.797 0.0000000000
108720  -43.411  19.652  35.023 0.0000000000
114630  -41.499  25.600  36.053 0.0000000000
113787  -41.887  25.454  36.604 0.0000000000
113786  -41.095  24.914  36.403 0.0000000000
110375  -39.020  21.042  33.503 0.0000000000
109565  -39.899  20.698  33.765 0.0000000000
109578  -39.638  20.594  32.955 0.0000000000
109591  -40.368  20.234  32.412 0.0000000000
108756  -39.054  19.892  32.536 0.0000000000
104508  -46.133  14.567  41.774 0.0000000000
106242  -46.621  16.657  36.494 0.0000000000
112212  -47.550  23.915  26.384 0.0000000000
112198  -47.894  24.171  26.914 0.0000000000
112196  -46.634  23.650  27.005 0.0000000000
113900  -44.682  24.853  27.715 0.0000000000
113902  -45.949  24.487  27.793 0.0000000000
113884  -45.253  25.152  28.286 0.0000000000
113866  -44.962  25.599  29.036 0.0000000000
114752  -43.697  26.458  29.741 0.0000000000
113865  -43.859  25.844  28.983 0.0000000000
113881  -41.817  25.036  28.439 0.0000000000
105321  -41.049  15.551  41.621 0.0000000000
106182  -43.189  16.436  40.652 0.0000000000
120395  -33.937  34.604  30.071 0.0000000000
113976  -41.545  25.600  22.374 0.0000000000
113985  -41.513  25.608  21.414 0.0000000000
114857  -40.897  26.555  21.717 0.0000000000
114585  -41.477  26.384  40.391 0.0000000000
113737  -41.055  25.790  40.932 0.0000000000
113723  -42.399  25.640  41.615 0.0000000000
121160  -42.507  35.662  28.411 0.0000000000
118334  -42.529  31.636  29.400 0.0000000000
116945  -46.714  29.366  34.738 0.0000000000
117624  -46.554  30.158  34.187 0.0000000000
116900  -46.433  29.742  38.238 0.0000000000
117555  -46.147  30.421  38.463 0.0000000000
116887  -46.201  29.608  39.428 0.0000000000
116876  -46.317  29.102  40.408 0.0000000000
116201  -46.345  28.819  39.911 0.0000000000
114588  -45.709  26.408  40.239 0.0000000000
112914  -45.933  24.618  39.920 0.0000000000
112922  -45.251  24.225  39.209 0.0000000000
112921  -44.490  24.513  38.894 0.0000000000
112088  -44.874  23.653  38.730 0.0000000000
112087  -43.936  23.734  38.693 0.0000000000
110305  -44.042  22.235  38.399 0.0000000000
111166  -43.414  23.111  38.381 0.0000000000
117688  -44.873  30.302  27.911 0.0000000000
117705  -45.766  30.648  27.507 0.0000000000
117005  -47.697  28.987  27.804 0.0000000000
117707  -47.487  29.811  27.864 0.0000000000
117691  -47.400  29.747  28.526 0.0000000000
117677  -46.869  30.125  29.351 0.0000000000
116976  -47.102  29.065  29.480 0.0000000000
113870  -48.355  25.733  28.628 0.0000000000
114770  -48.361  26.261  28.266 0.0000000000
113851  -48.302  25.927  29.356 0.0000000000
115535  -47.963  27.065  31.202 0.0000000000
115550  -47.889  27.295  30.511 0.0000000000
115549  -47.703  27.631  31.148 0.0000000000
116283  -47.311  28.244  31.488 0.0000000000
116280  -47.318  28.070  32.296 0.0000000000
116279  -47.091  28.655  32.714 0.0000000000
116277  -47.329  28.030  32.983 0.0000000000
115503  -45.659  27.473  34.258 0.0000000000
115504  -46.564  27.674  34.204 0.0000000000
115498  -46.121  27.858  34.848 0.0000000000
116264  -45.405  28.015  35.657 0.0000000000
115486  -44.270  27.691  36.255 0.0000000000
114651  -43.055  27.139  34.658 0.0000000000
114728  -42.691  26.837  30.735 0.0000000000
115546  -43.041  27.287  31.405 0.0000000000
114684  -40.439  26.519  32.447 0.0000000000
114685  -41.383  26.771  32.461 0.0000000000
105296  -42.298  15.385  42.766 0.0000000000
105297  -43.307  15.454  42.890 0.0000000000
105299  -45.079  15.645  43.286 0.0000000000
105282  -44.549  15.386  43.683 0.0000000000
105283  -45.530  15.425  43.600 0.0000000000
104441  -45.440  15.037  44.017 0.0000000000
104457  -46.630  15.133  43.063 0.0000000000
105284  -46.381  15.474  43.210 0.0000000000
106186  -46.946  16.672  41.437 0.0000000000
106143  -47.677  16.075  42.457 0.0000000000
107029  -47.958  16.728  41.613 0.0000000000
122370  -40.812  37.149  32.522 0.0000000000
122371  -41.627  37.202  32.518 0.0000000000
121777  -41.063  36.840  32.068 0.0000000000
121790  -41.562  36.729  31.595 0.0000000000
121789  -40.718  36.551  31.480 0.0000000000
121109  -35.522  35.562  31.991 0.0000000000
121124  -37.059  35.906  31.298 0.0000000000
121140  -38.879  35.751  30.176 0.0000000000
121141  -40.148  35.896  30.314 0.0000000000
121151  -39.706  35.656  29.179 0.0000000000
119720  -39.041  33.614  28.728 0.0000000000
119721  -40.125  33.758  28.404 0.0000000000
119722  -40.915  33.545  28.141 0.0000000000
119733  -41.552  33.926  27.552 0.0000000000
119050  -40.473  32.726  28.331 0.0000000000
118344  -37.878  31.502  28.506 0.0000000000
117682  -38.459  30.676  28.296 0.0000000000
116985  -40.809  29.621  28.359 0.0000000000
117685  -41.504  30.702  28.491 0.0000000000
115595  -42.774  27.299  27.066 0.0000000000
115581  -43.669  27.917  28.167 0.0000000000
114782  -44.419  26.806  26.966 0.0000000000
114783  -45.542  26.878  27.060 0.0000000000
114801  -45.082  26.356  26.353 0.0000000000
115630  -42.708  27.652  24.289 0.0000000000
115619  -42.791  27.586  25.128 0.0000000000
115631  -43.377  27.169  24.614 0.0000000000
113948  -44.902  25.477  24.554 0.0000000000
114825  -44.399  26.124  24.683 0.0000000000
113938  -45.507  25.674  25.053 0.0000000000
114815  -45.815  26.000  25.775 0.0000000000
113950  -46.337  24.577  25.088 0.0000000000
113085  -46.222  24.189  24.729 0.0000000000
111309  -45.240  22.632  23.802 0.0000000000
111287  -45.778  22.728  24.581 0.0000000000
111286  -44.878  22.307  24.234 0.0000000000
112245  -44.432  22.689  24.849 0.0000000000
111285  -43.970  22.155  24.206 0.0000000000
109654  -43.736  20.785  21.548 0.0000000000
110450  -43.569  20.897  22.430 0.0000000000
109653  -43.264  20.763  21.227 0.0000000000
110458  -42.658  20.873  21.536 0.0000000000
110464  -42.925  21.159  20.693 0.0000000000
112285  -42.785  23.591  20.597 0.0000000000
108669  -38.987  19.450  39.267 0.0000000000
109501  -41.035  20.541  39.768 0.0000000000
108671  -41.053  19.747  39.264 0.0000000000
107068  -42.595  18.161  38.864 0.0000000000
108672  -42.262  19.625  39.073 0.0000000000
112054  -41.138  23.309  41.739 0.0000000000
111148  -40.985  22.117  41.055 0.0000000000
111139  -41.601  22.470  41.341 0.0000000000
109487  -43.815  21.238  40.310 0.0000000000
109486  -42.498  21.144  40.252 0.0000000000
108674  -44.230  19.205  39.120 0.0000000000
108675  -45.534  19.186  39.527 0.0000000000
108676  -46.554  19.407  39.964 0.0000000000
108677  -47.352  19.205  40.216 0.0000000000
107844  -48.057  18.300  40.555 0.0000000000
108659  -47.912  19.366  40.296 0.0000000000
117617  -39.197  30.292  34.719 0.0000000000
116931  -39.201  29.623  36.742 0.0000000000
119056  -46.302  32.540  27.795 0.0000000000
119727  -46.027  33.238  27.599 0.0000000000
119039  -45.700  32.455  28.684 0.0000000000
118327  -44.141  31.045  30.347 0.0000000000
117671  -44.254  30.859  30.888 0.0000000000
117670  -43.441  30.739  30.468 0.0000000000
117623  -45.955  30.761  34.458 0.0000000000
117622  -44.923  30.843  34.562 0.0000000000
117598  -43.508  30.683  35.574 0.0000000000
117621  -43.782  30.651  34.555 0.0000000000
117620  -42.604  30.493  34.590 0.0000000000
117619  -41.412  30.395  34.662 0.0000000000
116915  -42.161  29.712  38.252 0.0000000000
117562  -41.762  29.940  37.502 0.0000000000
116914  -41.128  29.738  37.856 0.0000000000
116894  -40.633  29.279  38.552 0.0000000000
116881  -40.968  29.181  39.167 0.0000000000
116205  -40.942  28.608  39.298 0.0000000000
116206  -41.998  28.675  39.302 0.0000000000
115437  -43.916  27.915  41.074 0.0000000000
115436  -42.740  27.652  40.627 0.0000000000
114576  -43.574  26.340  42.003 0.0000000000
114569  -44.379  26.023  42.346 0.0000000000
115430  -46.030  27.793  41.544 0.0000000000
116191  -45.478  28.745  41.212 0.0000000000
112902  -47.065  23.937  41.545 0.0000000000
112881  -46.338  24.527  41.954 0.0000000000
112059  -46.430  23.577  41.856 0.0000000000
111144  -46.563  22.774  41.545 0.0000000000
111145  -47.323  22.571  41.379 0.0000000000
109492  -48.472  20.525  39.714 0.0000000000
110295  -48.282  21.197  40.264 0.0000000000
108660  -48.453  19.522  39.863 0.0000000000
107069  -49.029  17.403  38.658 0.0000000000
107871  -48.650  18.590  38.071 0.0000000000
107879  -48.469  18.694  36.842 0.0000000000
107088  -48.511  17.969  35.954 0.0000000000
106261  -48.334  17.551  35.311 0.0000000000
107098  -48.302  18.088  34.778 0.0000000000
110325  -46.850  21.070  37.817 0.0000000000
109526  -46.263  20.593  37.237 0.0000000000
108738  -46.170  18.830  34.570 0.0000000000
108723  -46.338  19.017  35.133 0.0000000000
107909  -46.293  18.714  34.111 0.0000000000
107923  -47.431  18.293  33.431 0.0000000000
107937  -47.067  18.228  32.948 0.0000000000
107122  -46.104  17.615  32.362 0.0000000000
107936  -46.138  18.211  32.555 0.0000000000
107919  -44.026  19.006  33.123 0.0000000000
107132  -43.954  17.779  31.004 0.0000000000
107947  -43.306  18.354  31.741 0.0000000000
115478  -43.534  26.932  37.321 0.0000000000
115470  -43.546  26.565  37.962 0.0000000000
114621  -43.079  26.108  37.202 0.0000000000
112929  -42.282  24.143  37.582 0.0000000000
113768  -42.528  24.597  37.747 0.0000000000
111181  -42.892  22.407  38.075 0.0000000000
111180  -42.014  22.540  37.587 0.0000000000
112108  -40.065  23.494  36.565 0.0000000000
111193  -40.101  22.633  36.536 0.0000000000
109550  -41.095  20.599  35.002 0.0000000000
110350  -40.682  21.100  35.709 0.0000000000
110351  -41.340  20.746  35.810 0.0000000000
109535  -41.726  20.685  36.133 0.0000000000
109551  -41.948  20.492  35.379 0.0000000000
109581  -42.386  20.165  33.743 0.0000000000
108758  -41.155  19.526  32.096 0.0000000000
107932  -41.760  18.824  31.779 0.0000000000
107946  -42.476  18.321  31.576 0.0000000000
105342  -47.644  15.411  41.431 0.0000000000
105349  -47.451  15.501  40.474 0.0000000000
106209  -45.813  16.143  38.576 0.0000000000
112210  -45.878  23.567  26.561 0.0000000000
112195  -46.204  23.723  27.014 0.0000000000
113050  -45.205  23.797  26.824 0.0000000000
113033  -44.855  24.260  27.271 0.0000000000
113882  -42.983  25.251  28.463 0.0000000000
113015  -43.144  24.944  27.890 0.0000000000
114599  -40.490  26.452  39.496 0.0000000000
114600  -41.346  27.046  39.722 0.0000000000
120447  -43.002  34.835  27.556 0.0000000000
120448  -43.946  34.602  27.429 0.0000000000
119725  -44.612  33.758  27.630 0.0000000000
116255  -46.302  28.874  36.075 0.0000000000
116917  -46.018  29.071  37.331 0.0000000000
116899  -46.159  29.357  37.804 0.0000000000
115453  -46.010  28.463  39.535 0.0000000000
114602  -45.221  26.625  39.651 0.0000000000
112913  -45.184  24.860  39.323 0.0000000000
114601  -44.645  26.011  39.144 0.0000000000
113770  -43.974  25.361  38.583 0.0000000000
116321  -45.776  28.624  27.818 0.0000000000
117003  -46.404  29.568  27.576 0.0000000000
116322  -46.786  28.526  27.442 0.0000000000
116323  -47.457  28.348  27.520 0.0000000000
116992  -47.992  28.651  28.013 0.0000000000
113849  -47.628  25.832  30.052 0.0000000000
113850  -48.042  25.766  29.806 0.0000000000
114733  -47.836  26.172  30.442 0.0000000000
114710  -47.616  26.628  31.288 0.0000000000
114691  -47.284  26.918  32.389 0.0000000000
115512  -47.157  27.448  33.091 0.0000000000
114668  -46.737  27.070  32.982 0.0000000000
115510  -45.863  27.301  33.442 0.0000000000
115502  -44.786  27.357  34.333 0.0000000000
115509  -45.033  27.280  33.603 0.0000000000
115508  -44.134  27.295  33.354 0.0000000000
115507  -43.035  27.355  33.383 0.0000000000
104427  -42.691  14.270  45.390 0.0000000000
105324  -43.782  15.794  42.226 0.0000000000
106140  -45.080  16.016  42.396 0.0000000000
106141  -45.635  16.022  42.884 0.0000000000
106142  -46.673  16.041  42.855 0.0000000000
106185  -46.165  16.524  41.254 0.0000000000
107043  -46.627  16.970  40.704 0.0000000000
121775  -39.476  36.629  32.297 0.0000000000
121137  -35.446  35.250  30.585 0.0000000000
121138  -36.575  35.303  30.397 0.0000000000
120398  -36.490  34.910  30.030 0.0000000000
121149  -37.323  35.051  29.851 0.0000000000
120415  -38.947  34.965  29.046 0.0000000000
120430  -38.109  34.117  28.950 0.0000000000
119719  -38.222  33.633  28.910 0.0000000000
117718  -38.158  30.219  26.682 0.0000000000
117701  -39.062  29.958  27.919 0.0000000000
116316  -40.151  29.094  27.421 0.0000000000
116304  -41.306  28.929  28.177 0.0000000000
116305  -42.529  28.506  28.199 0.0000000000
116318  -41.427  28.248  27.372 0.0000000000
115594  -42.002  27.634  26.705 0.0000000000
115609  -42.630  27.178  26.163 0.0000000000
114837  -42.600  26.564  23.574 0.0000000000
114838  -43.393  26.114  23.804 0.0000000000
113964  -44.823  24.844  23.840 0.0000000000
113965  -45.350  24.428  24.011 0.0000000000
113084  -45.651  23.902  24.131 0.0000000000
112264  -45.027  23.219  23.244 0.0000000000
111321  -44.924  22.501  23.199 0.0000000000
111308  -44.792  22.174  23.441 0.0000000000
110433  -44.384  21.748  23.104 0.0000000000
111320  -44.613  22.064  22.662 0.0000000000
111330  -44.226  21.750  21.681 0.0000000000
111338  -43.820  21.604  21.104 0.0000000000
112897  -37.776  24.564  40.591 0.0000000000
112874  -37.049  24.141  41.436 0.0000000000
112050  -37.088  23.450  42.045 0.0000000000
111135  -37.479  22.658  41.862 0.0000000000
109499  -39.403  20.185  39.676 0.0000000000
109483  -39.761  20.862  40.148 0.0000000000
109484  -40.604  20.942  40.237 0.0000000000
110274  -42.170  22.211  41.261 0.0000000000
111150  -43.070  22.280  41.255 0.0000000000
111151  -43.459  22.192  41.214 0.0000000000
109488  -45.126  20.893  40.154 0.0000000000
109505  -45.272  20.036  39.553 0.0000000000
117647  -39.505  30.272  32.730 0.0000000000
117618  -40.241  30.209  34.718 0.0000000000
118337  -46.066  31.880  29.346 0.0000000000
118329  -45.787  31.266  30.277 0.0000000000
118319  -45.301  31.014  31.190 0.0000000000
117662  -44.869  30.774  31.539 0.0000000000
118277  -45.388  31.071  36.450 0.0000000000
117581  -44.301  30.960  36.427 0.0000000000
117563  -43.105  30.018  37.878 0.0000000000
116916  -42.825  29.651  38.419 0.0000000000
116896  -42.615  29.377  38.829 0.0000000000
116225  -42.414  29.084  39.168 0.0000000000
116207  -43.073  28.933  39.698 0.0000000000
113740  -46.648  25.870  41.063 0.0000000000
112901  -46.787  24.754  41.246 0.0000000000
112075  -47.582  23.222  41.211 0.0000000000
111152  -47.922  22.253  40.819 0.0000000000
111161  -48.203  21.818  40.161 0.0000000000
110300  -48.373  21.315  39.622 0.0000000000
109507  -48.534  20.793  39.036 0.0000000000
109528  -47.986  20.014  37.447 0.0000000000
108697  -47.845  19.475  36.704 0.0000000000
109525  -45.198  20.617  37.273 0.0000000000
109539  -45.628  20.220  36.506 0.0000000000
108722  -45.336  19.300  35.201 0.0000000000
108737  -45.653  18.977  34.369 0.0000000000
107921  -45.633  18.681  33.392 0.0000000000
108749  -45.057  19.035  33.779 0.0000000000
108748  -44.176  19.352  33.578 0.0000000000
108761  -43.642  19.239  33.059 0.0000000000
114620  -42.450  25.618  36.968 0.0000000000
112110  -41.378  23.723  37.079 0.0000000000
110349  -39.688  21.607  35.555 0.0000000000
109566  -40.856  20.625  33.983 0.0000000000
109580  -41.604  20.571  33.265 0.0000000000
104480  -44.787  14.219  42.862 0.0000000000
113920  -47.602  25.261  26.445 0.0000000000
114786  -47.778  26.193  27.410 0.0000000000
113037  -48.231  24.671  27.194 0.0000000000
113019  -48.325  24.695  27.706 0.0000000000
113886  -47.458  24.918  28.457 0.0000000000
113016  -46.395  24.418  27.833 0.0000000000
113885  -46.289  24.733  28.246 0.0000000000
113868  -47.174  25.625  29.267 0.0000000000
114755  -46.553  25.832  29.588 0.0000000000
114754  -45.900  26.037  29.677 0.0000000000
114730  -44.621  27.109  30.641 0.0000000000
114751  -42.753  26.248  30.057 0.0000000000
104453  -41.570  14.683  44.104 0.0000000000
105279  -41.554  15.091  43.337 0.0000000000
106158  -42.640  15.964  41.274 0.0000000000
106200  -43.767  16.845  40.001 0.0000000000
121136  -34.430  35.144  30.639 0.0000000000
120411  -34.497  34.081  29.578 0.0000000000
119707  -35.104  33.414  29.384 0.0000000000
116341  -41.472  28.510  25.338 0.0000000000
113961  -41.940  26.042  23.169 0.0000000000
113097  -42.592  24.999  22.894 0.0000000000
113112  -42.313  24.693  22.237 0.0000000000
113123  -43.049  23.506  21.426 0.0000000000
113129  -42.162  24.701  20.696 0.0000000000
112865  -41.347  24.542  42.137 0.0000000000
112034  -41.713  23.905  42.195 0.0000000000
112035  -42.652  23.993  42.127 0.0000000000
112036  -43.543  24.167  42.131 0.0000000000
118325  -41.388  31.253  30.016 0.0000000000
117669  -42.229  30.703  30.311 0.0000000000
117654  -46.651  29.855  32.639 0.0000000000
117653  -46.261  30.371  32.569 0.0000000000
117583  -46.332  30.261  36.367 0.0000000000
117582  -45.856  30.774  36.763 0.0000000000
117565  -45.551  30.813  37.540 0.0000000000
117554  -45.216  30.570  38.498 0.0000000000
116886  -45.431  29.931  39.801 0.0000000000
116874  -44.994  29.494  40.591 0.0000000000
116875  -45.842  29.455  40.396 0.0000000000
116868  -46.319  28.854  40.825 0.0000000000
115431  -46.469  27.791  41.015 0.0000000000
115440  -46.121  27.952  40.283 0.0000000000
114589  -46.288  26.850  40.744 0.0000000000
112900  -46.499  25.049  40.707 0.0000000000
111158  -46.815  23.167  39.364 0.0000000000
111170  -47.188  22.422  38.847 0.0000000000
111169  -46.209  22.615  38.787 0.0000000000
110307  -45.558  21.963  38.337 0.0000000000
111168  -45.260  22.845  38.526 0.0000000000
110323  -44.846  21.384  37.836 0.0000000000
109523  -43.062  20.950  37.124 0.0000000000
113785  -40.354  24.681  36.164 0.0000000000
112949  -39.899  24.466  36.103 0.0000000000
112935  -39.706  23.962  36.330 0.0000000000
112123  -39.364  23.191  36.128 0.0000000000
111202  -38.964  22.380  35.564 0.0000000000
110348  -38.638  21.619  35.073 0.0000000000
110383  -38.728  20.840  32.871 0.0000000000
118359  -44.496  32.027  27.150 0.0000000000
119063  -45.093  32.658  26.760 0.0000000000
118360  -45.439  31.865  27.051 0.0000000000
118361  -46.156  31.825  27.374 0.0000000000
118351  -46.462  31.480  28.028 0.0000000000
118338  -46.462  31.388  28.804 0.0000000000
115601  -47.987  26.867  27.881 0.0000000000
115584  -47.909  27.333  28.505 0.0000000000
115583  -47.650  27.943  28.934 0.0000000000
114734  -48.084  26.456  29.986 0.0000000000
115567  -47.802  27.432  29.520 0.0000000000
116294  -47.507  28.218  29.495 0.0000000000
116285  -47.023  28.575  30.314 0.0000000000
116968  -46.785  29.071  31.347 0.0000000000
116964  -46.773  29.251  32.304 0.0000000000
116960  -46.847  29.301  33.056 0.0000000000
115505  -47.080  27.673  33.729 0.0000000000
116266  -46.527  28.551  35.053 0.0000000000
116254  -45.774  28.511  36.182 0.0000000000
116242  -44.831  28.267  37.077 0.0000000000
115485  -43.429  27.171  36.396 0.0000000000
115495  -43.566  27.250  35.393 0.0000000000
115484  -42.695  26.817  36.126 0.0000000000
114639  -41.267  26.042  35.333 0.0000000000
115533  -44.147  27.419  31.331 0.0000000000
115531  -43.213  27.388  31.999 0.0000000000
115518  -43.154  27.349  32.585 0.0000000000
114686  -42.291  27.010  32.499 0.0000000000
114664  -42.155  27.112  33.366 0.0000000000
104454  -42.171  14.682  44.310 0.0000000000
105271  -43.179  15.103  44.112 0.0000000000
105272  -43.736  15.063  44.201 0.0000000000
104455  -45.032  14.494  43.531 0.0000000000
104481  -45.829  14.478  42.939 0.0000000000
104500  -46.397  14.633  42.205 0.0000000000
105325  -47.117  15.105  42.126 0.0000000000
105301  -47.930  15.901  42.375 0.0000000000
105343  -48.254  15.863  41.633 0.0000000000
106187  -48.621  16.474  40.926 0.0000000000
106188  -49.017  16.944  40.496 0.0000000000
121787  -38.859  36.156  31.747 0.0000000000
121125  -38.261  35.832  31.078 0.0000000000
121788  -39.853  36.276  31.512 0.0000000000
121796  -40.334  36.235  30.971 0.0000000000
121142  -40.884  36.217  30.092 0.0000000000
121805  -42.120  36.386  29.916 0.0000000000
121810  -41.682  36.239  29.359 0.0000000000
121158  -40.065  35.287  28.550 0.0000000000
120433  -40.525  34.763  28.258 0.0000000000
121165  -41.760  35.230  27.797 0.0000000000
119060  -42.168  33.021  27.384 0.0000000000
118357  -42.626  32.053  27.497 0.0000000000
119046  -36.295  31.993  28.782 0.0000000000
119047  -37.274  32.225  28.794 0.0000000000
117683  -39.422  30.690  28.383 0.0000000000
118346  -39.937  31.677  28.415 0.0000000000
118347  -41.076  31.799  28.358 0.0000000000
118348  -41.976  31.564  28.238 0.0000000000
117702  -43.153  31.587  27.555 0.0000000000
117703  -43.750  31.352  27.547 0.0000000000
117687  -43.920  30.494  27.991 0.0000000000
116307  -44.606  28.990  28.231 0.0000000000
115582  -44.367  28.321  28.220 0.0000000000
116320  -44.950  28.516  28.002 0.0000000000
114784  -46.541  26.922  26.917 0.0000000000
114803  -47.036  26.291  26.633 0.0000000000
115618  -42.030  27.962  25.228 0.0000000000
114813  -43.863  26.759  25.469 0.0000000000
114824  -43.751  26.511  24.349 0.0000000000
115621  -44.021  26.722  25.175 0.0000000000
114800  -44.085  26.538  26.120 0.0000000000
114816  -46.565  25.888  26.141 0.0000000000
113919  -47.014  25.643  26.206 0.0000000000
113071  -47.396  24.715  25.824 0.0000000000
112230  -47.424  24.110  25.791 0.0000000000
112229  -46.708  23.565  25.618 0.0000000000
112248  -46.246  23.482  24.762 0.0000000000
111288  -46.254  23.051  25.118 0.0000000000
112228  -46.145  23.237  25.768 0.0000000000
112227  -45.250  22.933  25.523 0.0000000000
112226  -44.056  23.323  25.614 0.0000000000
110432  -43.834  21.443  22.966 0.0000000000
110431  -43.120  21.225  23.016 0.0000000000
112286  -43.269  22.938  21.109 0.0000000000
111337  -43.424  21.968  20.398 0.0000000000
107057  -41.303  17.734  39.177 0.0000000000
108670  -39.967  19.490  39.364 0.0000000000
107857  -40.575  18.682  39.062 0.0000000000
107058  -42.419  17.514  39.213 0.0000000000
107059  -43.378  17.415  39.413 0.0000000000
107060  -44.391  17.421  39.590 0.0000000000
111138  -40.516  22.544  41.378 0.0000000000
110287  -40.991  21.596  40.726 0.0000000000
109485  -41.475  21.046  40.278 0.0000000000
110288  -41.950  21.746  40.918 0.0000000000
108685  -43.489  19.097  38.909 0.0000000000
107860  -43.831  18.209  39.143 0.0000000000
107061  -45.662  17.277  40.009 0.0000000000
107062  -46.877  17.747  40.221 0.0000000000
109506  -45.936  19.754  39.820 0.0000000000
107863  -47.070  18.641  40.076 0.0000000000
107045  -48.625  17.443  40.649 0.0000000000
107046  -49.161  17.188  40.128 0.0000000000
117575  -38.385  29.843  36.029 0.0000000000
116911  -38.798  29.360  37.180 0.0000000000
119737  -45.608  33.559  27.140 0.0000000000
118336  -45.148  31.898  29.456 0.0000000000
118349  -44.422  32.125  28.873 0.0000000000
119038  -43.870  32.163  28.725 0.0000000000
117676  -42.884  31.034  29.830 0.0000000000
117659  -41.952  30.259  31.292 0.0000000000
117651  -44.474  30.591  32.485 0.0000000000
117640  -44.107  30.529  33.498 0.0000000000
117650  -43.142  30.375  32.285 0.0000000000
117649  -41.960  29.996  32.348 0.0000000000
116933  -40.585  29.714  37.380 0.0000000000
116913  -40.278  29.491  37.756 0.0000000000
116223  -40.172  28.689  38.734 0.0000000000
116204  -40.341  28.207  39.131 0.0000000000
115435  -42.005  27.087  40.291 0.0000000000
115450  -42.611  28.261  39.882 0.0000000000
114586  -42.544  26.530  41.139 0.0000000000
113724  -43.080  25.679  41.870 0.0000000000
113715  -43.537  25.407  42.211 0.0000000000
112879  -44.318  24.414  42.121 0.0000000000
116200  -44.818  28.980  40.970 0.0000000000
115429  -44.962  27.734  41.707 0.0000000000
114570  -45.061  26.146  42.302 0.0000000000
113717  -44.820  25.509  42.342 0.0000000000
112880  -44.937  24.717  42.091 0.0000000000
111143  -45.700  22.964  41.618 0.0000000000
110279  -46.788  21.945  41.371 0.0000000000
110293  -47.074  21.136  41.041 0.0000000000
110294  -47.856  21.276  40.784 0.0000000000
107064  -49.045  17.729  39.797 0.0000000000
107065  -49.219  17.111  39.444 0.0000000000
107070  -49.234  17.078  39.075 0.0000000000
106226  -48.441  16.975  37.405 0.0000000000
106260  -47.801  17.098  35.152 0.0000000000
110326  -47.370  20.917  37.877 0.0000000000
109527  -47.332  20.299  37.360 0.0000000000
108696  -47.348  19.768  36.753 0.0000000000
109540  -46.595  20.074  36.617 0.0000000000
108708  -47.026  19.439  36.162 0.0000000000
108725  -47.718  18.769  35.422 0.0000000000
107107  -47.964  18.249  33.859 0.0000000000
107105  -47.246  17.482  33.761 0.0000000000
106281  -46.724  17.309  33.383 0.0000000000
107113  -46.338  17.312  32.808 0.0000000000
106289  -45.757  16.947  32.159 0.0000000000
107935  -45.017  18.498  32.474 0.0000000000
107949  -45.352  18.098  31.838 0.0000000000
113777  -42.760  25.511  37.541 0.0000000000
113769  -42.903  25.037  38.093 0.0000000000
112086  -43.256  23.800  38.352 0.0000000000
110338  -40.435  21.811  36.303 0.0000000000
111195  -41.494  22.192  37.172 0.0000000000
110340  -42.204  21.181  36.818 0.0000000000
109536  -42.358  20.660  36.449 0.0000000000
109552  -42.894  20.132  35.502 0.0000000000
108719  -42.917  19.875  34.856 0.0000000000
108747  -43.180  19.648  33.461 0.0000000000
108760  -43.003  19.238  32.621 0.0000000000
108767  -42.831  18.859  32.122 0.0000000000
104482  -46.610  14.896  42.859 0.0000000000
105274  -45.181  15.088  44.124 0.0000000000
105302  -48.243  16.055  42.182 0.0000000000
105326  -47.805  15.582  42.118 0.0000000000
106134  -46.169  15.771  43.290 0.0000000000
106144  -48.058  16.080  42.322 0.0000000000
106163  -47.432  16.432  41.939 0.0000000000
106164  -48.146  16.261  41.913 0.0000000000
106212  -49.179  16.832  39.128 0.0000000000
107067  -42.026  18.144  38.815 0.0000000000
107097  -48.096  17.554  34.639 0.0000000000
107106  -47.911  17.737  33.829 0.0000000000
107115  -47.557  18.072  33.239 0.0000000000
107116  -47.742  18.188  33.461 0.0000000000
107123  -46.991  18.003  32.737 0.0000000000
107124  -47.292  18.097  32.920 0.0000000000
107859  -43.066  17.940  39.034 0.0000000000
107864  -47.660  18.823  40.283 0.0000000000
107868  -42.388  18.762  38.763 0.0000000000
107870  -43.678  18.818  38.941 0.0000000000
107898  -46.411  18.755  34.638 0.0000000000
107900  -47.699  18.485  34.704 0.0000000000
107910  -47.117  18.455  34.028 0.0000000000
107911  -47.673  18.354  33.903 0.0000000000
107922  -46.656  18.488  33.353 0.0000000000
107924  -47.769  18.292  33.682 0.0000000000
107934  -43.869  18.739  32.541 0.0000000000
107938  -47.382  18.192  33.106 0.0000000000
107950  -45.818  17.925  32.050 0.0000000000
108657  -46.682  19.832  40.209 0.0000000000
108658  -47.092  19.765  40.289 0.0000000000
108673  -43.299  19.652  39.194 0.0000000000
108678  -47.685  19.145  40.265 0.0000000000
108684  -42.895  19.174  38.860 0.0000000000
108686  -43.788  19.043  38.939 0.0000000000
108706  -45.057  19.779  35.862 0.0000000000
108709  -47.649  19.078  35.856 0.0000000000
108724  -47.216  18.815  35.375 0.0000000000
108734  -42.995  19.771  34.318 0.0000000000
108736  -44.723  19.293  34.418 0.0000000000
108750  -45.526  18.876  33.859 0.0000000000
109522  -42.512  21.093  36.924 0.0000000000
109553  -43.809  19.961  35.728 0.0000000000
109647  -43.346  20.648  21.858 0.0000000000
109648  -43.922  20.605  22.042 0.0000000000
109649  -44.178  20.703  22.002 0.0000000000
109655  -44.035  20.671  21.836 0.0000000000
109659  -43.328  20.901  20.978 0.0000000000
109660  -43.479  20.875  21.186 0.0000000000
110273  -40.491  21.896  41.028 0.0000000000
110275  -42.560  22.102  41.194 0.0000000000
110278  -45.863  22.194  41.286 0.0000000000
110285  -39.306  21.432  40.619 0.0000000000
110320  -41.849  21.909  37.202 0.0000000000
110337  -39.932  22.082  36.143 0.0000000000
110413  -44.229  21.807  23.648 0.0000000000
110459  -43.879  20.996  21.420 0.0000000000
110460  -44.129  20.956  21.721 0.0000000000
110466  -43.949  21.253  21.391 0.0000000000
111140  -42.621  22.644  41.454 0.0000000000
111142  -44.754  23.063  41.570 0.0000000000
111167  -44.264  22.879  38.530 0.0000000000
111172  -48.201  21.859  39.575 0.0000000000
111182  -43.634  22.430  38.368 0.0000000000
111268  -45.936  22.781  25.251 0.0000000000
111269  -46.245  23.155  25.418 0.0000000000
111329  -43.873  22.061  21.055 0.0000000000
112037  -44.039  24.294  42.168 0.0000000000
112094  -41.309  23.390  37.218 0.0000000000
112197  -47.440  23.760  26.941 0.0000000000
112208  -44.267  23.466  26.121 0.0000000000
112213  -47.948  24.402  26.757 0.0000000000
112246  -45.042  22.511  24.917 0.0000000000
112866  -42.263  24.560  42.221 0.0000000000
112867  -43.135  24.666  42.205 0.0000000000
112868  -44.039  24.758  42.320 0.0000000000
112869  -44.519  25.101  42.347 0.0000000000
112882  -46.837  23.872  41.868 0.0000000000
112919  -42.830  24.255  38.067 0.0000000000
112928  -41.698  24.177  37.185 0.0000000000
112937  -41.192  24.158  36.797 0.0000000000
113017  -46.866  24.397  27.899 0.0000000000
113031  -42.717  24.722  27.425 0.0000000000
113034  -46.055  24.103  27.389 0.0000000000
113035  -47.160  24.029  27.427 0.0000000000
113036  -47.881  24.296  27.306 0.0000000000
113051  -45.703  23.790  26.953 0.0000000000
113053  -48.084  24.830  26.755 0.0000000000
113100  -45.097  24.093  23.576 0.0000000000
113114  -43.972  23.529  22.404 0.0000000000
113121  -41.907  24.835  21.354 0.0000000000
113722  -41.445  25.299  41.596 0.0000000000
113887  -48.302  25.003  28.315 0.0000000000
113903  -47.732  25.592  27.062 0.0000000000
113904  -48.101  25.279  27.170 0.0000000000
113921  -48.046  25.080  26.762 0.0000000000
113937  -44.844  25.859  24.927 0.0000000000
113940  -47.355  25.075  25.872 0.0000000000
113977  -42.224  25.353  22.835 0.0000000000
114568  -43.921  25.815  42.313 0.0000000000
114575  -42.954  26.000  41.590 0.0000000000
114577  -44.633  26.751  42.152 0.0000000000
114641  -42.841  26.912  35.077 0.0000000000
114665  -44.419  27.303  33.198 0.0000000000
114666  -44.658  27.248  33.150 0.0000000000
114669  -46.973  26.999  32.963 0.0000000000
114687  -44.381  27.257  32.978 0.0000000000
114729  -43.496  26.875  30.467 0.0000000000
114750  -42.202  26.332  30.258 0.0000000000
114787  -48.205  25.925  27.771 0.0000000000
114799  -43.307  26.851  25.773 0.0000000000
114812  -43.440  27.114  25.333 0.0000000000
114836  -41.705  26.971  23.470 0.0000000000
115438  -44.692  28.455  41.118 0.0000000000
115468  -39.801  27.968  39.030 0.0000000000
115469  -40.173  27.697  39.137 0.0000000000
115520  -44.287  27.448  32.052 0.0000000000
115521  -46.277  27.213  32.988 0.0000000000
115522  -46.559  27.145  32.978 0.0000000000
115532  -43.662  27.448  31.733 0.0000000000
115534  -47.570  27.392  31.807 0.0000000000
115547  -43.445  27.323  31.020 0.0000000000
115566  -47.651  27.850  29.327 0.0000000000
115596  -43.664  27.304  27.445 0.0000000000
115611  -47.229  26.850  26.901 0.0000000000
115612  -47.425  26.705  27.045 0.0000000000
115632  -43.986  26.706  24.877 0.0000000000
116192  -46.264  28.535  41.133 0.0000000000
116226  -42.796  29.145  39.217 0.0000000000
116229  -46.160  29.344  38.284 0.0000000000
116274  -47.274  27.992  33.539 0.0000000000
116276  -47.137  28.605  33.420 0.0000000000
116287  -47.697  27.795  29.983 0.0000000000
116293  -47.040  28.547  30.014 0.0000000000
116295  -47.669  27.800  29.706 0.0000000000
116303  -40.842  29.115  28.145 0.0000000000
116306  -43.770  28.804  28.445 0.0000000000
116308  -45.213  29.071  27.983 0.0000000000
116310  -47.829  28.355  28.272 0.0000000000
116317  -40.520  28.942  27.688 0.0000000000
116319  -42.272  27.775  27.474 0.0000000000
116324  -47.865  28.160  27.873 0.0000000000
116342  -42.008  28.213  24.887 0.0000000000
116867  -46.063  29.072  40.903 0.0000000000
116882  -41.334  29.024  39.255 0.0000000000
116884  -43.710  29.464  39.525 0.0000000000
116893  -39.737  29.206  38.161 0.0000000000
116897  -43.416  29.644  38.758 0.0000000000
116930  -38.361  29.596  36.387 0.0000000000
116932  -40.042  29.627  37.053 0.0000000000
116962  -42.436  30.223  31.789 0.0000000000
116963  -42.730  30.324  31.762 0.0000000000
116966  -42.364  30.274  31.464 0.0000000000
116969  -47.140  28.579  31.077 0.0000000000
116972  -46.991  28.704  30.841 0.0000000000
116977  -47.522  29.081  28.847 0.0000000000
116988  -44.250  29.661  28.294 0.0000000000
116989  -45.030  29.631  28.058 0.0000000000
116991  -47.853  29.096  28.160 0.0000000000
117001  -39.821  29.360  27.479 0.0000000000
117002  -40.253  29.428  27.982 0.0000000000
117006  -47.900  28.853  27.907 0.0000000000
117015  -40.342  28.823  26.048 0.0000000000
117022  -39.090  30.147  25.651 0.0000000000
117025  -41.239  29.076  24.874 0.0000000000
117546  -44.600  30.086  39.189 0.0000000000
117561  -41.236  29.945  37.427 0.0000000000
117576  -38.762  29.938  36.117 0.0000000000
117643  -46.659  30.061  33.296 0.0000000000
117660  -42.774  30.382  31.313 0.0000000000
117678  -47.298  29.559  29.028 0.0000000000
117689  -45.364  30.060  27.763 0.0000000000
118270  -45.472  31.008  36.926 0.0000000000
118276  -44.970  31.215  36.227 0.0000000000
118284  -45.147  31.128  35.886 0.0000000000
118285  -45.304  31.124  36.083 0.0000000000
118320  -45.571  31.101  30.952 0.0000000000
118326  -41.990  31.210  29.716 0.0000000000
118358  -43.567  32.153  27.183 0.0000000000
119033  -37.570  32.986  29.178 0.0000000000
119034  -37.966  33.196  29.007 0.0000000000
119041  -46.388  31.992  28.285 0.0000000000
119051  -41.375  32.905  28.042 0.0000000000
119054  -45.262  33.108  28.207 0.0000000000
119055  -46.048  33.075  28.182 0.0000000000
119065  -46.149  32.613  27.294 0.0000000000
119070  -43.774  33.732  26.815 0.0000000000
119072  -44.917  33.344  26.687 0.0000000000
119073  -45.331  33.089  26.750 0.0000000000
119706  -34.100  33.292  29.274 0.0000000000
119709  -37.239  33.701  29.319 0.0000000000
119718  -37.820  33.928  29.025 0.0000000000
119735  -43.506  34.325  27.287 0.0000000000
119738  -46.077  33.022  27.309 0.0000000000
119744  -43.500  33.870  27.023 0.0000000000
119746  -44.922  34.213  26.817 0.0000000000
119747  -45.359  33.455  26.836 0.0000000000
120397  -35.958  34.808  30.087 0.0000000000
120416  -39.518  35.227  28.751 0.0000000000
120431  -38.608  34.269  28.888 0.0000000000
120445  -41.288  34.835  27.749 0.0000000000
120446  -42.079  34.789  27.502 0.0000000000
120459  -44.490  34.696  26.945 0.0000000000
121110  -36.343  35.774  31.965 0.0000000000
121127  -39.908  36.043  30.931 0.0000000000
121148  -36.761  34.963  29.979 0.0000000000
121804  -41.464  36.333  30.016 0.0000000000
122369  -40.076  37.159  32.756 0.0000000000
122376  -41.952  36.947  31.997 0.0000000000
