#!ascii label  , from subject 3185 vox2ras=TkReg
865
100223  38.227  9.542  45.679 0.0000000000
100298  47.619  9.400  36.431 0.0000000000
104240  48.795  14.124  36.864 0.0000000000
99412  46.723  8.640  27.448 0.0000000000
97357  40.647  6.564  39.145 0.0000000000
104148  48.254  12.979  43.389 0.0000000000
100361  51.248  9.774  31.595 0.0000000000
104354  41.652  13.043  28.856 0.0000000000
101197  46.770  10.606  44.403 0.0000000000
99278  42.793  8.405  41.976 0.0000000000
97376  44.656  6.081  35.780 0.0000000000
105190  43.594  14.234  34.978 0.0000000000
103334  45.547  13.191  31.399 0.0000000000
102299  51.531  11.792  37.792 0.0000000000
101306  48.230  10.179  34.130 0.0000000000
103320  41.727  13.251  32.715 0.0000000000
99220  42.761  9.500  45.802 0.0000000000
99238  40.552  8.575  44.776 0.0000000000
96390  43.135  5.727  37.834 0.0000000000
104206  46.494  13.217  39.549 0.0000000000
103264  43.516  12.662  38.774 0.0000000000
105187  46.931  14.553  35.376 0.0000000000
106091  46.541  15.266  31.242 0.0000000000
106079  49.016  15.154  32.861 0.0000000000
101262  46.799  10.619  40.300 0.0000000000
102265  49.150  11.434  41.692 0.0000000000
101277  48.850  10.677  37.284 0.0000000000
101365  48.670  10.280  29.326 0.0000000000
101323  50.361  10.409  32.654 0.0000000000
100365  47.106  9.173  30.845 0.0000000000
99336  45.698  8.909  33.227 0.0000000000
98399  45.190  7.647  28.777 0.0000000000
97458  42.258  6.134  26.343 0.0000000000
98266  36.656  7.426  44.348 0.0000000000
99274  39.358  8.475  42.617 0.0000000000
103251  49.137  13.209  40.395 0.0000000000
98342  47.737  7.766  33.599 0.0000000000
99322  49.064  8.651  34.293 0.0000000000
98371  49.543  8.421  31.235 0.0000000000
100406  49.631  10.004  28.608 0.0000000000
103177  45.144  12.382  44.194 0.0000000000
101200  43.985  10.924  45.092 0.0000000000
100270  44.705  9.313  42.860 0.0000000000
100286  45.379  9.411  38.702 0.0000000000
98302  42.338  7.876  39.962 0.0000000000
135287  42.706  7.842  37.414 0.0000000000
99309  45.628  8.129  36.373 0.0000000000
97387  46.498  6.207  33.087 0.0000000000
99244  34.511  8.426  44.272 0.0000000000
105166  41.357  14.414  38.386 0.0000000000
106057  41.699  15.100  34.337 0.0000000000
106094  43.995  14.655  31.524 0.0000000000
104351  45.067  13.874  28.203 0.0000000000
102363  42.233  11.395  30.123 0.0000000000
102175  48.821  11.964  45.421 0.0000000000
103209  51.219  12.860  41.957 0.0000000000
104226  51.372  13.222  38.190 0.0000000000
100304  51.004  10.356  35.350 0.0000000000
102307  51.713  11.711  35.404 0.0000000000
104251  49.852  13.546  35.262 0.0000000000
103286  46.500  12.062  34.277 0.0000000000
101310  43.048  10.597  32.972 0.0000000000
102323  40.659  12.261  32.915 0.0000000000
104288  40.981  14.042  33.581 0.0000000000
100221  40.201  9.285  45.995 0.0000000000
99223  39.825  8.766  45.437 0.0000000000
104229  48.328  13.804  37.667 0.0000000000
104231  46.252  13.483  37.479 0.0000000000
105177  47.438  14.313  36.096 0.0000000000
105230  47.930  15.126  33.951 0.0000000000
105209  49.230  15.041  34.591 0.0000000000
101279  46.874  10.207  37.595 0.0000000000
102297  47.619  10.970  38.684 0.0000000000
101278  47.754  10.381  37.190 0.0000000000
100397  47.917  9.908  28.116 0.0000000000
100376  47.981  9.507  30.230 0.0000000000
100377  47.211  9.225  29.811 0.0000000000
99379  46.470  8.680  30.393 0.0000000000
99413  45.825  8.225  28.067 0.0000000000
98412  44.986  7.667  27.639 0.0000000000
98424  44.992  7.652  26.496 0.0000000000
98291  37.567  7.603  42.552 0.0000000000
104183  47.696  13.017  41.170 0.0000000000
103211  48.983  12.766  42.118 0.0000000000
98360  48.137  7.304  31.564 0.0000000000
98359  48.930  8.172  31.922 0.0000000000
98373  47.885  7.361  30.655 0.0000000000
99410  48.734  8.995  27.419 0.0000000000
101399  49.210  10.280  25.304 0.0000000000
101394  48.847  10.271  26.805 0.0000000000
99256  43.350  8.785  44.464 0.0000000000
99255  44.158  9.176  44.791 0.0000000000
99277  44.076  8.583  41.967 0.0000000000
100279  44.725  9.238  40.854 0.0000000000
99288  44.128  8.568  40.388 0.0000000000
98305  39.706  7.806  40.371 0.0000000000
99280  40.742  8.525  41.926 0.0000000000
98313  41.123  7.335  39.560 0.0000000000
96407  44.279  5.579  36.157 0.0000000000
98319  43.957  7.177  37.590 0.0000000000
97373  44.421  6.426  36.650 0.0000000000
99310  44.363  8.395  36.787 0.0000000000
97372  45.047  6.806  35.927 0.0000000000
98333  46.024  6.641  34.559 0.0000000000
97379  45.821  6.028  34.082 0.0000000000
94493  46.770  3.856  30.352 0.0000000000
103272  44.118  12.754  36.818 0.0000000000
105165  42.045  13.670  38.716 0.0000000000
104247  42.378  13.557  36.445 0.0000000000
105180  41.217  14.364  35.946 0.0000000000
105191  42.660  14.356  35.037 0.0000000000
106072  42.596  14.979  33.060 0.0000000000
106071  43.713  15.389  33.005 0.0000000000
104318  47.092  14.492  31.056 0.0000000000
105260  45.841  14.398  29.675 0.0000000000
104335  45.494  13.620  29.266 0.0000000000
103364  44.068  12.658  28.648 0.0000000000
103336  44.246  12.361  30.767 0.0000000000
102177  46.602  11.374  45.675 0.0000000000
103157  47.193  12.148  45.972 0.0000000000
102191  48.222  11.466  44.443 0.0000000000
102289  49.846  11.566  39.900 0.0000000000
102282  51.044  11.948  41.273 0.0000000000
103249  51.357  12.330  39.948 0.0000000000
104214  51.574  13.160  39.283 0.0000000000
103258  51.585  12.581  38.626 0.0000000000
99332  50.916  9.241  32.732 0.0000000000
100305  50.069  9.709  35.264 0.0000000000
100325  51.470  9.623  33.183 0.0000000000
101305  48.981  10.328  33.847 0.0000000000
101292  51.095  10.448  34.070 0.0000000000
102314  49.116  11.115  34.855 0.0000000000
103276  50.826  12.670  35.706 0.0000000000
102310  48.621  11.742  35.127 0.0000000000
103284  48.120  12.906  34.407 0.0000000000
102316  46.984  11.310  34.661 0.0000000000
98354  44.127  7.902  32.385 0.0000000000
100331  44.457  9.704  33.909 0.0000000000
99352  43.133  8.265  32.786 0.0000000000
100352  41.805  9.261  32.259 0.0000000000
105096  47.260  14.637  44.217 0.0000000000
103339  40.490  12.151  31.352 0.0000000000
104338  42.194  12.920  31.175 0.0000000000
101202  41.869  10.555  45.175 0.0000000000
101172  40.815  10.266  46.315 0.0000000000
100235  42.016  8.632  44.869 0.0000000000
99271  42.094  8.633  43.015 0.0000000000
97364  42.112  6.143  38.597 0.0000000000
103253  45.160  13.010  39.320 0.0000000000
104232  45.390  13.267  37.306 0.0000000000
105188  45.725  14.137  35.457 0.0000000000
105233  45.113  15.315  33.610 0.0000000000
105232  46.161  15.088  33.681 0.0000000000
106081  47.739  15.271  32.082 0.0000000000
104301  47.878  14.529  31.900 0.0000000000
101246  46.729  10.702  42.332 0.0000000000
102242  48.216  11.482  42.309 0.0000000000
102285  47.728  11.058  40.277 0.0000000000
102290  48.686  11.325  39.548 0.0000000000
102300  50.451  11.288  37.975 0.0000000000
101350  50.155  10.313  30.550 0.0000000000
101322  51.034  10.404  32.312 0.0000000000
101351  49.455  10.196  30.892 0.0000000000
100363  48.836  9.740  31.554 0.0000000000
100328  48.137  9.843  33.489 0.0000000000
100314  47.352  9.865  34.058 0.0000000000
100349  47.021  9.100  31.989 0.0000000000
99364  45.492  8.263  31.858 0.0000000000
98387  44.403  7.612  29.613 0.0000000000
96541  43.353  5.926  25.863 0.0000000000
99226  37.028  8.781  44.981 0.0000000000
99239  39.298  8.182  44.459 0.0000000000
98278  38.334  8.099  43.129 0.0000000000
99294  38.743  8.194  41.349 0.0000000000
98315  39.193  7.210  39.821 0.0000000000
104184  46.791  13.288  40.733 0.0000000000
104205  48.086  13.042  39.949 0.0000000000
104217  48.872  13.578  38.672 0.0000000000
98325  47.258  8.123  35.183 0.0000000000
100306  48.642  9.265  35.291 0.0000000000
99335  48.496  8.346  33.815 0.0000000000
99348  49.509  8.457  32.649 0.0000000000
99361  50.178  8.747  31.476 0.0000000000
98397  48.207  8.043  29.125 0.0000000000
99389  49.686  9.355  29.345 0.0000000000
100386  50.282  9.805  29.751 0.0000000000
101375  49.412  10.350  28.842 0.0000000000
101386  48.412  10.380  27.434 0.0000000000
99421  47.272  9.126  26.170 0.0000000000
98438  45.555  7.549  25.407 0.0000000000
102193  44.825  11.412  44.811 0.0000000000
101181  45.635  10.590  45.542 0.0000000000
100218  43.081  9.998  46.155 0.0000000000
100233  44.807  9.675  45.260 0.0000000000
101226  46.065  10.204  43.926 0.0000000000
101256  46.059  10.262  41.784 0.0000000000
100285  45.930  9.993  39.274 0.0000000000
101272  45.766  9.918  38.081 0.0000000000
99259  40.339  8.400  43.750 0.0000000000
99279  41.729  8.445  41.936 0.0000000000
99290  42.298  8.016  40.885 0.0000000000
97355  42.479  6.956  38.929 0.0000000000
98311  42.901  7.621  39.388 0.0000000000
99297  43.550  8.118  39.746 0.0000000000
99301  44.474  8.739  38.279 0.0000000000
100300  44.952  9.150  36.726 0.0000000000
99308  46.744  8.552  36.147 0.0000000000
98326  46.822  7.764  35.196 0.0000000000
97386  47.310  6.809  32.923 0.0000000000
96450  47.141  5.924  31.741 0.0000000000
95433  46.197  4.908  32.393 0.0000000000
96451  46.765  5.259  31.416 0.0000000000
100238  35.859  9.298  44.731 0.0000000000
99243  35.401  8.462  44.367 0.0000000000
98269  34.075  7.483  44.338 0.0000000000
105159  41.857  14.876  39.195 0.0000000000
106029  40.356  15.770  37.981 0.0000000000
105236  42.028  14.567  33.122 0.0000000000
105245  42.807  14.433  32.265 0.0000000000
104336  43.431  13.823  29.850 0.0000000000
106084  44.637  15.197  32.079 0.0000000000
105262  44.408  14.238  29.308 0.0000000000
104368  42.919  13.190  27.902 0.0000000000
103163  49.411  12.410  44.510 0.0000000000
102213  49.241  11.627  43.897 0.0000000000
102239  50.566  12.138  43.541 0.0000000000
103191  49.938  12.636  42.993 0.0000000000
103233  50.560  13.330  41.182 0.0000000000
104203  50.527  13.543  39.649 0.0000000000
105170  50.185  14.431  37.071 0.0000000000
100297  49.110  9.854  36.008 0.0000000000
100296  50.289  10.067  35.989 0.0000000000
101283  51.567  10.678  36.021 0.0000000000
101291  51.576  10.250  33.465 0.0000000000
101289  51.937  10.829  35.003 0.0000000000
102304  52.158  11.939  36.663 0.0000000000
103270  51.498  12.648  36.364 0.0000000000
104239  50.860  13.734  36.465 0.0000000000
105183  50.209  14.492  35.212 0.0000000000
104283  49.106  14.619  33.422 0.0000000000
104285  47.550  13.456  33.346 0.0000000000
103315  46.435  12.895  32.924 0.0000000000
101297  45.484  10.507  34.309 0.0000000000
102321  44.653  11.380  33.714 0.0000000000
102334  44.639  11.980  32.591 0.0000000000
102352  42.565  11.247  31.357 0.0000000000
96528  41.448  5.804  26.491 0.0000000000
104269  40.548  14.199  33.998 0.0000000000
105217  40.542  14.909  34.103 0.0000000000
102180  38.079  10.674  45.605 0.0000000000
100222  39.291  9.611  45.875 0.0000000000
99224  38.752  8.676  45.373 0.0000000000
104241  47.891  13.879  36.778 0.0000000000
105176  48.451  14.462  36.141 0.0000000000
105185  48.929  14.730  35.332 0.0000000000
100289  47.193  9.922  37.092 0.0000000000
100398  47.313  9.238  27.848 0.0000000000
100389  47.265  9.300  28.806 0.0000000000
99401  46.596  8.729  28.446 0.0000000000
99423  45.826  8.103  27.051 0.0000000000
105106  47.381  14.737  43.659 0.0000000000
104149  47.761  13.513  43.395 0.0000000000
104164  47.626  13.334  42.220 0.0000000000
104163  48.131  12.772  42.924 0.0000000000
97404  47.427  6.630  31.235 0.0000000000
100426  49.005  9.792  25.876 0.0000000000
100433  49.288  9.912  24.683 0.0000000000
101409  49.103  10.453  24.847 0.0000000000
104369  41.439  13.290  28.070 0.0000000000
99270  43.121  8.749  43.172 0.0000000000
99269  44.114  8.790  43.582 0.0000000000
98314  40.124  7.273  39.603 0.0000000000
98304  40.687  7.887  40.225 0.0000000000
97375  45.310  6.095  35.038 0.0000000000
104254  43.923  13.527  35.612 0.0000000000
104246  43.367  13.171  36.534 0.0000000000
104255  42.984  13.731  35.654 0.0000000000
106055  43.627  15.151  33.747 0.0000000000
105214  44.238  14.807  34.213 0.0000000000
104319  46.130  13.802  30.352 0.0000000000
104320  45.521  13.378  29.979 0.0000000000
103349  44.831  13.100  29.915 0.0000000000
103335  45.086  13.042  30.829 0.0000000000
101180  46.714  10.889  45.228 0.0000000000
101179  47.391  11.126  44.766 0.0000000000
102294  50.778  12.033  39.041 0.0000000000
102288  50.811  11.918  40.320 0.0000000000
103259  51.474  12.428  39.190 0.0000000000
102293  51.419  12.238  38.650 0.0000000000
99346  50.966  9.163  31.881 0.0000000000
99320  50.903  9.242  33.469 0.0000000000
100345  51.385  9.608  32.390 0.0000000000
101293  49.714  10.538  34.350 0.0000000000
101294  48.607  10.587  34.466 0.0000000000
102315  48.038  11.315  34.878 0.0000000000
101295  47.629  10.444  34.478 0.0000000000
98363  43.745  7.738  31.656 0.0000000000
99366  43.036  7.924  31.918 0.0000000000
99367  42.456  8.083  31.805 0.0000000000
103302  41.403  13.416  33.215 0.0000000000
103321  41.102  12.387  32.493 0.0000000000
103338  41.705  12.657  31.733 0.0000000000
103352  41.469  12.690  30.347 0.0000000000
104323  42.226  12.986  31.700 0.0000000000
101203  40.799  10.570  45.212 0.0000000000
101186  40.433  10.609  45.971 0.0000000000
99222  40.800  8.825  45.785 0.0000000000
99216  41.033  9.020  46.387 0.0000000000
99237  41.558  8.705  45.056 0.0000000000
100258  41.937  8.821  44.335 0.0000000000
99258  41.476  8.618  44.067 0.0000000000
104207  45.460  13.387  39.847 0.0000000000
103260  46.109  12.977  39.016 0.0000000000
105178  46.486  14.071  36.086 0.0000000000
104243  46.031  13.655  36.685 0.0000000000
105179  45.878  13.833  36.145 0.0000000000
104244  45.233  13.463  36.394 0.0000000000
105212  46.474  14.742  34.554 0.0000000000
106054  48.451  15.298  33.735 0.0000000000
106067  47.988  15.380  33.133 0.0000000000
106080  48.570  15.184  32.555 0.0000000000
105250  47.736  14.972  31.452 0.0000000000
104300  48.546  14.825  32.264 0.0000000000
101255  46.811  10.827  41.234 0.0000000000
101254  47.367  11.139  41.317 0.0000000000
102286  47.173  10.881  40.674 0.0000000000
102296  48.363  11.152  38.467 0.0000000000
102301  49.317  11.094  37.904 0.0000000000
102295  49.612  11.339  38.831 0.0000000000
101364  49.237  10.421  29.742 0.0000000000
100364  47.848  9.636  31.252 0.0000000000
100348  47.866  9.595  32.380 0.0000000000
99392  45.901  8.252  29.983 0.0000000000
99380  45.596  8.332  30.862 0.0000000000
98374  45.377  8.099  30.344 0.0000000000
98375  44.752  7.853  30.739 0.0000000000
98400  44.161  7.342  28.434 0.0000000000
98425  44.183  7.086  25.944 0.0000000000
97456  43.786  6.702  26.376 0.0000000000
99241  37.249  8.108  44.716 0.0000000000
98265  37.468  7.622  44.171 0.0000000000
98290  38.177  7.922  42.178 0.0000000000
98307  37.789  7.562  40.850 0.0000000000
98306  38.587  7.716  40.554 0.0000000000
103235  48.658  12.781  41.013 0.0000000000
104204  49.507  13.387  39.686 0.0000000000
98331  47.355  8.019  34.654 0.0000000000
99323  48.071  8.460  34.348 0.0000000000
98358  49.573  8.485  31.641 0.0000000000
100407  49.285  9.833  28.054 0.0000000000
99400  49.087  8.985  28.587 0.0000000000
100396  49.543  9.702  28.624 0.0000000000
100395  49.927  9.891  29.014 0.0000000000
101363  50.039  10.213  29.589 0.0000000000
101384  49.419  10.161  28.494 0.0000000000
101395  48.409  10.228  26.314 0.0000000000
100419  47.863  9.917  25.786 0.0000000000
100408  47.576  9.883  26.962 0.0000000000
99431  47.439  9.064  25.250 0.0000000000
98437  46.923  8.078  25.029 0.0000000000
101227  43.770  11.140  44.463 0.0000000000
102194  44.143  11.291  44.448 0.0000000000
101199  44.630  11.053  45.329 0.0000000000
102179  45.073  11.167  45.382 0.0000000000
101182  44.700  10.560  45.584 0.0000000000
100219  42.129  9.908  46.003 0.0000000000
101184  42.525  10.346  45.775 0.0000000000
100256  44.771  9.399  44.078 0.0000000000
99234  44.268  9.348  45.504 0.0000000000
100255  45.442  9.836  44.493 0.0000000000
100269  45.408  9.755  43.426 0.0000000000
101247  45.980  10.320  42.861 0.0000000000
100272  45.377  9.797  42.324 0.0000000000
100283  44.807  9.018  39.703 0.0000000000
100282  45.461  9.866  40.025 0.0000000000
98263  38.858  8.080  43.718 0.0000000000
99260  39.411  8.295  43.417 0.0000000000
99291  41.246  8.297  40.987 0.0000000000
97363  43.108  6.588  38.283 0.0000000000
97354  42.980  7.334  38.721 0.0000000000
98310  43.641  7.887  38.455 0.0000000000
99296  44.291  8.421  39.203 0.0000000000
99302  44.016  8.379  38.155 0.0000000000
98321  45.344  7.406  36.106 0.0000000000
100299  46.136  9.141  36.633 0.0000000000
99316  46.407  8.017  35.705 0.0000000000
97378  46.357  6.517  33.885 0.0000000000
98343  46.909  6.924  33.575 0.0000000000
97398  46.964  6.244  32.533 0.0000000000
96440  47.055  6.051  32.207 0.0000000000
95434  45.803  4.472  32.649 0.0000000000
95463  46.601  4.575  30.835 0.0000000000
96476  46.785  4.943  30.374 0.0000000000
101192  35.129  10.534  45.227 0.0000000000
100240  34.082  9.230  44.245 0.0000000000
100239  34.877  9.605  44.706 0.0000000000
98268  34.868  7.478  44.109 0.0000000000
104224  41.918  13.391  38.119 0.0000000000
106875  41.575  16.413  38.990 0.0000000000
106027  41.052  15.614  38.572 0.0000000000
105167  40.666  15.098  38.204 0.0000000000
105192  41.724  14.595  35.191 0.0000000000
106073  41.517  15.060  33.648 0.0000000000
106085  43.546  14.909  32.037 0.0000000000
106086  42.915  14.892  32.420 0.0000000000
105244  43.404  14.573  31.779 0.0000000000
104321  43.121  13.782  30.901 0.0000000000
105254  43.974  14.232  31.044 0.0000000000
106069  45.909  15.355  32.800 0.0000000000
106070  44.855  15.535  32.838 0.0000000000
106083  45.706  15.418  31.967 0.0000000000
104350  45.433  14.187  28.705 0.0000000000
105261  45.086  14.384  29.647 0.0000000000
105267  44.703  14.206  28.597 0.0000000000
104352  43.953  13.807  28.554 0.0000000000
104367  44.030  13.513  27.633 0.0000000000
104380  43.178  13.066  27.341 0.0000000000
104379  43.960  13.158  27.370 0.0000000000
102362  43.287  12.071  29.353 0.0000000000
103176  45.798  12.865  44.379 0.0000000000
103156  48.186  12.152  45.762 0.0000000000
104126  47.339  12.762  45.371 0.0000000000
104124  48.279  12.452  45.538 0.0000000000
104132  48.286  12.753  45.215 0.0000000000
103154  49.154  12.332  45.048 0.0000000000
102214  48.265  11.547  43.382 0.0000000000
102241  49.257  11.582  42.793 0.0000000000
102281  51.254  12.469  41.522 0.0000000000
102263  50.892  12.276  42.331 0.0000000000
103172  50.320  12.444  43.701 0.0000000000
103190  50.647  12.539  42.767 0.0000000000
103210  50.562  13.166  41.935 0.0000000000
104161  51.262  13.145  41.432 0.0000000000
104202  51.298  13.491  39.909 0.0000000000
104215  51.020  13.540  38.877 0.0000000000
104216  50.084  13.729  38.661 0.0000000000
104227  50.755  14.010  37.602 0.0000000000
100312  48.970  8.967  34.752 0.0000000000
100311  49.720  9.209  34.614 0.0000000000
100310  51.247  9.730  34.235 0.0000000000
101284  50.636  10.475  36.471 0.0000000000
101302  51.534  10.222  32.905 0.0000000000
101303  51.066  10.391  33.120 0.0000000000
102312  51.279  11.140  34.985 0.0000000000
101288  52.122  11.442  35.459 0.0000000000
101282  52.142  11.346  35.850 0.0000000000
102306  52.195  11.962  35.776 0.0000000000
103275  51.738  12.302  35.697 0.0000000000
103277  49.696  12.596  35.417 0.0000000000
103271  50.886  13.206  36.064 0.0000000000
104250  50.454  13.853  35.528 0.0000000000
105174  50.322  14.389  35.904 0.0000000000
104265  50.020  14.128  34.842 0.0000000000
105208  49.705  14.634  34.565 0.0000000000
104266  49.340  14.128  34.150 0.0000000000
103285  47.575  12.449  34.352 0.0000000000
104268  47.916  13.081  34.068 0.0000000000
103300  46.897  12.742  33.608 0.0000000000
104286  46.869  13.204  32.991 0.0000000000
103301  45.968  12.361  33.627 0.0000000000
101307  46.104  9.869  33.843 0.0000000000
101296  46.456  10.252  34.358 0.0000000000
101308  45.790  10.106  34.021 0.0000000000
101309  43.932  10.598  33.714 0.0000000000
101298  44.741  10.583  34.140 0.0000000000
102333  45.287  11.995  33.295 0.0000000000
102322  43.826  11.356  33.138 0.0000000000
102335  43.476  11.588  31.982 0.0000000000
101324  42.801  10.961  32.366 0.0000000000
100367  41.083  8.866  31.170 0.0000000000
101341  41.589  9.913  31.355 0.0000000000
97440  42.715  6.472  26.812 0.0000000000
102324  40.111  11.966  33.118 0.0000000000
103303  40.836  13.067  33.554 0.0000000000
101187  39.585  10.595  45.914 0.0000000000
100211  39.446  9.990  46.168 0.0000000000
104218  47.585  13.377  38.606 0.0000000000
104219  46.429  13.197  38.425 0.0000000000
104230  47.240  13.548  37.587 0.0000000000
104242  46.898  13.799  36.760 0.0000000000
105211  47.487  14.990  34.629 0.0000000000
105186  47.946  14.876  35.410 0.0000000000
105210  48.450  15.160  34.523 0.0000000000
106053  48.961  15.337  33.905 0.0000000000
101266  46.495  10.373  39.486 0.0000000000
101261  47.209  10.678  39.661 0.0000000000
101270  47.449  10.652  38.146 0.0000000000
101269  48.201  10.773  37.779 0.0000000000
100387  48.574  9.991  29.787 0.0000000000
100388  48.109  9.742  29.212 0.0000000000
99391  46.551  8.736  29.418 0.0000000000
99402  45.828  8.330  29.073 0.0000000000
98439  44.527  6.729  25.252 0.0000000000
98280  36.827  7.126  43.712 0.0000000000
98292  36.800  7.246  42.819 0.0000000000
104165  46.943  13.739  41.593 0.0000000000
103212  48.228  12.974  41.620 0.0000000000
98351  48.082  7.378  32.532 0.0000000000
98372  48.931  7.966  30.834 0.0000000000
99420  48.832  9.035  26.329 0.0000000000
100418  49.092  9.963  26.847 0.0000000000
101400  49.021  10.230  25.663 0.0000000000
101401  48.551  10.336  25.308 0.0000000000
101228  43.291  10.922  44.391 0.0000000000
99236  42.469  8.802  45.139 0.0000000000
99235  43.649  9.207  45.674 0.0000000000
100273  44.838  9.333  41.842 0.0000000000
99293  39.375  8.230  41.178 0.0000000000
99281  39.841  8.532  41.917 0.0000000000
99292  40.279  8.255  41.090 0.0000000000
98303  41.627  7.861  40.140 0.0000000000
96399  44.119  5.687  36.855 0.0000000000
97370  43.579  6.225  37.653 0.0000000000
97369  44.052  6.173  37.302 0.0000000000
135285  42.778  7.962  36.859 0.0000000000
99311  43.294  8.417  36.928 0.0000000000
98322  44.736  7.430  36.673 0.0000000000
98327  45.874  7.310  35.369 0.0000000000
97388  46.145  6.055  33.568 0.0000000000
94474  46.056  3.774  31.812 0.0000000000
104222  43.871  12.842  38.102 0.0000000000
104223  42.755  12.974  38.597 0.0000000000
104234  43.480  12.913  37.419 0.0000000000
104235  42.616  13.312  37.404 0.0000000000
104236  41.724  13.662  37.258 0.0000000000
105171  41.126  14.285  36.938 0.0000000000
104248  41.635  13.902  36.296 0.0000000000
104256  42.128  13.973  35.671 0.0000000000
105216  42.400  14.796  34.494 0.0000000000
106056  42.857  15.156  33.814 0.0000000000
105252  46.319  14.651  30.683 0.0000000000
104334  45.744  14.107  29.034 0.0000000000
103375  44.665  13.076  27.949 0.0000000000
103363  44.649  13.269  28.930 0.0000000000
103350  44.158  12.431  29.680 0.0000000000
102351  43.293  11.912  30.577 0.0000000000
103158  46.448  11.781  45.674 0.0000000000
103166  46.137  12.324  45.163 0.0000000000
102176  47.848  11.532  45.509 0.0000000000
102190  49.061  11.705  44.884 0.0000000000
102283  50.049  11.639  40.996 0.0000000000
103232  51.275  12.165  40.598 0.0000000000
103231  51.532  12.574  40.741 0.0000000000
104179  51.562  13.011  41.049 0.0000000000
103248  51.717  12.711  39.687 0.0000000000
99321  50.200  8.889  33.934 0.0000000000
100327  49.271  10.147  33.139 0.0000000000
101304  50.102  10.418  33.449 0.0000000000
102313  50.273  11.111  34.831 0.0000000000
102308  50.582  11.778  35.360 0.0000000000
102309  49.461  11.774  35.215 0.0000000000
103278  48.588  12.569  34.952 0.0000000000
104252  49.123  13.335  34.889 0.0000000000
99350  45.204  8.437  32.687 0.0000000000
99337  44.857  8.874  33.453 0.0000000000
99351  44.325  8.300  32.954 0.0000000000
99338  43.893  8.852  33.492 0.0000000000
100350  43.001  9.176  33.161 0.0000000000
101311  42.600  10.007  32.809 0.0000000000
100351  42.460  9.312  32.752 0.0000000000
99368  41.461  8.205  31.316 0.0000000000
104139  47.890  13.645  44.155 0.0000000000
102337  40.308  11.915  32.247 0.0000000000
103365  41.713  12.926  29.421 0.0000000000
101185  41.433  10.467  46.014 0.0000000000
100209  40.662  9.606  46.388 0.0000000000
99215  41.206  9.350  46.400 0.0000000000
100257  42.129  8.742  44.614 0.0000000000
99257  42.358  8.848  44.105 0.0000000000
97365  41.193  5.965  38.684 0.0000000000
96391  42.466  5.378  38.187 0.0000000000
96400  43.513  5.527  37.248 0.0000000000
96415  44.535  5.315  35.272 0.0000000000
96421  45.214  5.356  34.239 0.0000000000
104208  44.671  13.365  39.852 0.0000000000
103262  44.983  12.782  38.690 0.0000000000
104220  45.579  13.118  38.101 0.0000000000
104221  44.761  12.924  37.998 0.0000000000
104233  44.427  12.816  37.173 0.0000000000
104253  44.755  13.662  35.761 0.0000000000
105189  44.599  14.191  35.071 0.0000000000
105213  45.377  14.690  34.411 0.0000000000
106082  46.736  15.628  31.965 0.0000000000
105231  47.175  15.048  33.789 0.0000000000
106068  46.964  15.257  32.868 0.0000000000
106090  47.256  15.248  31.432 0.0000000000
105251  47.222  14.960  30.996 0.0000000000
104303  45.945  13.468  31.590 0.0000000000
101225  46.745  10.631  43.396 0.0000000000
101196  47.492  11.021  43.911 0.0000000000
101224  47.399  11.215  42.875 0.0000000000
102266  48.002  11.315  41.276 0.0000000000
102284  48.918  11.401  40.614 0.0000000000
102291  47.707  11.144  39.245 0.0000000000
101349  50.606  10.135  30.356 0.0000000000
101336  51.335  10.049  31.851 0.0000000000
101337  51.037  10.273  31.331 0.0000000000
101338  50.152  10.266  31.682 0.0000000000
100375  48.666  9.971  30.559 0.0000000000
101339  49.495  10.012  31.496 0.0000000000
100346  49.685  10.136  32.483 0.0000000000
100347  48.898  9.761  32.527 0.0000000000
100313  47.838  9.988  34.113 0.0000000000
100329  46.712  9.400  33.377 0.0000000000
99349  46.084  8.727  32.468 0.0000000000
99363  46.277  8.720  31.402 0.0000000000
99365  45.143  7.964  31.743 0.0000000000
98362  44.711  7.806  31.770 0.0000000000
98388  43.369  7.339  29.415 0.0000000000
98414  43.332  6.616  27.115 0.0000000000
98413  44.099  6.808  27.101 0.0000000000
97439  43.469  6.574  26.646 0.0000000000
97473  43.139  6.026  26.023 0.0000000000
99225  37.748  8.716  45.250 0.0000000000
99240  38.130  8.179  44.658 0.0000000000
98264  38.274  7.913  43.962 0.0000000000
99261  38.915  8.426  43.054 0.0000000000
98279  37.547  7.558  43.430 0.0000000000
99282  39.091  8.448  41.905 0.0000000000
104185  45.744  13.690  40.636 0.0000000000
104228  49.565  14.115  37.558 0.0000000000
99307  47.440  8.672  35.875 0.0000000000
99314  47.728  8.601  35.173 0.0000000000
99313  48.474  8.797  34.775 0.0000000000
98350  48.688  8.005  32.959 0.0000000000
99334  49.263  8.434  33.485 0.0000000000
99347  50.292  8.795  32.305 0.0000000000
99360  50.741  9.351  31.064 0.0000000000
98385  47.746  7.263  29.735 0.0000000000
98384  48.356  8.059  30.066 0.0000000000
99378  48.979  8.521  30.265 0.0000000000
99390  49.051  8.668  29.615 0.0000000000
99377  49.924  8.977  30.407 0.0000000000
99376  50.584  9.528  30.584 0.0000000000
100373  50.973  9.907  30.661 0.0000000000
101376  48.723  10.340  28.629 0.0000000000
101385  49.041  10.246  27.880 0.0000000000
100409  47.302  9.164  27.293 0.0000000000
99411  47.218  8.985  26.875 0.0000000000
99422  46.599  8.513  26.547 0.0000000000
99432  46.575  8.422  25.722 0.0000000000
103167  45.451  11.849  44.820 0.0000000000
102178  45.715  11.348  45.575 0.0000000000
101198  46.010  10.331  44.858 0.0000000000
101201  42.930  10.750  45.283 0.0000000000
101183  43.549  10.513  45.957 0.0000000000
100217  44.027  9.893  46.356 0.0000000000
100216  44.863  10.004  45.964 0.0000000000
100215  45.146  10.128  45.571 0.0000000000
101263  46.127  10.221  40.777 0.0000000000
100278  45.461  9.724  41.261 0.0000000000
101267  46.082  10.367  40.043 0.0000000000
101271  46.360  10.214  38.486 0.0000000000
101280  46.178  9.968  37.744 0.0000000000
100290  46.590  9.653  37.190 0.0000000000
99273  40.150  8.393  42.773 0.0000000000
99272  41.103  8.405  42.913 0.0000000000
97356  41.621  6.682  39.128 0.0000000000
98312  42.039  7.370  39.540 0.0000000000
99298  42.865  8.062  40.130 0.0000000000
99289  43.319  8.214  40.856 0.0000000000
100287  44.685  8.945  38.994 0.0000000000
100301  44.063  9.082  36.943 0.0000000000
99305  44.684  9.159  37.686 0.0000000000
99300  45.077  9.118  37.945 0.0000000000
100291  45.496  9.537  37.481 0.0000000000
99315  47.081  8.253  35.573 0.0000000000
98332  46.715  7.279  34.406 0.0000000000
97397  47.501  6.557  32.128 0.0000000000
96430  45.899  5.469  33.217 0.0000000000
96441  46.548  5.531  32.409 0.0000000000
95447  46.273  4.539  31.843 0.0000000000
96460  47.152  5.792  30.903 0.0000000000
101190  36.853  10.608  45.303 0.0000000000
100224  37.191  9.573  45.351 0.0000000000
100237  36.545  9.191  44.975 0.0000000000
99242  36.382  8.395  44.582 0.0000000000
98267  35.786  7.479  44.330 0.0000000000
99245  33.767  8.350  44.157 0.0000000000
97329  34.776  6.689  43.666 0.0000000000
106030  40.134  16.229  37.450 0.0000000000
105172  40.600  14.934  37.479 0.0000000000
106032  40.221  15.593  36.830 0.0000000000
105237  41.062  14.750  33.611 0.0000000000
104305  41.895  13.784  32.832 0.0000000000
105235  42.445  14.710  32.808 0.0000000000
104304  42.284  13.735  32.504 0.0000000000
104322  42.616  13.468  31.693 0.0000000000
104337  42.525  13.280  30.402 0.0000000000
104353  42.472  13.361  29.072 0.0000000000
105234  44.277  15.332  33.485 0.0000000000
106093  44.510  14.817  31.387 0.0000000000
105253  45.302  14.705  30.466 0.0000000000
103377  43.627  12.729  27.584 0.0000000000
103165  46.914  12.623  45.425 0.0000000000
104133  47.627  13.336  44.801 0.0000000000
104138  48.281  13.053  44.691 0.0000000000
103174  48.669  12.874  44.165 0.0000000000
102264  50.187  11.746  42.089 0.0000000000
102240  50.201  11.763  43.246 0.0000000000
102189  49.525  12.063  44.824 0.0000000000
103162  50.005  12.416  44.224 0.0000000000
103173  49.641  12.604  43.881 0.0000000000
103192  48.841  12.670  43.343 0.0000000000
103234  49.825  13.310  41.011 0.0000000000
104180  51.331  13.227  40.741 0.0000000000
101286  48.547  10.188  36.652 0.0000000000
101285  49.568  10.359  36.576 0.0000000000
101276  50.001  10.817  37.187 0.0000000000
101275  51.093  10.959  37.029 0.0000000000
100344  51.634  9.920  32.750 0.0000000000
100324  51.755  10.020  33.417 0.0000000000
100309  51.683  10.191  33.790 0.0000000000
101274  51.750  11.334  36.621 0.0000000000
103266  51.543  12.518  37.463 0.0000000000
104238  51.216  13.230  37.207 0.0000000000
105169  50.436  14.349  36.685 0.0000000000
105175  49.615  14.505  36.353 0.0000000000
105184  49.759  14.770  35.316 0.0000000000
106052  49.324  15.103  33.993 0.0000000000
105229  49.091  14.841  33.053 0.0000000000
104267  48.476  13.446  34.119 0.0000000000
104284  48.593  14.492  33.086 0.0000000000
104302  46.660  13.676  32.081 0.0000000000
103316  45.711  12.726  32.402 0.0000000000
102317  45.929  11.303  34.498 0.0000000000
100316  45.107  10.084  34.111 0.0000000000
102318  45.175  11.133  34.301 0.0000000000
103287  45.915  11.898  34.195 0.0000000000
103317  45.102  12.623  31.769 0.0000000000
103318  44.485  12.343  31.614 0.0000000000
101325  42.244  10.308  32.147 0.0000000000
101340  41.939  10.635  30.946 0.0000000000
95480  46.856  4.551  30.083 0.0000000000
96414  44.988  5.435  34.827 0.0000000000
96429  46.310  5.743  32.897 0.0000000000
96442  46.094  5.106  32.649 0.0000000000
97457  43.427  6.392  26.153 0.0000000000
98277  38.878  8.258  43.376 0.0000000000
98295  38.188  7.943  41.365 0.0000000000
98309  44.183  8.307  38.664 0.0000000000
98317  44.111  8.310  38.428 0.0000000000
98323  43.680  7.919  36.783 0.0000000000
98341  48.515  8.171  33.443 0.0000000000
98352  45.161  8.174  32.255 0.0000000000
98353  44.768  8.094  32.358 0.0000000000
98361  45.108  7.941  32.035 0.0000000000
98364  42.943  7.757  31.269 0.0000000000
98386  45.279  7.901  29.762 0.0000000000
98426  43.972  6.538  25.698 0.0000000000
99219  43.409  9.619  46.140 0.0000000000
99221  41.664  9.203  45.927 0.0000000000
99275  38.721  8.356  42.482 0.0000000000
99283  38.577  8.212  41.861 0.0000000000
99304  44.979  9.323  37.574 0.0000000000
99333  50.235  8.789  33.123 0.0000000000
99339  43.340  8.957  33.314 0.0000000000
99353  42.103  8.581  32.233 0.0000000000
99354  41.677  8.759  31.910 0.0000000000
99362  49.673  8.567  31.996 0.0000000000
99369  40.954  8.560  30.890 0.0000000000
99381  45.153  8.035  31.373 0.0000000000
99399  49.623  9.510  28.861 0.0000000000
99433  45.892  8.027  26.207 0.0000000000
100208  41.373  9.839  46.396 0.0000000000
100210  39.867  9.854  46.177 0.0000000000
100220  40.672  9.091  46.242 0.0000000000
100226  35.562  10.006  45.086 0.0000000000
100232  45.386  10.120  45.186 0.0000000000
100234  44.388  9.536  45.957 0.0000000000
100236  41.827  8.699  44.585 0.0000000000
100281  45.940  10.198  39.690 0.0000000000
100292  44.653  9.368  37.204 0.0000000000
100293  44.249  9.117  37.443 0.0000000000
100295  50.904  10.421  35.934 0.0000000000
100302  43.735  8.630  37.496 0.0000000000
100307  47.838  8.968  35.710 0.0000000000
100315  45.462  10.082  34.063 0.0000000000
100326  49.847  10.409  32.921 0.0000000000
100330  45.524  9.615  33.766 0.0000000000
100332  43.420  9.660  33.551 0.0000000000
100333  42.846  9.763  33.137 0.0000000000
100360  51.429  9.887  32.194 0.0000000000
100362  49.475  9.821  31.945 0.0000000000
100366  41.420  9.132  31.648 0.0000000000
100374  50.516  9.693  30.286 0.0000000000
100378  41.236  9.447  31.004 0.0000000000
100385  50.635  9.986  30.154 0.0000000000
100425  49.311  9.938  25.224 0.0000000000
101173  40.139  10.264  46.216 0.0000000000
101174  39.486  10.275  46.145 0.0000000000
101175  39.217  10.130  46.111 0.0000000000
101204  39.840  10.657  45.294 0.0000000000
101245  47.378  11.186  41.880 0.0000000000
101265  47.174  10.588  38.964 0.0000000000
101321  51.371  10.131  32.258 0.0000000000
101326  41.709  9.655  31.914 0.0000000000
101362  50.461  10.093  29.935 0.0000000000
101374  49.717  10.175  28.889 0.0000000000
101408  49.275  10.297  25.064 0.0000000000
102174  49.089  12.161  45.236 0.0000000000
102188  49.851  12.234  44.459 0.0000000000
102192  45.466  11.575  45.213 0.0000000000
102211  50.201  12.178  44.261 0.0000000000
102212  50.021  11.801  44.260 0.0000000000
102216  43.716  11.422  43.827 0.0000000000
102262  51.224  12.635  41.814 0.0000000000
102267  47.389  11.076  40.936 0.0000000000
102302  48.669  10.946  37.850 0.0000000000
102320  45.438  11.709  34.031 0.0000000000
102336  42.688  11.108  32.038 0.0000000000
102379  43.527  12.573  27.824 0.0000000000
103155  48.692  12.354  45.375 0.0000000000
103164  48.782  12.640  44.891 0.0000000000
103175  48.255  13.372  43.895 0.0000000000
103193  48.368  13.116  43.690 0.0000000000
103208  51.404  12.805  41.433 0.0000000000
103250  49.647  13.322  40.331 0.0000000000
103252  45.778  13.119  39.287 0.0000000000
103254  44.422  12.881  39.334 0.0000000000
103255  43.699  12.836  39.263 0.0000000000
103261  45.681  12.920  38.798 0.0000000000
103263  44.215  12.689  38.683 0.0000000000
103267  43.890  12.729  37.031 0.0000000000
103268  43.626  12.876  36.938 0.0000000000
103273  43.837  12.834  36.725 0.0000000000
103279  48.042  12.065  35.149 0.0000000000
103299  47.344  12.878  33.767 0.0000000000
103319  42.245  13.368  32.300 0.0000000000
103337  42.186  13.070  32.097 0.0000000000
103351  42.108  12.952  29.799 0.0000000000
103376  44.095  12.679  27.798 0.0000000000
103388  44.406  12.970  27.601 0.0000000000
103389  44.042  12.916  27.434 0.0000000000
104125  47.869  12.599  45.565 0.0000000000
104140  45.474  13.471  44.015 0.0000000000
104160  51.440  12.976  41.476 0.0000000000
104162  50.947  13.266  41.183 0.0000000000
104181  50.711  13.453  40.570 0.0000000000
104182  50.077  13.379  40.243 0.0000000000
104201  51.761  13.148  40.262 0.0000000000
104245  44.266  13.039  36.360 0.0000000000
104257  41.644  14.173  35.746 0.0000000000
104287  41.482  13.926  33.177 0.0000000000
104317  47.538  14.795  31.234 0.0000000000
104366  44.415  13.249  27.665 0.0000000000
104378  44.237  13.095  27.459 0.0000000000
105207  50.207  14.325  34.980 0.0000000000
105215  43.207  14.725  34.330 0.0000000000
105228  49.317  14.813  33.598 0.0000000000
105241  49.185  15.034  33.000 0.0000000000
105242  48.956  14.979  32.516 0.0000000000
105243  48.349  14.951  32.034 0.0000000000
105246  42.103  14.118  32.810 0.0000000000
105255  43.103  14.003  31.483 0.0000000000
105265  45.515  14.329  29.062 0.0000000000
105266  45.109  14.312  28.794 0.0000000000
106026  41.597  15.498  39.108 0.0000000000
106065  49.154  15.195  33.383 0.0000000000
106066  48.752  15.313  33.224 0.0000000000
106074  41.097  15.112  33.765 0.0000000000
106092  45.539  15.152  31.167 0.0000000000
135283  42.189  8.054  37.098 0.0000000000
135284  42.805  8.316  36.917 0.0000000000
135286  42.764  8.314  37.265 0.0000000000
