#!ascii label  , from subject 3185 vox2ras=TkReg
313
18380  39.568  -64.393  23.291 0.0000000000
12622  35.037  -70.382  11.863 0.0000000000
15506  42.835  -68.011  17.447 0.0000000000
16512  37.464  -67.089  17.362 0.0000000000
9820  40.502  -73.457  14.116 0.0000000000
12582  41.238  -69.807  15.335 0.0000000000
9784  39.548  -73.795  16.995 0.0000000000
13555  35.918  -69.348  15.188 0.0000000000
17470  33.788  -65.476  17.416 0.0000000000
17415  41.244  -65.322  20.465 0.0000000000
15508  40.380  -67.583  17.533 0.0000000000
13564  38.947  -69.978  14.865 0.0000000000
10711  38.222  -72.458  12.956 0.0000000000
8233  39.523  -75.441  12.255 0.0000000000
21687  41.247  -61.651  25.419 0.0000000000
19463  42.895  -64.133  23.305 0.0000000000
17436  44.805  -65.431  19.218 0.0000000000
18457  34.826  -65.265  20.873 0.0000000000
11560  39.827  -72.116  18.188 0.0000000000
13589  35.218  -70.052  13.028 0.0000000000
14581  34.557  -68.480  14.136 0.0000000000
16480  42.236  -66.255  19.437 0.0000000000
15507  41.705  -68.187  17.219 0.0000000000
11615  40.517  -71.365  15.024 0.0000000000
13562  40.435  -70.112  14.821 0.0000000000
12606  40.048  -71.161  13.845 0.0000000000
11629  39.119  -71.335  14.146 0.0000000000
10710  39.463  -72.760  13.095 0.0000000000
9010  38.675  -75.160  11.559 0.0000000000
19486  44.617  -63.574  22.154 0.0000000000
19515  44.006  -63.777  21.060 0.0000000000
18448  45.424  -64.050  20.006 0.0000000000
16485  37.715  -66.462  19.148 0.0000000000
17457  36.152  -66.024  18.977 0.0000000000
19571  32.420  -64.455  17.298 0.0000000000
18495  32.345  -64.077  18.945 0.0000000000
12571  43.651  -69.939  16.590 0.0000000000
13549  42.622  -69.072  15.592 0.0000000000
12566  41.194  -70.864  16.913 0.0000000000
11598  39.824  -72.062  16.515 0.0000000000
9801  39.786  -73.538  15.858 0.0000000000
15523  36.077  -67.841  16.264 0.0000000000
17474  35.213  -66.174  17.077 0.0000000000
15524  35.056  -67.211  16.063 0.0000000000
16520  33.606  -66.611  15.843 0.0000000000
13616  36.235  -69.753  10.330 0.0000000000
18428  40.564  -64.750  21.460 0.0000000000
16500  38.915  -67.048  18.840 0.0000000000
15510  38.614  -67.354  17.460 0.0000000000
14561  41.050  -68.542  15.532 0.0000000000
14541  39.727  -68.013  15.997 0.0000000000
14543  38.109  -68.314  16.343 0.0000000000
13565  37.672  -69.904  15.106 0.0000000000
11631  36.851  -71.151  13.992 0.0000000000
10713  36.433  -71.912  12.734 0.0000000000
8982  40.377  -74.590  13.410 0.0000000000
9851  38.569  -73.939  12.407 0.0000000000
10730  37.218  -73.441  11.783 0.0000000000
11667  36.198  -71.945  10.730 0.0000000000
21688  40.188  -61.609  25.559 0.0000000000
19422  39.936  -63.397  25.373 0.0000000000
19420  42.026  -63.572  25.179 0.0000000000
19489  41.121  -64.309  22.695 0.0000000000
19517  42.269  -64.323  21.472 0.0000000000
17414  42.774  -65.127  20.162 0.0000000000
16495  43.828  -66.573  18.659 0.0000000000
16505  45.580  -67.280  17.740 0.0000000000
14522  44.911  -68.619  17.308 0.0000000000
18493  34.213  -65.330  19.033 0.0000000000
19447  39.263  -63.832  24.729 0.0000000000
18370  38.062  -63.946  24.509 0.0000000000
19467  38.555  -64.175  24.097 0.0000000000
12623  34.922  -70.121  12.225 0.0000000000
13590  34.820  -69.629  12.710 0.0000000000
16496  42.765  -66.859  18.814 0.0000000000
15495  42.267  -67.541  18.127 0.0000000000
14525  42.590  -68.444  16.869 0.0000000000
11628  40.514  -71.662  14.369 0.0000000000
11643  40.347  -71.785  13.835 0.0000000000
11644  39.742  -71.893  13.605 0.0000000000
10709  40.263  -72.630  13.600 0.0000000000
8254  38.898  -76.089  10.483 0.0000000000
19514  45.271  -63.424  21.209 0.0000000000
17466  37.192  -66.586  17.839 0.0000000000
17444  36.505  -65.744  19.717 0.0000000000
17467  36.495  -66.404  17.994 0.0000000000
20662  31.531  -62.602  18.118 0.0000000000
12572  42.760  -70.088  16.432 0.0000000000
12565  42.180  -70.589  17.245 0.0000000000
10645  39.267  -72.977  17.798 0.0000000000
11578  39.707  -72.048  17.062 0.0000000000
10665  39.699  -72.601  16.332 0.0000000000
10664  39.966  -72.205  15.859 0.0000000000
14565  36.543  -68.794  15.653 0.0000000000
15536  35.811  -68.289  15.661 0.0000000000
14566  35.645  -68.587  15.249 0.0000000000
15554  33.751  -67.221  15.134 0.0000000000
16531  33.487  -66.703  14.880 0.0000000000
17477  32.694  -65.369  16.145 0.0000000000
17400  39.798  -65.230  21.282 0.0000000000
17416  40.430  -65.410  20.763 0.0000000000
16508  38.610  -67.158  18.008 0.0000000000
15509  39.206  -67.474  17.438 0.0000000000
13550  41.732  -69.294  15.346 0.0000000000
14560  42.001  -68.667  15.678 0.0000000000
13563  39.954  -70.013  14.732 0.0000000000
14562  39.944  -68.506  15.611 0.0000000000
13552  39.472  -69.404  15.292 0.0000000000
14563  38.811  -68.857  15.844 0.0000000000
13553  38.408  -69.482  15.447 0.0000000000
14564  37.698  -69.075  15.924 0.0000000000
11645  38.701  -71.935  13.574 0.0000000000
11630  37.959  -71.371  14.249 0.0000000000
11646  37.486  -71.813  13.546 0.0000000000
11647  36.262  -71.308  13.210 0.0000000000
10712  37.001  -72.279  12.977 0.0000000000
6784  37.515  -77.305  12.620 0.0000000000
7454  39.091  -76.142  12.437 0.0000000000
8218  40.396  -75.076  12.714 0.0000000000
8999  40.310  -74.389  12.637 0.0000000000
9000  39.406  -74.735  12.242 0.0000000000
9011  37.784  -74.666  11.071 0.0000000000
9002  37.700  -74.238  11.564 0.0000000000
9858  37.177  -73.771  11.224 0.0000000000
10731  36.585  -72.921  11.479 0.0000000000
10737  36.562  -72.699  10.441 0.0000000000
22829  39.703  -60.688  25.311 0.0000000000
20553  39.568  -62.554  25.644 0.0000000000
20552  40.602  -62.594  25.539 0.0000000000
19419  42.964  -63.541  24.936 0.0000000000
19444  42.424  -64.026  24.373 0.0000000000
19445  41.294  -63.978  24.461 0.0000000000
19464  41.699  -64.135  23.425 0.0000000000
19488  42.120  -64.212  22.222 0.0000000000
18450  43.887  -64.500  20.136 0.0000000000
18425  43.213  -64.342  20.830 0.0000000000
17437  43.788  -65.494  19.429 0.0000000000
16479  43.077  -66.152  19.306 0.0000000000
17455  44.560  -66.016  18.746 0.0000000000
14520  46.177  -68.223  17.932 0.0000000000
15503  45.660  -67.905  17.644 0.0000000000
15504  44.813  -67.706  17.468 0.0000000000
17469  34.674  -65.770  17.606 0.0000000000
17458  34.998  -65.669  18.474 0.0000000000
17459  33.996  -65.467  18.156 0.0000000000
18484  32.644  -64.246  19.567 0.0000000000
12597  35.553  -70.045  13.779 0.0000000000
14580  35.052  -68.337  14.720 0.0000000000
17439  41.783  -65.609  20.008 0.0000000000
17440  40.878  -66.013  20.227 0.0000000000
16497  41.752  -66.915  18.795 0.0000000000
12583  40.741  -70.433  15.345 0.0000000000
13551  40.621  -69.430  15.062 0.0000000000
12592  40.389  -70.755  14.412 0.0000000000
12593  39.555  -70.626  14.400 0.0000000000
12594  38.451  -70.642  14.607 0.0000000000
9009  39.189  -75.371  11.873 0.0000000000
8241  39.070  -75.789  11.132 0.0000000000
8242  38.323  -75.288  10.819 0.0000000000
19487  43.382  -63.794  22.221 0.0000000000
19537  44.312  -63.890  20.372 0.0000000000
18475  44.996  -64.725  19.744 0.0000000000
18491  35.974  -65.750  19.734 0.0000000000
18481  35.490  -65.516  20.177 0.0000000000
18502  32.907  -64.976  17.408 0.0000000000
18494  33.061  -64.698  18.513 0.0000000000
19562  32.013  -63.586  18.273 0.0000000000
19552  32.253  -63.334  19.330 0.0000000000
14537  43.572  -68.780  16.441 0.0000000000
14538  42.962  -68.539  16.318 0.0000000000
13540  43.170  -69.524  15.982 0.0000000000
13541  42.406  -69.610  15.837 0.0000000000
12573  41.602  -70.091  16.111 0.0000000000
12567  40.641  -71.139  16.675 0.0000000000
12574  40.796  -70.734  16.258 0.0000000000
10679  40.253  -72.547  15.219 0.0000000000
16513  36.512  -67.139  17.040 0.0000000000
17473  36.072  -66.440  17.275 0.0000000000
16514  35.604  -66.862  16.713 0.0000000000
17475  34.282  -66.016  16.996 0.0000000000
15552  34.799  -67.906  14.896 0.0000000000
16519  34.157  -66.843  16.141 0.0000000000
17476  33.229  -65.863  16.669 0.0000000000
18508  32.651  -65.115  16.687 0.0000000000
18509  32.438  -64.592  16.215 0.0000000000
12631  35.438  -70.420  10.932 0.0000000000
18379  39.830  -64.545  22.975 0.0000000000
18401  39.119  -64.442  22.654 0.0000000000
18429  39.533  -64.752  21.803 0.0000000000
16501  38.079  -66.781  18.667 0.0000000000
16511  38.197  -67.172  17.521 0.0000000000
15519  40.825  -68.093  16.345 0.0000000000
15535  40.148  -67.971  15.938 0.0000000000
15520  39.703  -67.765  16.569 0.0000000000
14542  39.140  -68.173  16.211 0.0000000000
15521  38.479  -67.559  16.883 0.0000000000
15522  37.311  -67.685  16.657 0.0000000000
14544  37.138  -68.364  16.210 0.0000000000
14578  37.294  -69.300  15.422 0.0000000000
13566  36.511  -69.874  14.716 0.0000000000
12595  37.274  -70.524  14.432 0.0000000000
12596  36.156  -70.424  14.027 0.0000000000
12607  36.085  -70.781  13.587 0.0000000000
11648  35.660  -70.758  12.920 0.0000000000
11660  35.456  -71.200  11.697 0.0000000000
9800  40.283  -73.871  15.072 0.0000000000
7455  38.322  -76.640  12.858 0.0000000000
8963  39.987  -74.847  13.784 0.0000000000
9838  40.232  -73.600  13.091 0.0000000000
10722  39.485  -73.281  12.829 0.0000000000
10723  38.890  -73.174  12.641 0.0000000000
9001  38.252  -74.539  11.903 0.0000000000
10724  37.545  -73.113  12.381 0.0000000000
10725  36.543  -72.356  12.305 0.0000000000
11659  35.998  -71.962  11.617 0.0000000000
11668  35.672  -71.348  10.977 0.0000000000
12630  36.010  -70.933  10.264 0.0000000000
22830  38.676  -60.729  25.378 0.0000000000
21689  39.152  -61.597  25.549 0.0000000000
19446  40.232  -63.866  24.563 0.0000000000
20550  42.754  -62.810  25.326 0.0000000000
20551  41.664  -62.669  25.432 0.0000000000
19421  40.962  -63.426  25.199 0.0000000000
19465  40.431  -64.316  23.491 0.0000000000
18399  41.128  -64.396  21.991 0.0000000000
18452  41.916  -64.818  20.420 0.0000000000
19516  42.909  -64.175  21.467 0.0000000000
18426  42.438  -64.433  20.956 0.0000000000
18478  42.180  -65.181  20.081 0.0000000000
15494  43.299  -67.378  18.086 0.0000000000
16494  44.939  -66.765  18.098 0.0000000000
15493  44.180  -67.299  17.981 0.0000000000
14523  44.123  -68.429  17.062 0.0000000000
17468  35.562  -66.157  17.884 0.0000000000
18492  35.245  -65.540  19.362 0.0000000000
18482  34.514  -65.308  19.969 0.0000000000
18483  33.551  -64.807  19.690 0.0000000000
7477  38.704  -76.129  10.027 0.0000000000
8232  40.124  -74.935  12.394 0.0000000000
8243  37.901  -74.986  10.600 0.0000000000
8255  38.492  -75.684  10.295 0.0000000000
8256  38.015  -75.192  10.235 0.0000000000
9839  39.756  -73.372  12.923 0.0000000000
9849  40.215  -73.918  12.728 0.0000000000
9850  39.720  -73.783  12.620 0.0000000000
9852  37.697  -73.885  11.939 0.0000000000
9859  36.653  -73.286  10.903 0.0000000000
9866  36.898  -73.412  10.383 0.0000000000
10680  39.841  -72.885  15.749 0.0000000000
10695  40.530  -72.397  14.165 0.0000000000
11597  40.172  -71.593  16.147 0.0000000000
11632  36.333  -70.917  13.714 0.0000000000
11653  35.974  -71.669  12.378 0.0000000000
11654  35.548  -70.965  12.471 0.0000000000
12605  40.409  -71.289  14.006 0.0000000000
12608  35.647  -70.452  13.342 0.0000000000
12614  35.204  -70.300  12.629 0.0000000000
12615  34.898  -69.956  12.407 0.0000000000
13539  43.857  -69.300  16.370 0.0000000000
13548  43.278  -68.947  15.885 0.0000000000
13554  37.762  -69.448  15.473 0.0000000000
13556  35.478  -68.919  14.847 0.0000000000
13567  35.335  -69.380  14.233 0.0000000000
13577  35.196  -69.816  13.425 0.0000000000
13617  35.605  -69.651  10.762 0.0000000000
13629  36.885  -69.751  9.979 0.0000000000
14511  46.183  -68.200  18.130 0.0000000000
14512  45.670  -68.471  18.332 0.0000000000
14521  45.666  -68.479  17.837 0.0000000000
14524  43.307  -68.476  16.983 0.0000000000
14540  41.533  -68.359  15.981 0.0000000000
14558  43.181  -68.680  16.028 0.0000000000
14559  42.749  -68.658  15.856 0.0000000000
14579  36.815  -69.407  15.170 0.0000000000
15505  43.784  -67.822  17.386 0.0000000000
15525  34.533  -66.981  16.063 0.0000000000
15534  40.496  -68.224  15.785 0.0000000000
15537  35.143  -67.813  15.321 0.0000000000
15538  34.220  -67.200  15.585 0.0000000000
15539  33.692  -66.966  15.369 0.0000000000
15553  34.170  -67.619  14.674 0.0000000000
16481  41.312  -66.461  19.548 0.0000000000
16483  39.338  -66.574  19.496 0.0000000000
16493  45.875  -66.729  18.162 0.0000000000
16509  37.848  -66.726  17.930 0.0000000000
16515  34.682  -66.674  16.547 0.0000000000
16516  33.933  -66.474  16.520 0.0000000000
17413  43.201  -65.137  20.086 0.0000000000
17438  42.660  -65.431  19.783 0.0000000000
17456  37.263  -66.388  18.601 0.0000000000
17460  33.440  -65.161  17.864 0.0000000000
17472  36.746  -66.707  17.509 0.0000000000
17481  33.090  -65.876  15.643 0.0000000000
17482  32.803  -65.103  15.542 0.0000000000
18369  38.291  -63.927  24.551 0.0000000000
18381  38.251  -64.070  24.385 0.0000000000
18382  38.018  -64.126  24.318 0.0000000000
18400  40.245  -64.501  22.418 0.0000000000
18427  41.636  -64.471  21.294 0.0000000000
18449  44.663  -64.079  20.100 0.0000000000
18451  42.837  -64.810  20.454 0.0000000000
18453  41.158  -64.893  20.854 0.0000000000
18459  32.940  -64.414  20.431 0.0000000000
18476  44.369  -65.047  19.684 0.0000000000
18477  42.443  -65.065  20.190 0.0000000000
18503  32.419  -64.626  16.936 0.0000000000
19448  38.382  -63.778  24.727 0.0000000000
19466  39.506  -64.171  23.936 0.0000000000
19490  39.009  -64.230  23.409 0.0000000000
19536  44.898  -63.693  20.463 0.0000000000
19538  32.396  -63.490  20.367 0.0000000000
19561  32.502  -64.296  17.708 0.0000000000
19572  32.049  -63.875  17.023 0.0000000000
